date,,1,2,3,4,5,6,7,8,9,10,11,12,13,14,15,16,17,18,19,20,21,22,23,24,25,26,27,28,29,30,31,32,33,34,35,36,37,38,39,40,41,42,43,44,45,46,47,48
,,0:00,0:30,1:00,1:30,2:00,2:30,3:00,3:30,4:00,4:30,5:00,5:30,6:00,6:30,7:00,7:30,8:00,8:30,9:00,9:30,10:00,10:30,11:00,11:30,12:00,12:30,13:00,13:30,14:00,14:30,15:00,15:30,16:00,16:30,17:00,17:30,18:00,18:30,19:00,19:30,20:00,20:30,21:00,21:30,22:00,22:30,23:00,23:30
12/14/2022,68.0131,1.3789,1.571,1.2469,2.4892,2.2371,2.3151,1.4569,2.6212,1.487,1.9371,1.3189,1.667,0.8568,1.2949,1.2589,1.4209,0.9228,1.595,1.0789,1.3129,1.493,1.2049,1.583,1.2109,1.3189,0.9108,1.709,0.7788,2.1291,1.3309,0.8088,0.6648,0.6168,0.8868,0.9348,1.0969,0.8448,1.3789,1.2224,3.564,1.0849,1.871,0.9588,1.505,1.4569,1.2349,1.2529,1.493
12/13/2022,98.6945,1.3729,2.5973,1.4092,2.6064,3.3228,3.1959,3.7038,3.0054,2.2889,1.7448,1.5452,1.6813,1.3185,1.7175,1.8899,1.908,1.391,1.255,1.4273,2.1529,1.3276,2.3796,2.1075,1.5271,1.1824,1.4727,2.8059,1.4545,2.8149,1.4545,1.1008,0.9738,0.992,1.5996,1.1915,1.5271,2.044,2.1257,3.5037,10.9055,1.3729,2.1619,1.1099,1.382,1.4001,2.4884,1.3548,1.4001
12/12/2022,132.2476,2.1795,3.248,3.5089,4.9751,3.3474,4.0805,2.2416,4.826,2.7013,2.2416,2.9871,2.5522,2.6143,1.6576,2.6516,2.4777,2.8007,3.0244,3.0989,2.5398,1.5955,1.4961,3.0492,2.2292,1.4216,1.4713,1.8937,1.7322,3.161,2.1298,1.3594,1.6204,1.347,1.434,1.2476,1.7446,3.2853,1.6328,4.3023,13.4754,2.6516,2.3659,2.8131,2.5646,3.0989,2.9498,2.6392,1.7819
12/11/2022,16.1719,0.2721,0.3252,0.3938,0.4886,0.536,0.3824,0.4331,0.4576,0.438,0.2835,0.4412,0.3219,0.3195,0.2754,0.3497,0.3571,0.3097,0.3579,0.3628,0.3301,0.3358,0.2606,0.3358,0.2966,0.2402,0.295,0.3563,0.2647,0.2745,0.3228,0.2508,0.2729,0.2451,0.2623,0.2794,0.2958,0.2745,0.2549,0.312,0.6343,0.3097,0.3832,0.2696,0.3195,0.3424,0.38,0.3636,0.304
12/10/2022,81.6159,1.1237,1.2709,1.3224,2.6917,2.7947,2.0733,2.8831,1.8157,1.0132,2.0512,1.2488,2.1028,1.374,1.1089,1.396,1.0353,1.5801,1.7347,1.8377,1.3519,1.3224,1.3372,1.8819,1.6832,1.6022,1.7789,2.5224,1.1826,2.5224,1.3077,0.8366,0.7556,1.1752,0.7188,0.866,1.2783,1.4844,1.9334,2.528,7.7656,1.8893,1.3887,1.4549,1.4329,1.1678,1.8451,1.0427,1.1016
12/9/2022,81.3133,2.0655,1.5963,1.5889,2.3734,3.5537,1.8602,2.696,1.8602,1.237,1.7062,1.1197,1.0611,1.391,1.6183,1.435,1.1197,1.6696,1.0391,1.8382,1.237,1.3617,0.9218,1.8016,1.0977,1.1637,1.4716,1.0024,1.0611,1.4057,1.5376,1.3397,1.3177,1.0098,1.2664,0.7972,1.303,2.0142,1.6476,2.7442,8.4615,1.2004,2.3074,1.4863,1.6183,1.9702,1.7576,1.2737,0.9071
12/8/2022,108.5188,2.8606,2.75,2.941,4.3181,2.7701,2.4484,1.8654,3.5139,1.6543,3.2124,3.8457,2.358,1.4332,1.6342,1.6443,1.6242,1.9056,2.0062,2.2172,2.4082,2.2776,1.7046,1.7147,1.9358,1.7247,2.2776,2.4685,1.4232,3.2727,1.9157,1.1518,1.0211,1.3025,1.6744,1.4131,1.8956,2.3479,1.2824,2.5855,7.9505,2.2776,2.2575,2.0263,1.1115,1.7247,1.9157,2.1569,2.2977
12/7/2022,81.1623,1.8421,1.4324,1.0739,2.6322,3.6492,1.5348,2.8151,3.0273,1.747,1.3446,2.0616,1.3153,1.3153,1.5787,1.6884,1.6445,1.9079,1.0373,1.3299,1.3592,1.0885,1.4251,1.608,1.3885,1.5568,1.5421,1.2056,1.1617,1.4031,1.3519,0.7959,0.9129,1.0958,1.0885,1.3519,1.2714,1.7616,1.3958,2.6591,8.1876,1.0227,1.2568,1.586,1.6153,1.3885,1.2641,1.0373,1.4031
12/6/2022,80.5575,1.1897,1.9008,1.879,1.7847,2.2708,2.1112,3.1923,1.6323,1.9443,1.5888,2.3071,1.4001,1.3494,1.0591,1.5308,1.5961,1.5888,1.4727,1.509,1.4582,1.1389,1.3639,1.1172,1.1607,0.8269,1.0519,1.0083,1.0083,2.5248,1.2042,1.0083,0.8269,0.8269,0.8197,0.885,1.4001,1.2623,1.3348,3.1133,9.6492,1.1172,1.792,1.1317,1.5453,1.8065,1.538,1.9081,1.4219
12/5/2022,87.5099,1.1764,2.3452,2.1783,2.6712,3.5459,2.6951,1.9715,3.4345,2.7985,1.7012,2.2021,1.8682,1.7489,1.4627,1.2639,1.7648,1.8125,1.9556,1.3196,1.5899,1.1844,1.0174,1.1128,1.892,1.1049,1.9,1.4627,0.9936,2.4884,1.7489,0.8902,0.8505,1.1685,1.1287,1.4388,1.4547,2.1544,1.1844,1.9461,5.893,1.8682,1.5104,1.6058,1.9397,1.9875,1.089,1.5183,1.4706
12/4/2022,84.7895,2.2707,2.2246,1.6948,2.6009,3.2075,3.077,2.7468,1.7101,1.8176,1.8791,3.1691,1.7793,1.1573,1.4644,1.2801,1.2955,1.5642,1.618,1.8407,1.9789,1.2494,1.9712,1.7869,2.1555,0.9883,0.9576,2.1248,1.1496,2.5011,1.7332,0.9422,0.7503,1.019,0.8347,1.3415,1.2494,1.1956,1.9789,1.472,4.3672,1.1726,1.4414,1.7716,1.641,2.0327,1.0574,1.8791,1.6487
12/3/2022,121.9703,2.6056,2.617,3.3008,2.7652,5.6942,2.7652,3.8251,4.8736,3.8707,1.6255,2.0472,2.2295,1.5685,1.6597,2.6626,2.5259,2.8108,2.845,2.2181,2.5372,1.5571,2.3093,2.4347,2.3549,2.4917,1.4545,2.617,1.3861,2.0016,2.1042,1.2152,1.6825,1.7281,1.1696,1.7964,1.7395,2.0016,2.4347,2.7795,8.5748,2.2523,3.2439,2.5828,2.4803,1.7622,2.0928,2.4917,2.1839
12/2/2022,106.4026,2.489,2.8432,1.9379,3.2073,3.1876,3.1975,2.1347,2.8531,1.6624,3.168,2.3709,2.8137,1.5738,2.1544,2.2233,1.4557,1.4853,1.8592,1.8592,2.2922,1.6427,1.8887,1.7411,1.8592,1.3672,1.1802,1.6525,1.2097,3.0794,1.6132,1.6033,1.4656,1.3869,1.377,1.131,1.81,2.0658,1.4459,3.7756,11.7806,1.4065,1.1802,2.0363,1.6033,2.2922,2.2725,1.7214,2.0462
12/1/2022,126.0516,2.4687,2.0201,2.0083,5.0068,4.1096,5.0776,2.3388,2.4451,3.8381,4.1332,3.5665,1.784,2.4451,2.3034,2.0319,1.5951,2.6339,2.3978,3.0471,2.4805,2.6339,2.7402,2.1145,2.9881,1.8666,2.6457,3.4721,1.784,1.7013,2.6457,2.0201,1.7604,2.0201,1.8312,1.5833,1.9965,2.0083,2.4923,2.358,7.2187,2.1735,1.5597,2.5985,1.8312,2.8936,2.9291,2.2326,2.2208
11/30/2022,95.2181,1.3005,1.5534,2.4082,2.6437,4.3619,3.1931,2.2512,2.696,1.6407,1.3092,3.4984,2.3035,1.2482,2.0244,1.5622,2.164,2.0419,1.911,1.9285,2.0942,1.3528,1.5709,2.1465,1.4837,0.9865,1.5709,1.2656,1.1697,2.9925,1.9983,1.1958,0.9167,0.9516,1.5447,1.1173,1.597,1.8674,1.9546,1.7671,5.3169,1.8325,2.6175,2.0506,1.5883,2.2861,2.4954,1.2743,2.1727
11/29/2022,79.8023,1.8038,1.2724,1.3442,2.012,2.7946,1.495,3.0531,2.1915,1.854,2.0981,2.9382,2.0407,1.5022,1.3227,1.1934,1.1001,1.0211,1.8756,1.732,1.7248,1.6027,1.3514,1.4376,1.1216,1.294,1.6027,1.7535,0.9421,2.4931,1.3227,0.9852,1.0355,1.1001,1.1647,1.3299,1.2581,1.2868,1.8612,1.7174,5.1571,1.7391,1.6099,1.294,1.2365,1.0929,1.5524,1.3586,1.732
11/28/2022,85.848,1.5835,1.8248,1.2176,2.5566,2.5177,2.0117,3.2884,2.2608,2.8135,1.2643,2.6033,1.8715,1.747,1.4278,1.9105,1.5212,2.0117,1.4356,1.8949,1.3577,1.7236,1.7081,2.0506,2.253,1.5835,1.1865,1.0074,1.1086,2.6811,1.7081,1.3811,1.2565,1.35,1.023,1.023,1.5134,1.1865,1.2098,1.5675,4.6745,1.817,2.4398,1.0853,1.8482,2.0662,1.2332,1.6224,1.42
11/27/2022,116.9823,1.6597,2.0957,3.0547,3.8394,3.9702,3.0329,3.992,3.2727,3.8285,3.4688,2.7169,3.0874,2.27,1.7905,2.6842,1.7687,2.5098,1.4854,2.1501,2.7278,1.5943,2.3681,1.8886,1.6488,1.7687,1.6161,3.3817,1.7142,1.6815,1.8341,1.7251,1.1366,1.1257,1.1039,1.6379,1.9104,2.1501,2.1066,3.1276,9.6951,2.0303,2.161,1.6161,1.7796,2.8149,2.27,1.5398,2.1501
11/26/2022,78.1395,1.7097,1.6957,1.9061,2.7268,3.4141,2.9372,2.327,2.6636,1.6606,2.4953,1.2117,0.9382,1.4853,1.4783,1.3871,1.3099,1.6186,1.4642,1.7308,1.2468,1.6677,1.7238,2.1165,1.7378,1.4362,0.8891,1.7518,0.9943,2.1586,1.3661,1.0715,1.1556,1.0083,0.7278,1.1837,1.2749,1.4362,1.4783,0.8967,2.5158,2.0464,1.7518,1.1136,1.6466,1.85,1.1837,1.2959,1.2538
11/25/2022,67.711,0.9907,0.9907,1.0086,1.7012,1.5161,2.2625,2.4237,2.6148,1.14,1.2176,1.134,1.6356,1.0683,1.2415,1.2534,1.3609,1.6057,1.4564,1.0743,1.5758,1.3191,1.0922,1.3907,0.8474,1.0623,1.4087,1.2653,0.9131,1.546,1.3489,0.9489,0.9668,1.0623,0.8414,0.9369,1.1459,1.0743,1.4445,2.0905,6.3576,1.1818,1.2235,1.14,1.1818,1.4982,0.9966,1.1698,0.9847
11/24/2022,74.6632,1.5533,1.0933,1.9999,1.9932,1.7266,1.8666,2.6932,2.3666,0.9266,1.8932,2.2199,1.7999,1.1666,1.2999,1.0666,1.5466,1.7199,1.0133,1.7466,1.7866,1.0866,1.7933,1.6333,1.4533,1.2933,1.2066,1.8866,0.98,1.7799,1.5799,0.66,1.2533,0.9266,0.8866,1.2399,1.1799,0.9133,1.2066,1.8071,5.4458,0.9466,0.96,1.12,1.1666,1.6599,1.7599,1.6666,1.6933
11/23/2022,64.386,1.2098,1.1816,1.4692,1.8526,1.6271,2.2924,1.83,1.8357,1.3846,1.5086,1.5199,1.0858,1.2042,0.9335,1.4692,1.4748,1.4466,1.5538,0.9899,1.2606,1.0125,1.3846,1.5086,1.6271,1.3057,1.0801,1.4241,0.9279,1.0012,1.0068,0.9899,1.0519,0.7249,1.0576,0.7531,1.176,1.5707,0.7756,1.3604,4.0082,1.5199,1.097,1.2267,0.8997,1.4241,1.0519,1.3846,0.9053
11/22/2022,98.3925,1.3056,2.0107,1.7847,2.1915,2.1915,3.2581,3.4841,3.8728,1.2966,2.1011,1.3327,1.2062,1.2875,1.8841,1.7033,1.7124,2.1824,1.6581,1.6581,2.2367,2.1734,1.2604,1.3779,2.1643,1.0616,1.5497,2.4897,1.3327,1.8028,1.5135,1.2604,1.0796,1.3146,0.9621,1.2514,1.6672,2.1824,1.2423,4.0755,12.7454,1.3056,2.2638,1.9655,1.3779,2.4084,1.5226,1.2966,1.387
11/21/2022,87.0564,1.3209,2.0798,1.1865,2.3328,2.1273,3.2024,1.6292,2.064,2.8941,2.5463,1.8506,1.3446,1.0442,1.5818,1.9454,1.7478,1.1786,1.5027,1.6134,1.3288,1.313,1.6925,1.7873,1.8506,1.2656,1.3604,1.5185,1.0995,1.1944,1.3604,0.9256,0.7991,1.3288,0.973,0.8861,1.4948,1.7952,1.6767,3.366,10.4623,2.2933,2.4356,1.6371,1.0995,1.3367,1.2735,1.2339,1.0758
11/20/2022,61.2119,1.4491,1.0234,0.9329,1.5821,2.7049,1.2841,1.4544,1.4331,1.6566,2.0025,1.9546,1.1724,0.7573,1.1511,0.7839,1.4331,0.8371,1.4384,1.2948,1.3426,1.3001,1.0447,0.8265,1.481,1.034,1.1351,1.0872,0.8531,1.7896,1.2362,0.8425,0.7201,0.8478,0.6775,0.6349,1.1085,1.3267,1.0181,1.2137,3.5362,0.9702,1.4491,0.9489,1.4331,1.1351,1.3639,1.3214,1.1883
11/19/2022,35.5182,0.695,0.8574,0.6813,1.1188,1.0665,1.0913,0.8491,0.8574,0.4831,0.7115,0.9399,0.9399,0.6785,0.5327,0.7445,0.6317,0.662,0.8409,0.717,0.7033,0.6702,0.7445,0.64,0.5106,0.6702,0.6152,0.7666,0.5024,0.9427,0.5849,0.5767,0.5327,0.5492,0.5602,0.5877,0.5574,0.4969,0.6455,0.8621,2.4046,0.8023,0.629,0.4969,0.7611,0.6565,0.5382,0.6235,0.7886
11/18/2022,62.2697,0.9916,1.2901,0.8559,1.6808,2.2398,1.4637,2.0064,1.8165,1.5505,1.2846,2.039,1.2032,0.7636,0.7745,1.3118,1.1544,1.4691,0.8613,1.404,1.2086,0.9861,1.4094,0.8342,1.4691,1.1652,0.8939,0.8885,0.8667,1.2955,1.3172,0.8288,0.7365,0.8396,0.8776,0.7691,0.8559,0.9753,0.9319,2.1828,6.6546,0.8939,0.9644,0.9264,1.0947,0.9644,1.035,1.2032,1.0404
11/17/2022,62.1186,1.4114,0.9514,1.2761,1.6387,1.4385,2.3098,1.3735,1.6116,0.789,1.3735,0.9297,1.0921,1.1787,0.8431,1.3681,1.4547,1.406,0.8594,1.065,1.1408,1.0001,1.0326,0.7999,1.0055,1.0163,0.7944,1.1192,0.8756,1.5088,1.2057,0.9297,0.5942,0.5563,0.7241,0.7566,0.9947,1.341,1.3735,2.716,8.3707,1.1679,0.8269,1.0542,0.9893,1.2707,0.9514,0.8107,0.8215
11/16/2022,50.0274,0.8391,1.0408,1.1165,1.4023,1.23,1.4737,1.3224,1.2594,1.4611,0.7004,1.024,0.9148,1.0324,0.6458,1.024,0.9526,1.1165,0.94,1.1753,0.9652,1.0366,0.9736,0.7046,1.0829,0.8517,0.6248,0.6458,0.7466,0.7172,1.0534,0.6584,0.5449,0.6332,0.6122,0.8475,0.7971,0.6626,1.1543,1.5377,4.5786,1.2972,1.3729,0.8307,0.9106,1.0366,0.8895,0.692,0.8979
11/15/2022,69.5245,1.8524,1.6125,1.6556,2.3016,1.9755,1.914,2.1108,2.0493,1.5571,1.1449,2.4431,0.9726,0.8742,1.0834,1.2187,0.9173,0.8927,1.4771,1.188,1.3602,1.2741,0.8004,1.2618,1.3233,1.1264,0.9111,1.6125,1.0034,1.5141,1.1634,1.1572,0.7081,1.1203,0.9419,0.9357,1.1018,1.4648,1.5017,1.6544,4.9544,1.8094,1.9324,0.868,1.5264,1.268,1.3541,1.1634,1.471
11/14/2022,84.034,2.2728,1.3604,1.0563,2.0523,3.4133,2.8279,3.3297,2.8203,2.4097,2.174,1.733,1.733,1.33,1.7482,1.368,1.8622,1.695,1.5201,1.5885,1.6721,1.4668,1.8166,1.1551,1.6569,0.8358,1.0182,0.9878,1.1019,1.3452,1.5581,1.3984,1.3376,1.2387,1.0106,0.9802,1.2311,2.0067,1.1703,2.2721,6.942,1.5429,1.6417,1.2768,1.8546,1.6265,1.4136,1.0563,1.1247
11/13/2022,40.3542,0.6002,0.9076,0.9691,0.9011,1.2861,1.0273,0.982,0.7846,1.1308,1.1114,1.0079,0.6617,0.5937,0.6002,0.6293,0.6617,0.7976,0.6552,0.6746,0.6229,0.6617,0.5582,0.804,0.6487,0.7393,0.5743,0.7943,0.6002,1.0402,0.7199,0.4126,0.5614,0.529,0.5258,0.6682,0.6811,0.9076,0.7038,1.3633,4.0174,0.9982,0.7555,0.8235,0.6196,0.7296,0.7361,0.749,0.8267
11/12/2022,31.5882,0.6762,0.6927,0.4497,0.78,1.3767,0.8295,0.6125,0.6691,0.504,0.7234,0.9309,0.787,0.4757,0.57,0.4474,0.4544,0.5582,0.6101,0.5464,0.6219,0.5252,0.537,0.4521,0.4898,0.5677,0.5606,0.8106,0.4544,0.7163,0.5865,0.4309,0.4544,0.4615,0.471,0.4521,0.5488,0.4332,0.6998,1.0357,2.9633,0.5087,0.5653,0.7304,0.4851,0.5936,0.504,0.6148,0.6196
11/11/2022,56.6776,1.4372,1.2376,0.8092,1.3301,1.6221,2.0408,1.3544,1.1402,1.1597,0.9796,2.0359,0.707,0.8968,1.0429,0.8092,1.2716,1.2084,1.223,1.1061,0.8676,0.926,1.1986,1.0526,0.8092,0.634,0.9796,0.8433,0.8189,1.7536,0.9406,0.5658,0.9309,0.6437,0.7751,0.7265,1.038,0.7313,1.2668,1.7096,5.1319,1.2084,1.5004,1.2035,0.9893,1.3885,0.9991,0.9309,0.7021
11/10/2022,50.9344,0.9781,0.7806,1.3517,1.3731,1.8454,1.7939,1.3817,1.5062,1.0468,1.0855,1.0511,1.2228,1.0211,0.7377,0.8021,0.7205,1.0983,1.1198,1.1241,0.9996,0.7549,0.8021,1.2357,1.0125,0.7076,0.6776,1.4633,0.6218,0.7119,1.0425,0.6218,0.6175,0.6432,0.6003,0.7463,0.8622,1.2014,0.7506,1.2222,3.5634,0.7806,1.2057,0.6132,1.2014,1.1971,1.2572,0.7635,1.0168
11/9/2022,43.8303,0.9621,1.0338,0.7471,1.0911,1.0338,1.5103,1.6106,1.4924,1.1018,0.8045,1.0123,0.7256,0.6038,0.8797,0.6432,0.7686,0.9764,0.7758,0.7901,0.9549,0.6504,0.9908,0.679,0.5286,0.8331,0.6611,0.7543,0.5823,1.2523,0.7256,0.3996,0.6575,0.4927,0.6719,0.4927,0.6862,0.937,0.8976,1.2642,3.6985,0.7113,0.8367,0.7865,0.9155,0.6862,0.8295,1.0123,0.679
11/8/2022,48.3651,1.0829,1.196,1.204,1.4583,1.2807,1.1516,1.6884,1.4261,1.5512,0.9336,0.7116,1.0143,0.6591,0.7883,0.9619,0.8529,0.8327,0.8246,1.0668,0.7318,0.6228,0.9578,1.1314,0.865,0.9215,0.9255,1.2848,0.647,1.0063,0.9134,0.7318,0.6389,0.4654,0.7964,0.6874,0.6793,0.8085,1.1435,1.0949,3.1538,0.7076,0.8327,1.1274,0.6672,1.091,1.2646,0.8044,0.978
11/7/2022,35.9712,0.7764,0.8799,0.6282,1.2044,1.1736,1.2324,0.6925,1.1457,0.9387,0.9415,1.1149,0.7485,0.5415,0.7205,0.7233,0.8128,0.6981,0.8687,0.8492,0.7065,0.631,0.6338,0.7513,0.5583,0.4855,0.7736,0.5723,0.4548,0.7736,0.5583,0.5918,0.5023,0.4128,0.5778,0.4212,0.5415,0.6953,0.6785,0.7602,2.0766,0.6897,0.5778,0.6506,0.7177,0.7876,0.6562,0.5079,0.5359
11/6/2022,57.2825,1.4234,1.1474,1.517,2,1.926,1.724,1.8127,1.3445,1.2164,0.8517,1.9605,1.2361,0.7088,0.827,1.0587,0.8566,1.2016,0.9897,1.0735,1.0242,0.9256,0.8566,1.0045,1.2361,0.6644,0.9256,0.6792,0.694,0.9404,0.8566,0.9404,0.5708,0.7383,0.832,0.5659,0.9355,1.4086,0.7728,2.0442,6.2088,1.241,1.0094,0.7334,0.9848,0.8665,0.763,0.9404,1.0439
11/5/2022,78.744,1.058,1.8009,2.1051,2.9964,3.7109,1.7655,1.433,2.5437,1.3622,1.4684,2.1051,1.5815,1.3198,1.1712,1.5815,1.2278,1.3127,1.4613,1.723,1.4471,1.3976,1.7301,1.5957,1.8362,1.2278,1.6594,2.3739,1.0156,1.2773,1.2349,0.6194,1.0156,0.7609,0.7043,0.7609,1.3481,1.7443,1.7655,1.9965,6.0551,1.1429,1.3552,1.2349,1.8009,1.5391,1.525,1.058,1.7938
11/4/2022,56.2242,1.1794,1.1022,1.4205,1.5507,2.2934,1.2035,1.2469,1.8834,1.0781,1.0926,1.9895,1.5025,0.755,1.136,1.2662,0.9961,1.3192,0.8466,0.9286,1.1794,1.0202,0.6489,1.3433,1.3433,0.7116,0.6923,1.6086,0.8177,1.324,0.9431,0.5573,0.8659,0.8273,0.8515,0.6634,1.0106,1.2758,1.1697,1.0264,2.9334,1.2951,1.1215,0.7454,0.62,1.2662,1.189,1.1987,1.1842
11/3/2022,53.2013,1.0571,0.9667,1.3283,1.934,1.5227,1.5769,1.7713,1.4504,1.7849,0.9396,1.3645,0.9803,0.9532,0.9396,0.9125,0.813,0.7452,1.0978,1.1611,1.2515,1.0662,1.0752,0.7317,1.2425,0.7,0.9577,1.1295,0.7091,1.0978,0.8402,0.5464,0.5102,0.7904,0.6142,0.7995,0.7498,1.2334,1.1114,0.9179,2.5841,1.2786,1.4594,1.2289,0.7859,0.7859,1.3329,1.2153,1.1566
11/2/2022,51.3878,1.3468,1.3425,0.8435,1.1429,1.3859,0.9563,1.7894,1.7547,1.1082,1.1776,1.8761,1.1472,0.8652,1.004,0.9607,0.7047,1.0388,0.7914,1.0388,1.0778,0.8001,0.8045,0.8479,1.1125,0.6873,0.7784,1.2514,0.6613,0.9737,1.0301,0.8479,0.5745,0.5528,0.7394,0.683,0.8348,1.0301,0.7914,1.2868,3.7714,1.1342,1.0821,0.9043,0.7958,0.7698,0.9433,1.1993,1.1472
11/1/2022,33.1,0.508,0.5407,0.4478,1.0251,1.2811,1.1456,0.8318,1.1958,0.9171,0.636,0.7364,0.8519,0.6737,0.498,0.5758,0.7339,0.7465,0.6712,0.7716,0.5783,0.5557,0.7691,0.6185,0.8218,0.621,0.4553,0.8795,0.5156,0.626,0.6486,0.4528,0.4628,0.5231,0.5582,0.385,0.5507,0.7339,0.5783,0.4874,1.1988,0.8318,0.5909,0.6586,0.4729,0.6285,0.7841,0.7691,0.5557
10/31/2022,13.7537,0.2535,0.2685,0.2409,0.3462,0.4618,0.3249,0.4037,0.2835,0.3514,0.341,0.3117,0.2938,0.2858,0.2305,0.2996,0.2725,0.2576,0.2576,0.3059,0.2501,0.2501,0.3013,0.2754,0.3071,0.2691,0.2835,0.3289,0.2282,0.2806,0.2725,0.2334,0.253,0.23,0.2455,0.2328,0.2679,0.2697,0.2725,0.2411,0.4063,0.3186,0.2898,0.3088,0.2904,0.2731,0.2351,0.2679,0.2806
10/30/2022,14.8117,0.2613,0.3179,0.3329,0.4255,0.4657,0.3887,0.2797,0.3833,0.3111,0.3989,0.4105,0.29,0.2491,0.2838,0.3165,0.3111,0.3315,0.3097,0.3254,0.292,0.3043,0.3015,0.3554,0.309,0.3043,0.2613,0.3765,0.2613,0.384,0.2988,0.2525,0.277,0.2184,0.2586,0.2457,0.2566,0.3002,0.2845,0.2258,0.3569,0.3322,0.3445,0.2988,0.2409,0.2825,0.2579,0.2934,0.2443
10/29/2022,42.1679,1.0892,0.7304,0.563,1.219,1.8341,1.3967,1.0755,1.12,1.2942,1.0482,1.0209,0.5459,0.645,0.6894,0.5904,0.6348,0.9047,0.8159,0.9525,0.7646,0.6963,0.8637,0.6963,0.8329,0.5049,0.8159,1.2976,0.6143,1.202,0.8944,0.4605,0.5459,0.5288,0.481,0.4981,0.7099,0.7065,0.6587,0.997,2.8386,0.932,0.7817,0.5596,0.997,1.0072,0.8329,0.6109,0.6689
10/28/2022,53.6546,0.8789,0.7967,1.3446,1.1756,2.2166,1.2715,2.1344,1.1665,1.8148,1.0935,0.9885,0.9748,0.7465,0.8789,0.9702,0.8652,0.7282,1.1345,0.8287,0.8241,1.0067,1.0021,1.1209,0.9839,0.9656,0.7419,1.6139,0.6369,1.3354,0.8469,0.71,0.6186,0.6232,0.751,0.5684,0.8606,1.0158,0.9245,1.7209,5.1684,0.9245,0.9291,0.8926,0.6826,1.2852,0.8743,1.2578,0.7602
10/27/2022,52.4457,0.8511,1.2511,1.1489,1.3356,1.5667,1.0334,1.4023,1.4867,1.4467,1.5845,1.2156,1.0778,0.8111,0.9178,1.0511,1.0067,0.7578,1.1889,0.8378,1.1,0.8734,0.8867,0.9222,1.0956,0.7934,0.7489,1.1089,0.7978,0.8867,0.9222,0.5,0.58,0.7622,0.5045,0.5445,0.8556,0.7711,1.06,1.9653,5.9549,0.9445,0.6956,0.9711,1.1489,0.7222,0.8689,0.7445,0.7445
10/26/2022,53.9572,1.1823,1.3891,0.856,2.0233,1.8257,1.9314,1.7246,1.6695,1.7062,1.4075,1.2283,0.9342,1.0444,0.7044,1.2053,0.9296,1.095,0.7779,0.8193,0.8836,1.0904,1.2513,1.1318,1.2007,0.6952,0.9617,0.7503,0.6538,1.743,1.0031,0.6033,0.7779,0.5757,0.6722,0.9112,0.8147,0.8376,1.1731,0.9304,2.6245,0.8928,0.8055,1.0812,1.0536,0.9985,1.0628,1.1915,1.1318
10/25/2022,57.1313,1.2525,1.2082,0.8299,2.1761,2.1466,1.1542,1.5522,2.1663,0.7857,1.3704,1.9993,1.2574,1.1247,0.9921,0.8447,0.8692,1.0068,0.8692,0.9822,0.9479,0.7612,0.658,0.9921,0.8447,0.7218,0.8005,1.3016,0.7562,0.9724,1.1542,0.7464,0.5794,0.7366,0.5843,0.9577,0.9036,1.1395,1.2967,2.0711,6.2952,0.9921,0.8496,0.8447,0.7906,1.2181,0.9921,0.9577,0.6776
10/24/2022,48.516,1.2565,1.0135,0.6529,1.0702,2.2451,1.6293,1.0094,1.5523,0.6934,0.6853,1.0864,1.1269,0.6123,0.8149,0.9162,0.9648,1.0418,0.8392,0.9041,0.8271,0.6367,1.1269,1.054,0.8109,0.6002,0.9324,1.3578,0.6731,0.9324,0.823,0.5394,0.6407,0.6367,0.5718,0.588,0.819,0.6083,1.0945,1.4864,4.4138,1.0823,0.9851,0.6691,0.8028,1.0904,0.9891,0.9041,0.7055
10/23/2022,37.6338,0.7949,0.7801,0.6645,1.1475,1.3817,1.0735,1.1861,1.2957,0.8186,0.5578,0.8808,0.5815,0.7653,0.5282,0.8008,0.8838,0.7356,0.5371,0.7119,0.626,0.7771,0.4867,0.7712,0.4808,0.6912,0.7564,0.7979,0.5934,0.8334,0.5964,0.4274,0.5401,0.6082,0.6171,0.5578,0.6023,0.5312,0.629,1.0427,2.9859,0.8868,1.0083,0.6882,0.5134,0.5904,0.6912,0.6023,0.5756
10/22/2022,23.4266,0.4706,0.5292,0.594,0.6063,0.7205,0.7745,0.5076,0.4798,0.5338,0.4798,0.6773,0.3456,0.3703,0.4582,0.4582,0.4073,0.5061,0.4135,0.4798,0.4135,0.4428,0.4521,0.3456,0.4629,0.4659,0.4443,0.3919,0.3394,0.4058,0.4243,0.4089,0.3888,0.3333,0.3055,0.3672,0.4335,0.5477,0.3842,0.6403,1.6908,0.4922,0.3348,0.4351,0.5153,0.4891,0.5261,0.3657,0.3672
10/21/2022,26.7516,0.4179,0.4442,0.5417,0.8192,0.7217,0.7255,0.8511,0.6692,0.8192,0.4592,0.6711,0.5173,0.5004,0.3767,0.4573,0.6205,0.5605,0.6373,0.5042,0.5848,0.5623,0.3523,0.4067,0.4986,0.3523,0.4198,0.3879,0.4067,0.4273,0.4442,0.4123,0.4386,0.3786,0.3204,0.3917,0.4142,0.5848,0.5417,0.8553,2.3827,0.5436,0.7011,0.553,0.3429,0.4067,0.3954,0.4348,0.4967
10/20/2022,48.6668,0.9353,1.0654,1.2159,1.7812,1.6388,1.8422,1.7608,1.1793,1.0288,1.5453,0.7157,1.0085,0.9434,0.7075,1.0207,0.98,0.9393,0.7848,0.9515,1.0735,0.7279,0.7645,0.7441,0.7889,0.8417,0.7645,1.5209,0.6262,0.7482,0.8783,0.6425,0.5245,0.6587,0.492,0.5571,0.8702,1.0125,0.6384,1.071,3.0769,0.675,1.2077,0.9719,0.7075,0.9149,1.2443,1.0369,0.8417
10/19/2022,46.702,0.6737,1.0917,0.6117,1.1768,1.3006,0.9601,1.1923,1.6025,1.3897,0.8865,1.2,1.0181,0.8207,0.9485,0.7936,0.9717,1.0878,0.8865,0.8749,0.7704,0.6969,0.6504,1.1458,0.8091,0.6621,0.9136,0.9291,0.5885,0.7162,0.7317,0.5614,0.604,0.6543,0.7085,0.4879,0.7472,0.6543,1.0723,1.4998,4.4569,0.8169,1.2155,0.8749,1.0413,0.8014,1.022,0.7201,0.6621
10/18/2022,42.3194,0.9114,0.8462,1.1104,1.5326,1.2374,1.1688,0.9045,1.4605,1.3781,0.9251,1.3026,0.8256,0.6746,0.7844,0.9457,0.7295,0.9389,0.5991,0.8016,0.8428,0.5751,0.8668,1.1276,0.8462,0.6437,0.6609,0.781,0.6128,1.1139,0.7329,0.4652,0.4515,0.6403,0.5991,0.551,0.6368,0.9183,0.6403,0.7614,2.0806,1.0521,0.6952,0.8874,0.606,0.6815,1.0624,0.8874,0.8222
10/17/2022,30.6813,0.6725,0.4887,0.745,0.8199,1.0218,0.9424,0.8358,0.7019,0.5817,0.4683,0.7972,0.745,0.5749,0.4819,0.5636,0.5704,0.6815,0.6589,0.5908,0.5341,0.6589,0.4479,0.4411,0.5772,0.398,0.5885,0.6498,0.4865,0.5795,0.5999,0.4593,0.4933,0.4479,0.3889,0.3912,0.5591,0.5795,0.643,0.8926,2.5027,0.4865,0.7541,0.5114,0.4388,0.6384,0.5114,0.4729,0.6067
10/16/2022,40.9593,0.6479,0.6347,0.6446,1.284,1.2247,1.4092,0.7797,0.8819,1.3169,0.8654,1.3433,0.8984,0.5358,0.6083,0.8984,0.7797,0.6149,0.605,0.9148,0.7138,0.7632,0.5951,0.6248,0.7962,0.5193,0.5655,1.0302,0.5259,0.6314,0.638,0.3941,0.4996,0.5325,0.516,0.5391,0.7204,0.6676,0.8555,1.4591,4.3257,0.8588,1.0038,0.582,0.5754,0.8984,0.6611,0.7204,0.8588
10/15/2022,36.1228,0.6223,0.7797,0.881,1.2859,1.2325,1.3,0.926,1.2522,1.0694,0.9316,1.0413,0.5632,0.6982,0.6954,0.5829,0.8247,0.6532,0.5548,0.5604,0.8219,0.566,0.6785,0.7854,0.701,0.6251,0.7151,1.0947,0.5323,0.9485,0.5407,0.5969,0.4226,0.372,0.6082,0.5013,0.5407,0.5969,0.6476,0.566,1.4518,0.7404,0.4423,0.6982,0.7122,0.7966,0.8444,0.4957,0.6251
10/14/2022,30.2281,0.5179,0.5934,0.4645,0.7824,0.6401,0.6135,0.8602,0.9091,0.469,0.6379,0.5379,0.4801,0.5868,0.6379,0.6624,0.6179,0.5668,0.6135,0.6979,0.4756,0.4423,0.5112,0.4601,0.5023,0.5045,0.4956,0.6757,0.3978,0.7513,0.6023,0.4712,0.4979,0.4979,0.4134,0.3845,0.4956,0.4445,0.4779,1.082,3.1123,0.6357,0.689,0.5223,0.5801,0.6735,0.7001,0.4467,0.3956
10/13/2022,38.2382,0.5961,0.9408,0.5265,1.3883,1.6332,1.1797,0.9468,0.8742,0.5567,1.0768,0.9831,0.9861,0.7503,0.7019,0.5356,0.8773,0.841,0.6777,0.6777,0.6051,0.5174,0.6505,0.6989,0.9589,0.5749,0.5961,0.4993,0.5537,1.0647,0.5688,0.466,0.4721,0.5053,0.4116,0.4358,0.7049,0.5567,0.6807,1.0018,2.8543,0.6354,0.8984,0.72,0.7835,0.8349,0.9922,0.6414,0.6051
10/12/2022,30.6814,0.7745,0.6452,0.7496,0.7813,1.1578,0.6112,1.0081,0.6702,0.8607,0.5863,0.9809,0.525,0.6248,0.5205,0.5046,0.609,0.5704,0.4411,0.5727,0.5727,0.4388,0.6316,0.6883,0.6112,0.5024,0.5001,0.6226,0.4751,0.8721,0.5931,0.3889,0.5273,0.33,0.3844,0.4729,0.4661,0.4661,0.5591,0.7915,2.1774,0.516,0.677,0.6566,0.5069,0.5409,0.4751,0.4706,0.5727
10/11/2022,38.8432,0.836,0.654,0.5738,1.2215,1.6317,0.9408,0.9223,1.2801,0.9778,0.6725,1.1259,0.5707,0.5244,0.6016,0.6139,0.6663,0.8699,0.8329,0.617,0.7311,0.8452,0.7342,0.8113,0.7157,0.4473,0.7558,1.0704,0.4782,0.7866,0.6725,0.3887,0.3949,0.5553,0.3949,0.4473,0.7095,0.5769,0.543,1.2869,3.7716,0.6077,1.0179,0.7558,0.4597,0.8175,0.5522,0.8051,0.5769
10/10/2022,32.7972,0.6453,0.8412,0.856,0.9056,1.0767,0.8238,0.6378,1.0792,0.4642,0.613,0.8808,0.6031,0.5237,0.551,0.4543,0.5237,0.4866,0.7568,0.5857,0.5114,0.7172,0.7172,0.6428,0.4444,0.5163,0.5783,0.6626,0.5039,0.7172,0.6254,0.3502,0.4965,0.4543,0.4469,0.4394,0.5361,0.4419,0.4345,1.1825,3.4358,0.7296,0.618,0.4444,0.7444,0.5882,0.4841,0.5039,0.5213
10/9/2022,31.135,0.7589,0.6178,0.5183,0.826,1.2101,0.6016,0.9741,0.9116,0.8306,0.9579,0.8954,0.4304,0.4304,0.5067,0.5993,0.6132,0.4651,0.6988,0.6618,0.5368,0.4628,0.4628,0.5623,0.6733,0.4397,0.6224,0.8607,0.4397,0.6224,0.5067,0.3332,0.4142,0.4767,0.5229,0.5415,0.56,0.56,0.6641,0.6778,1.8117,0.5183,0.7659,0.6525,0.4697,0.7404,0.5091,0.553,0.6664
10/8/2022,61.9674,1.2028,1.2946,1.1111,1.8666,1.7155,1.4295,1.1165,1.586,1.3971,1.3647,1.9584,1.6616,1.1759,1.1381,0.9492,0.9168,1.2838,1.1219,1.4835,1.3701,1.219,0.9168,1.354,1.273,0.7819,1.1057,1.0625,0.7171,1.5644,1.1273,0.8844,0.8035,0.8952,0.6848,0.7495,0.9168,0.9978,1.327,1.9323,5.8486,1.3162,1.4133,0.8251,0.7063,1.0787,1.1489,1.4403,0.7333
10/7/2022,32.7972,0.7271,0.6725,0.4444,0.9503,1.0519,0.9056,1.0371,0.7618,1.0123,0.4816,0.732,0.556,0.5833,0.4518,0.5981,0.5213,0.4593,0.6725,0.675,0.7643,0.6403,0.5163,0.489,0.6006,0.4295,0.7023,0.799,0.4965,0.9552,0.6006,0.3427,0.5337,0.4742,0.4866,0.5163,0.6105,0.4469,0.5039,0.9844,2.7982,0.551,0.7618,0.4642,0.5758,0.6428,0.7568,0.6081,0.4518
10/6/2022,38.6921,0.8388,0.7099,0.9248,1.2685,1.0291,0.7437,1.4036,1.0383,0.7222,1.1549,1.0107,0.581,0.7805,0.7345,0.7467,0.9063,0.6148,0.759,0.6639,0.6056,0.7989,0.8511,0.6393,0.6363,0.535,0.5104,0.5442,0.4797,0.8879,0.6455,0.581,0.6363,0.5442,0.538,0.4214,0.5964,0.5258,0.6086,1.245,3.6369,0.7713,0.5319,0.9217,0.5043,0.8603,0.6792,0.7682,0.5565
10/5/2022,58.7938,1.5432,1.3095,1.4162,1.3298,1.594,1.6397,1.2587,1.4314,1.5127,1.6244,1.1216,1.5584,0.7813,0.8168,1.1673,1.0556,1.3248,1.3806,0.954,1.0403,0.7406,1.0962,0.9844,1.4213,0.6695,0.7406,1.6549,0.8168,1.2384,0.8981,0.6848,0.5324,0.6797,0.5832,0.9794,1.0759,1.0403,1.0302,1.9994,6.0647,1.2232,0.761,1.2283,0.8321,0.8829,0.893,1.0657,1.1165
10/4/2022,33.2509,0.5454,0.6742,0.8232,1.1287,1.0328,1.1893,1.2373,0.803,0.4419,0.8156,0.6363,0.5833,0.447,0.5379,0.6969,0.5858,0.6868,0.7777,0.7828,0.5202,0.4545,0.7601,0.6868,0.808,0.654,0.5682,0.7449,0.4621,0.7601,0.5606,0.4949,0.4369,0.4823,0.4949,0.4369,0.6136,0.5101,0.4874,0.7156,1.9332,0.755,0.6136,0.6161,0.5379,0.6818,0.6288,0.7575,0.649
10/3/2022,34.6113,0.6191,0.8027,0.6616,0.965,1.1939,0.9863,0.8985,0.7814,0.784,1.0262,1.0129,0.824,0.6537,0.5179,0.7601,0.4913,0.6723,0.5978,0.8,0.7069,0.5126,0.5791,0.4754,0.4354,0.4567,0.4434,0.4754,0.4993,1.0422,0.5366,0.5445,0.4621,0.51,0.4674,0.4993,0.6137,0.5472,0.5206,0.9206,2.5928,0.8639,0.7361,0.8133,0.635,0.6111,0.784,0.651,0.627
10/2/2022,35.6692,0.7311,0.8667,0.5042,1.1157,1.2209,0.9663,0.8031,1.1711,0.626,1.1213,1.1766,0.6896,0.6177,0.6868,0.7892,0.7145,0.59,0.7145,0.5872,0.5485,0.6813,0.7643,0.5264,0.8363,0.4627,0.5319,0.4793,0.4959,1.1074,0.5485,0.3825,0.46,0.3825,0.5042,0.5789,0.5734,0.8363,0.4932,0.8522,2.3726,0.7809,0.6453,0.7256,0.7588,0.7616,0.922,0.507,0.4572
10/1/2022,87.8127,2.3376,1.284,1.2282,2.4972,3.2554,3.3671,2.6169,3.0878,2.7925,1.739,1.292,1.6352,1.4916,1.5315,1.3798,2.0263,1.5953,2.0822,1.5554,1.5474,1.4916,1.8986,1.8507,1.731,1.5315,1.1244,1.0526,1.2761,1.2362,1.5634,1.4117,0.9808,0.8052,0.8052,1.3878,1.4995,1.6113,1.9225,2.3124,7.0717,1.5634,2.1061,2.0981,1.2042,1.2042,2.1939,1.4437,1.0925
9/30/2022,47.0043,1.0716,1.095,0.9507,1.5084,1.0677,1.3095,1.0989,1.7776,1.3719,0.7556,1.1262,1.1301,0.7907,0.7283,0.8102,0.9819,0.74,0.6659,1.0014,1.0443,0.7595,0.6698,1.2042,0.7205,0.818,0.6464,1.3758,0.662,0.7946,0.9741,0.4397,0.6815,0.6035,0.6932,0.7751,0.7127,0.8024,0.6854,1.169,3.3924,1.1379,1.29,0.6503,0.5996,1.0716,0.9624,1.0482,0.6386
9/29/2022,40.2031,0.9299,0.9782,0.8397,0.9717,0.9041,1.3582,1.2358,1.4258,1.1134,1.1553,1.4097,0.8945,0.537,0.698,0.7141,0.9267,0.7624,0.7141,0.6465,0.7624,0.785,0.8011,0.975,0.5692,0.4758,0.7721,1.0716,0.5531,0.7753,0.7141,0.5338,0.4694,0.5628,0.5273,0.4919,0.6304,0.9331,0.7624,0.6896,1.8496,0.6014,0.9911,0.5145,0.756,0.7785,1.0458,0.7592,0.8365
9/28/2022,37.0294,0.8431,0.5847,0.9272,0.9505,1.0259,1.3685,0.785,1.0811,1.0201,1.0637,0.5644,0.6863,0.6079,0.5905,0.7327,0.7211,0.6979,0.6224,0.695,0.6805,0.7821,0.6805,0.6747,0.6224,0.6166,0.5673,1.1159,0.515,1.0434,0.756,0.5266,0.4366,0.4686,0.4134,0.4715,0.5876,0.5847,0.5992,0.9065,2.5475,0.6137,0.9505,0.5208,0.724,0.7589,0.9418,0.8285,0.5266
9/27/2022,29.4721,0.6992,0.5467,0.4243,1.0084,0.6326,1.032,0.8151,1.0041,0.7915,0.7378,0.8817,0.6476,0.4716,0.4651,0.4351,0.5489,0.5424,0.5682,0.4673,0.5682,0.5424,0.4802,0.7421,0.5253,0.5446,0.6305,0.5875,0.4522,0.8388,0.5188,0.4157,0.5102,0.4458,0.3749,0.3449,0.4608,0.4565,0.4909,0.7404,2.0129,0.5059,0.3857,0.4007,0.609,0.4995,0.6541,0.5854,0.4286
9/26/2022,90.2309,1.1781,1.3015,1.984,2.9872,2.428,1.7866,2.6336,2.8556,1.2274,2.5514,2.2389,1.9511,1.3343,1.285,1.2357,1.5399,1.2192,1.6468,1.91,1.5153,1.137,1.4988,2.4445,2.1895,1.6879,1.0301,1.1617,1.2274,2.2718,1.7619,0.8656,1.3179,1.285,1.1946,1.2192,1.4659,1.359,1.8606,2.9193,9.025,2.2224,2.1238,1.3426,1.3837,1.5153,1.9346,2.132,1.8442
9/25/2022,68.1641,1.1834,1.1955,1.8392,1.9776,2.862,2.2363,1.2376,2.3687,1.9716,1.761,1.4061,1.6166,1.3218,1.1052,0.9187,0.9007,1.039,1.2677,1.2978,1.1052,1.394,1.4421,1.2376,1.3579,1.1834,0.9428,1.6768,0.7924,1.7791,1.2978,1.1353,1.033,0.8947,0.7683,0.9067,1.1714,1.6527,1.394,1.7727,5.3351,1.2376,1.2256,1.1233,0.9187,1.0932,1.021,0.8826,0.8826
9/24/2022,69.6759,1.3447,1.7517,1.1843,1.7826,2.3253,1.3632,2.1588,2.5473,1.098,2.2945,1.8874,1.209,0.9931,1.3508,0.9006,1.2707,1.2152,1.2398,1.2953,1.209,1.4989,0.8821,1.7147,1.061,1.2522,1.468,1.5359,0.9068,1.5667,1.3262,0.7217,0.9006,0.9314,1.061,0.9685,1.2275,1.4187,1.5852,1.9578,5.9308,1.3817,1.2645,0.9931,1.0425,1.0363,1.4804,1.2398,0.9006
9/23/2022,67.4086,1.5152,1.6281,1.5449,1.6044,2.3529,1.7351,1.3727,2.6618,1.135,1.7529,2.3767,1.3548,1.1944,0.8796,1.1291,1.6103,1.1053,0.8855,1.5687,1.5568,1.343,1.1053,1.6756,1.2657,0.7429,0.9509,1.4024,0.8083,1.1172,1.2717,0.8202,1.0697,0.6835,0.6063,0.7548,0.9568,1.3548,1.0578,1.8568,5.6056,1.0994,0.8915,1.6103,1.5212,1.0637,1.5212,0.8617,1.4261
9/22/2022,39.5986,0.7481,0.6722,0.865,1.4085,1.4148,1.0483,1.3737,0.9977,0.628,1.004,1.0009,0.609,0.7607,0.8176,0.8682,0.925,0.647,0.7449,0.8524,0.7007,0.5648,0.8397,0.688,0.8208,0.5648,0.6438,0.9851,0.5932,0.6343,0.7133,0.6312,0.4827,0.6343,0.4669,0.4858,0.7228,0.6185,0.7481,0.9248,2.6063,0.7354,0.9377,0.5996,0.8018,0.7133,0.884,0.5806,0.8903
9/21/2022,31.8902,0.6397,0.5728,0.6731,1.0793,0.74,1.1318,1.1127,0.6301,0.5322,0.7448,0.5059,0.7615,0.4749,0.4271,0.4868,0.6349,0.6923,0.7615,0.5919,0.697,0.5226,0.6445,0.7018,0.537,0.5776,0.5895,0.881,0.4414,0.5561,0.5728,0.3984,0.4749,0.4964,0.5346,0.4557,0.5202,0.6086,0.5489,0.9239,2.6036,0.6612,0.4151,0.4534,0.4199,0.7042,0.5609,0.5417,0.654
9/20/2022,27.6587,0.5068,0.5854,0.664,0.6778,0.8292,0.7191,0.6758,0.8842,0.7151,0.6031,0.721,0.4085,0.4222,0.5225,0.5598,0.607,0.495,0.4871,0.6169,0.4556,0.4714,0.493,0.6129,0.5972,0.495,0.5362,0.6542,0.375,0.609,0.4537,0.4871,0.493,0.4399,0.4262,0.4301,0.4321,0.4439,0.609,0.5852,1.5135,0.6031,0.6975,0.4812,0.4104,0.5343,0.6011,0.4458,0.5716
9/19/2022,42.1682,0.6279,0.9525,1.0448,1.2976,0.9423,1.4275,0.973,0.9149,0.5596,0.8603,1.2942,1.1165,0.8466,0.6724,0.9081,0.7441,0.645,0.7373,0.727,0.6826,0.9013,0.9013,0.9594,0.5972,0.5869,0.6348,1.284,0.5152,0.9696,0.7954,0.5596,0.7339,0.6382,0.4263,0.5869,0.6348,0.686,0.9867,0.9484,2.6822,0.5904,0.8603,1.0072,0.9354,0.9662,0.9765,0.9594,0.8705
9/18/2022,94.3112,2.4539,2.1777,2.4539,3.3343,2.6093,2.7129,2.7042,2.92,2.264,2.8682,2.5834,2.2295,1.8584,1.3232,1.6512,1.2887,1.9706,1.5908,1.375,1.6685,1.9965,1.1679,1.375,1.2369,0.9262,1.4872,2.2813,1.2973,2.1777,1.4786,1.0039,0.9003,1.375,1.4959,1.1247,1.6167,1.1592,1.6512,2.5301,7.7723,1.5304,1.4009,1.7893,2.1605,1.4354,2.4021,1.4096,2.0914
9/17/2022,36.1224,0.805,0.9204,0.4873,1.2184,1.1144,0.7882,0.6363,0.9007,0.7826,0.6616,1.0666,0.8529,0.6926,0.7122,0.7938,0.8472,0.5519,0.836,0.7629,0.6672,0.7094,0.7404,0.7685,0.926,0.4395,0.5548,0.9428,0.4845,1.0975,0.7094,0.6138,0.4085,0.4029,0.4001,0.6166,0.6391,0.5463,0.5463,0.9414,2.6598,0.4788,0.7122,0.4957,0.6419,0.5266,0.5294,0.8107,0.6813
9/16/2022,42.6215,0.911,1.0945,0.6756,1.5515,1.877,1.1499,1.2157,1.0772,0.8903,1.0357,0.8764,0.7518,0.7379,0.7933,0.8695,0.8695,0.6133,0.8245,0.8314,0.9318,0.6306,0.9872,0.8695,0.8591,0.5233,0.5856,0.7171,0.5994,0.8487,0.821,0.4575,0.5683,0.6652,0.6064,0.6271,0.6479,0.9976,0.8729,1.0572,3.0325,0.641,0.6791,0.5163,0.918,0.7691,0.9733,0.8868,0.686
9/15/2022,27.9612,0.4801,0.5759,0.6158,0.7695,0.8972,0.9152,0.9871,0.5839,0.8593,0.5399,0.7016,0.4521,0.4242,0.4481,0.6058,0.6078,0.5559,0.6477,0.5599,0.4641,0.5679,0.4661,0.4102,0.6976,0.4282,0.3862,0.4142,0.3902,0.6038,0.53,0.4022,0.4122,0.3743,0.4741,0.484,0.498,0.6138,0.5639,0.6512,1.7261,0.5399,0.4661,0.4302,0.5739,0.522,0.6797,0.4801,0.484
9/14/2022,27.3562,0.426,0.5925,0.6951,0.8422,0.7745,0.9583,0.9854,0.8074,0.8228,0.7048,0.637,0.5112,0.3815,0.5131,0.4996,0.5732,0.4957,0.6428,0.5538,0.4377,0.4338,0.519,0.486,0.6544,0.3699,0.5867,0.639,0.4357,0.8267,0.4589,0.4164,0.457,0.3931,0.3757,0.457,0.4435,0.6273,0.5577,0.3231,0.6702,0.4454,0.6719,0.6486,0.4706,0.4822,0.5519,0.5422,0.5577
9/13/2022,25.9961,0.4474,0.487,0.4636,0.7767,0.9855,0.7012,0.9441,0.8055,0.4348,0.5518,0.5464,0.4528,0.5068,0.4042,0.3862,0.5554,0.5626,0.5266,0.5176,0.4654,0.487,0.5374,0.6562,0.4492,0.4852,0.424,0.5932,0.397,0.5734,0.4582,0.3142,0.3682,0.4366,0.3736,0.4078,0.4492,0.5086,0.487,0.6065,1.5822,0.5194,0.6598,0.3988,0.6058,0.4582,0.3664,0.379,0.4924
9/12/2022,75.8724,1.6666,1.9042,0.9947,2.739,2.1282,2.5083,3.0648,2.4336,1.6938,1.4495,2.2571,1.4087,1.0558,1.2119,0.9676,1.2526,1.4291,1.8499,1.4019,1.178,1.5377,1.0897,1.2798,0.8522,0.8997,1.1508,2.3929,1.0897,1.8838,1.3001,1.1237,1.2391,0.9472,1.1983,1.0897,1.2323,1.0762,1.3001,1.7935,5.4018,1.3952,1.4766,1.5988,1.4562,1.5852,1.2594,1.7006,0.9268
9/11/2022,67.7108,1.7908,1.3012,1.8027,2.6029,3.0806,2.2625,1.4146,2.364,1.3012,1.6893,1.6296,0.8951,1.0444,1.0564,1.54,1.1638,1.4445,1.4803,1.6236,1.122,1.1818,0.7996,1.8326,0.8653,1.0026,0.8892,0.9608,0.8772,1.9878,1.1937,0.5667,0.6384,0.8056,0.71,1.0504,1.0146,1.3609,0.931,1.4336,4.2438,1.4624,1.8087,1.6475,1.2056,0.9728,1.7072,0.9011,1.0504
9/10/2022,62.8742,1.2532,0.9184,1.6977,1.5605,2.1696,1.3245,1.0611,1.7251,1.9281,1.1599,2.1092,1.33,1.1709,0.88,1.0556,1.0008,0.9239,1.0556,1.4123,1.105,1.2257,1.4946,0.8142,0.891,0.7867,0.8636,1.1709,0.9404,1.9446,1.3245,0.5179,0.6111,1.0062,0.7813,1.0227,0.9184,0.8965,0.9953,2.1714,6.6181,0.8197,0.8526,0.8745,1.4782,1.2093,1.4398,1.2257,1.1379
9/9/2022,66.3509,1.1295,1.4504,1.287,1.4504,1.8063,1.9522,1.1645,2.4482,1.2928,1.1645,1.0361,1.5087,0.8727,1.3979,1.1703,1.0828,0.8785,1.2345,1.4504,1.322,1.4504,0.9836,1.3045,0.8844,0.8785,1.1411,1.5321,0.9486,1.8297,1.0361,0.6685,0.9077,0.7327,0.826,1.0244,1.1061,1.3979,1.5204,2.1504,6.5504,1.5146,0.8902,0.9544,1.0303,1.3745,1.7421,1.5729,1.2987
9/8/2022,40.0524,0.968,0.6218,0.6987,1.4552,1.5545,1.2052,0.9327,0.8334,1.2084,0.6635,1.1314,0.5994,0.6955,0.641,0.7436,0.5577,0.5673,0.859,0.7725,0.7917,0.8109,0.6635,0.9263,0.8366,0.6314,0.8558,1.218,0.5192,1.1475,0.6058,0.5513,0.4648,0.5385,0.6571,0.6378,0.6026,0.5481,0.9391,0.9668,2.7416,0.6282,0.7308,0.8718,0.5032,0.6378,0.875,0.8494,0.593
9/7/2022,26.9028,0.6468,0.5977,0.4256,0.7564,0.9644,0.8774,0.97,0.6392,0.8415,0.4086,0.5183,0.5409,0.4842,0.5145,0.522,0.42,0.4464,0.5769,0.5958,0.5012,0.403,0.4124,0.4048,0.4899,0.4181,0.4502,0.7243,0.437,0.7867,0.5712,0.42,0.3387,0.3217,0.4408,0.3992,0.505,0.6336,0.4767,0.4938,1.2194,0.6449,0.4256,0.5806,0.6052,0.4823,0.471,0.5031,0.5958
9/6/2022,25.543,0.3895,0.5912,0.6491,0.8754,0.8754,0.5631,0.5193,0.5386,0.5035,0.4895,0.4789,0.3912,0.5158,0.4789,0.3772,0.5807,0.4526,0.3895,0.5579,0.5877,0.5438,0.4193,0.4316,0.5403,0.4421,0.5456,0.5894,0.3596,0.5982,0.4544,0.3842,0.4509,0.3421,0.3474,0.3474,0.4,0.4965,0.4789,0.694,1.8637,0.4088,0.4526,0.5982,0.4719,0.5684,0.4491,0.5087,0.5509
9/5/2022,41.8657,0.8643,0.6509,1.0302,1.2707,1.5044,0.932,0.7763,1.1183,0.8271,0.8711,0.6306,0.9016,0.6509,0.7559,0.6374,0.8609,0.7864,0.9016,0.678,0.932,0.8609,0.8372,1.0235,0.9151,0.5731,0.8778,1.2707,0.6069,0.9422,0.6442,0.38,0.5764,0.7051,0.695,0.5764,0.6069,0.8982,0.59,1.1117,3.2077,0.6848,0.7763,0.9083,0.8677,0.8643,0.6374,0.844,0.8033
9/4/2022,71.3376,1.7691,1.4714,1.3764,2.0668,1.8261,2.5165,1.6551,2.5609,0.9014,1.1167,1.8325,1.9401,1.0217,1.1294,1.2054,1.6488,1.6931,1.2498,1.0787,1.6108,1.1167,1.2307,1.8895,1.7248,1.2307,1.3194,1.0407,0.8507,2.0921,1.1927,0.6734,0.9331,1.0851,1.1611,1.0914,1.1674,1.6234,1.1357,1.9115,5.7817,1.1737,1.1737,1.1357,0.7747,1.2878,1.8451,1.0027,1.0217
9/3/2022,79.6508,1.7287,1.3561,1.1769,2.8679,3.5414,2.8106,2.395,2.9252,2.7174,1.2486,2.5455,1.9794,1.2916,1.0121,1.1913,1.3274,1.7358,1.7931,1.5854,1.3489,1.4492,1.5925,1.743,1.9794,1.2128,1.048,1.6642,1.0408,1.9149,1.6355,1.1554,0.8975,0.7112,0.9763,0.8617,1.2486,1.5925,1.0408,1.2436,3.6324,2.0726,1.2558,1.4779,1.4134,1.5209,1.786,1.8075,1.0981
9/2/2022,29.019,0.6837,0.5976,0.7026,0.8519,1.0474,0.8456,0.8939,0.8372,0.6501,0.7804,0.6627,0.5219,0.5934,0.5156,0.4168,0.5009,0.6627,0.5492,0.5681,0.5198,0.5303,0.4925,0.7321,0.6543,0.5576,0.4441,0.3811,0.4441,0.7951,0.5955,0.3706,0.4841,0.4189,0.3516,0.3558,0.4693,0.5849,0.5282,0.5543,1.4143,0.4105,0.7657,0.6795,0.4126,0.6564,0.5051,0.4588,0.5702
9/1/2022,24.4845,0.4288,0.4914,0.4519,0.7123,0.7766,0.7865,0.6975,0.4865,0.3464,0.4238,0.6315,0.4354,0.3694,0.4617,0.381,0.4271,0.5639,0.3958,0.4024,0.5425,0.5128,0.4073,0.5607,0.5722,0.4304,0.3365,0.4007,0.3711,0.7189,0.4057,0.3381,0.4271,0.3595,0.3991,0.3513,0.4601,0.5244,0.4914,0.6192,1.623,0.6167,0.465,0.4733,0.5656,0.4683,0.4024,0.5409,0.4304
8/31/2022,42.1677,0.7339,0.809,0.6279,1.2361,1.0414,0.9389,0.809,0.7885,0.7851,1.3455,0.8295,0.5869,0.5459,0.6074,0.9423,0.6177,0.6689,1.0175,0.6416,0.9423,0.6963,0.8193,0.891,0.973,0.7031,0.6997,1.0072,0.6245,0.7919,0.6689,0.3819,0.5254,0.6894,0.4844,0.6382,0.6553,0.6245,0.9457,1.7665,5.315,0.8944,0.6963,0.6826,0.4878,0.7885,0.7407,0.7646,0.6963
8/30/2022,89.1729,1.6034,1.2544,2.1473,2.1635,2.9428,1.7495,3.1376,1.6927,1.4411,1.3112,2.4639,1.8469,1.5628,1.5141,2.0418,1.506,2.0986,1.9606,1.4248,1.2869,1.3274,1.7658,2.3746,1.9119,1.5872,1.3437,2.8129,1.2381,2.2447,1.5872,1.0271,1.2869,1.2787,1.0839,0.8566,1.4086,2.1635,1.1976,2.245,6.855,2.1798,1.2057,2.0661,1.2625,2.0093,2.2853,1.4411,1.9768
8/29/2022,36.1224,0.6363,0.6729,0.6672,0.85,1.3872,1.0385,0.7207,1.0272,1.1875,1.0328,0.8697,0.6138,0.5323,0.7404,0.6419,0.6701,0.5548,0.7994,0.5773,0.7122,0.5519,0.6279,0.7629,0.6447,0.611,0.6054,0.6701,0.5041,0.6054,0.701,0.4901,0.4816,0.5604,0.3888,0.5913,0.6504,0.5126,0.462,1.1714,3.4,0.7291,0.6307,0.6419,0.5266,0.5941,0.8641,0.6897,0.521
8/28/2022,85.6963,2.1945,2.0469,2.1246,2.4043,3.057,2.7307,1.7594,3.259,2.1013,2.4898,2.684,1.9381,1.1612,1.2466,1.2933,1.6274,1.3865,1.6817,1.7517,1.4875,1.402,1.4564,2.2256,1.1845,1.7672,1.8294,1.0757,1.1612,2.6141,1.2,0.7416,1.1301,1.2,1.3787,0.8038,1.1767,1.5186,1.8294,2.1965,6.699,1.1456,1.6041,1.4176,0.897,1.4953,1.1301,1.2389,1.7517
8/27/2022,37.9359,0.7564,0.6456,0.8612,1.0707,1.0318,1.2923,0.9031,1.1336,0.6846,1.0079,0.933,0.939,0.7714,0.7654,0.8253,0.5678,0.7235,0.6606,0.7923,0.7355,0.6726,0.5648,0.5169,0.457,0.5079,0.5678,0.5379,0.5977,0.93,0.6067,0.5948,0.5948,0.478,0.5139,0.6187,0.5558,0.7504,0.7863,1.1574,3.355,0.5109,0.6217,0.8402,0.7444,0.7265,0.7055,0.7355,0.5858
8/26/2022,12.9968,0.2886,0.2841,0.2551,0.3651,0.3596,0.3576,0.2996,0.3496,0.2821,0.3291,0.3196,0.2956,0.2351,0.2741,0.2296,0.2841,0.2636,0.2466,0.2876,0.2866,0.2241,0.2851,0.2926,0.2996,0.2441,0.2331,0.2186,0.2286,0.2351,0.2461,0.2131,0.2126,0.2431,0.2106,0.2431,0.2511,0.2666,0.2836,0.2513,0.4389,0.2371,0.2416,0.2476,0.2211,0.2736,0.2566,0.2291,0.2761
8/25/2022,14.9629,0.3185,0.3387,0.315,0.3414,0.3387,0.3331,0.4257,0.3964,0.299,0.3407,0.3853,0.2829,0.2774,0.3024,0.3143,0.292,0.3185,0.315,0.3066,0.3143,0.2941,0.3122,0.3421,0.3017,0.2307,0.2447,0.2871,0.2516,0.2572,0.2781,0.2544,0.2203,0.2544,0.2453,0.2286,0.2669,0.2426,0.2474,0.3903,0.8865,0.2864,0.3331,0.3101,0.2523,0.2962,0.3073,0.2816,0.3038
8/24/2022,13.3002,0.3119,0.2939,0.2366,0.349,0.2955,0.3262,0.314,0.3723,0.3532,0.2642,0.2467,0.2865,0.2319,0.2483,0.2531,0.2388,0.2456,0.2589,0.279,0.2949,0.2366,0.2605,0.2801,0.2393,0.2287,0.2494,0.3304,0.2308,0.3257,0.2562,0.2446,0.2117,0.2191,0.2488,0.2499,0.2382,0.2907,0.2933,0.2919,0.5698,0.2419,0.269,0.2287,0.2615,0.27,0.2997,0.2785,0.2547
8/23/2022,15.1142,0.2563,0.3097,0.2933,0.3388,0.3815,0.4406,0.2862,0.4541,0.3331,0.2627,0.4235,0.2677,0.3111,0.2577,0.3025,0.2656,0.3303,0.2919,0.2691,0.2812,0.2698,0.2947,0.3338,0.3168,0.2335,0.2535,0.3659,0.2421,0.3424,0.3182,0.22,0.2648,0.2186,0.2463,0.2606,0.2798,0.3381,0.3097,0.3667,0.8104,0.3047,0.2855,0.2961,0.3289,0.3025,0.3587,0.3282,0.267
8/22/2022,14.9629,0.2892,0.3428,0.3157,0.3609,0.3679,0.3052,0.3957,0.3449,0.3561,0.3512,0.3776,0.2697,0.2878,0.2641,0.2676,0.3289,0.315,0.3324,0.2739,0.3171,0.2809,0.3011,0.3004,0.2349,0.2641,0.2655,0.3407,0.2405,0.338,0.276,0.2753,0.2767,0.2767,0.2182,0.2572,0.2816,0.3122,0.3219,0.3629,0.7983,0.292,0.3568,0.2495,0.2683,0.2572,0.2948,0.3205,0.237
8/21/2022,14.9627,0.3038,0.3421,0.3296,0.4452,0.4563,0.3463,0.4055,0.3171,0.3122,0.4034,0.4048,0.2621,0.2683,0.3011,0.2878,0.3059,0.2655,0.2558,0.3261,0.3066,0.2843,0.2885,0.3108,0.2836,0.2328,0.2913,0.2516,0.2537,0.3651,0.2781,0.276,0.2182,0.2245,0.2279,0.2224,0.2906,0.2913,0.3073,0.324,0.6729,0.3554,0.3261,0.2481,0.3331,0.2836,0.3247,0.2579,0.2934
8/20/2022,14.9628,0.2669,0.2906,0.2453,0.3902,0.4138,0.4494,0.3707,0.4055,0.3004,0.2836,0.434,0.2621,0.2718,0.292,0.2509,0.2732,0.2495,0.3289,0.276,0.2976,0.2495,0.3052,0.3059,0.3261,0.2314,0.2544,0.3811,0.2572,0.3769,0.2718,0.2224,0.2732,0.2426,0.221,0.2572,0.2899,0.308,0.2509,0.3761,0.8408,0.3505,0.3031,0.2927,0.2607,0.3094,0.2983,0.2948,0.2593
8/19/2022,13.9048,0.3261,0.3285,0.2558,0.3361,0.335,0.3184,0.3072,0.3869,0.2924,0.2806,0.3208,0.3302,0.27,0.2399,0.2452,0.309,0.3084,0.3143,0.257,0.2482,0.2617,0.273,0.3196,0.2924,0.2546,0.2771,0.283,0.2334,0.3143,0.2452,0.2499,0.231,0.2476,0.26,0.2399,0.244,0.2989,0.247,0.312,0.6343,0.2865,0.2558,0.3131,0.2741,0.2529,0.3031,0.2641,0.2263
8/18/2022,16.7767,0.4019,0.3562,0.2869,0.5142,0.3615,0.4458,0.3352,0.5037,0.3984,0.4265,0.3413,0.3589,0.2799,0.329,0.3519,0.3361,0.3246,0.2939,0.3115,0.315,0.2808,0.2843,0.3317,0.2983,0.3255,0.2667,0.2676,0.279,0.3641,0.3527,0.272,0.2509,0.2448,0.2922,0.2948,0.3009,0.3422,0.3018,0.4282,1.0083,0.4019,0.3308,0.3361,0.3712,0.3378,0.3659,0.2974,0.2764
8/17/2022,19.7995,0.4805,0.4782,0.4935,0.6363,0.4994,0.5466,0.3838,0.4416,0.4003,0.5171,0.4192,0.3932,0.392,0.3047,0.4086,0.4263,0.3212,0.3602,0.3484,0.4522,0.4156,0.444,0.4333,0.3909,0.3684,0.4015,0.4369,0.2953,0.3991,0.3673,0.3106,0.3543,0.2693,0.3035,0.2906,0.3389,0.3826,0.4392,0.3974,0.9093,0.4192,0.3673,0.3625,0.3838,0.4357,0.4735,0.4133,0.2929
8/16/2022,18.5904,0.3181,0.3965,0.3573,0.4007,0.5532,0.586,0.5924,0.5543,0.388,0.441,0.4293,0.3838,0.3742,0.3001,0.37,0.2948,0.3965,0.3086,0.3742,0.3435,0.2874,0.3668,0.3478,0.3531,0.3181,0.3562,0.3626,0.2895,0.4685,0.3467,0.2779,0.316,0.2863,0.3319,0.3202,0.3351,0.3626,0.3679,0.3911,0.889,0.441,0.4399,0.3446,0.406,0.3689,0.3509,0.3118,0.3901
8/15/2022,16.6257,0.3461,0.3004,0.3357,0.3806,0.5194,0.4625,0.3323,0.4203,0.3935,0.4065,0.5031,0.3927,0.3142,0.3176,0.3167,0.3444,0.3392,0.3676,0.3375,0.328,0.3547,0.3245,0.3883,0.2624,0.3185,0.3176,0.378,0.2745,0.4496,0.3055,0.2805,0.2434,0.259,0.2771,0.2753,0.284,0.2857,0.3745,0.3133,0.6385,0.3547,0.3211,0.3133,0.315,0.2883,0.3996,0.2753,0.2952
8/14/2022,17.5324,0.3821,0.3869,0.3497,0.5251,0.5499,0.3506,0.4555,0.3869,0.4479,0.3001,0.4669,0.3077,0.3335,0.3449,0.3707,0.3239,0.2839,0.3335,0.344,0.3058,0.2915,0.3402,0.3163,0.3192,0.2506,0.2887,0.3325,0.2753,0.3506,0.3182,0.283,0.2887,0.262,0.2553,0.2791,0.3106,0.2982,0.3697,0.4844,1.1892,0.3011,0.4193,0.261,0.344,0.385,0.4288,0.3583,0.3821
8/13/2022,14.9629,0.3303,0.2913,0.3533,0.4347,0.4661,0.3505,0.3846,0.3373,0.402,0.3797,0.2871,0.2892,0.2899,0.253,0.3011,0.3031,0.324,0.3393,0.2697,0.3178,0.3038,0.3143,0.3296,0.3491,0.2621,0.3087,0.3923,0.2398,0.402,0.26,0.2321,0.2412,0.2182,0.253,0.237,0.26,0.2934,0.2781,0.2702,0.4997,0.3073,0.3052,0.2836,0.2572,0.269,0.3442,0.2857,0.2621
8/12/2022,21.613,0.4321,0.3613,0.4076,0.7071,0.5519,0.6404,0.6676,0.6145,0.6458,0.5329,0.6431,0.5084,0.4471,0.443,0.3899,0.4662,0.3845,0.4975,0.4267,0.4117,0.33,0.3246,0.4961,0.3913,0.3137,0.3995,0.5301,0.3069,0.4253,0.4566,0.3709,0.3368,0.2905,0.3572,0.3259,0.3804,0.4648,0.3409,0.4023,0.9248,0.3423,0.5587,0.4267,0.3232,0.4376,0.3164,0.4866,0.3736
8/11/2022,17.9857,0.3874,0.3464,0.3594,0.5291,0.64,0.5651,0.4692,0.5651,0.5222,0.4952,0.5481,0.3614,0.3454,0.3444,0.3484,0.2845,0.3704,0.3155,0.3464,0.3115,0.3145,0.3504,0.2895,0.3214,0.2655,0.3354,0.2985,0.3095,0.3234,0.3664,0.2885,0.3334,0.3184,0.2675,0.3234,0.3224,0.3594,0.2765,0.3061,0.6154,0.3284,0.4333,0.3574,0.4103,0.3125,0.4363,0.3115,0.3554
8/10/2022,17.0791,0.2829,0.3818,0.3637,0.4318,0.5453,0.3837,0.3473,0.3728,0.4635,0.3718,0.4163,0.3492,0.2938,0.2711,0.3455,0.3619,0.3582,0.3955,0.2947,0.3709,0.3283,0.3519,0.3882,0.3573,0.3319,0.3664,0.3219,0.2865,0.3346,0.321,0.3065,0.2947,0.2493,0.2366,0.3056,0.3019,0.3827,0.2883,0.4239,0.9944,0.3001,0.3492,0.2584,0.2747,0.3728,0.2883,0.3156,0.3464
8/9/2022,20.4042,0.323,0.4433,0.4197,0.5041,0.4879,0.643,0.5475,0.5462,0.3763,0.5053,0.354,0.3416,0.4209,0.4358,0.411,0.3651,0.3552,0.4123,0.416,0.3478,0.4185,0.4098,0.3242,0.483,0.2882,0.3106,0.4991,0.3378,0.478,0.3577,0.3614,0.3502,0.2944,0.318,0.2758,0.3875,0.3515,0.4247,0.5234,1.3146,0.4904,0.4011,0.4532,0.3788,0.4433,0.344,0.4209,0.3081
8/8/2022,42.7724,0.9873,0.883,0.8273,1.029,1.4393,1.3489,1.5019,1.5541,1.0708,1.3316,1.0951,0.5526,0.5666,0.6778,0.8065,0.6952,0.6639,0.5978,0.8308,0.9803,0.8447,0.6396,0.6222,0.7508,0.5109,0.7404,0.7717,0.6152,1.2551,0.8447,0.4379,0.5561,0.5666,0.4692,0.577,0.7439,0.9491,0.7508,1.1089,3.1989,0.6257,0.8621,0.7439,0.7856,1.0256,0.7578,0.6778,0.9004
8/7/2022,87.8127,2.2657,2.3136,2.1141,2.8484,2.5531,2.4014,2.9681,2.6728,3,2.561,1.3878,2.154,1.316,1.7709,1.4836,1.3958,1.3958,1.6911,1.316,1.5953,1.4197,1.9864,1.2681,1.5315,1.4357,1.8268,2.7366,1.2122,1.5873,1.8427,0.7812,0.877,1.1962,0.877,1.0526,1.5235,1.9944,1.2362,1.669,5.0014,1.1484,2.4892,1.3878,1.9944,1.4277,2.0103,1.1404,1.9545
8/6/2022,47.7605,1.1845,1.1647,1.2243,1.6776,2.1388,1.2481,1.5384,1.0215,1.4907,1.3157,0.7352,1.2839,0.6319,0.7909,1.0414,0.8943,1.0573,1.1169,1.0812,0.8784,0.9738,0.6557,1.1328,1.0215,0.8426,0.7313,0.7472,0.7074,1.0573,0.8108,0.445,0.5762,0.5523,0.6001,0.775,0.8704,0.6001,0.608,1.0452,2.9938,0.7154,0.8505,0.8267,0.942,0.9778,0.6796,0.7989,0.7074
8/5/2022,24.1823,0.3867,0.5016,0.5016,0.6376,0.8803,0.5777,0.6958,0.5308,0.568,0.4741,0.5502,0.5939,0.4466,0.3673,0.3851,0.411,0.4806,0.5259,0.4029,0.5372,0.5049,0.356,0.4143,0.4499,0.4094,0.3965,0.6667,0.3689,0.6408,0.5065,0.2929,0.3722,0.3819,0.4191,0.4078,0.4547,0.4887,0.4822,0.5891,1.526,0.5389,0.4029,0.5114,0.4434,0.3948,0.479,0.4903,0.3382
8/4/2022,22.9736,0.5455,0.4167,0.4706,0.4976,0.5006,0.526,0.6922,0.7252,0.6922,0.547,0.5934,0.4781,0.3493,0.4736,0.4392,0.4841,0.52,0.4107,0.4497,0.5275,0.3988,0.517,0.3419,0.3284,0.4467,0.3209,0.6144,0.3793,0.5515,0.4736,0.2835,0.3329,0.2969,0.3044,0.3943,0.3973,0.4392,0.529,0.5483,1.3947,0.4542,0.565,0.3119,0.3643,0.4362,0.4826,0.3928,0.3344
8/3/2022,24.1824,0.4919,0.3835,0.3803,0.7298,0.5987,0.7735,0.5016,0.5114,0.6068,0.4434,0.7136,0.4272,0.4321,0.4418,0.4871,0.3981,0.5275,0.4272,0.4029,0.4223,0.3576,0.4207,0.4288,0.5033,0.3333,0.4968,0.5194,0.3754,0.4628,0.4418,0.3398,0.3123,0.3139,0.4191,0.3269,0.3884,0.4466,0.3981,0.8753,2.447,0.513,0.3641,0.4693,0.4563,0.4499,0.3738,0.513,0.335
8/2/2022,25.2404,0.4149,0.5787,0.4098,0.8597,0.7925,0.5718,0.7563,0.6753,0.6425,0.3925,0.6218,0.4339,0.4046,0.5184,0.5201,0.3856,0.4856,0.5718,0.5632,0.4098,0.3942,0.3598,0.5442,0.3511,0.4046,0.3925,0.5632,0.3408,0.6959,0.5029,0.277,0.3098,0.2994,0.3253,0.3856,0.408,0.4046,0.3598,0.8255,2.287,0.3615,0.5046,0.5339,0.4373,0.5787,0.5442,0.4356,0.4046
8/1/2022,32.6463,0.7138,0.5438,0.7015,0.8346,1.1106,0.7557,0.5857,0.6596,1.0367,0.9603,0.5388,0.5955,0.492,0.6152,0.6916,0.4624,0.7138,0.6571,0.6029,0.6842,0.4452,0.6202,0.6325,0.5807,0.5487,0.4255,0.6941,0.4402,0.805,0.5462,0.4821,0.349,0.3959,0.5265,0.3786,0.5684,0.5314,0.4255,1.1793,3.4253,0.5216,0.8863,0.4279,0.5117,0.6202,0.5832,0.6547,0.4846
7/31/2022,71.4892,1.3476,1.811,1.4301,2.1793,1.792,2.0269,1.6142,2.2364,1.8809,2.2364,2.1856,1.2523,0.9539,1.1444,1.1761,1.3349,1.1825,1.2841,1.1,1.1,1.0428,1.6015,0.9666,0.9095,1.2206,0.8904,1.5444,0.992,2.1412,1.4238,0.7254,0.9031,0.7317,0.7,0.827,0.992,1.2523,0.8714,2.6291,8.0911,1.5444,0.9412,1.0936,1.0301,1.4174,1.3666,1.1508,1.2206
7/30/2022,70.8849,0.9464,1.3615,1.1854,2.1475,3.116,2.6066,1.4244,2.6443,1.7828,1.1665,1.613,1.9337,1.242,1.2734,1.6382,1.0848,1.6067,1.2106,1.525,1.4935,1.0093,1.1728,0.9842,1.1037,1.3992,1.0722,0.8395,0.9276,1.9652,1.4747,1.1791,1.1917,0.9339,0.7389,0.9716,1.2294,1.003,1.4935,1.6173,4.8348,1.8771,0.7578,1.2672,1.6759,1.3426,1.8646,0.915,1.0408
7/29/2022,34.7623,0.6618,0.6939,0.5199,0.9936,0.8357,1.2157,1.2934,0.9107,0.734,0.8116,0.6109,0.8973,0.6992,0.4825,0.7742,0.6216,0.6404,0.6484,0.7688,0.7314,0.4744,0.7688,0.9187,0.8625,0.4156,0.7314,0.8705,0.4691,0.9776,0.5922,0.4129,0.4744,0.4744,0.4022,0.5949,0.5975,0.6537,0.8009,0.7072,1.9062,0.6457,0.4263,0.7233,0.6002,0.5788,0.7635,0.7902,0.5842
7/28/2022,22.9732,0.4452,0.5185,0.55,0.5934,0.9258,0.5829,0.7491,0.5215,0.3718,0.5111,0.6788,0.5066,0.4706,0.3613,0.4796,0.5185,0.3673,0.3553,0.4377,0.4302,0.4916,0.3374,0.5844,0.3883,0.4392,0.3718,0.4826,0.3598,0.6323,0.4751,0.3688,0.3928,0.3044,0.3628,0.2984,0.4137,0.4467,0.3748,0.4116,0.9549,0.559,0.556,0.3314,0.4017,0.4242,0.4661,0.523,0.4452
7/27/2022,25.5426,0.5386,0.5947,0.593,0.5666,1.0035,0.6035,0.814,0.8578,0.6175,0.6894,0.6631,0.4228,0.514,0.4842,0.3754,0.4351,0.421,0.4456,0.5544,0.521,0.4123,0.5596,0.3982,0.5701,0.4614,0.4456,0.4088,0.3912,0.6859,0.5333,0.3649,0.3298,0.3877,0.4386,0.3386,0.4263,0.5298,0.3702,0.5239,1.3163,0.3737,0.6017,0.5123,0.5684,0.5701,0.4017,0.4965,0.4105
7/26/2022,24.7869,0.5712,0.5511,0.4134,0.7744,0.5662,0.823,0.7727,0.6971,0.6988,0.541,0.813,0.6132,0.4403,0.3933,0.4621,0.5477,0.5242,0.4386,0.4504,0.4285,0.4353,0.4252,0.5998,0.5108,0.3396,0.3631,0.6803,0.4034,0.5561,0.5091,0.2909,0.3983,0.4336,0.3429,0.3564,0.4302,0.4604,0.5561,0.4552,1.0952,0.5175,0.4504,0.348,0.5024,0.4856,0.405,0.395,0.5209
7/25/2022,35.2157,0.6865,0.7981,0.6674,0.9668,0.8552,0.7763,1.0131,1.2771,0.8035,0.5531,0.9804,0.7817,0.4769,0.594,0.7436,0.5014,0.5368,0.8498,0.7627,0.7736,0.4851,0.4824,0.8797,0.466,0.5531,0.6157,0.9124,0.5205,1.0321,0.7028,0.4933,0.5858,0.4089,0.5477,0.5368,0.6103,0.515,0.7518,0.819,2.2659,0.6647,0.8443,0.7355,0.6756,0.5994,0.8471,0.7436,0.5232
7/24/2022,34.1576,0.7369,0.6454,0.8389,1.179,1.3542,1.145,0.8677,0.6663,0.648,0.5721,1.0534,0.8258,0.5224,0.6349,0.5407,0.7212,0.7369,0.682,0.6113,0.6166,0.6637,0.6584,0.7761,0.8415,0.627,0.6061,0.8572,0.491,0.9436,0.648,0.4544,0.4099,0.4989,0.4936,0.4622,0.5433,0.7526,0.7029,0.5716,1.4698,0.4858,0.886,0.6454,0.593,0.58,0.5329,0.6166,0.7474
7/23/2022,79.8021,1.4735,1.6027,1.6961,2.0766,2.7659,2.0622,3.1393,2.0551,2.6797,1.2652,1.6386,1.6458,1.2365,1.0068,1.6314,1.6601,1.4878,1.2652,1.6745,1.8468,1.7679,1.4017,2.0407,1.1216,1.4663,1.4088,2.3854,0.899,1.1791,1.2365,1.1863,1.2078,0.9062,1.1647,0.7483,1.3729,1.8397,1.1001,1.983,6.0117,1.6386,1.0139,1.854,1.3586,1.0786,1.4735,1.5237,1.5237
7/22/2022,73.3031,1.1723,1.6752,1.8384,2.7461,2.4719,1.7601,1.6817,1.7862,1.3029,1.1332,1.3225,1.6752,1.3748,1.1201,1.0156,1.4662,1.6556,1.3095,1.0809,1.3748,0.9568,0.8589,1.3944,1.8254,0.9372,1.4466,2.1845,0.8197,1.0287,1.4858,0.8458,0.9046,1.0417,0.996,0.7413,1.2376,1.1397,1.4988,2.3883,7.316,1.8384,1.9886,1.6295,1.0874,1.1201,1.0744,1.5054,1.0483
7/21/2022,35.6688,0.8003,0.8473,0.5789,0.9635,1.4422,1.1379,1.0521,1.1157,0.7311,0.6536,1.0106,0.8363,0.4987,0.6564,0.6868,0.6536,0.5845,0.6121,0.8335,0.7643,0.5734,0.6564,0.6841,0.6094,0.6619,0.4766,1.0299,0.4793,1.0631,0.7283,0.5236,0.4544,0.5983,0.507,0.4932,0.6011,0.8307,0.8252,0.637,1.6802,0.6592,0.6232,0.6868,0.626,0.7034,0.5402,0.7367,0.5208
7/20/2022,28.8677,0.4275,0.6675,0.7197,0.849,1.137,0.7426,1.0744,0.728,0.6174,0.5527,0.9388,0.4129,0.5339,0.4379,0.44,0.4379,0.5026,0.4213,0.6508,0.5047,0.5736,0.5256,0.4692,0.607,0.3837,0.6237,0.4442,0.392,0.6529,0.4985,0.4025,0.4359,0.4463,0.4901,0.4442,0.4818,0.3983,0.4985,0.6282,1.6521,0.6007,0.7614,0.6863,0.6696,0.5339,0.6633,0.5444,0.5632
7/19/2022,21.0086,0.4203,0.4477,0.3787,0.5387,0.769,0.5829,0.4516,0.475,0.5452,0.3488,0.5517,0.449,0.3111,0.3358,0.4268,0.3826,0.4125,0.3956,0.4177,0.4828,0.3475,0.3189,0.3592,0.328,0.3722,0.3748,0.5907,0.354,0.462,0.4359,0.3033,0.3345,0.3033,0.2889,0.2889,0.3982,0.3605,0.3241,0.612,1.5998,0.4359,0.3852,0.3241,0.4281,0.4359,0.3579,0.3618,0.3995
7/18/2022,24.938,0.5613,0.5139,0.6037,0.6138,0.9678,0.6901,0.8865,0.6968,0.5274,0.6494,0.6613,0.3953,0.3801,0.4123,0.3919,0.4021,0.4868,0.4478,0.5444,0.5241,0.5444,0.4275,0.5105,0.5546,0.3987,0.48,0.3852,0.4089,0.4394,0.4004,0.3615,0.3564,0.4224,0.3445,0.3276,0.4631,0.3953,0.5105,0.4397,1.0454,0.5698,0.5529,0.585,0.5444,0.5562,0.5867,0.519,0.4512
7/17/2022,53.0498,1.3335,1.2929,0.7163,1.5677,1.6849,1.1983,1.1848,1.2253,0.8649,1.5857,1.784,0.9145,1.0542,0.7118,1.2073,1.1352,1.1803,1.1893,1.1127,0.9641,0.8019,1.0857,1.0812,1.1443,0.6892,0.8019,0.7343,0.6487,1.1262,1.1217,0.4685,0.6577,0.5946,0.5045,0.8199,0.7839,1.0451,0.7478,1.3938,4.1158,1.2253,1.401,1.0632,0.8649,1.0181,1.3064,1.0451,0.8514
7/16/2022,25.3914,0.4884,0.4988,0.4084,0.598,0.7649,0.591,0.791,0.5023,0.7841,0.5823,0.6971,0.6223,0.4554,0.4258,0.5441,0.4519,0.5354,0.5771,0.4449,0.5023,0.4936,0.4345,0.4849,0.3962,0.5215,0.518,0.6154,0.4101,0.5684,0.4919,0.3649,0.4188,0.3615,0.3093,0.3719,0.4136,0.3649,0.3823,0.6157,1.6116,0.6067,0.4293,0.5354,0.4067,0.438,0.5997,0.4362,0.5249
7/15/2022,13.9051,0.2676,0.2665,0.2706,0.3113,0.3846,0.2877,0.3243,0.2978,0.3503,0.3497,0.2487,0.2399,0.2564,0.2346,0.2806,0.2411,0.2665,0.2913,0.2907,0.2901,0.296,0.2877,0.2558,0.2511,0.2606,0.2623,0.2541,0.2334,0.2948,0.2818,0.2464,0.2222,0.2192,0.257,0.2157,0.2446,0.2688,0.2753,0.4139,0.9623,0.2617,0.2972,0.2883,0.2257,0.2629,0.2919,0.273,0.2511
7/14/2022,50.4811,0.8931,0.8039,1.3434,1.5898,1.6408,1.6153,1.7512,1.5643,1.1692,1.4199,0.9101,1.3094,0.9143,1.063,0.8931,0.8676,1.1352,1.1522,0.9653,1.0545,1.029,1.0885,1.1437,0.8888,0.6,0.6255,1.0843,0.7062,1.114,0.7529,0.6467,0.7402,0.7869,0.5363,0.6807,0.7104,0.9483,1.1267,1.1536,3.3428,0.7487,1.2499,0.9781,0.5617,0.7954,0.7232,0.9738,0.6892
7/13/2022,31.4371,0.7128,0.8018,0.5135,0.9143,0.6635,0.7667,0.7503,1.0151,0.7549,0.8956,0.8885,0.701,0.5229,0.6003,0.4479,0.6213,0.4971,0.5487,0.5323,0.6096,0.5557,0.5463,0.4948,0.7667,0.3964,0.5674,0.6729,0.4503,0.9096,0.6565,0.3542,0.5042,0.4596,0.4057,0.3964,0.5112,0.469,0.6495,0.8123,2.2444,0.7995,0.6284,0.5065,0.5299,0.5088,0.6331,0.7151,0.5346
7/12/2022,25.6942,0.6179,0.6462,0.494,0.6586,0.6302,0.7346,0.4586,0.7046,0.6267,0.6249,0.4445,0.4869,0.4728,0.5489,0.4215,0.5471,0.5382,0.3985,0.5895,0.4816,0.379,0.4268,0.6002,0.448,0.3401,0.5223,0.7063,0.3525,0.4816,0.5259,0.4498,0.4303,0.3595,0.2994,0.3082,0.4392,0.4781,0.4392,0.7422,2.0187,0.4993,0.609,0.5754,0.471,0.4285,0.3613,0.5082,0.3684
7/11/2022,30.0771,0.4603,0.5552,0.6104,0.9901,0.8687,0.7672,0.787,0.6347,0.5376,0.7429,0.4868,0.7539,0.5133,0.4647,0.5155,0.4272,0.4669,0.6435,0.5928,0.6259,0.436,0.6965,0.6546,0.4206,0.3786,0.6192,0.8775,0.4647,0.8422,0.5486,0.5089,0.4095,0.3521,0.4338,0.4117,0.4912,0.4559,0.4559,1.0392,2.9744,0.4868,0.8113,0.4316,0.4272,0.4713,0.4581,0.5905,0.4846
7/10/2022,60.3053,1.4324,1.2965,1.3331,1.5371,2.8185,1.9346,1.6887,1.9921,1.945,1.3226,1.8875,1.5214,0.9879,1.3017,1.2651,0.9879,0.9879,0.8728,0.9774,1.2598,1.1448,0.742,1.49,1.3488,0.6531,0.8676,1.8823,0.8048,1.8823,1.2494,0.9669,0.7682,0.6374,0.9303,0.5851,1.0715,1.2441,1.1657,0.6366,1.6791,1.3488,1.2546,0.8937,1.4168,1.014,1.2651,1.1552,0.8571
7/9/2022,77.8372,1.7659,1.8078,1.3329,2.8694,2.604,1.5285,1.5425,2.0593,2.2758,2.5691,1.0885,0.9488,1.3679,1.0047,1.2072,1.5704,1.731,1.0746,1.4028,1.7101,1.731,1.2631,1.6053,1.6193,1.0815,1.4936,1.4168,0.9628,2.4154,1.319,0.8301,1.291,0.8371,0.7603,0.9279,1.4168,1.1304,1.0955,2.3654,7.2423,1.4656,1.4377,0.9838,0.9698,1.6402,1.5494,1.8218,1.7031
7/8/2022,30.5301,0.4911,0.7389,0.5452,1.0499,0.8133,0.9237,0.7209,0.9462,0.9597,0.5114,1.0408,0.6759,0.606,0.5339,0.6038,0.5136,0.4956,0.5632,0.6984,0.5226,0.5992,0.5812,0.6511,0.7074,0.4753,0.4348,0.7051,0.4551,0.7006,0.57,0.5339,0.5226,0.4505,0.3379,0.5091,0.5159,0.4776,0.6353,0.5165,1.2925,0.6285,0.5249,0.6804,0.7164,0.6804,0.615,0.5181,0.5407
7/7/2022,24.4845,0.5442,0.437,0.4057,0.8343,0.8326,0.5161,0.803,0.8491,0.6826,0.5161,0.7189,0.4403,0.498,0.4337,0.4189,0.376,0.4486,0.4716,0.4519,0.4123,0.5277,0.3727,0.5639,0.6118,0.3661,0.4881,0.47,0.3843,0.4914,0.503,0.3464,0.4337,0.3876,0.3562,0.409,0.3958,0.5623,0.4123,0.4977,1.2319,0.4073,0.4667,0.4024,0.4106,0.5409,0.4782,0.4617,0.4139
7/6/2022,22.3689,0.4052,0.4569,0.3276,0.648,0.7371,0.6667,0.5949,0.7558,0.4009,0.4009,0.5403,0.3262,0.3736,0.3779,0.3463,0.4756,0.4325,0.4296,0.4497,0.4785,0.4124,0.3693,0.5446,0.4742,0.3779,0.3491,0.4368,0.3391,0.5934,0.4282,0.3721,0.319,0.3391,0.306,0.3563,0.3836,0.5273,0.4871,0.4729,1.1522,0.4612,0.5388,0.5158,0.3721,0.4871,0.5374,0.3333,0.4584
7/5/2022,24.4845,0.5705,0.5524,0.3496,0.6793,0.8195,0.4766,0.8277,0.8541,0.4568,0.4865,0.4914,0.4172,0.4832,0.3694,0.5063,0.4337,0.5112,0.4733,0.47,0.4551,0.3727,0.3793,0.4601,0.5722,0.4683,0.3496,0.4156,0.404,0.5837,0.3958,0.3447,0.3991,0.3876,0.2887,0.3233,0.3975,0.5095,0.5194,0.765,2.0921,0.5392,0.3793,0.47,0.3562,0.4156,0.4288,0.4156,0.3678
7/4/2022,46.0978,1.1991,0.78,1.2296,1.0886,1.2563,1.6563,1.0963,1.7477,1.4353,1.4582,1.4925,0.8981,0.8448,0.7038,0.7839,0.841,0.9248,1.0924,0.9781,0.8829,1.0201,0.9515,1.1115,0.7229,0.8105,0.6353,0.8905,0.6924,0.7724,0.8677,0.5438,0.5476,0.4562,0.6772,0.5134,0.7077,0.9858,0.6467,0.7836,2.1519,1.0848,1.2563,0.681,1.0505,0.9743,0.5934,0.8981,0.681
7/3/2022,48.5163,1.2647,0.7947,1.0378,1.2647,1.4591,0.9365,1.7914,1.4146,1.3619,0.9243,1.7063,0.6326,0.8635,0.9365,0.9932,1.1269,0.6934,0.6772,0.9608,1.1593,1.0499,0.6772,1.2363,1.0378,0.9284,0.7339,1.4591,0.742,0.7298,0.8149,0.43,0.661,0.6529,0.5232,0.7501,0.6812,0.665,0.8514,1.1455,3.3165,1.2403,0.8797,1.0135,0.7217,1.0053,1.0904,0.7136,0.7663
7/2/2022,17.5324,0.405,0.3764,0.3535,0.4183,0.6204,0.5394,0.4584,0.3573,0.3659,0.4507,0.4164,0.3297,0.303,0.3144,0.2934,0.3392,0.3859,0.302,0.3888,0.3964,0.2934,0.3611,0.2801,0.3726,0.3068,0.323,0.4097,0.2725,0.2954,0.3573,0.2296,0.2715,0.2591,0.2744,0.2811,0.3287,0.3535,0.3373,0.4555,1.0961,0.3192,0.3716,0.3335,0.2715,0.3592,0.2763,0.343,0.2849
7/1/2022,27.81,0.4816,0.5906,0.658,0.7392,0.7154,0.7233,0.9908,0.7709,0.5609,0.6401,0.4282,0.5312,0.4836,0.4816,0.4876,0.3984,0.6421,0.6401,0.6124,0.6421,0.5668,0.5648,0.7055,0.4024,0.3648,0.4064,0.4242,0.4044,0.551,0.5589,0.2974,0.3667,0.341,0.4618,0.3648,0.5074,0.6342,0.5946,0.7819,2.1465,0.4262,0.652,0.656,0.4044,0.4856,0.446,0.4777,0.5985
6/30/2022,24.1822,0.4207,0.568,0.4563,0.5631,0.8237,0.835,0.6424,0.4644,0.5534,0.5502,0.7492,0.3463,0.39,0.4547,0.5308,0.377,0.3592,0.4547,0.445,0.5049,0.3625,0.4741,0.5987,0.4709,0.3236,0.4321,0.4466,0.3851,0.5486,0.4337,0.3107,0.3835,0.3981,0.4175,0.322,0.4304,0.377,0.3592,0.6915,1.8556,0.5178,0.4628,0.3997,0.4418,0.4321,0.5583,0.4013,0.458
6/29/2022,21.7641,0.5424,0.4915,0.3621,0.6828,0.625,0.6594,0.6057,0.731,0.6512,0.5397,0.6223,0.3428,0.3277,0.3428,0.464,0.3924,0.3869,0.4227,0.3759,0.475,0.3759,0.4103,0.5355,0.4103,0.3704,0.4667,0.4667,0.3566,0.5631,0.4199,0.3869,0.3456,0.3745,0.369,0.2878,0.38,0.4034,0.4488,0.3732,0.8314,0.3594,0.3938,0.391,0.3828,0.4736,0.347,0.4241,0.3731
6/28/2022,34.7621,0.7581,0.8438,0.6992,0.9802,0.7447,0.7849,0.9776,0.8652,0.6082,0.7956,0.9053,0.6885,0.6002,0.5895,0.6136,0.8036,0.6751,0.7849,0.7073,0.8063,0.5092,0.8009,0.726,0.8464,0.4744,0.6778,0.4798,0.5226,1.0793,0.6189,0.4664,0.3995,0.536,0.4664,0.5842,0.6002,0.5413,0.6564,0.909,2.5555,0.5868,0.7501,0.8304,0.5387,0.5012,0.6136,0.5253,0.734
6/27/2022,35.0644,0.708,0.7404,0.4752,1.0219,0.7486,0.7025,1.2141,1.2438,0.8406,1.0679,0.7567,0.5429,0.5591,0.6268,0.7513,0.5889,0.6619,0.6241,0.8,0.735,0.5347,0.7404,0.7296,0.4346,0.6349,0.6782,0.5347,0.4752,0.5131,0.7242,0.3507,0.578,0.5943,0.4914,0.5266,0.6484,0.6809,0.7594,0.9501,2.6878,0.7756,0.44,0.8243,0.6998,0.7242,0.6565,0.6836,0.5835
6/26/2022,61.9675,1.3647,1.5536,1.5536,1.7479,2.1851,1.4565,1.6562,1.2622,1.4187,1.3162,2.1904,1.6562,0.9978,1.1759,1.3593,1.354,0.9816,1.246,1.2892,1.0248,1.246,1.0517,1.4727,1.1219,1.2838,1.2568,1.0463,0.9438,1.7965,0.9924,0.7333,0.8467,1.0248,0.906,0.6955,0.8844,0.7873,1.0248,1.2836,3.7611,1.0895,1.613,0.7117,0.7333,1.4025,1.1759,1.2136,1.0787
6/25/2022,71.943,1.6885,1.4008,0.8956,2.7372,1.7269,1.5031,1.5223,2.686,0.9787,1.9699,1.0938,1.0747,0.9532,1.1961,1.1322,0.966,1.1002,1.1834,1.7141,1.5862,0.9532,0.9915,1.5478,1.3368,1.2345,1.4327,1.4072,0.8061,1.6054,1.3432,0.8317,1.0938,1.0043,0.8189,0.8381,0.9851,1.4327,1.2025,2.5209,7.7428,1.7013,1.5095,1.1706,1.5286,1.4711,1.5478,1.7013,1.0747
6/24/2022,76.4768,1.4061,1.5978,1.1459,2.7825,2.1114,2.1662,1.4198,2.3785,2.0429,1.9471,1.4883,1.454,1.2828,1.0089,0.9815,1.4266,1.4609,1.7279,1.7416,1.769,1.0226,0.9131,1.7622,0.9473,1.0637,1.4061,1.4746,0.8994,2.0087,1.5978,0.9747,1.276,0.6665,1.2555,0.7282,1.2555,1.8238,1.2555,2.3356,7.1463,1.5841,1.9402,1.1801,1.5567,1.2007,1.4198,1.3034,1.139
6/23/2022,29.7746,0.5064,0.5586,0.5216,0.6958,0.8722,1.0703,0.6,0.8199,0.7154,0.6805,0.5477,0.4889,0.4606,0.576,0.4911,0.5085,0.4454,0.4519,0.5216,0.478,0.4171,0.5673,0.6805,0.7372,0.4476,0.5586,0.6435,0.4454,0.4497,0.5107,0.502,0.4672,0.441,0.4432,0.3648,0.4476,0.711,0.5739,0.9777,2.7765,0.5651,0.796,0.3975,0.3801,0.6348,0.6065,0.6435,0.5782
6/22/2022,24.9385,0.5054,0.4817,0.5732,0.7476,0.5884,0.6274,0.4597,0.5173,0.7256,0.6477,0.4749,0.6359,0.4343,0.353,0.4682,0.4377,0.5173,0.5529,0.5173,0.414,0.5241,0.5461,0.4716,0.5867,0.4377,0.4411,0.5952,0.4004,0.746,0.4563,0.314,0.4394,0.2937,0.2971,0.4275,0.4512,0.5529,0.3733,0.6232,1.636,0.3581,0.624,0.4055,0.3835,0.5105,0.3581,0.5715,0.4343
6/21/2022,26.4493,0.4914,0.4323,0.4988,0.5947,0.8917,0.5135,0.6648,0.5855,0.8272,0.6537,0.77,0.532,0.4619,0.4914,0.4858,0.4895,0.4231,0.6261,0.4323,0.5135,0.5412,0.3991,0.5043,0.4139,0.5024,0.3659,0.6796,0.3862,0.7441,0.508,0.3401,0.4692,0.4213,0.3696,0.3309,0.4157,0.5227,0.4674,0.7427,2.0204,0.3788,0.4434,0.3622,0.46,0.5744,0.6187,0.5043,0.5836
6/20/2022,43.9815,0.6128,1.0374,0.8395,1.1202,1.1094,1.5772,1.2353,1.4944,0.7172,1.2281,1.3972,0.6308,0.8539,0.5733,0.9511,0.6956,1.0122,0.6596,0.9187,0.6884,0.6128,0.5301,1.1346,0.7892,0.674,0.8647,0.9007,0.6596,1.0914,0.6524,0.4761,0.7028,0.4509,0.4761,0.6128,0.7316,1.059,0.6128,1.1715,3.4004,1.0554,0.7856,0.8719,0.9367,0.6992,1.041,0.7496,0.8863
6/19/2022,30.5302,0.6668,0.5812,0.4776,1.0228,1.0611,0.7479,0.8381,1.0544,0.7592,0.6488,0.6466,0.5474,0.4911,0.5745,0.5317,0.5091,0.6353,0.7051,0.5722,0.5947,0.6736,0.4934,0.5452,0.4573,0.5992,0.5767,0.6961,0.4325,0.6421,0.5925,0.3356,0.3492,0.3627,0.4438,0.4821,0.4798,0.5767,0.5429,0.8397,2.3325,0.7547,0.4415,0.392,0.5767,0.5812,0.4303,0.6376,0.597
6/18/2022,80.4062,1.5714,1.4265,0.9993,2.7081,2.853,3.186,2.3678,2.2809,1.8899,2.1289,1.7451,1.26,1.231,1.4193,1.5931,1.0428,1.5569,1.4627,1.861,1.3179,1.1152,1.3976,2.1216,1.9261,1.622,1.3541,1.3903,0.9776,1.5786,1.5786,0.84,1.1152,1.1514,1.2817,0.7966,1.3614,1.5786,1.2021,2.0206,6.1327,1.5424,2.1361,1.6944,1.4555,1.3252,1.9044,1.0066,0.898
6/17/2022,73.9079,1.0103,1.4123,1.1289,1.8012,2.335,2.7898,2.1044,1.7353,1.8737,1.1816,2.1505,0.9905,0.9971,1.096,1.643,1.2146,1.498,1.0432,1.3464,1.7287,1.1289,0.8455,1.5771,1.3332,1.1026,1.1816,1.4255,0.9246,1.5837,1.0894,0.8917,0.8257,0.7335,1.0103,1.0894,1.0037,0.9576,0.8851,2.8776,8.8907,1.2476,1.498,0.8455,1.5244,1.6562,1.8605,1.6562,1.1816
6/16/2022,30.9835,0.6011,0.5022,0.5413,0.8608,0.7275,0.693,0.7482,1.0171,0.5068,0.4609,0.9458,0.4218,0.4195,0.4838,0.4448,0.624,0.5712,0.6194,0.5436,0.7045,0.5137,0.5091,0.6355,0.6585,0.4815,0.5574,0.7734,0.4448,0.5758,0.4746,0.4678,0.5298,0.3643,0.5022,0.4884,0.5689,0.6401,0.716,1.0118,2.8863,0.7596,0.5781,0.6516,0.5528,0.7298,0.4838,0.4953,0.4953
6/15/2022,29.1699,0.5752,0.5752,0.7129,0.8462,1.2167,1.0495,0.8145,0.8949,0.5964,0.5964,0.969,0.4842,0.5795,0.5668,0.5244,0.6303,0.4398,0.6218,0.4694,0.5583,0.5583,0.5477,0.4736,0.7002,0.5012,0.4165,0.8653,0.4376,0.7573,0.5435,0.4482,0.3699,0.3911,0.4863,0.4652,0.5223,0.6049,0.4927,0.4778,1.168,0.463,0.7806,0.6472,0.4313,0.5181,0.4334,0.4525,0.4948
6/14/2022,30.8327,0.669,0.7283,0.5366,0.8494,1.3425,0.6005,0.6233,0.806,0.5366,0.7192,0.8745,0.8037,0.5982,0.5571,0.6576,0.685,0.6895,0.653,0.5023,0.7078,0.621,0.6918,0.7763,0.5548,0.637,0.4315,0.7169,0.4772,0.8357,0.5069,0.3767,0.3722,0.411,0.5069,0.4247,0.4612,0.4772,0.6781,0.6668,1.7762,0.4315,0.6462,0.6873,0.4224,0.5959,0.5229,0.484,0.5023
6/13/2022,24.1824,0.5761,0.4223,0.4952,0.8123,0.5696,0.7395,0.6958,0.814,0.4337,0.4741,0.4758,0.5923,0.4159,0.4385,0.4321,0.3754,0.424,0.5421,0.5146,0.5114,0.4207,0.5097,0.4418,0.5939,0.3139,0.3382,0.4725,0.3932,0.6408,0.5081,0.2929,0.3042,0.3155,0.3026,0.4094,0.4353,0.4725,0.4466,0.5043,1.2531,0.5,0.6036,0.3997,0.5389,0.466,0.5648,0.5421,0.4434
6/12/2022,69.2218,1.5258,1.3238,1.2319,2.689,2.5421,2.6645,1.4278,2.389,1.1952,1.3054,2.4135,1.2258,1.2319,1.0666,1.4462,1.3176,0.9748,0.9564,1.2993,1.5748,1.1768,1.3238,1.6666,0.9809,0.8707,1.1891,1.1523,0.785,1.3727,1.2013,0.5769,1.0728,0.8095,0.7054,0.7054,1.1707,1.3421,1.0605,2.0361,6.1827,1.0115,0.9258,1.636,1.4278,1.1156,1.0728,1.2748,1.5748
6/11/2022,88.7197,1.2322,2.2573,2.112,3.347,3.7829,3.5084,2.2654,2.2654,3.0645,1.8941,2.1604,1.6761,1.5066,1.6519,1.6277,1.6277,1.1595,1.1918,1.3613,1.6035,1.6277,0.9577,1.7649,1.7246,1.8214,1.0869,1.7811,1.0627,1.7084,1.7811,1.1353,1.2483,1.0949,0.8609,0.8528,1.4501,1.5228,1.4097,2.1856,6.6637,1.3371,1.8698,1.442,1.5712,1.8053,2.3703,1.3371,1.9506
6/10/2022,31.5885,0.5111,0.6148,0.6243,1.03,0.7682,0.8602,0.8012,0.8932,1.0229,0.5677,0.7469,0.5323,0.6243,0.445,0.6644,0.6266,0.6738,0.6031,0.695,0.6715,0.4544,0.6101,0.4898,0.8036,0.4238,0.6125,0.879,0.4828,0.7092,0.6384,0.4828,0.504,0.478,0.4143,0.3908,0.4851,0.5818,0.471,0.7885,2.1678,0.445,0.7351,0.5606,0.6597,0.4828,0.721,0.5441,0.596
6/9/2022,28.868,0.6216,0.4692,0.6529,0.8616,0.7343,0.6571,0.6988,0.7301,0.7134,0.847,0.4985,0.5778,0.4379,0.6174,0.4922,0.6425,0.44,0.6508,0.5402,0.5193,0.5945,0.5882,0.5798,0.6007,0.3837,0.4379,0.7113,0.3879,0.6529,0.4839,0.4442,0.4546,0.344,0.4004,0.4213,0.5214,0.6383,0.3858,0.8068,2.2268,0.4442,0.39,0.6425,0.6738,0.5736,0.7322,0.5527,0.392
6/8/2022,26.7518,0.5792,0.508,0.658,0.8511,1.0461,0.6992,0.9392,0.7817,0.6692,0.7255,0.7348,0.4029,0.4236,0.4817,0.5342,0.5473,0.4123,0.5342,0.5023,0.5811,0.4817,0.4911,0.6486,0.3954,0.4667,0.4967,0.6017,0.3636,0.6767,0.5398,0.3936,0.4217,0.3336,0.4179,0.3561,0.4479,0.4892,0.6036,0.5348,1.3512,0.4161,0.6373,0.3598,0.4048,0.4067,0.4517,0.4292,0.523
6/7/2022,48.3648,0.865,1.0305,1.2807,1.1879,1.5471,1.2646,1.1314,1.6763,1.4583,0.9457,1.3453,0.8811,0.9497,0.9861,1.0951,0.7681,1.0829,0.9417,0.7479,0.7842,0.8892,0.8165,1.1637,1.2242,0.5905,0.76,0.9175,0.7197,0.974,0.7641,0.5824,0.643,0.7479,0.5501,0.6995,0.8892,0.7479,0.7156,1.1542,3.3448,1.0951,1.2606,0.6753,1.0668,0.978,0.752,0.978,0.6954
6/6/2022,29.7746,0.5978,0.5847,0.6849,0.7633,0.7611,0.9614,1.0159,0.698,0.7328,0.6261,0.9397,0.7328,0.5347,0.6348,0.4584,0.6479,0.6479,0.5869,0.6544,0.6435,0.4432,0.3975,0.7372,0.4737,0.6022,0.4388,0.5412,0.4454,0.8199,0.4628,0.4737,0.5129,0.3997,0.4628,0.5129,0.539,0.4236,0.5368,0.5316,1.3412,0.6631,0.6718,0.6566,0.4693,0.6392,0.5434,0.5913,0.5368
6/5/2022,14.3585,0.2945,0.2932,0.2487,0.4172,0.367,0.3841,0.3244,0.3123,0.2779,0.3835,0.2805,0.2671,0.2385,0.2818,0.2487,0.3129,0.2684,0.2474,0.2563,0.2659,0.2404,0.2741,0.2786,0.318,0.2576,0.2646,0.2983,0.2481,0.3682,0.2709,0.2137,0.2264,0.262,0.2322,0.2436,0.2595,0.3053,0.2773,0.37,0.8211,0.3021,0.2735,0.3034,0.2582,0.3212,0.3326,0.2697,0.2976
6/4/2022,17.5323,0.3335,0.3897,0.2772,0.4069,0.5546,0.5432,0.3964,0.3916,0.3049,0.3907,0.5251,0.303,0.2973,0.3545,0.3811,0.3278,0.3297,0.3926,0.3506,0.3993,0.2849,0.344,0.323,0.2906,0.261,0.3087,0.3516,0.2934,0.4736,0.3392,0.3125,0.2801,0.2849,0.3058,0.2744,0.3182,0.363,0.364,0.4168,0.9717,0.3916,0.3402,0.3011,0.3506,0.3945,0.2896,0.3668,0.2868
6/3/2022,29.3214,0.7381,0.4652,0.7487,0.7125,1.0536,0.8831,0.8959,0.9769,0.4353,0.4758,0.5419,0.5014,0.4566,0.5313,0.6464,0.672,0.6336,0.4929,0.5355,0.5142,0.6187,0.5718,0.672,0.5249,0.608,0.5547,0.6379,0.4012,0.834,0.5249,0.478,0.4673,0.3863,0.4396,0.3372,0.5355,0.6549,0.6229,0.704,1.8958,0.5227,0.4801,0.4545,0.5696,0.4844,0.5249,0.5099,0.3948
6/2/2022,26.2983,0.5052,0.4832,0.4905,0.8565,0.6589,0.8492,0.9279,0.7248,0.5326,0.7852,0.4649,0.4338,0.4302,0.41,0.54,0.5747,0.443,0.582,0.496,0.4924,0.4613,0.5436,0.5601,0.4137,0.5198,0.3734,0.7211,0.4302,0.6717,0.4174,0.4265,0.3478,0.4558,0.4192,0.4192,0.4485,0.5454,0.5729,0.4703,1.1439,0.5509,0.5711,0.4228,0.5857,0.3972,0.5619,0.5784,0.5875
6/1/2022,30.9838,0.4861,0.7941,0.7459,0.9734,1.2285,0.9366,0.824,0.9067,0.801,0.5114,0.8861,0.4632,0.5045,0.4632,0.4563,0.6034,0.6953,0.6011,0.4976,0.6171,0.608,0.6815,0.6861,0.5068,0.4586,0.6401,0.7206,0.4103,0.716,0.5436,0.4999,0.362,0.4034,0.4034,0.3804,0.5275,0.4655,0.6769,0.7165,1.9359,0.7367,0.5597,0.6516,0.5045,0.585,0.5827,0.5275,0.4976
5/31/2022,20.857,0.4315,0.4932,0.3865,0.582,0.4675,0.4752,0.4071,0.4817,0.5717,0.4585,0.4264,0.3762,0.402,0.3634,0.4058,0.3428,0.4662,0.3312,0.3492,0.4482,0.3505,0.3068,0.3338,0.3351,0.4135,0.3595,0.3788,0.3364,0.3338,0.4367,0.3762,0.2605,0.3685,0.3068,0.2965,0.3621,0.3184,0.465,0.6998,1.8823,0.5177,0.3428,0.3762,0.3827,0.3814,0.4457,0.3981,0.4251
5/30/2022,51.3879,1.0214,0.7481,0.7828,1.1602,1.4553,1.1646,1.8154,1.8978,1.6462,1.221,1.7113,1.2036,0.7914,0.8609,1.0344,0.991,1.1169,0.8131,1.1082,1.1776,0.926,0.683,0.8739,1.0301,1.0518,0.7437,1.4032,0.7611,1.5551,0.9607,0.5615,0.5658,0.7264,0.8045,0.6049,0.7524,0.9129,1.1776,0.8497,2.3646,1.1386,1.0908,0.8652,1.1689,0.9867,1.2687,0.6743,1.1646
5/29/2022,43.3772,1.0617,0.715,0.6761,1.6065,1.511,1.0369,1.4119,1.2563,0.9803,0.715,0.9344,0.6903,0.8035,0.6549,0.7539,0.9697,0.8707,1.0122,0.853,0.8247,0.853,0.7539,1.0334,0.8035,0.7822,0.7539,1.274,0.577,0.8494,0.7186,0.6973,0.4391,0.6549,0.7079,0.6832,0.6195,0.6053,0.7999,0.9207,2.5931,0.7716,1.0193,0.5311,0.7645,0.998,0.9839,0.9025,0.9485
5/28/2022,30.5305,0.6556,0.7547,0.6421,1.0656,0.7164,0.5925,1.0949,0.7592,0.4843,0.9057,0.5542,0.6038,0.588,0.5407,0.5632,0.4393,0.6308,0.5609,0.5474,0.5767,0.6533,0.6736,0.7434,0.4213,0.383,0.5046,0.757,0.4303,0.8561,0.5204,0.3875,0.3672,0.4686,0.3356,0.3739,0.5564,0.6173,0.5609,0.7323,1.987,0.7367,0.8246,0.588,0.5812,0.5452,0.5136,0.6421,0.4934
5/27/2022,86.9056,1.9105,1.6501,1.0346,2.9836,3.5833,1.8789,3.102,1.9973,2.9126,2.4944,1.437,2.0762,1.153,1.6738,1.8316,1.9894,1.7211,2.0525,1.6264,1.5396,1.7921,1.4607,1.4528,1.4292,1.0899,1.2003,1.2635,0.9794,1.9578,1.7132,0.7979,0.861,1.0425,0.7663,1.1372,1.2319,1.6422,1.4528,2.621,8.0648,1.3897,2.092,0.9557,1.4923,1.8552,1.7448,1.1609,1.6106
5/26/2022,81.6156,1.1973,1.8819,2.1101,1.7936,2.4561,2.5445,2.25,2.8168,1.7862,2.1469,1.5948,2.2426,1.0869,1.4549,1.5212,1.131,1.7568,1.0427,1.904,1.8157,1.7715,1.2267,2.1543,1.0721,1.4918,1.5875,0.9249,1.1973,2.6254,1.5727,0.7924,0.9028,1.1089,1.028,1.1089,1.3445,1.1089,1.8304,2.0027,6.075,1.3077,1.7715,0.9912,1.6758,1.7936,2.0512,1.3666,1.1973
5/25/2022,25.2405,0.427,0.4218,0.3736,0.5477,0.8253,0.8339,0.5701,0.8166,0.5322,0.758,0.5391,0.446,0.4632,0.3891,0.3804,0.3925,0.527,0.5149,0.5511,0.5287,0.377,0.4304,0.6442,0.3391,0.4115,0.4235,0.3942,0.3701,0.446,0.5201,0.3908,0.3494,0.4339,0.3391,0.3477,0.4598,0.5666,0.4649,0.678,1.8121,0.4667,0.6356,0.4804,0.4977,0.5115,0.5994,0.5356,0.477
5/24/2022,27.3566,0.5325,0.6583,0.5383,0.8403,0.6932,0.6603,0.6719,0.6583,0.8616,0.6661,0.8248,0.457,0.4764,0.397,0.577,0.4299,0.6061,0.4086,0.5693,0.5151,0.5131,0.6061,0.6428,0.5596,0.4009,0.3718,0.6099,0.4067,0.5248,0.4609,0.3273,0.4783,0.426,0.3757,0.4377,0.4919,0.3989,0.4977,0.7201,1.9476,0.5925,0.6544,0.517,0.5925,0.4377,0.4164,0.4551,0.4512
5/23/2022,31.2861,0.6627,0.5579,0.5649,0.9281,1.0609,0.7744,1.0958,1.0119,0.6999,0.7605,0.842,0.7348,0.4484,0.481,0.5392,0.5392,0.4903,0.4694,0.4903,0.6743,0.6138,0.6091,0.502,0.5695,0.6231,0.4554,0.7116,0.4182,0.9374,0.6184,0.4601,0.5113,0.474,0.3762,0.502,0.4764,0.7162,0.5253,0.7932,2.1831,0.4438,0.4345,0.5486,0.6813,0.679,0.495,0.5392,0.5625
5/22/2022,51.6901,1.1016,1.1934,1.2152,1.8313,1.6783,1.9099,1.9317,1.5429,1.6478,1.2283,1.5822,1.2502,0.774,0.9094,0.9225,0.6997,0.8788,0.7434,0.8832,0.8133,0.6997,1.1715,1.1672,1.2371,0.6385,0.6997,1.3856,0.7871,0.9531,0.9007,0.8308,0.6778,0.4769,0.6167,0.621,0.9094,0.857,1.1672,1.0015,2.8532,1.1453,1.1715,1.141,0.7215,0.9443,0.8439,0.6909,0.6429
5/21/2022,87.5103,1.892,1.9238,1.081,3.1722,3.7367,3.1324,3.2278,2.7985,1.0651,1.6058,2.5599,2.2975,1.5899,1.1923,1.3911,1.3355,1.248,1.5819,1.3196,2.1147,1.256,1.9636,1.248,2.0431,1.7728,1.7966,1.7887,1.1526,2.7269,1.741,0.6755,1.0095,1.2401,1.4229,1.0015,1.415,2.0034,1.089,1.7331,5.2075,1.1923,1.7171,1.6774,1.9954,1.3673,1.4627,1.8364,1.7092
5/20/2022,54.1084,0.7661,0.9321,0.8168,1.5776,1.5361,2.0479,1.6329,1.9557,1.3332,1.1903,1.679,0.8398,1.075,1.0934,1.2225,1.1903,0.8168,0.8813,1.1672,0.9136,0.9505,0.7569,1.1857,0.6554,0.6324,0.9736,0.8398,0.637,1.7113,1.1165,0.5863,0.6739,0.6001,0.8767,0.7799,0.8398,1.1211,1.0473,1.3319,3.9165,0.7615,1.1396,1.0058,1.2456,1.1442,0.9828,0.9044,1.0243
5/19/2022,86.6037,2.1946,2.0689,1.7938,2.7213,2.2654,3.185,2.8392,3.1064,1.5265,1.9903,1.8566,1.668,1.3614,1.2986,1.6287,1.7387,1.102,1.8173,2.0453,1.8724,1.1571,0.9763,1.3221,1.2671,1.7073,1.5422,1.951,1.1335,1.275,1.5265,1.1807,0.7641,1.22,0.7719,1.4086,1.33,2.0296,1.4165,2.3041,7.0451,1.3064,2.1553,1.6051,1.4322,2.0453,2.1475,1.4951,1.0077
5/18/2022,42.6215,0.8072,0.9837,1.0772,1.0357,1.1326,0.9387,1.5238,0.8141,1.1915,1.1465,1.0426,1.0391,0.8764,0.5752,0.7518,0.8868,0.686,0.6652,0.6618,0.8937,0.8556,0.5787,0.7587,0.6167,0.866,0.7864,0.7899,0.5717,0.9041,0.8799,0.4263,0.6929,0.4886,0.5579,0.5614,0.7206,0.544,0.9214,1.4611,4.3321,1.0634,0.7102,0.5371,0.5267,0.9595,0.5475,0.6964,0.5371
5/17/2022,30.3793,0.4912,0.6075,0.7888,0.8918,1.3035,0.9298,0.838,0.7843,0.4106,0.6456,0.6545,0.7955,0.5829,0.6187,0.5426,0.4397,0.5113,0.6635,0.6165,0.668,0.6545,0.4845,0.6724,0.621,0.4285,0.6366,0.4375,0.4554,0.6993,0.5628,0.5314,0.4598,0.339,0.3994,0.3726,0.4867,0.5382,0.6098,0.6574,1.746,0.5628,0.6501,0.6971,0.5225,0.7082,0.7754,0.4912,0.3949
5/16/2022,42.9239,0.6312,0.6696,0.6102,1.2842,1.7662,1.5427,1.4868,1.4449,1.3646,1.2668,0.7394,0.687,0.5508,0.7813,0.6346,0.9804,0.5927,0.8896,1.0118,0.914,0.7918,0.7394,0.9804,0.8058,0.4845,0.914,1.2179,0.5508,0.6277,0.6766,0.68,0.4391,0.5823,0.6381,0.6207,0.68,0.6242,0.8791,0.8944,2.5087,0.8128,1.0852,0.6277,1.0223,0.8197,1.0572,0.6451,0.6696
5/15/2022,72.3963,1.2356,1.6413,1.7186,1.9891,2.0277,2.5944,1.6091,2.6202,1.6607,1.841,1.519,1.841,1.1262,1.4288,1.5512,1.6671,1.3,1.6285,1.3129,1.5705,1.0618,1.1906,1.094,1.9054,1.1326,1.3194,1.5834,1.0231,1.1197,1.2936,0.611,0.6432,0.7527,0.6561,0.6818,1.1197,1.1262,1.7186,2.0338,6.1752,1.3065,1.2034,1.6156,0.9974,1.2614,1.5061,1.0553,1.3258
5/14/2022,94.0094,2.3341,1.9041,1.5686,2.9706,3.2974,2.2223,3.8651,1.7664,1.5514,3.0222,2.7986,1.9041,1.861,1.9643,1.1816,1.345,2.0331,1.388,1.9471,1.8438,1.5858,1.517,1.6546,1.4482,1.3708,1.9815,2.2395,1.1644,2.6781,1.8352,0.7257,1.0354,1.3966,1.001,1.1386,1.2934,2.0675,1.2934,2.6176,8.054,1.2848,1.7664,1.7406,1.4396,2.1793,1.56,1.6804,1.4912
5/13/2022,48.8186,1.2279,1.2851,0.979,1.2279,1.7423,1.8525,1.183,1.2606,1.1586,1.5586,1.0116,1.2769,0.7953,0.9259,0.9381,0.9218,1.1137,1.1137,1.0688,0.8075,0.6891,0.9136,1.0892,0.6157,0.5381,0.8116,1.1055,0.6075,1.5545,0.8361,0.583,0.8402,0.6361,0.6728,0.8198,0.7136,1.0565,0.7504,0.8692,2.4275,0.9953,1.183,0.7667,0.6932,1.1912,0.6647,0.9994,0.7463
5/12/2022,45.3423,1.0591,0.8239,0.8314,1.0143,1.7014,1.4102,0.9509,1.6865,0.9284,1.2384,1.1376,1.0069,0.8314,0.8202,0.8575,0.7903,0.9807,1.0031,0.8948,0.8164,0.8612,0.8463,0.7828,0.9807,0.6334,0.6745,0.9733,0.626,1.2907,0.6745,0.5438,0.5252,0.7007,0.6036,0.7081,0.6671,0.6148,0.6745,1.2609,3.6879,1.033,0.5998,0.5812,0.9471,1.0293,0.6596,0.8052,0.5737
5/11/2022,41.1102,0.607,0.9348,1.0209,1.0242,1.4215,0.8256,1.2229,1.4348,0.8984,0.7295,0.9547,0.7991,0.5408,0.7593,0.6468,0.9547,0.6997,0.7196,0.905,0.9381,0.617,0.6865,0.8355,0.5574,0.7064,0.7362,0.8256,0.5441,1.1533,0.7097,0.6898,0.6302,0.5507,0.4547,0.5143,0.7163,0.9679,0.6335,1.1463,3.3192,0.7329,0.7064,0.8388,0.7163,0.607,1.064,0.7031,0.7097
5/10/2022,44.133,0.6111,0.976,1.0483,1.0555,1.9625,1.0122,0.8676,1.4819,0.7231,1.0881,0.8387,0.9941,0.7376,0.7629,0.8676,0.8424,0.9399,1.0013,0.6689,0.8966,0.8207,0.5677,0.6256,0.7448,0.7195,0.9074,0.8966,0.6689,1.135,0.7267,0.5388,0.5099,0.5461,0.528,0.6508,0.8098,0.7809,0.7918,1.2957,3.8,0.8966,1.1712,0.9869,0.6906,0.6942,0.8713,0.6328,0.7484
5/9/2022,73.9074,1.4123,1.1882,1.9132,2.658,3.4159,2.4273,1.4387,1.6035,1.1816,1.5771,1.7946,1.5375,1.1487,1.0366,1.0432,1.1487,1.498,1.2212,1.4782,1.61,1.353,1.1882,1.1948,1.2739,1.498,1.6232,1.9198,0.8982,1.676,1.0696,0.9905,1.208,0.7005,1.0498,0.9048,1.2739,1.6628,1.3135,1.676,5.024,1.1751,1.7353,1.6957,1.7221,1.676,1.7023,1.2739,1.096
5/8/2022,98.09,1.536,2.3649,2.2928,3.0315,4.4099,3.6171,2.3378,1.8333,2.0766,2.6261,2.536,2.5721,1.7523,1.2117,1.2117,2.0315,2.3108,2.2477,1.8874,1.7523,1.8874,1.1036,2.4009,2.5,1.2748,1.464,2.5901,1.0766,2.6441,1.7072,1.5991,1.0045,0.8964,1.1036,1.1126,1.3378,1.1937,1.464,2.672,8.2289,1.3829,1.2117,2.3829,1.1757,1.4459,2.1396,1.3829,2.0676
5/7/2022,48.2139,1.0795,0.7659,1.0152,1.8275,1.172,1.4656,1.6023,1.349,1.3087,1.1921,1.5621,0.8101,0.9468,0.9066,0.9307,1.1036,1.1278,1.0594,0.8262,0.8744,0.9951,0.597,1.1197,1.1238,0.9347,0.7739,0.7498,0.7096,1.5098,0.9991,0.5085,0.5286,0.6291,0.613,0.8061,0.7377,1.0031,1.0031,0.5137,1.2834,1.2323,1.1841,0.9428,0.786,1.0795,1.2323,0.7699,0.9227
5/6/2022,44.2843,0.6347,0.9069,1.1318,1.1463,1.2008,1.491,1.3822,1.6906,0.6057,1.364,0.9069,1.1536,0.6166,0.7508,1.0048,0.7037,0.5984,1.0484,0.9758,0.7037,0.7654,0.8597,1.1681,0.7073,0.8561,0.5622,1.0883,0.544,1.0774,0.7545,0.5295,0.6021,0.4896,0.4787,0.5658,0.7944,0.613,0.7109,1.1714,3.3999,1.15,0.8742,0.5585,0.896,0.6783,0.7908,0.7472,0.8343
5/5/2022,43.6792,0.6483,0.7839,1.0158,1.6224,1.4797,0.9373,1.0908,1.1229,0.841,1.0908,0.8945,0.5805,0.7304,0.8267,0.7161,0.7589,0.7911,0.8267,0.8624,0.684,0.7375,0.7518,0.7197,1.0979,0.6912,0.9373,1.3191,0.6769,1.337,0.8588,0.5449,0.4307,0.7161,0.7019,0.7447,0.6198,0.7875,0.8481,1.1656,3.3814,0.7482,1.1479,0.6091,0.7625,0.6127,0.6412,0.9409,0.8446
5/4/2022,56.8287,0.8503,1.2702,1.0212,1.861,1.7097,1.3093,1.822,1.2555,1.7829,1.1725,2.0173,1.2311,0.9723,1.1921,1.0553,1.2214,1.2116,0.7966,0.8942,1.1237,0.9479,1.0163,1.1481,1.402,0.5964,0.7428,1.1774,0.8454,0.9723,1.1872,0.694,0.7819,0.6452,0.7868,0.86,0.8161,1.1042,0.8259,1.4643,4.3427,1.1384,1.5681,0.7721,0.8649,1.0065,1.3532,1.3288,0.6696
5/3/2022,37.3314,0.7621,0.9117,0.8589,1.3223,1.1053,1.2255,0.9498,1.1053,0.768,1.1317,0.6272,0.5714,0.5597,0.501,0.6418,0.5392,0.7064,0.7504,0.8208,0.853,0.7064,0.5421,0.7357,0.8912,0.4893,0.5802,0.545,0.5773,1.0935,0.7445,0.6418,0.5245,0.4688,0.4776,0.4746,0.6594,0.7826,0.5216,0.8259,2.2881,0.6858,0.9088,0.7885,0.8765,0.7269,0.8237,0.5538,0.6858
5/2/2022,39.4474,0.8145,0.6478,1.022,1.0346,1.5126,1.3994,0.739,1.478,1.0818,1.1856,0.5723,0.6069,0.5912,0.695,0.6447,0.6289,0.8365,0.7076,0.8554,0.6006,0.5598,0.5975,0.5755,0.4843,0.6447,0.4874,0.6006,0.5975,1.2233,0.8208,0.4057,0.4245,0.5944,0.4811,0.5377,0.7296,0.9497,0.6384,1.2589,3.6815,0.8648,0.5126,0.6101,0.7044,0.6164,0.6887,0.7201,0.783
5/1/2022,33.7045,0.5574,0.5651,0.5008,1.0843,1.0535,1.0483,0.9121,0.8838,0.5034,0.9147,1.0715,0.8633,0.5265,0.6396,0.5342,0.6396,0.7784,0.7656,0.5754,0.7656,0.47,0.488,0.6139,0.4751,0.416,0.5419,0.5471,0.4983,0.6936,0.5805,0.4803,0.506,0.4211,0.5445,0.3723,0.4983,0.6859,0.6602,0.837,2.3238,0.7553,0.7887,0.799,0.7347,0.7347,0.799,0.6808,0.5754
4/30/2022,33.7045,0.5779,0.5677,0.8581,0.8761,0.9866,1.0252,1.0612,0.6653,0.9609,0.6448,0.9686,0.4623,0.6525,0.5805,0.6602,0.7553,0.6962,0.6885,0.524,0.6499,0.6114,0.745,0.709,0.4854,0.5754,0.4597,0.6062,0.4366,0.6088,0.6653,0.5265,0.4417,0.4725,0.5188,0.5394,0.4983,0.7347,0.5831,0.8364,2.3219,0.7887,0.8581,0.6114,0.7013,0.6576,0.5265,0.7836,0.5394
4/29/2022,32.7976,0.7668,0.5213,0.5585,0.7916,1.2354,0.8511,1.2404,1.1189,0.7395,0.7444,1.0668,0.5733,0.5089,0.5287,0.5312,0.4593,0.7147,0.737,0.5436,0.6651,0.6453,0.6924,0.8387,0.6825,0.5709,0.6477,0.4221,0.4295,0.7767,0.6874,0.3849,0.3576,0.5312,0.5361,0.5138,0.6006,0.4394,0.5485,0.7122,1.9223,0.7469,0.6973,0.68,0.4345,0.5436,0.6205,0.6428,0.5957
4/28/2022,44.2842,0.7363,0.8234,1.1391,1.6289,1.2008,1.1209,1.5056,1.0955,0.642,0.9359,1.4802,0.6638,0.5948,0.6529,1.0157,1.0121,0.8307,1.0593,0.9323,0.6928,0.6855,1.0157,0.613,1.0847,0.8669,0.7073,1.3423,0.5585,0.6783,0.7109,0.4461,0.5476,0.4751,0.4896,0.6492,0.7581,0.9359,0.9504,1.1714,3.3999,0.9577,0.8416,0.5585,0.7363,1.0193,0.6928,0.7617,0.8669
4/27/2022,80.4069,1.3179,2.071,1.9479,2.1868,3.8377,2.6719,2.5271,2.0058,1.1007,1.5714,2.7371,1.5931,1.26,1.2745,1.68,1.9044,1.4121,1.108,1.4048,1.3614,0.9993,1.7958,2.042,1.5062,1.0573,0.9993,2.1941,1.1007,2.223,1.6293,0.7314,1.1876,1.0717,1.2383,0.9849,1.4338,1.3541,1.5207,1.3391,3.9396,1.1804,1.68,1.8465,1.3759,1.6655,2.0203,1.5062,1.8103
4/26/2022,52.7481,1.263,1.2809,1.1914,1.5897,2.0774,1.0169,2.0998,1.3972,1.6881,1.5673,1.2496,1.0348,0.6992,0.82,1.0482,1.0393,1.0616,1.2227,0.7976,1.1914,0.7484,0.8334,0.7171,0.9766,0.5828,0.6902,0.8782,0.7305,1.3928,1.0079,0.7842,0.6365,0.5783,0.6499,0.8916,0.8647,0.8603,1.2496,1.1289,3.2631,0.99,1.1466,1.2138,0.7887,0.7529,1.3972,1.0258,0.632
4/25/2022,110.4837,2.8517,2.6775,2.3393,3.9586,2.4828,3.5999,4.3173,2.0729,1.4272,2.4213,2.4521,2.3393,2.2881,1.5297,2.2778,2.1446,1.5297,2.5955,1.6014,2.5135,2.1958,2.3291,1.7757,2.7697,1.8167,2.3086,1.3145,1.2427,3.0465,1.6117,1.4375,0.9045,1.5912,1.7757,1.2837,1.8679,2.1651,2.3188,2.7615,8.5171,2.5853,2.8722,2.0524,1.458,1.5297,1.7449,2.2061,1.5809
4/24/2022,52.7477,1.2406,0.8513,1.1511,1.9924,1.3793,1.4554,1.3659,2.0327,1.5494,0.9721,0.8245,1.2585,0.8066,0.9005,0.6902,0.8603,0.8692,1.2898,0.7976,0.9721,0.7618,0.8245,0.7618,0.9319,0.8871,0.9184,0.7126,0.811,0.82,0.9453,0.7126,0.5425,0.6186,0.7439,0.5515,0.8468,0.9229,0.7573,1.8651,5.6324,0.9766,0.8871,0.6768,0.7708,1.263,1.2272,1.0258,1.0929
4/23/2022,33.0995,0.5005,0.6712,0.8218,0.8795,1.2409,1.0025,0.7339,1.0853,0.5934,0.5959,1.0703,0.5858,0.6787,0.6385,0.7214,0.5557,0.6611,0.6812,0.7113,0.6486,0.5959,0.513,0.7565,0.5532,0.5356,0.4603,0.9171,0.4202,1.015,0.6385,0.513,0.5231,0.4528,0.3599,0.4126,0.5432,0.6636,0.7239,0.8022,2.2118,0.7264,0.4428,0.4428,0.4101,0.6511,0.5758,0.5758,0.5858
4/22/2022,67.7107,1.4982,1.4684,1.7251,1.9102,2.4536,2.4775,2.3163,2.3282,1.8863,1.8326,1.749,1.4922,0.9787,1.4505,1.2355,1.4206,0.9131,1.2892,1.1818,1.122,1.1519,1.1758,1.4505,1.7371,1.3012,0.7757,1.2653,0.9548,1.3907,1.1519,0.8832,1.0862,0.6802,0.9787,0.71,0.9548,1.0086,1.6057,1.2114,3.5286,1.749,1.1698,0.8832,0.9608,1.2892,1.0146,1.54,1.3728
4/21/2022,60.6072,1.5292,1.3345,1.3451,1.6923,1.303,2.1026,1.3345,1.8764,2.0553,1.7028,1.1609,0.9821,1.2556,0.8769,0.8295,1.3714,0.9453,1.3977,0.9979,1.0715,0.7717,0.8769,0.8558,0.9242,1.0873,0.7085,1.7344,0.8926,1.7554,0.9242,0.6875,0.719,0.6664,0.7506,0.9084,0.9558,0.8716,1.0557,1.8579,5.609,0.7664,0.8821,1.4029,1.1557,1.1715,0.84,1.2767,1.3345
4/20/2022,54.2594,1.004,1.0826,0.8744,1.7256,2.364,1.8181,1.8366,1.7164,1.8459,1.0965,1.5498,1.2584,1.0086,0.7125,1.2399,0.8837,1.0271,0.8837,1.1936,1.2029,0.9716,0.7125,1.2861,1.3925,0.768,0.6894,1.6979,0.6524,1.6285,1.0086,0.731,0.7542,0.6663,0.6431,0.8929,0.8606,1.2075,0.694,0.5604,1.4337,1.2445,1.3139,0.9022,1.1196,0.8421,1.0872,0.9438,1.2306
4/19/2022,46.0979,0.8981,0.7115,0.8905,1.0848,1.6106,1.1496,1.3096,1.4429,1.0467,0.7496,1.1115,0.902,0.8067,0.6924,0.9477,0.9515,0.9934,0.7153,0.86,1.0391,0.7267,0.8677,0.7419,0.7991,0.8715,0.7762,0.7115,0.5667,1.0048,0.982,0.6543,0.4714,0.62,0.4753,0.7534,0.7343,0.841,0.5972,1.61,4.8114,1.0505,0.7877,0.7191,0.6772,0.7343,1.1496,0.8067,0.6429
4/18/2022,24.7869,0.5847,0.5444,0.4571,0.588,0.6015,0.7542,0.8835,0.7945,0.729,0.4755,0.6149,0.4621,0.3966,0.4672,0.4839,0.5528,0.4252,0.5125,0.4957,0.4806,0.5041,0.405,0.4168,0.5595,0.4772,0.3933,0.4017,0.3866,0.4923,0.4403,0.3748,0.3396,0.4202,0.4151,0.3379,0.452,0.3748,0.3966,0.6072,1.5844,0.4151,0.5964,0.4789,0.3329,0.4772,0.5712,0.4772,0.3547
4/17/2022,25.0892,0.5734,0.4059,0.64,0.7716,0.6007,0.4777,0.8588,0.6554,0.5717,0.6981,0.7887,0.4196,0.4914,0.3581,0.4572,0.4743,0.4093,0.4486,0.4674,0.5358,0.4589,0.5341,0.5922,0.423,0.4401,0.5426,0.6281,0.4025,0.5871,0.4555,0.3188,0.4486,0.3102,0.3769,0.3307,0.3905,0.5785,0.4435,0.5455,1.3857,0.4777,0.4589,0.3974,0.5153,0.5392,0.4435,0.4093,0.5512
4/16/2022,23.7291,0.3822,0.5253,0.5489,0.8116,0.8005,0.7188,0.7722,0.541,0.6731,0.4042,0.5961,0.4168,0.3554,0.4797,0.3633,0.4844,0.4608,0.4498,0.4985,0.3979,0.4828,0.3869,0.4278,0.574,0.4341,0.4907,0.5127,0.3774,0.4812,0.4105,0.3208,0.4042,0.2799,0.2846,0.3979,0.3947,0.3932,0.4325,0.5459,1.3871,0.4765,0.3507,0.4639,0.5237,0.4907,0.5615,0.39,0.3727
4/15/2022,48.6666,0.8661,1.1264,1.224,1.3053,2.1309,1.4029,1.3704,1.3175,1.2281,1.0613,1.4111,1.0613,0.8336,0.6953,1.0003,0.9271,0.7767,0.7116,1.0491,1.0288,0.6547,0.9353,0.9719,0.7238,0.6669,0.8173,0.9475,0.7197,0.8051,0.7807,0.7401,0.4757,0.4879,0.5449,0.6221,0.7197,1.0573,0.9841,1.4277,4.2249,1.0247,1.1345,0.7279,0.8377,0.8499,0.7401,0.7116,0.8051
4/14/2022,60.4565,1.1266,1.0217,0.9063,1.8925,2.3961,2.3174,1.562,1.1633,0.9902,1.0637,2.1338,1.6249,1.221,0.9378,0.8538,0.8434,1.4309,1.1476,1.1791,1.263,1.0532,1.4204,1.5253,1.3627,0.9168,1.1004,0.8801,0.8224,0.8696,1.0269,0.6912,0.7961,0.8591,0.5863,0.7542,1.0217,1.0165,1.4151,1.7983,5.4173,0.8381,1.2053,0.9011,0.707,1.0689,1.284,0.8276,1.2158
4/13/2022,53.2014,0.8899,1.2696,1.2831,1.4865,2.2731,1.6764,0.8989,1.6402,1.5543,1.0029,0.917,0.9396,1.021,0.7226,1.1295,0.7633,1.0345,0.9577,0.9351,1.0029,0.691,1.0707,1.0662,0.9215,1.0165,0.9939,0.6774,0.7859,1.5543,1.021,0.7769,0.8673,0.7,0.8311,0.8221,0.7588,1.0617,0.9848,1.4644,4.3428,1.2199,0.5961,0.691,1.1521,0.9487,0.8492,0.9803,0.9577
4/12/2022,59.398,1.1535,1.2409,0.7423,1.8217,2.1198,1.7754,1.8628,2.1661,0.7783,1.246,1.5184,1.611,0.8451,0.7732,1.2923,1.3488,0.8657,1.3128,0.9531,0.9274,1.3231,0.7423,1.3951,1.503,1.133,0.7937,0.7269,0.8554,1.0404,1.025,0.6755,0.7063,0.732,0.6241,0.9479,1.0867,1.3745,0.7166,1.7118,5.1389,0.7783,1.3231,0.876,0.7063,1.1741,1.3026,1.3951,1.2357
4/11/2022,50.4811,0.7741,0.9823,0.6552,1.4666,1.3774,1.165,1.3944,1.7767,1.2457,1.3604,1.0545,1.3349,0.8336,1.08,0.7317,1.046,0.9441,0.7444,0.8931,0.8166,0.9738,0.9611,1.1777,0.6892,0.7996,1.097,1.131,0.6,1.5728,0.9611,0.4895,0.5065,0.5702,0.5363,0.7232,0.7954,0.6807,0.7529,1.5696,4.6813,0.6764,0.5915,0.6764,1.1055,1.182,1.3009,0.8846,1.1182
4/10/2022,89.022,2.1274,1.5035,1.7304,2.6945,2.6135,2.5892,1.6737,2.3137,1.6007,1.9005,2.2327,1.9572,1.6332,1.6818,2.0383,1.2767,1.7466,1.6089,1.7466,1.4873,1.3334,1.3901,2.1193,1.7304,1.6089,1.3172,2.7351,1.2767,1.1956,1.5035,1.4711,0.985,1.382,1.3334,1.2524,1.2443,2.0626,1.2767,2.7771,8.5671,1.147,1.2443,1.9897,1.0903,2.1598,1.8276,1.1308,1.7142
4/9/2022,115.0175,2.5425,2.8207,3.0026,3.1418,2.9491,4.5651,3.6019,2.596,1.59,2.4354,4.2226,2.1786,2.0823,2.3391,2.4247,1.5793,2.489,2.4354,2.5318,2.596,1.376,1.2475,1.6756,1.2797,1.1298,1.376,3.634,1.2689,2.1572,1.7291,1.4402,1.0014,1.2261,1.7291,1.1833,1.5686,2.1465,2.5746,2.9296,9.058,2.9063,2.4461,2.2321,2.2642,2.414,2.9919,2.4783,1.4295
4/8/2022,66.3505,1.6896,1.2053,1.6488,1.9814,1.7888,2.3957,2.2556,1.923,1.5846,1.8822,1.2111,0.9719,1.322,0.8669,1.2403,1.3804,1.4737,1.1411,1.287,1.3629,1.0011,1.2228,1.5788,1.1645,0.9369,1.1703,1.5262,0.8552,1.252,1.287,0.5868,0.6043,1.0128,0.9252,0.7618,1.1295,0.8377,0.9777,1.929,5.8381,0.9602,1.4212,1.0769,0.8844,1.2695,1.1119,1.2403,1.1761
4/7/2022,74.9655,1.6935,1.9212,1.9145,2.4837,2.1087,2.7917,2.6779,1.8207,1.2917,2.2225,1.3854,1.0707,0.9836,1.4323,1.5462,1.4055,1.6868,1.0975,1.4658,1.8073,1.2649,1.5395,1.1845,0.9836,1.372,1.372,1.9346,0.9502,1.506,1.2716,0.8698,0.9033,0.8564,0.7091,0.9368,1.2046,1.1243,1.4055,2.1797,6.6448,0.9301,1.7738,1.0506,0.8497,1.8408,1.2381,1.0975,1.1645
4/6/2022,92.8,2.4308,1.4811,1.4556,3.5841,2.9566,3.2195,2.4224,2.4987,1.515,3.0584,1.8796,1.4556,1.1758,1.2436,2.1255,2.0068,1.3115,1.2012,1.8372,1.8203,1.5489,1.6337,1.1758,2.168,1.3793,1.1588,2.9312,1.2775,2.7531,1.922,0.9468,1.5065,0.862,1.4047,0.879,1.2945,2.0323,1.4302,2.2394,6.8368,2.346,1.6337,2.2019,1.9644,2.1001,1.6761,1.7779,1.0401
4/5/2022,108.3676,2.7963,1.6621,2.8164,2.987,3.9706,2.4751,3.4186,4.0308,3.4989,3.2781,3.6394,2.0536,1.7424,1.8729,1.4313,1.4313,2.3346,2.3346,1.9532,2.2142,1.3711,1.1202,2.1138,1.7324,1.07,1.6019,1.9733,1.3309,3.4888,2.1038,0.799,1.3309,1.2506,1.1402,1.4012,1.7123,2.6658,1.3209,2.3558,7.2114,2.1539,2.6658,2.0737,2.5153,1.8127,2.8565,1.893,1.361
4/4/2022,108.972,2.8424,1.6005,1.7721,3.7512,5.3364,2.6102,1.9337,2.8424,2.0649,2.7818,1.6207,1.4995,2.2063,2.1659,1.7014,1.7822,1.8933,2.489,1.6812,2.277,1.348,2.6304,1.9438,2.3881,1.9236,1.3682,2.9636,1.2471,2.6405,1.5904,1.4288,1.0249,0.9038,1.3077,1.1562,1.5601,1.7014,1.9236,3.6209,11.2827,2.0952,2.3679,1.6005,1.9034,1.4591,2.075,2.4688,2.1962
4/3/2022,130.585,2.8268,2.03,3.3171,3.2558,5.1927,4.543,4.4939,2.7164,3.6603,4.1629,4.5797,2.41,1.9932,1.8093,2.1893,2.7777,2.1893,2.6429,2.9861,2.1771,2.2996,2.6551,2.7777,2.5571,2.2138,2.5448,3.3784,1.4048,3.0597,2.5939,1.8706,1.5396,1.7235,1.7848,1.748,2.0913,3.2558,2.2874,1.9278,5.8342,3.0106,3.6849,2.1525,2.1035,2.7164,1.5641,2.1158,1.7358
4/2/2022,136.1777,2.8968,2.6918,2.0765,4.3965,4.3196,3.7556,5.1912,4.7939,3.3583,2.4226,3.7172,1.9099,2.2944,1.8202,2.2047,2.3329,2.7174,2.3329,2.0765,1.9355,2.7046,3.1019,3.2686,1.8842,1.3331,1.5638,1.8714,1.8458,3.7813,2.8199,2.0381,1.6535,1.6279,1.974,2.115,2.0252,2.6918,2.1278,4.3328,13.5736,2.9097,3.7685,1.7689,1.6792,2.0381,2.1406,2.4867,1.8073
4/1/2022,92.4978,2.4143,1.958,1.4933,3.5719,3.6649,1.9918,3.5973,2.6256,2.8368,2.0594,2.0003,1.3412,1.282,1.8904,1.3074,2.1693,2.0848,1.8397,1.789,1.8989,1.5862,2.1608,1.4257,1.8989,1.2482,1.9749,2.8199,1.3243,1.282,1.7721,1.5186,1.4257,0.9694,1.4595,0.9694,1.6538,1.5693,1.5693,1.5529,4.6277,2.1355,2.1524,1.5017,1.0539,1.3412,1.5271,2.1355,2.0256
3/31/2022,94.1602,2.0708,2.3724,2.088,2.3982,4.4747,2.8032,3.4494,2.0708,2.4585,1.8123,3.4149,1.1747,1.6055,1.6572,1.2178,2.1484,1.2006,1.7951,2.2517,1.8296,2.0967,2.2345,2.0191,1.8209,1.2006,2.0277,1.3298,1.2954,1.4505,1.8726,1.2178,1.5022,1.4935,1.1403,0.8904,1.5711,2.1397,1.1317,1.858,5.6094,1.864,1.4849,1.9674,1.6831,2.1484,1.7348,1.2437,1.8382
3/30/2022,71.3382,1.7501,1.0281,1.0091,2.4658,2.9029,1.9971,1.9275,2.4848,2.2568,2.1745,1.6424,1.7438,1.3891,1.2814,0.9014,1.4841,1.4778,0.9267,1.5791,1.3131,1.2751,1.1991,1.1864,1.1737,0.8254,0.8761,1.4461,0.9394,2.1048,1.2878,0.9584,1.1991,1.1674,0.6797,0.724,1.2054,0.9837,1.1294,1.2869,3.7715,1.7438,1.9465,1.2751,1.6298,1.1357,1.6931,1.5221,1.2371
3/29/2022,67.8622,1.0826,1.2382,0.9748,2.4474,2.4773,2.6749,1.2143,2.1661,1.8248,0.9808,1.8967,1.7171,1.334,1.2681,1.2202,1.5734,1.4597,1.4178,1.4956,1.1783,1.1185,0.9509,1.4118,1.3998,1.1963,1.1005,1.4058,0.9389,2.1421,1.0227,0.6755,0.7773,0.8132,0.9748,0.8491,1.1903,1.4836,0.8611,1.2566,3.6741,0.9928,1.316,1.5914,1.6213,1.3819,1.2262,1.3759,1.4717
3/28/2022,82.2206,1.3022,2.0816,1.2058,1.9851,3.9148,1.5991,2.8312,2.9574,2.6085,1.9034,1.9257,1.0944,1.6214,1.4729,1.8515,1.948,1.6362,1.1612,1.4655,1.7179,1.6808,1.5546,1.703,1.5472,0.8718,1.5769,2.3042,0.9386,1.3022,1.5026,0.7307,1.2429,1.0276,1.3171,1.1167,1.369,1.5249,1.8663,1.5251,4.5381,1.7179,1.5249,1.7995,1.9257,1.28,1.5397,1.7624,1.1464
3/27/2022,59.3982,1.2357,1.0096,0.7526,1.3128,2.0787,1.5904,2.31,1.3694,2.017,1.4105,1.6624,0.7886,1.1227,0.8143,0.9736,0.8297,0.7732,0.8246,1.3951,1.4311,1.2666,1.246,0.804,1.5133,0.8348,1.0816,1.282,0.6961,1.4619,1.2563,0.7372,0.8348,0.5727,0.876,0.6447,0.989,1.4259,0.9993,1.6362,4.8957,1.4722,0.8965,0.9325,1.4156,1.2666,0.8708,0.9222,0.8657
3/26/2022,69.3734,1.3205,1.7624,1.5598,2.4129,2.0201,2.4927,1.5169,2.1245,1.2223,1.0504,2.3025,1.3757,0.9216,1.4678,1.4187,1.523,1.4248,1.0504,1.3819,1.566,1.3328,0.8479,1.1609,0.8602,1.2162,1.3082,1.8913,0.854,1.9895,1.1364,0.6392,1.0689,0.854,0.9522,1.1548,1.0873,0.9461,1.4003,1.6595,4.9707,1.4678,0.8356,0.9707,1.4494,1.1977,1.8422,1.4125,0.9522
3/25/2022,58.0381,1.4827,1.0173,1.1824,1.5177,1.918,1.3626,1.6878,1.2725,0.8122,1.6778,1.2125,1.2375,1.1474,0.7821,1.2475,0.8772,0.9122,1.3325,1.2775,1.2375,1.0373,1.2875,1.1174,0.8372,1.0173,0.9823,0.8722,0.7071,1.1024,0.9973,0.542,0.667,0.647,0.622,0.8072,1.0173,0.8872,0.7021,2.0896,6.3549,1.3576,1.2275,1.4076,0.8021,0.8172,1.2375,0.9723,0.7271
3/24/2022,91.289,2.0157,2.2072,2.1073,2.3072,3.3733,3.3733,2.6986,1.7991,2.2989,1.6159,2.4821,1.1162,1.1328,1.6159,2.0656,1.3161,1.4077,1.3744,1.416,1.5909,1.5992,1.1745,1.3327,1.8491,1.4077,1.1911,1.3244,1.0495,1.3494,1.3244,1.2577,0.7747,0.7997,1.3577,0.9496,1.466,1.2577,1.2744,3.944,12.3225,1.6325,1.8241,1.6159,0.9496,1.8658,1.8658,1.2161,1.999
3/23/2022,67.2577,1.6363,1.5948,1.4526,2.4125,2.4896,1.3637,2.7444,1.814,0.9785,1.7488,2.4422,1.8377,0.9548,0.9311,1.0555,0.937,1.4644,1.6422,1.5948,1.3459,0.9489,0.8126,1.7488,1.577,1.174,0.9489,1.7251,1.02,1.9799,1.3874,0.7533,0.8955,0.7652,0.7237,0.6941,0.937,0.8303,0.9192,1.5336,4.5655,0.9607,1.2214,0.9548,1.0378,0.9252,1.5474,1.34,0.8896
3/22/2022,75.5701,1.0586,1.3154,1.3086,1.8154,2.1127,1.9843,2.0451,2.8357,1.6802,1.9235,1.9843,1.8762,1.1126,1.2072,1.5519,1.6667,1.3356,1.2343,1.1262,1.8221,1.241,1.3154,1.0789,1.4167,1.0248,0.8762,1.2883,1.0113,1.6532,1.491,0.8829,0.7883,0.7748,1.0721,0.7072,1.1464,1.4505,1.0518,3.095,9.5902,1.8897,0.8559,0.8559,1.3559,1.3694,1.1532,1.1194,1.0181
3/21/2022,66.6524,1.2869,1.7268,0.847,1.6389,2.7181,2.3192,1.9614,1.6975,1.9204,1.8324,1.9673,1.6389,1.111,1.0582,1.1696,1.2928,1.5098,1.4746,1.4042,1.4277,1.2224,1.1579,1.4277,0.9761,1.1755,1.2107,1.3045,0.9467,1.2693,1.0523,0.5596,0.8353,0.6535,0.7121,0.6652,0.9292,1.6213,1.1344,1.4028,4.1447,1.6858,1.2517,0.8118,0.9467,1.328,1.7855,1.3808,1.0582
3/20/2022,95.974,2.2517,2.3836,1.3543,2.5772,3.7296,2.3396,3.5449,2.4364,2.0405,2.8587,1.7414,1.2136,1.6358,1.2224,1.2663,1.5127,1.2048,1.2663,2.0493,1.4599,1.1872,1.6094,2.6211,2.3484,1.0376,1.8998,2.5156,1.2136,2.973,1.6622,0.9496,1.3719,0.9232,1.2575,1.0376,1.6622,2.3748,1.7678,3.3243,10.3283,1.8558,1.6182,1.7502,1.0376,1.3015,1.24,1.4599,1.5567
3/19/2022,59.3977,1.1843,1.4311,1.0147,1.9399,2.8085,1.6315,2.3562,1.4208,0.7577,1.0713,1.5287,1.5853,0.8246,1.1432,0.7937,0.8554,0.9376,0.84,1.3437,1.3745,1.0918,0.989,1.0045,0.9119,0.8091,0.8194,1.6726,0.7423,1.0147,0.8811,0.547,0.8246,0.8657,0.8605,0.6036,0.9428,1.0096,1.1895,1.8921,5.7192,1.2255,0.6498,0.7423,0.7063,1.2871,1.3591,0.8811,1.3128
3/18/2022,70.2801,1.5119,1.1133,1.3562,1.8295,2.2468,1.9479,1.487,2.0164,1.9167,1.8545,1.8358,1.3811,1.1756,0.8767,1.0012,1.3998,1.213,1.4683,1.6365,1.1756,1.3562,1.4746,0.914,1.051,1.2877,1.0074,1.2254,0.7957,1.8794,1.2441,0.8953,1.0199,0.9452,0.6338,1.0946,1.0573,1.5244,1.213,2.1496,6.548,1.8358,1.5244,1.4372,1.2628,1.051,1.5617,0.9639,0.8829
3/17/2022,51.9922,1.0773,1.2401,1.1565,1.9616,2.1947,2.0055,1.2665,2.0011,1.3457,1.1345,1.636,0.677,0.8529,1.0025,1.1961,1.1873,0.8397,1.0685,0.8573,1.0465,0.8441,0.9673,1.1345,1.1037,0.8485,0.655,1.526,0.7826,1.0157,0.7826,0.6814,0.5054,0.5274,0.6066,0.677,0.787,0.8793,0.6506,0.8926,2.5026,1.0289,1.1565,1.0729,0.6638,0.8925,0.7694,1.1917,1.0993
3/16/2022,65.8971,1.1509,0.9888,0.8151,1.8746,1.7009,2.5694,2.4768,1.9267,1.2551,1.8631,1.4057,1.6546,1.1393,1.3825,1.3362,1.2262,1.3072,1.2899,1.2436,1.4578,0.902,1.0641,1.5909,1.4867,1.2378,1.2725,1.1393,0.9367,1.5446,1.232,0.7283,0.6414,0.8846,0.7398,0.8556,0.902,1.4346,1.0988,1.7932,5.401,0.9193,1.1972,0.9946,0.983,1.3362,1.2551,1.4115,0.8499
3/15/2022,77.5349,1.5156,1.2445,1.7312,2.5309,1.9607,2.7951,2.0441,3.0385,1.9259,1.3627,1.5643,1.5156,1.0428,0.9802,1.4183,1.759,1.6547,1.4878,1.6199,1.3209,1.2584,1.766,1.0637,0.9316,1.1402,1.5643,1.6339,0.9385,2.058,1.5365,0.9246,1.0428,0.6951,1.1193,1.0567,1.1054,1.1958,0.9733,2.2619,6.9093,2.058,1.6408,1.0845,1.5921,1.3418,1.1888,1.4878,1.4531
3/14/2022,102.3219,1.5532,2.4681,2.6379,2.2606,3.6943,3.9678,1.6853,2.4587,2.8454,2.3266,1.6287,2.0154,1.5909,2.0342,1.6758,2.0531,1.4589,1.6853,2.4398,2.4681,1.8079,1.2891,2.0908,2.138,1.374,1.6381,2.0908,1.3268,2.2606,1.9871,1.4211,1.2419,0.8552,1.3457,1.091,1.6004,1.7513,1.374,3.4918,10.8672,2.1286,1.5909,2.0531,1.374,1.723,2.0437,1.5721,1.8456
3/13/2022,113.053,2.8875,2.7615,3.0976,3.3498,3.4443,3.6754,4.3058,3.1397,3.6019,3.4653,3.3288,2.772,2.0786,2.0156,2.3203,2.5093,2.6459,2.4568,1.9841,2.1732,1.9841,1.9316,2.8245,2.5093,1.8895,1.9316,2.9191,1.3012,2.751,1.7635,1.5744,1.732,1.1962,1.4483,1.2487,1.837,2.751,2.4673,0.341,0.7277,2.6879,2.5093,1.5849,2.4883,1.6584,2.7615,2.3833,1.837
3/12/2022,115.7733,1.8048,2.6023,1.6432,2.8718,4.8333,4.6177,2.6993,3.3352,4.0142,1.697,4.0896,2.0635,2.1928,2.4515,1.8587,2.1713,2.0096,2.0958,1.8048,2.4191,1.3845,2.7748,2.6886,1.5569,1.5354,1.3091,3.0981,1.4061,1.5893,1.7186,1.8803,0.9534,1.6432,1.0827,1.697,1.9342,1.3737,2.7425,3.1177,9.6634,2.7532,2.5592,1.8479,2.1389,2.3868,2.085,2.1389,1.4384
3/11/2022,79.3485,1.5366,1.9147,1.6364,1.9004,2.7138,2.2929,2.671,2.7424,1.558,1.6293,1.3011,1.8648,1.5508,1.3082,0.9943,1.0014,1.508,1.4938,1.4438,1.4723,1.4153,1.3082,1.615,1.3439,1.2512,0.9943,1.7435,1.1727,1.1013,1.3368,1.294,1.1941,1.2012,1.0728,0.8516,1.3439,1.137,1.2726,2.4028,7.3628,1.929,1.508,1.137,1.508,1.2298,2.1359,1.5722,1.3796
3/10/2022,68.4668,1.4002,1.116,1.5514,1.6421,1.8416,2.1923,1.4486,2.2769,1.3579,1.9262,1.4788,1.7448,1.3518,1.1644,1.0737,1.6179,1.2188,1.6179,1.0918,1.0434,0.9104,1.1946,1.5211,0.7532,1.1402,1.3397,0.9044,0.9951,1.636,1.0192,1.1281,1.1644,1.0555,1.0132,0.8197,1.0616,1.0434,1.0918,2.2295,6.805,1.2672,0.9285,0.8197,1.2248,1.2127,1.4607,1.1462,1.4244
3/9/2022,90.2303,2.28,1.8606,2.0086,3.275,3.0447,2.7569,3.2421,1.6879,2.28,2.5102,2.4362,1.1946,1.5893,1.8606,1.9757,1.7537,1.9017,1.3508,2.0004,1.5564,1.1863,2.0826,1.3919,1.984,1.359,1.6715,1.5646,1.2932,2.7487,1.8688,1.1041,1.2439,0.8327,1.4412,1.0136,1.5975,1.5317,1.4495,1.3987,4.1316,1.8277,1.7866,1.5399,2.0251,1.984,2.0826,1.5564,1.9675
3/8/2022,99.2992,1.317,2.5131,2.4674,3.1065,4.7864,3.0882,2.4309,1.9744,1.1527,1.9835,2.4765,2.4674,1.6822,1.9653,1.4266,1.7644,1.7827,2.2483,1.9105,1.527,2.1935,2.0657,2.4126,1.9653,1.6366,1.2075,2.1296,1.2988,1.664,1.5727,1.034,1.5727,0.8788,0.9518,1.4266,1.3353,2.3761,2.0383,2.3744,7.2714,2.23,2.4126,2.367,1.7553,2.157,1.4631,1.9379,1.4996
3/7/2022,118.3427,2.4177,2.9032,3.0576,3.8852,3.2673,4.3487,4.6466,2.7046,3.8963,1.6784,4.0507,2.6052,1.557,1.4687,1.9211,1.7666,2.5501,2.1528,2.4839,1.9211,2.4177,1.6673,1.9763,1.3473,2.4177,2.1197,2.6163,1.568,1.9322,2.0866,1.9211,1.237,1.0715,1.8659,1.2701,1.6342,1.5018,1.9542,3.4758,10.8159,2.539,1.4135,1.4797,1.1929,2.6935,2.848,1.7335,2.2632
3/6/2022,114.7159,2.1943,1.5967,2.7278,3.5389,5.2357,3.2081,3.9551,2.5571,1.9595,2.269,3.6989,2.7599,1.5753,2.0769,2.365,1.7781,2.0449,1.6927,2.5358,2.5571,2.0769,1.8421,2.8986,2.7812,1.9168,2.3116,1.3085,1.4793,2.3223,1.8634,0.9243,1.8421,1.1271,1.8314,1.0311,1.6714,1.682,1.7461,2.9724,9.1957,2.8452,2.0449,1.9595,2.6425,1.5646,1.9061,2.1196,2.4824
3/5/2022,94.7647,1.7024,2.0321,1.7718,2.4573,3.8455,3.0993,3.6633,3.7067,1.3293,2.7956,2.5093,1.5462,1.9453,1.4161,2.0755,2.0581,2.1623,1.2339,1.9627,2.1536,1.8933,1.8846,1.7545,1.4768,1.7805,1.8846,1.2859,1.1992,2.3184,1.7371,0.9215,1.2078,1.0083,0.9562,1.1471,1.312,2.3184,1.0951,1.8596,5.6145,1.9106,2.0321,1.8586,1.6937,2.2751,2.3965,1.4334,1.043
3/4/2022,96.7298,1.8614,1.817,2.1365,2.5979,2.0566,2.2962,3.8046,2.6688,3.0681,2.2696,1.3379,2.2075,1.3113,1.4266,1.5154,1.8437,2.2696,1.6307,1.5242,1.8348,1.5597,1.1871,1.7549,1.1693,1.1871,1.4887,2.3849,1.1959,2.1098,1.6396,1.0451,1.1871,0.8943,1.0451,1.1782,1.5065,1.3113,1.6218,3.9678,12.399,1.9146,2.2784,1.0717,1.7727,1.4887,1.3645,2.1365,1.3911
3/3/2022,95.6718,1.2801,2.0428,2.376,3.5245,3.016,2.4724,1.9376,3.1826,2.9371,2.8494,3.5245,2.2182,1.9815,1.9815,2.0954,1.4116,1.4204,2.3672,1.999,2.3146,1.8149,1.8061,1.508,2.3322,1.6659,1.7623,2.6215,1.21,2.4549,1.8763,1.1574,0.9031,1.5431,1.1924,1.1048,1.2801,2.1393,1.096,1.4345,4.2468,1.9026,1.7798,1.0522,1.7272,2.0867,2.148,1.2187,1.6746
3/2/2022,91.8936,2.0878,1.4754,1.92,2.2724,2.0459,3.3966,3.0442,1.8026,3.0358,2.2053,1.9788,1.2069,1.5006,1.3328,1.9788,1.1734,1.769,2.2472,1.9536,1.7858,1.5929,2.1465,1.8194,2.1885,1.5761,1.3496,2.566,1.358,2.2808,1.3496,1.3244,1.3496,0.8126,1.3831,1.1734,1.4586,2.1046,1.9704,2.4161,7.4056,1.3747,1.2321,1.7523,1.2489,1.4167,1.92,1.2405,1.8697
3/1/2022,91.289,1.2994,1.9241,1.466,2.1989,3.0984,3.2484,3.5565,2.3238,2.7486,2.4321,1.9074,1.6909,1.5326,1.4743,1.3244,1.4327,2.1073,1.4576,1.6909,2.1489,1.5326,1.3161,1.9907,1.5159,1.0162,1.8907,1.9157,1.0579,1.9157,1.5576,1.391,1.0079,0.9829,0.8996,1.0662,1.6492,1.4993,1.9824,2.5342,7.7855,2.3405,1.8158,1.9824,1.974,2.049,1.1745,1.1495,1.2328
2/28/2022,112.4491,1.7647,2.8092,2.7152,3.9059,4.8042,4.4282,4.2088,3.8015,3.9164,2.9137,3.9895,2.4959,2.2139,1.5141,1.6603,2.005,2.0885,1.5976,2.5481,1.911,2.1303,2.6003,2.2139,1.817,2.287,2.2034,1.6603,1.3052,2.8928,2.2243,1.5454,1.1171,1.1694,1.7752,1.4514,1.9423,1.8692,2.1094,0.7114,1.9198,2.7988,1.7021,2.6525,2.0676,1.817,3.0286,2.6212,1.5245
2/27/2022,83.2781,1.3561,1.4163,1.7023,2.5455,3.7725,1.8153,3.1326,2.7035,1.4389,1.2055,1.9207,2.2443,1.6647,1.74,1.0625,1.6722,1.8529,1.3184,1.3335,1.3485,1.7099,1.1754,2.1314,2.0863,1.6195,1.484,2.2594,1.1001,2.2368,1.4765,0.8818,1.3711,1.1152,0.8291,1.0625,1.1453,1.0775,1.612,1.6747,5.0196,1.8454,1.6346,1.5668,1.4464,1.8228,1.8228,1.1829,1.6421
2/26/2022,87.2081,2.0914,1.3627,1.7825,3.2558,3.3904,1.6399,3.232,2.5904,1.4261,2.036,3.0261,2.3686,1.3152,1.5449,1.5924,1.6162,2.0122,1.5766,1.4261,1.4736,1.4974,2.0518,2.3449,2.1073,1.0934,1.8063,1.1092,0.9984,2.7092,1.4498,0.8954,0.8399,1.1013,1.2518,0.8716,1.3865,1.3389,1.2281,2.0182,6.125,1.9251,1.838,1.038,1.0142,1.8221,1.1568,2.0677,1.3627
2/25/2022,77.3841,2.0331,1.7833,0.9576,1.8041,2.6437,1.5405,2.3592,2.4355,2.3245,1.9429,2.8726,1.0478,1.027,1.6654,1.3601,1.7556,1.2352,1.6723,1.3462,1.5197,1.3948,1.0548,1.9221,0.9299,0.9299,1.0478,1.5335,1.0201,1.5821,1.1866,1.1311,0.9646,0.9646,0.8536,0.9021,1.3531,1.5752,1.4295,2.2442,6.8523,1.2144,1.3462,1.3809,1.3601,1.2282,1.4919,1.6862,1.478
2/24/2022,83.8831,2.1624,1.5629,2.2003,1.874,2.7315,2.6936,2.5039,1.654,2.7998,1.2518,2.7391,2.2838,1.396,1.7906,1.4263,1.1076,1.1835,1.5553,1.9879,1.6919,1.5705,1.7071,1.1076,1.9347,0.8648,1.783,1.1,1.1304,1.3504,1.3884,1.3884,0.9938,1.1076,0.9483,1.229,1.487,1.3353,0.9938,2.3956,7.3396,1.3808,1.9727,0.9103,1.5174,2.0562,1.7526,1.2063,1.3353
2/23/2022,97.7871,1.6122,1.7559,2.1689,3.4439,2.124,3.2105,3.7043,1.9714,2.6538,2.5011,3.2374,2.5191,1.4057,1.8816,1.3519,2.133,2.0073,1.9714,2.1061,1.7828,1.9983,2.2228,2.2677,1.0735,1.5584,2.0163,1.4057,1.2172,1.3788,1.8367,1.1543,0.9478,1.1992,1.5494,1.1543,1.3429,1.7469,1.3249,2.2165,6.7633,1.8816,2.7077,1.7649,1.6212,1.9265,1.7918,2.2138,1.9624
2/22/2022,78.1398,1.5554,1.1136,1.7097,2.6145,1.6957,2.9512,1.857,2.7829,1.2328,2.4392,2.2147,1.2749,1.0083,1.324,1.7168,1.0154,1.0925,1.6957,1.2889,1.1626,1.2188,1.836,2.1306,1.6396,0.9733,1.6186,1.2117,1.0995,2.4813,1.5835,0.9242,0.7979,1.0925,1.2679,1.1416,1.0785,1.2819,1.317,2.0906,6.3579,1.359,0.826,1.5274,1.6957,1.4432,1.7939,1.7238,0.8821
2/21/2022,79.6509,1.6642,1.8003,1.1841,2.7819,2.8321,2.1872,1.4062,2.0296,2.4022,2.3377,2.6744,1.3489,1.4206,1.6212,1.614,1.4707,1.2701,1.6427,1.7143,1.1984,1.4492,1.872,1.9723,1.6857,1.3131,1.5352,2.1657,1.0193,1.3274,1.4349,0.747,0.9118,0.8115,0.8617,0.8187,1.3274,1.5209,1.4134,2.1303,6.4859,1.5925,1.1483,0.962,1.0695,1.1053,2.0296,1.1626,1.1769
2/20/2022,99.6014,2.1361,2.3559,2.1269,2.8231,3.6109,3.4918,3.3727,2.1086,2.2735,3.1529,1.6415,2.2918,1.9254,2.1178,1.5956,1.4399,1.4124,1.385,1.8247,1.6048,1.9621,2.0995,1.8888,1.4491,1.6415,1.8613,1.1834,1.275,1.9163,2.1178,1.3208,1.2201,1.5132,0.8995,1.0277,1.7147,2.2918,1.9987,3.0267,9.3705,1.275,1.843,1.4399,1.4674,1.9804,2.0537,1.4491,1.6231
2/19/2022,116.9827,2.8367,2.7931,2.1393,3.7086,2.7714,2.9239,2.2264,3.8503,2.5643,2.5534,2.0739,2.6951,1.736,2.3681,1.4745,1.8777,1.4745,2.5425,2.5534,1.7905,1.4091,1.4963,2.5861,1.9867,2.1175,2.27,2.7496,1.7142,2.1937,2.2809,1.5289,1.9867,1.5072,1.3437,1.0494,1.9976,1.5943,1.4745,3.9621,12.3807,1.7033,3.131,2.2918,1.3982,2.8476,2.2482,2.7931,1.9867
2/18/2022,59.3982,1.1792,0.9119,1.4208,1.8679,1.7754,2.1044,1.3231,1.9707,1.2255,1.0918,1.8114,1.0816,1.1484,1.282,0.7834,1.1946,0.876,1.1587,1.2717,1.0559,0.8862,0.9685,1.5287,1.4156,0.7475,1.1021,0.9119,0.9068,1.6778,1.1021,0.5162,0.9531,0.6652,0.5881,0.8708,0.9788,1.1741,1.354,1.4425,4.2723,1.2357,0.7115,1.3437,1.097,1.2717,1.097,1.0816,0.9633
2/17/2022,60.305,0.8048,1.422,0.7629,1.3906,2.5309,1.694,1.0977,2.2275,1.1395,1.7044,1.7463,0.9408,0.7891,0.8519,1.3592,1.3801,1.0035,1.0611,1.354,1.4324,1.2755,1.2651,1.4691,1.1343,1.1918,1.2965,0.8466,0.9146,0.9722,1.2023,0.5851,0.6897,0.7159,0.9931,0.9931,0.9408,1.3749,0.7682,1.7973,5.4141,1.2337,1.0402,1.1029,0.6688,0.9251,0.9669,1.1134,0.7211
2/16/2022,84.1852,1.1723,1.6294,1.9494,2.5894,3.2903,2.9246,2.7493,2.536,2.0942,1.4237,2.2541,2.0942,1.2942,1.0504,1.2942,1.3323,1.5075,1.6294,1.3018,1.9265,1.7589,1.637,1.4161,1.9037,1.4009,1.0047,2.2694,1.0657,1.3094,1.218,0.9438,1.3704,0.8219,0.86,1.218,1.4466,2.0256,1.3552,1.9656,5.9558,2.1627,1.957,1.5151,1.3856,1.7361,1.3323,1.2028,1.9037
2/15/2022,111.6929,1.5043,2.2198,2.4272,3.3397,3.9826,3.9826,3.9826,3.3604,2.8627,1.6495,2.6449,2.0124,2.1887,1.3591,2.1161,2.2405,1.7117,1.7013,2.1368,2.6449,1.4317,1.8154,1.4213,2.9042,1.5665,2.1368,2.5827,1.5354,3.236,1.7221,0.9651,1.7117,1.0481,1.7324,1.7117,1.5354,2.5309,2.1887,2.8634,8.845,1.805,2.676,1.9191,1.4317,2.3961,2.1368,2.3857,1.3902
2/14/2022,145.5481,1.8585,3.0552,2.3949,3.908,5.9299,3.4953,3.5091,2.9726,3.5366,3.6329,4.3619,1.941,2.0648,3.0827,2.2161,2.0373,2.1336,2.3812,2.2987,2.67,2.6838,3.4266,3.7154,2.8351,1.7897,2.0923,2.1336,1.9273,3.4266,2.6563,2.1336,1.8448,2.3124,1.8585,1.9823,2.0923,2.0236,1.9548,5.6744,17.8908,2.8764,3.963,2.7113,2.0236,1.9961,1.8585,2.4362,1.7485
2/13/2022,107.9142,2.6845,2.2749,2.7445,3.5138,3.4638,4.3231,1.9451,2.2449,1.4656,3.4139,2.095,2.5646,2.135,1.7353,1.4955,1.9052,1.3656,1.6854,1.6154,2.4047,2.075,1.9951,1.6554,2.7445,1.9152,1.9152,3.4738,1.4556,3.5837,1.6954,1.3556,1.3756,1.5755,1.1758,1.6854,1.4855,1.4955,2.4347,2.8196,8.7041,1.7053,2.6345,1.9751,1.1358,1.8053,2.0451,1.3257,1.5954
2/12/2022,92.0446,2.1081,2.2005,2.3098,3.436,2.0577,3.2679,3.0326,3.5789,2.8981,2.6712,1.3601,1.2676,1.8139,1.4778,1.3181,1.6458,2.0745,2.1417,1.3517,1.856,1.8812,1.6963,1.7971,1.1332,0.9315,1.4946,2.6544,1.0912,1.7299,1.4441,1.1416,1.0323,1.2004,1.0996,1.1164,1.6122,2.1669,1.5618,1.8762,5.6681,2.4275,2.1921,1.6543,1.6627,1.9568,1.3769,1.4273,1.15
2/11/2022,102.3219,2.6473,2.4681,1.4023,3.5717,2.5624,2.7322,3.0812,2.9114,3.5245,2.4021,3.7886,1.657,1.4306,1.7418,1.5532,1.6853,1.8928,1.6098,2.0154,1.8456,2.138,1.1948,2.1946,2.4681,1.9871,1.4211,1.9211,1.1665,2.3738,1.6381,1.6192,0.8646,0.8835,0.9873,1.6192,1.7418,1.5343,1.8079,2.4744,7.593,1.723,1.657,1.374,2.3644,2.0531,2.619,2.0908,2.2889
2/10/2022,85.6964,2.2645,1.8138,1.0913,2.0314,2.4043,3.0337,2.7617,2.583,1.4797,1.5574,2.1402,1.503,1.3787,1.0913,1.8993,1.1223,1.775,2.0625,1.3632,1.5574,1.3321,1.1223,2.1246,1.27,1.5574,1.1767,2.4743,1.099,2.2023,1.7594,0.7105,1.1534,1.2622,1.3166,1.2,1.4409,2.0858,1.9615,2.3531,7.2028,1.8138,1.2311,1.5108,1.371,1.8605,1.0524,2.0314,1.1068
2/9/2022,93.2536,1.6501,1.4199,2.5282,2.6305,2.801,3.3722,2.281,3.4745,1.1812,2.4003,1.8035,1.6245,1.2409,1.9314,1.7694,2.1275,2.1701,1.6927,1.8888,1.616,1.8121,1.9229,1.4966,1.3943,1.1471,2.0252,1.2238,1.1471,3.0227,1.9399,1.1215,0.9851,0.8146,1.4199,1.0192,1.4284,2.2383,1.1982,2.4849,7.627,2.477,1.4114,1.5563,2.0252,1.5734,1.8803,1.7694,1.4881
2/8/2022,90.0796,1.3404,2.1612,1.6851,3.2529,2.8835,3.6058,2.2187,3.2282,2.9574,1.4881,1.6277,2.4239,1.4964,1.4471,1.8821,1.4143,1.8493,1.3404,1.8739,1.4635,1.4061,1.3897,1.3486,0.9793,1.7672,1.3568,1.8739,1.127,1.6277,1.3814,0.889,1.2255,1.2337,0.7658,1.2583,1.4635,1.2994,2.0955,2.5854,7.9504,2.2843,1.9232,1.3979,1.7262,1.2747,1.5046,1.8821,1.4225
2/7/2022,114.2619,1.5268,2.7276,1.7712,2.5788,3.2483,4.3428,2.5894,2.9507,2.0475,2.8763,2.5469,1.9094,1.9306,1.8987,1.9625,2.7063,1.9944,1.6968,2.0156,2.5894,1.8881,1.2612,2.6745,2.4088,2.3238,1.2505,1.2824,1.4524,2.7063,1.58,1.8244,1.0061,1.3887,1.7181,1.3355,1.7925,1.7075,1.9837,4.1546,13,2.5151,1.7925,1.9625,2.1856,2.0263,1.9625,2.5576,2.6107
2/6/2022,130.132,3.2322,3.0612,1.6445,3.4276,3.5375,4.2214,4.9054,4.0505,2.2185,1.8032,2.1208,2.4017,1.9864,1.8521,2.9513,2.707,2.7803,2.6704,2.3162,1.9132,2.3284,2.2429,2.6337,1.4735,2.1086,2.7314,3.6596,1.4857,3.7818,1.791,2.1452,1.4124,2.0353,1.2048,1.5223,1.7177,3.22,2.3895,3.4906,10.8634,3.0856,3.1833,2.4872,1.5345,3.049,1.8277,2.7681,2.1574
2/5/2022,127.2603,2.3611,2.6831,3.3748,2.9216,3.5298,3.1959,2.1345,2.695,2.0987,3.5179,1.8125,1.7886,2.2179,2.373,2.3253,2.2299,1.6455,2.9096,1.8482,1.8482,2.5399,2.3968,1.7648,2.4207,2.4803,2.5161,3.3032,1.407,4.1261,1.8602,2.0271,1.5143,1.3593,1.1446,2.0271,1.9079,1.6574,1.9436,5.0184,15.78,2.5519,3.1362,1.717,1.2758,2.8023,3.2674,2.1225,1.6813
2/4/2022,84.1847,2.0408,1.8504,1.3094,3.0693,2.178,2.7036,2.3608,3.3664,2.6198,2.597,1.1875,1.3856,1.3932,1.7361,1.2714,1.2866,1.1114,1.439,1.9418,1.9189,1.218,0.898,1.6751,1.4161,1.5989,1.3094,1.3094,1.0123,2.3684,1.6599,0.799,1.2866,0.9818,1.1418,0.799,1.218,1.4694,2.0027,2.4569,7.5367,1.5304,1.0504,1.2485,1.698,1.1952,1.218,1.6828,1.637
2/3/2022,118.3426,1.9984,3.0576,2.8149,4.3487,5.0107,2.5942,4.1831,3.7969,3.9183,3.5542,3.5763,1.888,2.2963,1.9432,2.1197,2.5832,2.1197,2.0535,1.7997,2.5832,1.888,2.848,1.8218,1.9211,1.6673,1.3363,1.7666,1.7225,2.4618,1.6563,1.7997,1.9211,1.8108,1.5791,1.877,1.7887,2.7377,2.6163,2.0266,6.1521,1.7666,2.539,1.6122,2.1197,2.2632,2.4728,1.7004,2.2301
2/2/2022,103.8332,2.0258,2.2175,2.0067,2.4667,3.8179,3.8083,2.0642,3.6838,2.965,1.8725,1.4892,2.4188,1.2879,2.2079,1.3358,1.8629,2.0067,2.0929,2.3517,1.6617,1.47,1.3071,1.3358,2.1121,1.0867,1.3646,3.2333,1.5083,1.6233,1.7,1.0867,1.0292,1.4508,1.3933,1.6904,1.6233,2.4954,1.2208,3.2406,10.0589,2.16,2.3708,1.6329,1.6233,2.505,2.1696,1.4317,2.2654
2/1/2022,118.0404,2.4005,3.0277,1.9273,3.5119,3.787,2.9947,3.2478,2.8627,2.3675,3.2148,2.0153,1.9273,2.4225,1.8393,1.6302,2.5986,2.7196,2.8957,2.1694,2.3015,2.2244,1.8833,2.2244,2.6206,2.4115,2.5325,1.5312,1.5862,3.2808,1.9603,1.9273,1.5092,1.146,1.6632,1.19,2.0704,2.6426,1.3771,3.0311,9.3847,1.4321,3.0057,2.4775,2.2904,2.2684,1.5642,2.7416,2.2024
1/31/2022,16.3233,0.3398,0.2915,0.2932,0.3947,0.4771,0.3473,0.3623,0.3356,0.4397,0.3423,0.3273,0.324,0.3231,0.2907,0.3115,0.324,0.3148,0.3331,0.2824,0.3473,0.3082,0.3023,0.3506,0.2516,0.3157,0.3473,0.2923,0.2632,0.3032,0.2965,0.2491,0.2957,0.2582,0.2407,0.2407,0.2782,0.2865,0.3065,0.5345,1.3503,0.3598,0.2849,0.2799,0.3464,0.2782,0.279,0.3464,0.2757
1/30/2022,118.343,1.9211,2.9032,2.3184,3.0356,3.8852,3.5983,2.3294,4.0728,1.5791,2.539,2.9252,1.9101,1.9322,1.5239,1.7115,2.5611,2.208,2.5721,2.4508,2.2521,1.5791,2.4177,1.5791,2.6935,1.5791,2.5942,2.1528,1.5128,1.7115,2.3956,0.8729,1.3584,1.3584,1.1818,1.9432,2.0646,1.5018,1.8549,4.6216,14.5031,2.2742,2.7708,1.9763,2.528,1.7556,1.7997,1.899,1.6342
1/29/2022,112.4484,2.4228,2.7465,2.1825,2.7988,4.9608,3.3837,3.1226,3.0286,2.7152,2.4854,1.8587,1.6812,1.3469,1.4409,1.3783,1.9736,2.1616,2.569,2.6108,1.6185,2.2452,1.9214,2.6212,2.3287,1.7543,1.2529,1.5663,1.3365,1.8901,1.8587,1.0336,1.0754,1.8274,1.4723,1.3156,1.5558,1.7647,1.7438,3.7398,11.6654,1.9945,2.6212,2.6839,2.1199,1.5663,1.9945,2.6212,2.3914
1/28/2022,122.8767,3.2109,3.0156,2.3034,4.1529,4.7043,4.2333,4.6698,4.98,4.2333,1.7864,2.8318,1.9128,2.4527,2.1885,2.5446,2.0047,2.1081,2.154,1.9128,2.7284,2.2804,2.2,2.0392,2.9007,1.752,1.8094,3.9461,1.7175,2.8778,1.7405,1.9243,1.4073,0.9938,1.1891,1.6256,1.8668,1.9473,2.1196,1.5583,4.6452,3.0156,2.9237,2.2919,2.7284,2.3264,2.7054,1.8783,2.3378
1/27/2022,114.5644,2.639,2.6496,1.8078,3.4275,2.607,3.5234,3.8644,3.6726,3.1824,1.7332,3.0332,2.5004,1.6479,1.9356,2.6496,1.7118,1.7438,2.7881,2.6603,2.3512,2.0742,2.6283,2.3832,1.2643,2.2447,1.7971,2.1701,1.5627,3.5767,1.6692,1.243,1.8824,1.584,1.4774,1.5094,1.7758,1.8397,2.1701,2.4935,7.6545,2.0529,2.9693,2.6922,1.5094,1.584,2.948,1.6799,1.9996
1/26/2022,115.0179,1.7933,2.0181,2.2749,4.4474,3.8588,4.3404,2.7244,4.0728,3.7839,1.8254,4.03,2.6923,1.6007,1.9432,2.1572,2.3177,2.5639,2.1358,1.7826,1.9218,2.1251,2.4033,1.7933,1.4295,1.3118,1.9004,3.5912,1.6542,2.7779,1.7612,1.8575,1.5151,1.5151,1.7612,1.6756,1.7719,1.9325,1.483,2.5338,7.7843,1.376,2.489,1.9646,1.7826,1.7612,3.1097,2.1037,1.5686
1/25/2022,118.3431,2.3625,1.7556,3.0687,4.128,3.2232,2.8701,3.9956,4.1721,1.3694,3.7197,4.3818,1.899,2.2521,1.6453,1.7556,2.5501,2.6714,2.1418,2.4508,1.8549,1.8659,1.6784,2.3515,2.2301,1.4577,2.3846,2.2411,1.4356,3.9404,2.2963,1.3473,1.9432,1.4025,1.8108,1.1046,1.6122,1.4466,2.1197,3.3137,10.2939,1.7777,1.4025,2.8921,2.5611,2.1418,1.899,1.546,1.5791
1/24/2022,143.8851,3.4687,3.3328,2.6398,5.67,3.8356,2.9251,5.1944,5.8059,3.6182,3.4415,2.7077,1.8516,2.2729,2.3952,2.6534,1.7701,3.36,2.2865,2.8028,2.5039,2.1234,2.3001,2.0147,1.675,1.8924,1.8788,4.1073,1.6478,2.368,2.2321,2.0962,1.7701,1.5391,1.2945,1.8381,2.2185,3.3872,2.2593,4.4867,14.0689,1.6886,1.7565,3.1561,2.5039,3.061,3.754,3.4143,2.8164
1/23/2022,129.0738,2.3944,1.8012,2.9271,4.3921,5.1791,3.0845,2.5276,3.6778,2.1281,1.9222,3.811,2.5518,2.6487,2.3823,1.6074,3.024,2.3339,2.455,2.7698,2.0433,2.0312,1.8738,3.1693,3.1088,2.3823,2.8061,2.6366,1.6196,2.0917,2.6971,0.9294,1.1837,1.1958,1.8133,1.9465,2.0191,1.9222,2.8787,4.5009,14.1146,2.007,1.5832,2.4671,1.8617,2.1038,1.6196,2.0554,2.794
1/22/2022,111.088,2.9088,1.8161,1.7336,4.3933,3.3109,2.4965,4.2593,3.9912,1.3728,2.1047,2.115,1.5274,2.0635,1.9398,1.4759,2.1356,2.4243,2.2181,2.1356,2.4449,1.9604,2.0119,1.5377,1.7955,1.0842,1.4037,3.3521,1.6305,3.4655,1.6614,1.4759,1.3006,0.8986,1.7852,1.7439,1.847,2.0635,1.7955,3.0896,9.573,1.5584,1.847,2.5377,2.0016,1.8882,2.7026,2.6408,1.5687
1/21/2022,113.204,1.8815,2.66,2.397,2.923,3.8067,4.4906,2.9756,2.3023,2.376,2.7442,2.5127,2.418,2.1971,2.0709,2.1024,2.1024,1.5343,2.7968,2.1129,2.66,1.608,2.639,2.9756,1.9972,1.4712,2.2497,1.9972,1.2397,3.4385,1.8289,0.84,0.9767,1.4817,1.7868,1.3344,1.6395,2.0814,1.871,2.8104,8.6745,1.4712,2.5969,1.6921,1.7658,2.8073,1.7658,2.6074,2.4917
1/20/2022,92.1952,2.0779,1.4633,2.0105,2.2631,3.5092,1.7495,2.5241,3.3072,1.4885,3.063,2.1368,1.8085,1.7411,1.337,1.3538,2.0695,2.1284,2.2631,1.96,2.1789,1.6738,1.2023,2.221,1.3454,1.7243,1.5643,1.8674,1.2191,2.4315,1.7327,0.7897,0.8066,1.1265,0.9918,1.4296,1.5727,2.221,1.5559,2.1288,6.481,2.3894,1.9769,1.438,2.1958,1.6738,1.4464,1.3959,1.1602
1/19/2022,117.8893,2.859,2.3315,1.8809,2.8919,4.3095,4.5622,2.8809,4.6172,4.0787,3.2875,3.6062,1.9469,1.6282,1.6722,1.8919,2.7381,1.6282,2.3425,2.2656,2.6941,2.6172,2.2656,1.793,2.4524,2.3754,1.5623,3.3205,1.7161,2.5183,1.9689,0.8809,1.2985,1.1886,1.2546,1.815,1.804,2.2546,1.6502,2.7562,8.5001,2.8809,1.5293,1.3205,1.2985,2.1557,2.5183,1.782,2.2985
1/18/2022,137.9914,3.0525,3.4814,3.7804,4.9243,5.5743,4.9633,2.3375,4.5474,2.9875,2.1555,5.1973,2.9745,2.7275,2.2205,2.8055,3.0135,3.2345,1.7786,3.1305,2.7405,2.7015,2.3765,3.4294,2.0255,1.5316,2.0515,1.5186,1.8046,3.5464,2.5195,1.5446,1.2846,1.6096,1.8566,1.6486,1.9475,2.9225,3.0265,3.1714,9.8361,1.7396,2.1165,3.2475,2.8315,1.9345,1.5966,2.9875,1.5576
1/17/2022,114.8666,2.1864,2.5284,2.3254,3.2658,4.4734,3.1482,3.1055,2.6032,1.7269,3.7574,3.9284,1.8124,2.1223,1.5025,2.0048,1.7697,1.8338,2.7101,2.2185,1.7162,1.8017,1.3743,3.0093,2.0048,1.5987,2.3361,1.9193,1.6521,2.2399,1.8552,1.2353,1.8231,1.4918,1.1392,1.6201,2.0368,1.6735,2.0048,4.0379,12.6246,1.6414,1.6307,1.3743,1.6628,2.2078,2.4536,1.9727,1.7055
1/16/2022,118.7962,1.6403,2.3272,3.0584,4.521,4.4988,3.28,4.5985,3.9781,3.1914,2.5709,4.244,2.0724,2.3826,2.0834,2.715,1.5405,2.2829,1.607,2.1278,1.7732,1.8065,2.6374,1.7067,2.8147,1.3743,2.1832,2.8036,1.4076,2.8479,2.1167,1.7843,1.5516,1.9172,1.7732,1.5405,1.7511,1.5627,2.1832,2.1577,6.574,3.1914,1.2192,1.607,1.9172,2.9255,2.4048,2.017,2.5266
1/15/2022,108.0655,2.218,2.168,1.4075,3.5088,4.1293,2.6483,4.0892,2.0779,3.3888,1.5676,2.4582,2.2981,1.3374,1.8478,2.0679,2.3081,2.4482,2.6583,2.0979,2.4181,2.3781,2.0879,1.4675,2.0979,1.0472,2.2981,2.138,1.3474,1.8678,2.1179,1.4275,1.4175,1.6576,1.2674,1.2774,1.7177,2.5882,2.208,2.6813,8.259,1.2874,2.6483,1.5576,1.4775,1.4175,2.6083,2.5682,2.0079
1/14/2022,101.2636,1.8734,1.6029,1.7055,3.5615,3.1604,2.6475,2.1905,2.3863,2.004,1.8454,3.5428,1.92,1.547,1.2952,2.0972,1.7335,1.3884,1.7708,1.9014,1.5656,1.3138,1.1926,2.3584,2.1905,1.7242,2.0786,3.2257,1.1459,1.9573,1.9667,1.1832,1.0713,1.6029,1.2858,1.6402,1.8081,1.3231,1.7801,3.344,10.3914,2.4516,1.2019,1.2672,1.6402,2.2091,1.9294,2.1625,2.0786
1/13/2022,99.2991,2.2026,2.1935,1.4905,3.2891,4.5764,2.3852,3.7821,3.5447,3.0335,2.65,2.157,2.3852,1.3536,1.947,1.6457,1.7644,2.2483,1.3627,1.9744,1.6914,1.6275,1.6001,1.2896,1.3353,1.9014,1.9835,2.1935,1.1618,3.1339,1.6092,1.5909,1.0705,1.2349,1.1527,1.1801,1.6548,1.2075,2.3396,2.0065,6.0873,1.4722,1.5362,1.1892,2.2209,2.3578,2.0109,2.2665,1.2075
1/12/2022,103.5309,2.0486,1.8002,2.1824,2.3161,4.3605,2.7173,2.832,3.0517,1.4086,2.5454,3.7873,1.3608,1.3513,2.1155,1.6474,1.9435,2.1537,2.5072,1.5232,2.0582,1.7907,1.2175,2.297,2.0295,1.9722,1.848,3.1281,1.1602,2.5836,1.848,0.9214,1.1124,1.2748,1.2366,1.3321,1.6665,1.2557,2.4308,2.8482,8.796,2.4785,2.02,1.1697,1.8671,1.8385,1.7238,2.02,1.9531
1/11/2022,83.7316,2.1281,2.1357,1.3708,2.1054,3.1808,2.0448,3.3474,1.6813,1.8252,2.2947,2.2569,0.9921,1.5526,1.6662,1.3557,1.1057,1.3859,1.1436,1.9767,1.8934,1.7798,1.6964,1.3708,1.0603,1.1436,1.1663,1.8555,0.977,1.9918,1.5374,1.0452,1.136,1.0376,1.03,1.3405,1.4465,1.6207,1.7873,2.3642,7.2386,1.7722,1.3935,1.81,1.3102,1.3708,1.2951,1.2799,1.4314
1/10/2022,67.862,0.9509,1.1065,1.1125,1.9266,2.7048,2.645,2.4773,1.5674,2.1601,1.7291,1.8069,0.8431,1.3879,0.879,0.9987,1.2502,1.5734,1.3938,1.2681,1.334,1.3998,1.5255,1.765,1.777,0.7533,1.2023,1.4417,0.879,0.9509,1.0586,0.8311,0.8551,0.885,0.7473,1.0407,1.1604,1.1424,0.8311,1.5546,4.6332,1.4298,1.2921,1.0885,0.8132,1.1125,1.6692,1.5195,1.3879
1/9/2022,68.769,1.139,1.2909,1.4428,1.7102,3.0167,1.7649,2.5245,1.7953,1.9715,1.4975,1.461,0.9141,0.8655,1.2119,0.9141,0.9141,1.218,1.4367,1.2666,1.5887,0.981,1.5947,1.1754,0.8594,1.2058,1.297,0.981,0.8655,1.1633,1.3213,1.1147,0.7744,1.0539,0.6103,1.0478,1.2484,1.2484,0.8108,2.2715,6.9402,1.3577,1.3334,1.3456,1.218,1.4428,0.9384,1.1997,1.4246
1/8/2022,78.1396,1.7799,1.4783,1.2679,2.6145,1.8009,2.9793,2.6005,2.4883,2.3831,1.4152,2.6987,1.0154,1.2819,1.1907,1.4432,1.0364,1.5344,1.843,1.1626,1.3731,1.4011,1.3099,1.3871,1.7518,1.5765,1.4783,1.1556,1.1697,1.7939,1.1065,0.847,0.9452,0.9242,1.2749,0.9873,1.2188,1.0013,1.1697,2.5412,7.8081,1.5624,0.861,1.4011,0.861,1.1276,1.7939,1.2117,1.0855
1/7/2022,108.5186,2.5992,2.0866,1.4734,3.524,2.8505,2.6495,4.4387,3.132,2.5289,1.7046,1.6744,1.2925,2.1569,1.5538,2.167,1.5739,2.549,1.6543,2.1569,1.9358,1.6041,1.8353,1.9559,1.8453,1.1115,1.3025,1.4332,1.3729,1.6443,1.4935,1.1015,1.0713,0.8904,1.5337,1.7448,1.594,2.2675,2.3178,4.3608,13.6638,2.6696,2.3982,2.3982,1.7147,1.9257,2.4183,1.966,1.1819
1/6/2022,89.324,1.8663,1.9395,1.2727,2.9154,3.9238,2.7446,2.9154,3.1675,2.8748,2.5413,2.1428,1.2645,1.663,1.7606,1.7444,1.1995,2.1266,1.3784,2.0778,1.4435,1.72,1.9477,2.1347,1.0206,1.4109,1.4272,2.2404,1.1019,2.0452,1.5898,1.045,1.3459,0.8986,1.4597,1.4353,1.4922,1.8582,1.0938,1.4777,4.3857,1.5329,1.4597,1.8501,1.9233,1.8419,1.6712,1.8501,1.1019
1/5/2022,87.0568,2.2775,1.8901,1.6767,2.2142,3.7479,2.4277,2.2459,1.8664,2.6095,2.1194,2.6965,1.2972,1.6134,1.5976,1.3367,2.0166,1.9454,1.2418,1.7794,1.5027,1.6608,1.6055,2.3249,0.981,1.566,1.392,2.1668,0.9889,1.4869,1.3446,1.226,1.2577,1.3762,1.3288,1.1865,1.2893,1.898,1.985,2.0165,6.1197,1.7478,1.1312,1.819,1.06,1.2814,2.1747,1.2102,1.3288
1/4/2022,62.4208,0.9122,0.8959,1.6687,2.3054,2.017,1.5326,2.3762,1.2823,1.8755,1.1898,1.783,1.3639,1.0973,1.2333,0.9721,0.9612,0.8415,1.1299,1.1081,1.3422,0.9394,1.2932,0.9013,0.7109,0.8741,0.7871,1.6469,0.9231,1.6306,0.8959,0.8905,0.651,0.6673,0.7272,0.7979,0.9231,1.4401,0.8469,1.9665,5.9586,1.5598,0.7163,0.7762,0.8578,1.3694,1.5109,1.4728,0.7979
1/3/2022,67.2576,1.334,1.2511,1.1444,1.8733,1.9562,2.0214,2.5133,2.4896,1.5651,1.3992,2.0096,1.2748,1.1089,1.34,0.9548,1.5,1.5118,1.6007,1.2629,1.1859,1.0378,1.4466,1.3933,1.0555,1.2037,1.1385,1.737,0.9489,1.0911,1.3755,0.9607,0.7711,1.0911,0.9666,1.097,1.1207,1.6481,1.4348,1.3706,4.0411,0.8303,1.5118,1.6007,0.8541,0.9489,0.8896,1.4703,0.9252
1/2/2022,75.8722,1.3001,1.6259,1.5648,2.5694,3.0037,1.8295,2.6304,2.4065,1.9721,1.8906,1.9178,0.9201,1.0965,0.954,1.5173,1.687,1.6666,1.4902,1.4562,1.3341,1.463,1.7481,1.3748,1.3952,1.5716,1.0626,2.1825,1.0286,1.2051,1.178,1.2526,0.7164,0.9404,0.954,0.7639,1.0354,1.273,1.1848,1.9431,5.8834,0.9879,1.9449,1.2933,1.0558,1.1644,1.1644,1.6734,1.5988
1/1/2022,73.3032,1.5315,1.9364,1.0613,2.3739,2.9029,1.7731,1.3813,2.5502,1.1332,1.0483,1.5642,1.3291,1.3356,1.5054,1.4074,1.2442,1.0156,1.5511,1.1005,1.3291,1.4662,1.6033,1.6686,1.0417,1.0287,1.5315,2.0605,1.0352,2.276,1.3356,0.9568,0.7544,1.1527,0.8981,1.1005,1.1985,1.1266,1.0156,1.8526,5.5922,1.9429,1.8188,1.6033,1.4923,1.1658,1.1593,1.1462,1.205
12/31/2021,77.6398,1.2182,1.2322,1.9286,1.9982,3.3701,1.8311,1.9425,1.9843,1.253,2.1444,2.0609,1.4968,1.3923,1.6082,1.2739,1.4271,1.065,1.5455,1.3436,1.657,1.6639,1.1486,1.5734,1.5943,0.8143,1.0511,2.0678,1.1068,1.7405,1.5246,1.1625,1.1556,0.7238,0.6959,1.1277,1.3923,1.6082,1.2879,2.417,7.4083,1.845,1.657,1.2809,1.0441,1.0789,0.9397,1.3854,1.3714
12/30/2021,49.4205,1.1483,0.7424,1.0365,1.7075,2.2128,1.7117,1.1525,1.6992,1.4507,1.5004,1.6578,1.0696,0.8791,0.8335,0.7797,1.0821,0.7921,1.0241,0.9702,0.7424,0.9619,1.0821,1.1483,1.1318,0.788,0.7383,0.7217,0.5892,1.372,0.7921,0.4276,0.8335,0.4732,0.469,0.6223,0.7424,1.1608,1.0738,0.7873,2.1638,1.2685,1.0903,0.6844,0.8667,0.7507,0.9288,0.7631,0.7963
12/29/2021,47.4794,0.8141,0.9878,0.6878,1.4458,1.9196,1.7459,1.6748,1.1655,1.4695,0.9957,0.826,0.8457,0.672,1.0115,0.8062,0.8141,0.7825,0.7944,1.0826,0.8141,0.7273,0.7549,1.0786,0.9918,0.9602,0.7036,0.7944,0.6917,0.9878,0.8694,0.5773,0.6049,0.5615,0.4786,0.7549,0.826,0.9128,0.6009,1.3394,3.9407,1.0194,0.5496,0.9089,0.7194,0.9602,1.0234,0.9168,0.8694
12/28/2021,47.4796,0.8062,1.1221,1.2603,1.3629,1.3076,1.4024,0.9799,1.8248,1.4063,0.9681,1.0392,0.7825,0.8773,0.8773,1.0747,0.7391,0.9405,0.8102,0.7194,0.8457,1.0313,0.5457,0.8812,1.201,0.676,0.7944,1.3984,0.7273,1.1734,0.7194,0.7154,0.4667,0.4588,0.7786,0.5812,0.6681,0.6365,1.0431,0.9669,2.7419,0.8576,1.2958,0.9997,0.9563,1.051,1.0194,0.9128,1.0352
12/27/2021,66.2925,0.907,1.3675,0.872,2.2419,2.6791,2.0787,2.4459,2.0845,1.5657,1.7289,2.2769,1.5773,1.0877,1.3267,1.0935,1.4782,0.9128,1.0469,1.111,1.3383,1.2451,1.1926,1.3209,1.0177,1.3733,0.9128,1.4782,0.8021,1.4782,1.0469,0.5689,0.8837,0.7438,0.6796,0.6913,1.0935,0.9478,1.5016,1.8651,5.6324,1.2101,0.7612,1.0702,1.0177,1.1518,1.5074,0.872,1.0061
12/26/2021,78.2373,1.4661,1.5784,1.6346,2.1965,3.0183,2.035,2.7935,2.4985,2.639,1.6838,2.8497,1.747,1.0025,0.9674,1.1078,1.143,1.0587,1.8875,1.8524,1.438,1.1992,1.1781,1.9928,1.6206,1.3888,1.2694,1.9085,1.0587,1.9999,1.5433,1.2132,1.143,1.1711,1.1921,0.855,1.2343,1.6276,1.8313,1.1608,3.3657,0.9533,1.9015,1.0165,1.6276,1.8243,1.7821,1.3045,1.2764
12/25/2021,65.3963,1.2629,1.6016,1.395,1.4523,2.3477,1.791,1.4638,2.3133,2.1124,1.3433,1.791,1.1309,1.3146,0.9071,1.4753,1.1137,1.5499,1.5958,1.0276,1.3089,1.349,1.5212,1.768,1.659,1.3318,1.1022,1.4064,0.8669,0.9415,1.0678,1.0621,0.5971,0.5914,1.0621,0.8726,1.085,1.349,0.9243,1.1736,3.4071,1.659,1.5729,1.0448,0.9473,1.4237,1.4523,0.9702,0.8899
12/24/2021,57.6324,1.1444,0.9459,1.3727,2.0229,2.3158,1.1941,1.477,1.5117,1.0253,1.3628,1.7946,1.0154,1.0799,0.9558,1.199,1.2834,0.8714,1.0898,1.3181,1.1593,0.8714,1.3281,1.338,0.6481,0.9856,0.8417,0.6928,0.8069,1.5564,0.8615,0.9757,0.797,0.6928,0.8913,0.9161,0.8665,1.2685,1.1544,1.0197,2.9119,1.3976,1.6159,0.931,1.2338,1.1494,1.4422,1.1544,1.1444
12/23/2021,64.6502,1.4526,1.0901,1.2883,2.3137,1.5659,1.8662,2.1438,2.2797,0.8975,0.9994,2.2967,1.2827,0.9258,0.9031,1.4016,1.3337,1.4923,1.5376,0.9994,1.0957,1.1241,1.413,1.7585,1.277,0.9881,1.175,0.9711,0.9428,1.5716,1.1184,0.7388,0.9031,0.7672,0.5802,0.9938,1.0731,1.0108,1.26,1.8468,5.5735,0.8181,0.7785,0.7898,1.26,1.1297,1.0504,1.413,1.158
12/22/2021,63.4554,1.5031,1.5253,1.2536,2.1021,2.1852,2.2629,1.2259,2.2573,1.0706,1.4255,2.0022,1.5475,1.054,1.3201,1.1538,1.4366,1.0096,1.0983,1.4033,1.0429,0.9375,1.4033,0.9153,0.81,1.1926,1.2924,1.7971,0.821,1.6584,1.1981,1.0429,1.0817,0.6436,0.8876,0.7434,1.1316,1.5198,1.3645,1.0278,2.9379,1.6473,1.0207,1.542,0.7933,1.3922,1.0262,0.9042,0.8432
12/21/2021,82.5666,2.1352,2.0756,2.1874,2.5379,1.9936,2.6348,1.4268,2.1352,2.6647,1.1733,2.1651,1.9339,1.0391,1.1062,1.1659,1.1211,1.5163,1.6356,1.2852,1.3448,1.6953,1.6058,1.1957,1.6878,1.4492,1.4716,1.2628,1.0093,2.0979,1.3299,1.3299,1.0466,1.3299,0.8005,1.3299,1.2479,1.479,1.8966,2.4524,7.5224,1.3523,2.2695,1.3821,1.5163,1.4492,1.8742,1.0316,1.1733
12/20/2021,96.9006,2.487,2.4692,1.1535,2.967,2.5403,3.4649,3.7049,2.1403,2.0158,1.598,2.7626,2.0958,1.6691,1.6691,2.1136,2.2825,1.2424,1.5713,2.3181,1.7046,1.3135,2.0514,1.5535,1.3579,1.1268,1.9269,1.6869,1.2246,2.4247,1.7046,1.2246,1.0557,1.5624,1.1179,1.109,1.6157,1.3935,1.8202,3.1953,9.913,1.3846,1.3135,1.7224,1.8202,1.4557,1.4024,1.9713,1.4824
12/19/2021,90.3304,1.7639,2.2496,1.097,2.3484,2.4966,1.9121,1.484,3.0894,1.2617,1.4263,3.0647,1.7968,1.4593,1.6075,2.0767,1.8462,2.1179,1.3111,1.9697,1.451,1.5581,2.052,2.192,1.6651,1.1135,1.6651,2.5707,1.1299,1.4263,1.9038,1.4016,0.7924,1.3522,0.99,1.0805,1.2205,1.1217,1.2452,2.7685,8.5395,1.1711,2.1673,1.7474,1.8791,2.0767,2.4143,2.0273,1.2287
12/18/2021,102.8723,1.7321,2.4531,1.5518,3.5726,4.4549,2.491,2.6428,4.1323,2.6998,3.1836,1.789,2.178,1.3241,2.0072,1.5328,1.8459,1.9977,1.3146,1.4854,1.6941,1.3336,1.9503,2.6428,2.5575,1.3715,1.9692,1.4664,1.2577,2.2823,1.6372,1.7131,1.7321,0.9256,1.6372,1.03,1.6562,1.5898,1.6846,2.7397,8.447,2.3487,1.3431,1.0869,1.7036,2.2918,2.529,1.6087,2.2539
12/17/2021,95.7061,2.0787,2.4295,1.3858,3.7889,2.5961,2.5961,1.798,1.9471,1.6226,2.8154,2.4646,1.2542,1.7454,2.0173,1.8857,2.0085,1.5349,1.3507,1.5173,1.9208,1.6138,1.5524,2.3418,1.2981,1.7541,1.6489,3.0873,1.2893,2.1839,1.8945,1.2016,1.1227,1.4998,1.149,1.2454,1.6664,1.6314,1.6752,2.3832,7.2996,1.7541,2.3418,2.0436,2.105,1.4121,1.9646,1.8243,1.9646
12/16/2021,86.2995,1.8423,2.0459,2.0067,1.9597,4.0582,2.0067,1.8188,1.8423,2.5,2.1398,2.6644,1.7248,1.1454,1.4743,1.7405,1.1611,1.8188,1.4429,1.9284,1.717,1.8579,2.0615,2.1242,1.4586,0.9262,1.5212,1.2472,1.0749,1.4664,1.3098,0.9183,1.1924,1.1141,0.9183,0.8557,1.4195,1.8814,1.8423,2.3701,7.2574,1.4508,1.8501,1.2629,1.4978,1.7561,1.5839,1.9362,1.1063
12/15/2021,94.0633,2.3527,2.4474,1.9224,2.9379,2.6969,2.8605,3.0928,3.7985,3.2305,2.6711,3.265,1.4748,1.8707,1.4576,1.4232,2.1806,1.6642,1.9482,1.4576,1.8793,1.733,1.7416,1.165,2.0084,1.6039,1.6125,2.8088,1.1306,2.8174,1.733,1.1478,1.5265,0.9498,1.3802,1.3371,1.3629,1.5867,1.9224,1.0032,2.8587,2.3355,1.8535,1.0962,2.0859,2.0342,1.5609,1.1994,1.8363
12/14/2021,94.3625,2.1357,1.3326,1.4794,2.8871,4.0271,3.2584,2.8957,1.8939,1.9803,1.5312,1.7039,1.7212,1.1339,1.4448,1.6521,1.7989,2.058,1.9112,1.6953,2.1271,1.8335,1.6003,1.6176,2.0925,1.4016,1.9716,2.8871,1.0994,2.5675,1.8853,0.7885,0.7885,1.4621,1.4276,1.2721,1.4621,1.3153,1.1512,2.9983,9.279,1.1512,1.2721,1.5916,1.3844,2.0321,1.5744,2.0321,1.7557
12/13/2021,94.5111,1.5162,2.4852,1.1789,3.1946,2.2343,3.2465,3.134,1.9402,2.4679,1.7152,3.16,2.2948,1.4124,1.8709,1.274,1.9055,1.2221,1.7498,1.3951,1.6806,1.3432,1.3605,2.2429,1.0231,1.5941,1.274,1.5162,1.2048,2.2083,2.018,1.3519,1.101,1.3519,1.4903,1.4643,1.4038,1.8104,2.1478,2.9211,9.0307,1.7498,1.447,2.1478,0.9712,1.7844,2.4938,1.6374,1.3432
12/12/2021,91.6748,1.4134,1.3046,1.1959,3.5973,3.8065,3.02,1.9489,3.2961,1.154,2.3004,3.2961,1.2293,1.2126,1.79,2.0159,1.8234,1.8234,1.6477,1.3967,1.974,1.313,1.6644,2.4845,1.6561,0.9197,1.5138,1.6812,1.0787,1.9406,1.7063,1.2963,1.4553,1.1959,1.4218,0.8361,1.2461,2.0159,1.1875,2.4936,7.6548,2.1163,1.3967,1.2293,1.2461,1.9071,2.2418,1.6895,1.8402
12/11/2021,85.8516,1.4979,1.9417,2.1519,2.3232,3.8568,2.222,2.8603,2.0818,1.0775,1.8872,2.837,1.9183,1.5057,1.7081,1.7471,1.2177,1.1865,1.1009,1.5057,2.0195,1.5524,1.2644,2.2297,1.895,1.3267,1.6303,1.9261,1.1476,1.5524,1.3578,1.0152,1.459,1.3111,0.9763,1.1087,1.2799,1.4201,1.3267,1.9662,5.9577,2.183,2.3854,1.6926,1.9728,1.1632,1.2488,1.2332,1.6225
12/10/2021,97.4977,2.3057,1.5449,2.2072,2.9321,2.3773,2.9769,1.8313,3.4333,2.9142,2.9948,1.6702,1.9566,1.9924,1.7955,1.8134,1.4554,2.3057,1.8761,2.2609,1.6434,1.3838,1.1064,1.6255,1.4286,1.4017,1.6076,2.6815,1.3391,2.9769,1.5539,0.7574,1.4465,1.5807,1.536,1.169,1.7687,1.9119,1.3391,2.3181,7.0903,2.5026,1.5091,1.1422,1.8224,2.1625,2.4668,1.7418,1.8403
12/9/2021,117.2061,1.5863,2.46,1.6737,3.2354,4.9281,2.6456,3.1371,3.9015,3.0388,1.6956,2.5255,2.5474,1.9904,1.5973,2.4054,2.4709,2.0123,2.602,2.0778,2.0669,1.6846,2.0559,2.5364,2.7876,2.2307,2.0232,2.0887,1.3898,1.8157,2.3399,1.2587,0.9966,1.903,1.0949,1.3461,1.7283,2.6675,2.4491,3.2087,9.9563,2.5364,3.0497,2.0996,1.3133,2.3071,3.1589,2.2088,2.3726
12/8/2021,110.9352,2.1945,2.3077,2.8636,3.5841,3.9547,3.8209,3.7591,2.1842,2.8842,1.4842,2.3695,1.9166,1.4122,2.1121,1.6489,2.2768,2.1533,2.0195,2.5548,2.2768,2.318,2.2665,1.6798,2.668,2.1636,1.2784,2.3592,1.4637,2.7709,1.7622,0.9078,1.4842,1.6901,1.6386,1.4739,1.5563,1.2887,2.1739,3.0097,9.3156,1.8342,1.3813,2.6371,1.7622,2.0298,2.6783,1.5151,2.0504
12/7/2021,100.7822,1.6976,1.4007,2.5326,2.4584,3.8872,4.0171,2.8481,2.0038,2.0223,2.8017,2.0501,2.2079,2.0038,1.2244,1.7718,1.5213,1.6697,1.8367,1.8553,1.4749,2.2357,1.41,2.3192,1.3543,1.8831,1.9759,1.7161,1.2151,2.8666,1.9388,1.6605,1.1223,1.2058,0.8718,1.1966,1.4656,1.2522,1.6048,3.4243,10.6501,1.846,2.5883,1.2522,1.8646,1.7161,1.5491,2.1337,1.178
12/6/2021,104.5148,2.4637,2.8112,2.3093,3.7763,2.6085,3.8535,3.0042,2.0777,3.4096,3.0428,3.757,2.2803,1.9136,1.5468,1.5082,2.3672,1.5951,1.3442,2.2224,1.7109,1.6433,1.6626,2.4637,1.3248,1.8171,1.2766,1.9425,1.3152,1.9908,1.9522,0.9195,1.4214,1.0546,1.6433,1.653,1.5565,1.9715,1.7109,2.5921,7.9718,1.4889,1.3442,2.0584,1.4407,2.483,1.9715,2.4155,1.8267
12/5/2021,99.8864,1.3979,1.7195,1.352,3.153,3.3551,2.2433,2.1238,3.5205,1.6093,2.7487,2.8681,1.2601,1.7747,1.2509,2.3168,1.5082,2.0687,2.3168,2.3903,1.7655,1.9585,1.8206,1.9401,2.2892,1.8574,1.7655,2.4455,1.4347,1.9125,1.6093,0.9845,0.8834,1.5358,1.499,1.5082,1.7931,1.352,1.545,2.9332,9.0697,1.4163,1.1315,1.7747,2.3995,1.8206,2.7027,2.3719,1.3888
12/4/2021,72.4137,1.5129,1.1264,1.6675,1.7448,1.6417,2.1635,1.4614,2.1055,1.6933,1.12,2.0604,1.4678,1.0813,1.558,1.6095,1.2359,1.0556,1.5709,1.3712,1.2424,0.9332,1.6482,1.1458,1.6031,0.9268,1.2166,1.0556,0.843,2.0411,1.2166,0.7271,1.0169,0.959,0.8172,1.12,1.1329,1.281,1.3261,2.2847,6.9828,1.6095,1.1458,1.2295,1.3004,1.6675,1.719,1.6482,1.3261
12/3/2021,91.6748,2.1581,1.9657,1.5557,3.4049,3.4802,3.5973,2.5765,2.1498,1.6059,2.7187,1.8318,1.9824,1.2712,1.8569,1.9991,1.7565,1.974,1.4385,1.5891,1.6979,1.3632,1.1791,1.8987,1.4134,1.8402,1.974,2.6183,1.1624,1.3214,1.5055,1.4553,1.3381,0.8528,1.4804,1.1038,1.5055,2.1665,1.7649,1.956,5.9248,1.4971,1.1624,1.0955,2.0075,1.631,2.3171,1.79,1.7397
12/2/2021,106.6055,2.7107,2.2867,1.5077,3.5291,2.7797,2.3951,4.101,4.0517,1.419,2.7403,2.4149,1.3598,1.6753,2.2867,2.4247,1.7148,1.7641,1.5964,2.267,2.5628,2.3754,2.5332,2.5628,1.5767,1.3105,1.9613,2.1289,1.3795,1.9021,1.7542,1.5176,1.4387,1.7345,1.5176,1.2119,1.4683,2.0796,1.695,2.668,8.2161,2.4543,1.3992,2.0697,1.2809,2.2177,1.7148,2.4149,2.4346
12/1/2021,98.6919,1.3366,2.307,1.4454,3.1232,2.1347,3.2502,2.3614,3.6492,1.5996,1.3185,3.5223,1.7901,1.5724,1.2822,2.1256,2.2254,2.3251,1.9261,2.2526,2.3342,1.2278,1.5361,2.2344,2.0168,1.6903,1.6722,2.3886,1.3275,2.3523,1.8535,1.5452,1.3819,1.6087,1.4998,1.001,1.4454,1.6903,2.1891,2.42,7.4179,1.654,2.0712,1.908,1.8082,1.6631,1.9986,2.0893,1.1189
11/30/2021,99.588,1.5313,2.4655,2.0809,3.4089,3.4272,2.3648,1.9068,2.8044,3.1708,3.0517,3.3264,1.8244,1.7695,1.3939,1.3482,1.6321,1.742,2.1175,1.4581,1.5863,2.0351,1.6046,2.3373,1.0642,1.2382,1.5496,1.8061,1.2016,2.4472,1.5222,0.9177,1.5954,1.0184,1.4031,1.6504,1.3939,2.3373,2.3007,2.8135,8.6844,1.7145,2.3556,1.3115,1.6779,1.7878,1.6504,2.0259,1.7328
11/29/2021,105.4109,2.2026,1.472,1.9201,3.5371,4.6963,2.3487,2.4558,2.1733,2.6214,1.6376,3.8683,1.9298,1.5889,1.959,2.1051,2.1246,2.0272,1.7837,2.485,2.222,1.6765,2.1636,2.6019,1.5596,1.6668,2.222,2.563,1.3843,1.9883,1.5791,1.0921,1.4622,1.4135,1.696,1.7058,1.6083,1.472,1.7837,2.9402,9.0922,2.4071,2.6117,1.4233,1.0823,1.4622,2.2318,1.9883,1.3746
11/28/2021,92.2718,2.1133,1.4055,2.2313,2.9476,4.4898,3.1583,2.678,2.6864,1.7847,2.8971,3.369,2.2482,1.2201,1.7678,1.7004,1.9869,1.6161,1.8521,1.8521,1.8268,1.7847,1.4897,2.265,1.4476,1.4982,1.3718,2.0881,1.2116,2.8634,1.6499,0.8493,0.9672,0.9504,1.3633,0.9167,1.3212,1.9954,1.751,1.4313,4.2364,2.2145,1.5487,1.0262,1.4813,2.2398,1.4307,1.1948,1.8521
11/27/2021,87.6434,2.3409,1.5206,2.2931,1.9586,3.9019,1.8073,1.9347,1.7038,1.441,2.325,1.2578,1.5445,1.4808,1.2896,1.425,1.5047,1.9586,1.7197,1.8153,1.3056,1.6958,1.5923,1.7595,1.5445,1.2339,0.995,2.1976,1.2657,2.3808,1.6321,1.2339,0.9392,0.8914,1.1622,1.0109,1.1781,1.1065,1.1144,3.5767,11.1403,1.1861,0.9472,1.1861,1.7994,1.7994,1.2419,1.6002,1.7038
11/26/2021,99.14,2.5636,2.3723,1.4153,3.475,2.8006,3.1105,3.5935,3.712,1.6249,1.4244,3.475,1.6067,1.8436,1.6158,2.1535,1.8983,2.3085,2.4087,2.1444,1.9166,1.4244,2.2447,2.1171,2.4178,1.8436,1.871,2.7733,1.1145,3.1287,1.789,0.8229,0.996,1.5976,1.5155,1.4062,1.3333,1.1601,2.1717,1.2427,3.6294,1.8163,1.8983,2.0624,2.0442,2.0259,1.5429,2.1991,1.4882
11/25/2021,97.4972,2.1535,2.2251,1.5091,2.8963,2.431,2.2878,3.9166,2.8695,2.9679,2.252,2.8426,1.4196,1.178,1.9387,2.1356,1.3838,1.6523,2.1804,2.2609,1.9387,2.0551,1.4196,2.6636,1.8492,1.0079,1.4375,1.6076,1.1243,1.6613,1.7955,1.1511,1.6434,1.178,0.9542,1.5181,1.7687,1.2227,2.1714,2.6406,8.1281,1.9387,1.5449,2.1177,1.4286,1.3212,1.6255,2.2967,1.7866
11/24/2021,107.7997,1.5639,2.3223,1.9132,2.3722,4.8273,3.4501,3.7395,3.0708,1.9231,3.1507,2.7515,2.8613,1.8233,2.1028,1.9032,1.6736,1.514,1.9132,2.2325,1.7635,1.8932,1.8732,1.514,2.6217,1.6537,1.9431,2.6517,1.494,2.3124,1.8732,1.3443,0.975,1.2146,1.1447,1.5639,1.8433,2.3922,2.0828,2.6155,8.0471,2.4621,2.2126,1.1746,1.6936,1.8333,2.7415,2.2325,1.5239
11/23/2021,100.7819,2.7182,1.5955,2.2172,3.2099,4.6759,3.6646,3.7666,2.8945,1.5398,1.8182,2.4862,1.7625,1.2522,1.3543,1.8831,1.8367,1.3079,1.41,1.6141,1.7161,1.7718,2.1522,2.4027,1.512,1.2522,1.7161,1.6512,1.4192,1.9295,1.6326,1.3357,1.3264,1.0759,1.0667,1.3079,1.4935,1.4656,1.6605,3.4595,10.7633,1.4749,2.4769,1.512,2.2728,1.4563,1.4285,1.7161,1.3264
11/22/2021,91.3763,1.7591,2.1177,2.051,2.1927,3.6184,2.6429,2.4262,2.5179,2.9931,1.7842,2.3178,1.9009,1.1005,1.6257,1.9009,1.2255,1.3673,1.5924,1.9843,1.8175,1.6591,1.9259,1.5424,2.0343,1.6758,1.0755,2.076,1.0921,2.201,1.6091,1.1005,1.1422,1.0421,1.1255,0.9171,1.534,1.1088,1.2339,2.1453,6.534,2.3094,2.176,1.3923,1.8675,2.2511,1.7842,2.1677,1.7175
11/21/2021,64.949,0.981,1.186,0.9412,1.7328,1.9492,2.2339,1.7271,2.0175,1.6189,0.9696,0.9924,1.6986,1.112,0.8444,1.1348,1.5107,1.4025,1.4765,1.1747,1.2715,1.1974,1.1291,1.3797,1.4936,0.8045,1.2202,1.71,0.8671,1.2373,1.169,0.9753,0.8501,0.9127,1.0209,0.9013,1.0266,1.1519,1.4936,1.8746,5.6628,0.981,0.981,1.3341,1.2088,1.5277,0.9469,1.0551,0.8614
11/20/2021,78.0877,1.8418,1.6385,1.1269,2.5987,2.6618,1.5824,2.3744,3.0823,1.1619,1.0568,2.5917,1.0358,1.4353,1.4002,1.246,0.9937,1.7296,1.8628,1.5194,1.5053,1.3792,1.3792,1.9469,1.26,1.3371,1.1759,2.017,0.9376,2.052,1.218,1.0007,0.7554,0.7204,1.1129,0.9236,1.253,1.8418,1.4913,2.4879,7.6367,1.1269,1.26,1.4142,0.8325,1.1899,1.3862,1.5264,0.9797
11/19/2021,86.4487,1.1865,1.312,1.3748,2.4809,2.1593,3.3438,1.8062,1.7356,2.9202,1.5081,2.2456,1.9553,1.3277,1.1394,1.2022,1.3512,1.2571,1.4768,1.2885,1.971,1.2257,1.7043,2.175,1.6258,1.2257,1.3983,2.5907,1.1551,1.8455,1.4454,0.857,0.9747,1.1473,1.1865,1.0296,1.3983,1.971,1.5552,2.9452,9.1083,1.5866,1.8376,1.7749,0.9512,1.3199,1.9082,1.618,1.8455
11/18/2021,92.1221,1.4453,2.4716,2.1183,3.3465,4.07,2.0678,3.3717,2.3875,1.9921,1.9501,1.9248,1.1088,1.8239,1.8912,1.3696,2.2108,1.5547,1.7313,1.4201,1.622,2.0342,2.2108,1.7229,2.0762,1.2518,1.6893,2.7913,1.1593,2.8754,1.4958,0.6966,1.1088,1.1677,1.3949,0.9995,1.5968,1.2182,1.5883,1.798,5.4165,2.438,1.9248,1.7145,1.6388,1.6388,1.4285,1.8996,1.2687
11/17/2021,94.0635,1.3027,1.7502,2.1719,3.4715,4.4526,3.1531,1.7244,2.215,1.974,2.0859,2.9551,2.3613,1.1478,1.6728,1.9052,1.7158,1.6211,1.2855,2.0601,1.5867,1.3716,1.5351,2.2064,1.0359,1.8621,1.8363,1.1994,1.3716,2.3183,1.9654,1.208,1.3285,0.9757,1.0445,1.3543,1.69,1.4318,1.8707,2.4682,7.5731,1.3199,2.6625,2.2752,1.9482,1.3199,1.1736,1.5437,1.5609
11/16/2021,92.2713,1.338,2.3746,2.501,3.4448,3.251,3.6387,2.0712,2.9729,1.1442,2.0122,2.324,2.2735,1.338,1.5656,1.338,1.515,1.8858,2.1386,2.0291,1.8858,1.6161,2.1639,2.4504,1.751,1.8268,1.2201,1.1948,1.0262,1.3802,1.4307,1.1695,1.2791,1.3296,1.4476,0.9167,1.2706,1.4813,1.3886,2.2644,6.9174,1.4897,1.4813,1.7004,2.0459,2.1386,1.7088,1.633,1.5066
11/15/2021,80.626,1.1326,1.6047,1.3142,3.0209,3.2097,2.9628,1.3505,2.6723,2.2946,1.9533,2.8901,1.2488,1.6628,1.6264,1.2851,1.9242,1.5756,1.3069,1.227,1.3432,1.2706,0.8566,1.5175,2.0186,1.4231,1.3577,1.4521,0.8929,1.4594,1.4739,0.9946,0.7695,1.0818,0.8857,0.8857,1.365,1.3359,1.06,2.1054,6.4056,1.4739,1.5102,1.089,1.4667,1.9533,1.7862,1.7644,1.365
11/14/2021,84.508,1.3908,1.7963,1.3755,1.8498,3.1658,1.7733,2.592,2.569,1.2378,1.5515,1.5209,1.8728,1.5591,1.146,1.2148,2.0105,1.1001,1.911,1.3525,1.452,1.6356,1.0542,2.0488,1.5591,1.1766,1.6968,1.8575,1.1383,2.6838,1.758,0.993,0.8629,0.7405,0.9394,1.2301,1.1995,1.758,1.957,3.0198,9.3482,1.4596,1.4596,0.9088,1.3219,1.9034,2.1559,1.146,1.0542
11/13/2021,70.0252,1.2707,1.3389,1.3141,1.7111,2.2879,2.4492,2.0584,1.4568,1.0102,1.4134,1.6491,1.1901,1.2645,1.401,1.5684,1.0598,1.2583,1.1963,1.1094,1.6739,1.2087,1.3824,1.5498,0.8055,0.7125,1.1219,1.9096,0.8055,1.7049,1.3451,1.1281,0.6753,0.7373,0.9172,1.0722,0.9854,1.0536,1.4382,2.2988,7.0281,1.6925,1.3886,1.3762,1.1343,1.494,1.3265,0.9234,1.1281
11/12/2021,72.5633,1.8324,1.2061,1.4515,1.9744,2.9816,1.7162,2.0196,1.6904,1.4515,2.2779,1.4515,1.4127,0.9156,1.2578,1.5806,0.9543,1.3417,1.4192,1.6193,1.0706,0.9156,1.6323,1.6516,0.9673,1.1287,1.1416,1.3805,1.0835,2.0132,1.4321,1.1028,0.8833,1.1157,0.9995,1.1351,0.9931,1.0189,1.077,1.6774,5.0283,1.4838,1.4321,1.7678,1.6452,1.1287,1.7807,1.6774,1.6452
11/11/2021,81.6713,2.1926,1.1907,1.9127,2.1558,1.758,1.9127,2.4136,2.7599,1.9569,1.176,2.6125,1.3675,1.2644,1.5812,1.0876,1.92,1.1391,1.8169,1.5738,1.2717,1.5296,1.6106,1.7285,1.9348,1.0139,1.5517,2.4505,1.1244,1.9569,1.478,1.1318,1.3012,1.176,1.2791,1.1318,1.1612,1.7211,0.9623,2.2555,6.8888,1.3896,1.5222,1.478,1.1244,1.8095,1.0286,1.1318,1.7359
11/10/2021,87.3446,1.6028,2.2058,2.0868,3.1976,2.5073,1.9757,1.6345,1.706,2.6819,2.5708,2.301,2.0075,1.5393,1.6663,1.9837,2.0789,1.579,2.0709,1.8408,1.8488,1.4203,1.2616,1.698,1.7536,1.4838,1.3251,1.3727,0.9601,2.4994,1.3251,0.7618,0.857,1.2616,0.8887,1.2854,1.5473,1.6028,1.6742,2.2001,6.7104,1.4441,1.0553,0.9522,1.7298,1.9916,1.6107,1.9123,1.6742
11/9/2021,90.9281,1.9994,1.7755,2.3228,3.575,2.6711,3.0277,2.4472,3.4009,1.2447,2.6711,2.6213,2.1404,1.6262,1.4355,1.5101,1.8999,1.2862,1.253,1.394,1.8086,1.3111,1.1535,2.0906,2.0574,1.2281,1.1867,1.7589,1.3608,2.3808,1.2862,1.0706,0.8301,0.9213,1.3194,1.3774,1.4438,1.4106,1.054,2.6733,8.2333,1.3194,1.2033,1.9247,1.6925,2.2399,1.7506,1.4189,1.1203
11/8/2021,87.942,1.7255,2.0533,1.5177,2.3411,2.7888,2.8048,1.5097,1.7335,2.525,2.1972,1.9574,1.5097,1.3098,1.6696,1.5657,1.9254,1.7975,2.0053,1.7415,1.5177,1.078,1.9813,2.2452,1.7335,1.038,1.5097,2.8207,1.134,2.485,1.4457,1.3818,0.8861,0.7822,1.3578,1.4297,1.3738,1.118,1.8774,2.2457,6.8572,1.2379,1.7815,1.7815,1.2379,1.8375,2.2052,1.2779,1.6056
11/7/2021,98.5427,2.1586,1.9685,2.3306,3.8518,2.5027,2.5389,3.3266,2.1767,1.4343,2.4483,3.7159,2.2854,1.5429,1.8598,2.2763,1.4976,1.4433,1.6425,1.4433,2.2129,1.6063,1.0359,1.7874,2.1405,1.7149,1.7331,1.1717,1.2079,2.2854,1.7964,0.8457,0.8367,1.6063,1.3437,1.226,1.3166,1.8779,1.9323,2.6373,8.1175,1.887,2.394,1.7874,2.222,1.6063,2.6566,1.5339,1.5791
11/6/2021,75.2512,1.9421,1.3705,1.0746,2.7087,2.4868,1.8681,2.0564,2.4599,0.9468,1.8278,1.8278,1.8883,1.1015,1.3301,1.6193,1.1015,1.6529,1.6327,1.6596,1.162,1.6529,1.6933,1.9488,1.8412,1.1351,0.8661,1.7403,0.9199,1.5722,1.088,1.1418,1.2023,1.1351,1.088,1.1553,1.2561,1.4377,1.1149,1.5522,4.6253,1.1015,2.1304,1.6731,1.0342,1.283,0.9737,1.5319,1.6395
11/5/2021,74.5043,1.131,1.9224,1.7096,1.6697,3.0064,2.6606,1.7894,2.5941,1.4169,2.3214,1.2706,1.2972,0.9647,0.9182,1.5167,1.7827,0.9714,1.6697,1.53,1.5034,1.3837,1.0645,1.244,0.8716,1.3704,0.8982,1.1642,0.845,1.0379,1.397,0.7519,1.2041,0.8184,0.8716,0.8916,1.1975,0.9182,0.9315,2.683,8.2644,1.6165,1.4635,1.1576,1.1642,1.244,1.7029,1.2573,1.4435
11/4/2021,59.5735,1.1827,1.1775,1.2291,1.9924,2.7866,1.389,2.374,1.1724,1.1466,1.4973,1.2961,1.2085,0.8887,1.0022,1.3168,1.3683,1.1311,1.0795,0.9042,1.3374,0.9454,1.1156,1.0279,0.8371,0.8629,0.7391,1.0692,0.7855,1.4663,1.1311,0.7649,0.734,0.832,0.8887,0.6463,1.0073,1.358,0.8732,1.5336,4.5656,0.832,1.2239,1.4302,0.8217,1.3735,0.7494,1.3425,1.1362
11/3/2021,55.841,1.2622,1.2287,1.4775,1.8267,1.8076,1.0996,1.2192,1.5493,0.8269,1.7933,1.5493,0.846,1.0517,1.0374,0.7455,1.0469,1.1665,0.9513,1.3101,1.1378,1.1474,0.8891,1.3866,0.6786,0.8795,1.1283,0.846,0.7503,1.8028,0.9465,0.5255,0.7503,0.7073,0.7982,0.7934,0.7886,0.7742,0.669,1.4596,4.3276,1.4249,0.9895,0.6881,1.3005,1.2766,1.267,1.2192,0.6929
11/2/2021,43.4483,0.7019,1.0706,0.624,1.4747,0.9678,1.3258,1.4499,0.8331,1.138,0.6984,0.709,0.8934,0.7232,0.7835,0.6098,1.0174,0.6381,0.8685,1.0032,0.7976,0.7161,0.8685,0.8969,0.9572,0.4786,0.5424,0.865,0.6417,1.2408,0.6665,0.6027,0.5743,0.4786,0.6878,0.6878,0.709,0.6381,0.6452,1.4062,4.1557,1.0139,0.7268,0.8225,0.5424,1.0529,0.6098,1.0032,0.8898
11/1/2021,37.6255,0.6673,0.9369,0.7266,1.0288,1.0584,1.0614,1.402,1.251,1.2243,0.6259,0.6466,0.6555,0.7592,0.7384,0.8362,0.6377,0.6318,0.8688,0.5903,0.614,0.5696,0.5992,0.6584,0.534,0.7088,0.5607,1.1265,0.5133,0.6555,0.6496,0.5577,0.5873,0.5281,0.6347,0.5222,0.6496,0.7325,0.6318,0.9189,2.5873,0.5162,0.6199,0.7503,0.8007,0.8155,0.8244,0.6703,0.7414
10/31/2021,35.3857,0.8732,0.7144,0.8184,1.2511,1.1306,1.1882,1.3059,0.7664,0.698,0.9609,0.9472,0.6788,0.6541,0.5638,0.4953,0.5775,0.6843,0.6103,0.7472,0.6706,0.7116,0.8184,0.5583,0.8595,0.6815,0.6569,0.7116,0.5309,0.6131,0.7527,0.4296,0.4761,0.3885,0.5035,0.4926,0.5309,0.7993,0.4789,0.7964,2.1933,0.5555,0.5692,0.6048,0.802,0.5802,0.876,0.5254,0.5528
10/30/2021,38.969,0.7117,0.6064,0.8263,1.2444,1.0803,0.8728,0.6993,1.0183,0.848,1.0276,0.7613,0.5104,0.529,0.7396,0.6684,0.7489,0.8666,0.8139,0.8913,0.9285,0.7148,0.7086,0.8511,0.6343,0.6993,0.721,0.913,0.5104,0.9099,0.6715,0.5724,0.6622,0.5197,0.594,0.6126,0.69,0.8666,0.4949,1.2144,3.5383,0.5878,0.4578,0.6033,0.8418,0.6126,0.7644,0.8418,0.7675
10/29/2021,42.5527,0.602,0.7575,0.9614,0.9372,1.4624,1.186,0.9821,1.262,0.564,0.8128,1.4175,0.8784,0.5744,0.9095,0.8508,0.8646,0.7402,0.7575,0.6677,0.837,0.8819,0.8992,0.7195,0.9165,0.5571,0.6711,1.027,0.6055,1.3242,0.7955,0.6988,0.5537,0.4189,0.4224,0.6746,0.6055,0.5813,0.8681,1.0456,2.9952,0.9026,0.9959,0.9787,0.9545,0.6539,1.0685,0.8577,0.8543
10/28/2021,45.6879,1.1013,1.026,0.6453,1.693,2.0963,0.9543,1.2031,0.9317,0.9694,1.0976,1.4631,0.6076,0.8036,0.7998,0.9732,0.6302,1.0448,0.7961,0.7395,0.7508,0.8488,0.8149,0.9506,1.0184,0.8601,0.585,1.2069,0.6981,1.0674,0.8865,0.487,0.5473,0.6679,0.4456,0.6755,0.7508,0.9016,1.0787,1.1173,3.226,0.7772,1.0448,0.8262,0.6679,0.7433,1.0486,0.8074,0.6114
10/27/2021,51.8097,0.8019,1.3539,0.7406,1.7789,1.0867,1.8884,1.941,1.9891,1.6299,0.929,1.091,0.7493,0.929,0.8851,1.1173,0.7625,0.8589,0.7011,0.815,1.148,0.7669,0.653,0.9114,1.205,1.0253,0.9947,0.7187,0.7406,1.6474,0.9596,0.7756,0.8019,0.5128,0.815,0.8063,0.8545,0.6836,0.9114,1.4857,4.4114,0.7187,1.0867,0.8545,0.5785,0.7274,1.2707,1.0867,0.6091
10/26/2021,47.7786,1.0219,1.2407,0.6917,1.6703,1.01,1.3799,1.7101,1.0975,0.6281,1.0418,1.3441,0.8509,0.8469,0.8747,0.831,0.7554,0.7315,0.9861,0.8707,0.7196,1.01,1.1134,0.7952,1.2128,0.6201,0.9463,0.6838,0.7395,1.3879,0.9344,0.6838,0.5446,0.7395,0.5247,0.7912,0.8469,0.9861,0.8707,1.3106,3.8479,0.819,1.002,0.6559,0.6122,1.0657,0.8906,0.7673,1.0736
10/25/2021,41.0593,0.9138,0.7981,0.9237,1.5254,1.4395,1.2576,0.8279,1.1287,0.9568,0.7882,1.0791,0.5369,0.7981,0.6758,0.8444,0.927,0.7849,0.8014,0.7419,0.7221,0.646,0.7055,0.8543,0.6956,0.4576,0.5171,1.013,0.6295,1.1452,0.6791,0.689,0.689,0.4444,0.6559,0.5997,0.6923,0.7121,0.9502,1.1213,3.2387,0.8708,0.5138,0.5865,0.7386,0.6659,0.5435,0.6791,0.8543
10/24/2021,36.4311,0.8888,0.9059,0.9229,1.2101,0.9514,0.9059,1.2072,0.9457,1.1077,0.9599,0.6528,0.8206,0.6756,0.7467,0.5334,0.8064,0.7495,0.5306,0.5732,0.7893,0.6216,0.8604,0.613,0.5903,0.6528,0.4993,0.6756,0.5619,1.0196,0.5562,0.5022,0.4424,0.559,0.5931,0.6216,0.6699,0.7069,0.8149,0.5515,1.4052,0.6699,0.994,0.8575,0.7609,0.6557,0.9087,0.5334,0.65
10/23/2021,37.3265,0.6828,0.935,0.8412,1.2136,1.5978,1.284,0.8676,0.8324,0.7825,0.5684,1.3075,0.7209,0.7004,0.5069,0.5186,0.8734,0.6945,0.7591,0.6359,0.6066,0.7943,0.4629,0.5978,0.6388,0.7444,0.5831,0.8353,0.5831,0.6388,0.6828,0.4189,0.4071,0.4218,0.5098,0.4335,0.6535,0.6095,0.6388,1.1268,3.2565,0.7972,0.5596,0.7796,0.6887,0.6124,0.501,0.589,0.8324
10/22/2021,56.2884,0.7848,1.06,0.7654,1.4656,2.0065,2.1127,1.1904,1.7119,1.4173,1.2677,0.8765,1.4801,0.8958,0.7799,1.0021,0.7413,0.7751,0.9151,1.1083,0.9876,1.1469,1.2773,1.0214,1.2435,0.92,1.1469,1.4318,0.722,1.7216,0.8813,0.7896,0.8137,0.5578,0.5337,0.6834,1.0165,1.031,1.1952,1.7568,5.2838,0.9489,1.0262,1.2049,0.9489,0.8717,0.7896,1.2338,0.7461
10/21/2021,38.8197,0.5642,0.6382,1.0235,1.008,0.9063,1.1868,0.9741,1.1776,0.9526,1.0204,0.7338,0.6814,0.629,0.5365,0.8786,0.6259,0.5642,0.7029,0.6844,0.592,0.5642,0.9187,0.5242,0.669,0.5427,0.6382,0.6197,0.5827,0.8909,0.7276,0.3701,0.4379,0.5519,0.5488,0.518,0.6875,0.8416,0.5766,1.6236,4.8552,0.6444,0.9063,0.4872,0.5488,0.6783,0.6444,0.5519,0.5889
10/20/2021,35.6841,0.9114,0.6622,0.748,1.2962,1.0803,0.8477,0.8062,1.2159,0.485,0.6954,1.2131,0.8532,0.6594,0.5044,0.6954,0.6262,0.5958,0.7674,0.748,0.5598,0.5487,0.8173,0.7619,0.7951,0.6345,0.6179,0.4795,0.5238,0.9889,0.6262,0.4186,0.4048,0.4324,0.4712,0.4186,0.6235,0.8643,0.4684,0.9621,2.7265,0.5847,0.4435,0.8062,0.4657,0.7702,0.6761,0.6871,0.6954
10/19/2021,35.9831,0.564,0.8047,0.8019,1.0174,1.3448,0.6899,0.7711,0.6983,0.8131,0.648,1.244,0.7375,0.4913,0.7011,0.592,0.6396,0.536,0.8327,0.8327,0.8271,0.6368,0.5724,0.5976,0.6955,0.5948,0.6256,0.8774,0.536,0.6256,0.6564,0.4101,0.3905,0.3877,0.5109,0.5193,0.5864,0.5416,0.4633,1.0371,2.9677,0.6899,0.883,0.8495,0.7431,0.7851,0.648,0.8299,0.7347
10/18/2021,45.3896,1.0603,0.8247,0.6116,1.4416,1.5875,1.7333,0.821,1.6435,1.4828,0.7686,1.3631,0.9631,0.9182,0.6677,0.8172,0.7985,0.9331,0.8584,1.0005,1.0191,0.9331,0.6939,1.0117,0.7163,0.7799,0.6303,1.1164,0.5817,1.2809,0.8322,0.548,0.7051,0.6303,0.4733,0.7126,0.6826,1.0079,0.7649,0.8625,2.4059,0.6266,0.9032,0.7051,0.9481,1.0977,0.907,0.6714,0.8472
10/17/2021,46.7335,0.9917,0.7438,0.9956,1.5456,1.0149,1.2938,1.6656,1.6811,0.8716,0.7438,1.2047,0.5927,0.7128,0.6586,0.8716,0.6973,0.9801,0.8058,0.7593,0.9336,0.9568,0.7632,0.6586,0.5734,0.647,0.9994,0.8755,0.6857,0.9646,0.767,0.6005,0.585,0.5385,0.7322,0.647,0.7477,0.9103,1.0149,1.3852,4.088,1.1776,1.2551,0.7632,0.6702,1.0575,0.9491,1.0653,0.891
10/16/2021,41.5076,0.7463,0.9172,0.686,1.3696,1.2322,1.2691,1.2289,0.8435,0.7765,0.9842,1.1987,0.743,0.7028,0.8904,0.6793,0.7698,0.5788,0.7799,0.9273,0.9876,0.8804,0.9809,0.944,0.8569,0.8033,0.7899,0.8435,0.5755,0.8469,0.8469,0.552,0.4716,0.6056,0.6157,0.4682,0.6961,0.5755,0.8971,1.0103,2.8815,1.0077,1.0245,0.743,0.5185,0.7162,0.6693,0.7933,0.5822
10/15/2021,43.598,0.9391,1.0068,0.7433,1.4304,1.8433,1.4731,1.5443,1.644,0.8857,1.1776,1.0068,0.8822,0.7825,0.7078,0.601,0.6045,0.8217,0.9107,0.8822,0.843,0.7861,0.6081,0.8964,0.932,0.7042,0.7861,1.3343,0.5796,0.7861,0.8573,0.5974,0.6508,0.7256,0.4977,0.7291,0.7789,0.6864,0.8644,0.8452,2.3502,0.8893,0.9285,0.5547,0.601,0.811,0.6971,0.8323,0.5582
10/14/2021,48.2261,0.766,1.1763,1.0718,1.6671,1.293,1.0356,1.5102,1.8521,1.1884,1.4056,0.8183,1.0275,0.939,0.8867,1.0878,1.0074,0.7419,0.6816,1.1482,0.762,0.7258,0.7459,0.9511,0.8384,0.6212,0.6454,1.0275,0.6132,0.754,0.943,0.8183,0.6977,0.6775,0.7419,0.5005,0.8425,0.8787,0.7057,1.0221,2.9195,1.1683,1.2528,1.1603,1.0597,1.12,0.9551,0.8063,0.9672
10/13/2021,46.733,1.0304,1.0924,1.1621,1.0963,2.1149,0.891,1.7431,1.2861,0.6934,1.0149,0.8251,0.9878,0.6663,0.6625,1.0265,0.7632,1.0072,0.7903,0.8406,0.7399,0.9258,1.0304,0.891,0.8251,0.6818,0.6857,1.3519,0.5772,1.3519,0.6857,0.736,0.6005,0.5617,0.5269,0.5734,0.7709,1.1234,0.6779,1.1308,3.2695,1.1505,0.9801,1.0575,0.9568,0.8755,0.8677,0.6741,0.7593
10/12/2021,58.0803,0.8327,1.3436,1.4888,1.5138,2.3151,1.7542,1.8293,2.0397,1.644,1.8293,1.3836,1.1382,1.2033,0.9529,1.1082,0.8377,1.2835,1.3936,0.9279,0.8678,0.7676,0.8478,1.3135,1.1733,0.9429,0.7776,0.8828,0.7376,1.1232,1.0731,0.8077,0.9579,0.8428,0.7025,0.8227,0.8027,1.2184,0.978,1.4751,4.3772,0.7376,0.7276,1.1332,1.0281,1.0681,1.1482,0.9379,0.988
10/11/2021,46.2851,1.0396,0.8979,1.1047,1.2884,1.4377,0.9094,0.8979,0.963,1.1468,1.3114,1.5602,0.7945,0.7754,0.6452,0.7141,1.0128,0.8864,0.6797,0.986,0.9707,0.852,0.538,1.0932,0.6414,0.9094,0.8635,0.9668,0.6529,1.1008,0.7371,0.6146,0.7639,0.6835,0.538,0.7831,0.7027,0.7639,0.8443,1.2613,3.6892,1.2004,1.2616,0.6644,0.8367,1.1161,0.6146,0.8596,0.7103
10/10/2021,37.924,0.7322,0.6125,0.7113,1.2739,0.8011,0.9208,1.3876,1.0255,0.6425,0.8848,0.8729,0.9387,0.7083,0.6155,0.5198,0.6514,0.6095,0.7741,0.6185,0.6215,0.7741,0.5108,0.5258,0.6365,0.7382,0.5557,1.1093,0.5706,0.837,0.6095,0.5467,0.433,0.5108,0.6185,0.5407,0.6634,0.6335,0.5497,1.2563,3.6733,0.9447,0.4689,0.8848,0.6963,0.837,0.8699,0.5287,0.4779
10/9/2021,47.7785,0.7713,1.0816,0.9105,1.6146,1.2089,1.7459,1.6822,1.4873,1.4436,1.1532,0.8628,0.644,0.8588,0.6321,0.8429,0.9781,0.9702,0.9145,1.01,1.0338,0.9105,1.0458,1.2089,1.2168,0.5525,0.6559,1.2327,0.6838,1.4714,0.9742,0.7554,0.5008,0.6082,0.457,0.5326,0.7116,1.1651,0.9225,0.7448,2.027,0.7156,1.2924,1.0816,0.7315,0.9742,1.0617,1.0696,0.6281
10/8/2021,39.7159,0.579,1.0135,0.6614,0.9976,1.6954,0.7693,0.7693,1.0737,0.69,0.9215,0.8581,0.8676,0.6551,0.5663,0.5726,0.8264,0.5599,0.9056,0.8137,0.7661,0.8486,0.912,0.7534,0.6329,0.82,0.6297,0.7724,0.506,1.1055,0.839,0.598,0.5377,0.5726,0.4014,0.6043,0.7344,0.8042,0.7058,1.2171,3.5469,0.5917,0.5726,0.7027,0.6678,0.9564,0.6678,0.7756,0.6773
10/7/2021,44.1947,0.9666,0.8109,1.1222,1.0715,1.3901,1.3466,1.4118,1.2959,1.3683,0.8146,0.9268,0.6227,0.6155,0.829,0.9123,0.6951,0.9992,1.0462,0.7566,0.9847,0.6082,0.829,0.8001,0.6734,0.7639,0.7675,0.9014,0.572,1.3285,0.7277,0.6625,0.5793,0.5431,0.5178,0.5612,0.7856,0.7168,0.7385,1.1389,3.2953,0.6444,1.1693,0.5286,0.8978,0.9304,1.0317,0.9123,0.5829
10/6/2021,49.2713,0.6991,0.8188,0.8311,1.7639,1.7804,1.7639,1.5781,1.6153,1.1861,1.1819,1.442,0.9632,0.7114,0.8518,0.6991,0.8724,0.7321,0.7692,1.1489,1.1407,1.021,0.6041,0.893,0.6165,0.9508,0.8311,1.314,0.6867,1.4378,0.7775,0.4679,0.7073,0.6578,0.6454,0.5918,0.7568,0.6372,0.8146,1.3359,3.9294,0.728,1.2273,0.9054,1.0003,0.9137,0.7238,0.6661,0.8807
10/5/2021,47.1811,0.6721,0.868,0.6878,1.0326,1.8123,1.3303,0.9229,1.7574,1.252,1.1775,1.2637,0.5937,0.8132,0.6878,0.9229,1.0561,1.0247,1.1227,1.1148,0.962,0.8994,0.6408,1.1384,0.7857,0.6603,0.9542,0.6525,0.7309,0.8563,0.8132,0.6447,0.7583,0.5741,0.7113,0.7936,0.8092,1.0522,0.9973,1.1745,3.41,0.7896,1.0169,0.9738,0.7818,0.8053,1.0169,0.7896,0.8758
10/4/2021,39.8648,0.8199,0.6446,0.5937,0.9569,1.3042,1.215,1.3138,0.8709,0.7434,0.8613,1.0143,0.9123,0.6542,0.6956,0.89,0.6829,0.7721,0.9346,0.8326,0.8486,0.6574,0.4789,1.0557,0.8868,0.6765,0.7084,0.8613,0.5841,0.8677,0.6956,0.5331,0.5459,0.4248,0.4789,0.4471,0.7147,0.8581,0.8199,1.0301,2.9454,1.0206,0.855,0.8836,0.7052,0.8486,0.5236,0.5841,0.6128
10/3/2021,43.4487,0.7268,0.7516,0.6169,1.4215,1.3861,1.1344,1.0812,1.2904,0.7835,0.624,1.4818,0.6594,0.8756,0.7516,0.8969,0.6984,0.5885,1.0281,0.8544,0.6807,0.7268,0.7764,0.6133,0.6629,0.7835,0.9359,1.2656,0.6204,1.2797,0.6913,0.6629,0.4999,0.5885,0.5779,0.5389,0.748,0.787,0.9572,1.2735,3.7284,0.9643,0.5814,1.0103,0.6204,0.7197,1.1415,0.6062,0.7551
10/2/2021,39.8648,0.6669,0.7562,0.8103,0.976,1.3935,1.3106,1.3074,0.9665,0.549,1.18,0.616,0.8263,0.7179,0.804,0.7785,0.5777,0.8581,0.6988,0.9442,0.9155,0.6733,0.941,0.6733,0.8996,0.7625,0.7785,0.6924,0.5522,0.788,0.6701,0.5714,0.6542,0.5363,0.6096,0.5873,0.7084,0.9442,0.9123,0.8458,2.3522,0.7912,0.9537,0.7052,0.4885,0.7848,0.992,0.839,0.5044
10/1/2021,39.4171,1.0244,0.8767,0.8201,0.8736,1.4862,1.2034,1.128,1.0338,0.8893,1.2506,1.0746,0.6379,0.7385,0.7385,0.7573,0.751,0.6756,0.7604,0.6379,0.839,0.5719,0.8893,0.8578,0.7762,0.5751,0.8044,1.1217,0.5028,0.7919,0.7133,0.5342,0.44,0.5311,0.5625,0.4903,0.6631,0.6788,0.6819,0.7424,2.0195,0.6788,0.9521,0.905,0.707,0.5688,0.9835,0.6819,0.795
9/30/2021,38.3721,0.7863,0.7832,0.5554,0.8865,1.2965,1.4119,0.9138,1.3694,0.5068,0.929,1.2084,0.8014,0.7134,0.7984,0.7012,0.7134,0.6617,0.8622,0.8045,0.6587,0.519,0.683,0.7528,0.5099,0.68,0.7741,0.6557,0.5159,1.1386,0.601,0.3641,0.522,0.6222,0.4339,0.4096,0.5615,0.8197,0.5463,1.025,2.9287,0.9594,0.7377,0.7346,0.5828,0.7863,0.926,0.5706,0.6496
9/29/2021,30.4588,0.5507,0.5193,0.6091,0.7147,0.919,1.0583,0.8427,0.7169,0.4362,0.7259,0.791,0.7191,0.4496,0.5642,0.6181,0.6922,0.5283,0.4586,0.5215,0.5687,0.5822,0.4294,0.6091,0.6742,0.4564,0.4609,0.7798,0.4362,0.6495,0.5417,0.3104,0.4991,0.3396,0.3621,0.4878,0.4856,0.6069,0.6271,0.8716,2.4352,0.7618,0.672,0.5035,0.517,0.7259,0.5305,0.6675,0.4317
9/28/2021,37.3268,0.8558,0.9233,0.5186,0.9614,1.2547,1.1257,1.4277,0.7415,0.9233,0.6799,0.8676,0.9204,0.7239,0.762,0.718,0.589,0.6095,0.7151,0.7209,0.6154,0.6682,0.6007,0.8265,0.6711,0.4511,0.7151,0.5039,0.5626,0.9145,0.589,0.4717,0.4335,0.589,0.5948,0.4834,0.6858,0.8588,0.6945,1.0691,3.0708,0.8881,0.5655,0.7151,0.5684,0.5831,0.6036,0.7121,0.5831
9/27/2021,42.2539,0.9614,0.7969,0.7935,1.3279,1.297,1.5985,1.5608,0.8175,0.7284,0.6257,1.4546,1.0162,0.7182,0.7113,0.8312,0.6942,0.6565,0.9511,0.7798,0.7935,0.6531,0.9785,0.8346,0.7695,0.5948,0.8517,0.749,0.5126,1.0881,0.8791,0.4407,0.4338,0.4955,0.5469,0.5948,0.7045,0.7832,0.9785,0.9292,2.6206,0.9271,0.8004,0.5606,0.5777,0.9888,0.9579,0.9374,0.9511
9/26/2021,36.7291,0.8878,0.5516,0.9165,0.7987,0.8389,0.9653,1.3302,1.2096,0.6407,0.9251,0.7068,0.5287,0.5746,0.7872,0.7527,0.7614,0.5114,0.7872,0.8246,0.6895,0.6091,0.612,0.7757,0.4453,0.4999,0.4971,0.8274,0.5315,0.8878,0.5516,0.3649,0.543,0.3706,0.4396,0.4683,0.6034,0.4999,0.6579,1.3089,3.8424,0.6177,0.4942,0.6407,0.6867,0.7786,0.9079,0.6148,0.6637
9/25/2021,33.893,0.7959,0.7493,0.4696,1.1765,1.1506,0.9486,0.8218,1.0884,0.7907,0.946,0.6897,0.6819,0.5447,0.6172,0.5499,0.5188,0.612,0.7208,0.7467,0.568,0.4774,0.4152,0.581,0.7104,0.5758,0.5007,0.757,0.4385,0.7415,0.5913,0.4774,0.5939,0.3842,0.5758,0.5421,0.6198,0.713,0.6975,0.7603,2.0769,0.8709,0.4696,0.6017,0.6664,0.7726,0.8735,0.6742,0.5473
9/24/2021,31.0561,0.5402,0.5079,0.5379,1.1004,1.1304,0.8284,0.8998,1.0497,0.6739,0.7039,0.8353,0.5079,0.4664,0.5194,0.5079,0.5102,0.6762,0.6923,0.554,0.6439,0.6739,0.614,0.4848,0.5033,0.6093,0.6762,0.4918,0.4549,0.6739,0.5932,0.418,0.4503,0.335,0.3903,0.5356,0.4848,0.5356,0.7085,0.7362,1.9995,0.5932,0.7292,0.7085,0.6416,0.7385,0.4549,0.4964,0.4387
9/23/2021,35.6844,0.8809,0.7951,0.701,1.1079,1.2408,1.2491,1.0996,0.9751,0.8671,0.9114,0.5681,0.9418,0.5515,0.4712,0.5155,0.5598,0.6456,0.7536,0.7231,0.7093,0.5515,0.665,0.5736,0.7287,0.6401,0.4989,1.047,0.485,0.9778,0.6373,0.4546,0.5293,0.4878,0.5266,0.485,0.5626,0.665,0.6401,0.8899,2.4942,0.7591,0.5487,0.5487,0.7425,0.6207,0.5432,0.5376,0.5764
9/22/2021,35.5347,0.621,0.7256,0.5797,0.9459,0.9845,1.1359,1.235,1.0974,0.8055,1.0203,0.8468,0.7917,0.588,0.5356,0.4998,0.6595,0.7091,0.855,0.621,0.6816,0.6651,0.4778,0.8,0.7669,0.5439,0.7008,1.0808,0.4888,0.6182,0.7477,0.4227,0.4833,0.4503,0.5053,0.4117,0.5467,0.621,0.5769,0.8612,2.4018,0.632,0.6953,0.7146,0.8303,0.6375,0.5604,0.8137,0.5411
9/21/2021,41.6563,0.8297,0.7388,1.1057,0.9071,1.523,1.4389,1.1326,0.9744,0.6581,1.1696,0.9071,0.9475,0.8028,0.7624,0.6984,0.7355,0.8095,0.9509,0.7523,0.9408,0.8533,0.6614,0.5907,1.0754,0.6042,0.5739,0.5234,0.5032,0.6984,0.6109,0.6648,0.4258,0.6917,0.4527,0.5773,0.6984,0.8129,0.9677,1.251,3.6562,0.7792,0.4999,0.9542,0.934,0.7691,0.8095,0.7052,0.5268
9/20/2021,39.417,0.8044,0.949,0.7227,0.8547,0.861,1.3385,1.282,1.3794,1.0244,1.0212,1.3762,0.8924,0.7196,0.8013,0.7322,0.6002,0.8767,0.8516,0.8673,0.6568,0.6631,0.7824,0.9301,0.6693,0.6473,0.861,1.1594,0.6159,1.2066,0.8296,0.6568,0.5374,0.6285,0.5719,0.5437,0.6693,0.8076,0.8233,0.4236,0.9936,0.8924,0.6756,0.6536,0.795,0.729,0.7102,0.773,0.5562
9/19/2021,42.7021,0.59,0.9405,0.9856,0.9509,1.0897,1.527,1.5513,0.7982,0.7358,0.6907,1.2043,0.9891,0.7739,0.8919,0.6039,0.6074,0.9926,1.0203,0.7982,0.8468,0.708,0.9058,0.9336,0.9891,0.8642,0.9232,1.2945,0.5623,1.3084,0.7566,0.5067,0.4512,0.5866,0.6629,0.5588,0.6664,0.9128,0.8434,0.801,2.2079,0.944,1.1696,1.0134,0.6421,0.6456,0.826,0.6837,0.7462
9/18/2021,36.1323,0.704,0.8193,0.8981,1.3032,0.87,1.1766,1.005,1.0078,1.0641,0.78,1.171,0.8362,0.6477,0.7152,0.5943,0.7237,0.5352,0.7996,0.6449,0.6534,0.4986,0.6449,0.9375,0.5999,0.4874,0.5408,0.6505,0.5183,0.7912,0.704,0.4199,0.3917,0.3692,0.5605,0.5971,0.5971,0.8109,0.7209,0.7689,2.1048,0.749,0.4367,0.7856,0.8025,0.6196,0.614,0.7856,0.6759
9/17/2021,32.8474,0.6984,0.8077,0.4624,1.1357,1.2301,0.9195,1.1954,0.8127,0.8475,0.8599,1.0363,0.7978,0.4549,0.4971,0.4673,0.7332,0.4673,0.6437,0.7655,0.6686,0.4499,0.4723,0.5866,0.5642,0.6437,0.5518,0.9519,0.4499,0.7854,0.5394,0.4375,0.4127,0.3754,0.3654,0.5145,0.5568,0.7059,0.5493,0.761,2.0794,0.8202,0.5692,0.4549,0.4723,0.4971,0.6562,0.5245,0.599
9/16/2021,34.9378,0.8886,0.8428,0.8428,1.1364,1.3223,0.8159,1.1795,0.7755,0.5196,0.5438,0.5761,0.9048,0.5519,0.7485,0.6542,0.7862,0.5761,0.8374,0.6542,0.5411,0.5815,0.7162,0.6084,0.7728,0.428,0.7135,0.5977,0.4549,0.991,0.6031,0.4253,0.5303,0.3929,0.4711,0.568,0.6004,0.7404,0.498,0.9094,2.5568,0.8536,0.5169,0.6893,0.5546,0.5438,0.4872,0.7835,0.6515
9/15/2021,35.0873,0.6244,0.6922,0.7003,1.1581,1.456,0.7138,1.2827,0.9387,0.5242,0.8574,0.6461,0.4728,0.5757,0.5974,0.7382,0.5974,0.489,0.8384,0.7734,0.7138,0.6271,0.4457,0.768,0.6813,0.5811,0.4673,0.9197,0.5161,0.8466,0.5621,0.3779,0.4592,0.4782,0.5865,0.405,0.554,0.7463,0.5567,0.9829,2.7933,0.5351,0.8222,0.7003,0.4375,0.6407,0.7382,0.703,0.7653
9/14/2021,31.6529,0.6989,0.7201,0.5546,1.0679,1.1932,0.6847,1.1175,0.7343,0.907,0.6587,0.6397,0.8242,0.5877,0.6492,0.5593,0.4789,0.6326,0.6728,0.7438,0.5096,0.5475,0.4458,0.6657,0.6965,0.3914,0.5096,0.5688,0.4694,0.5735,0.6468,0.3346,0.4813,0.4694,0.512,0.3866,0.5096,0.635,0.5593,0.7297,1.9784,0.7675,0.5167,0.7533,0.5782,0.6019,0.5664,0.6279,0.4954
9/13/2021,35.6842,0.5847,0.8283,0.5653,1.31,0.9972,0.8089,0.9169,1.2851,0.8062,1.1079,1.0304,0.7536,0.6152,0.6567,0.6927,0.665,0.6318,0.784,0.6318,0.7065,0.5321,0.5985,0.7591,0.7951,0.6816,0.5238,0.7508,0.5127,0.5736,0.6318,0.5459,0.4601,0.3937,0.5293,0.4241,0.6207,0.6179,0.7176,0.8177,2.2619,0.7342,0.9474,0.5792,0.7314,0.6816,0.5681,0.6954,0.6207
9/12/2021,42.2537,0.6325,1.0127,0.6222,1.3347,1.3553,1.2765,0.8415,1.0127,1.1292,1.1292,1.4546,0.749,0.6291,0.6668,0.6496,0.9066,0.6017,1.0264,0.8894,0.9237,0.725,0.6325,0.8209,1.0367,0.6359,0.862,0.9545,0.5126,1.1806,0.8483,0.5777,0.5948,0.5674,0.4613,0.5846,0.7079,0.9168,0.6839,0.8212,2.273,0.7147,1.0915,1.0025,0.5161,0.8243,1.1087,0.8312,0.9237
9/11/2021,36.4307,0.8888,0.7836,0.8376,0.9286,1.2442,1.2186,1.1418,0.795,0.559,1.031,0.9428,0.7097,0.6102,0.6159,0.6045,0.687,0.5391,0.6983,0.5704,0.7666,0.5675,0.7552,0.8462,0.8945,0.6528,0.6528,0.9969,0.5334,1.0765,0.5931,0.5277,0.613,0.4709,0.5988,0.542,0.6727,0.7836,0.6983,0.5731,1.4746,0.5192,0.505,0.6073,0.8177,0.8462,0.9258,0.7523,0.7609
9/10/2021,31.3547,0.5263,0.489,0.6314,0.7459,1.2713,0.9654,0.58,0.7342,0.6945,0.8089,1.0004,0.5006,0.489,0.4259,0.6081,0.6338,0.7225,0.7482,0.5777,0.6431,0.5076,0.4913,0.7132,0.552,0.5217,0.5473,0.5217,0.4259,0.8253,0.489,0.5263,0.3582,0.4516,0.4166,0.3652,0.5824,0.4352,0.6711,0.722,1.9538,0.7062,0.8066,0.6781,0.6805,0.7482,0.8042,0.5006,0.5567
9/9/2021,35.5351,0.5164,0.7697,0.9266,1.0671,1.3424,1.3149,1.1772,0.8853,0.5384,0.9404,1.0505,0.6651,0.5136,0.6072,0.7917,0.7945,0.8027,0.5356,0.5714,0.7091,0.7697,0.8055,0.8303,0.833,0.5439,0.7449,0.5632,0.464,0.7807,0.632,0.5467,0.5301,0.431,0.5411,0.5907,0.5191,0.5632,0.8303,0.6791,1.8157,0.7394,0.6871,0.5742,0.7339,0.6403,0.5081,0.6568,0.4613
9/8/2021,37.0283,0.5615,0.8401,0.814,1.2146,1.1885,0.9969,1.3597,1.0172,1.203,0.8401,0.9011,0.5818,0.4976,0.5498,0.814,0.7879,0.7443,0.8895,0.6892,0.8198,0.515,0.515,0.5847,0.4976,0.4395,0.7879,0.8691,0.5469,0.904,0.7588,0.5469,0.3902,0.3757,0.5063,0.4395,0.634,0.7995,0.8401,0.7826,2.1488,0.8575,0.9969,0.7501,0.4918,0.6427,0.6689,0.8401,0.5876
9/7/2021,38.0732,0.9546,0.6569,0.9817,0.9305,1.138,0.8824,1.1651,0.72,0.9576,0.7772,0.8223,0.696,0.6298,0.6208,0.5516,0.6539,0.6869,0.9155,0.7651,0.6027,0.6508,0.696,0.7892,0.9365,0.696,0.726,0.7561,0.5185,1.0177,0.6418,0.6087,0.4584,0.3952,0.5696,0.4824,0.705,0.7741,0.6238,1.0614,3.0461,0.6869,0.6539,0.6358,0.8974,0.5426,0.9215,0.8163,0.6569
9/6/2021,35.0873,0.5648,0.8791,0.5919,1.1201,0.8303,0.787,1.0145,0.982,0.4673,0.5703,0.9847,0.4673,0.5296,0.5053,0.6813,0.6867,0.5378,0.7165,0.573,0.6028,0.7572,0.4619,0.8818,0.8601,0.6515,0.7165,0.6326,0.5405,0.8032,0.6001,0.443,0.5757,0.5053,0.5296,0.3888,0.5107,0.6624,0.4646,1.234,3.6013,0.7924,0.5757,0.4375,0.7382,0.7328,0.7815,0.489,0.6271
9/5/2021,29.264,0.5005,0.526,0.6791,0.9322,0.8067,0.8237,0.5175,0.8003,0.6579,0.4537,0.7833,0.7408,0.5218,0.5303,0.5686,0.4984,0.5005,0.7025,0.6685,0.5962,0.5601,0.5367,0.7174,0.3942,0.475,0.5856,0.7153,0.4346,0.6557,0.5452,0.3602,0.4133,0.3389,0.4133,0.509,0.4941,0.5792,0.6813,0.7676,2.1004,0.441,0.5452,0.5728,0.4452,0.6047,0.4771,0.5494,0.543
9/4/2021,27.9206,0.5272,0.6268,0.6288,0.8579,0.9057,0.8878,0.6786,0.9695,0.5312,0.4216,0.4874,0.5232,0.5133,0.3898,0.4057,0.4954,0.4695,0.5432,0.6189,0.5133,0.6029,0.3659,0.5292,0.6667,0.4535,0.5611,0.7981,0.3858,0.6189,0.575,0.4276,0.4356,0.4097,0.4396,0.3778,0.4197,0.4456,0.6388,0.7773,2.1317,0.4934,0.5551,0.4894,0.5173,0.4774,0.4874,0.4436,0.4017
9/3/2021,31.6536,0.6161,0.7131,0.5144,1.0395,0.8739,0.6634,1.1814,0.9543,0.4458,0.829,0.9236,0.7249,0.5688,0.6161,0.5073,0.4623,0.4954,0.7556,0.7107,0.5924,0.5333,0.7414,0.5262,0.7107,0.6232,0.5096,0.8313,0.4789,0.8455,0.5096,0.3512,0.5428,0.4339,0.5428,0.4718,0.4671,0.7131,0.4245,0.6966,1.872,0.4931,0.46,0.7249,0.6137,0.5333,0.4907,0.6799,0.6445
9/2/2021,22.9933,0.4395,0.3991,0.51,0.7799,0.8968,0.606,0.8159,0.5415,0.603,0.6749,0.6255,0.552,0.4425,0.489,0.5145,0.474,0.4231,0.528,0.3916,0.3751,0.3916,0.5295,0.444,0.459,0.4201,0.3706,0.459,0.3631,0.603,0.4875,0.3436,0.3841,0.3691,0.3211,0.3001,0.3706,0.4485,0.501,0.3337,0.7043,0.4335,0.4635,0.3136,0.3976,0.5295,0.3586,0.4635,0.3481
9/1/2021,35.087,0.5513,0.8791,0.5025,0.9116,1.1689,0.6894,1.1472,1.3043,0.9224,0.5486,0.7192,0.7626,0.7192,0.4809,0.7084,0.684,0.6705,0.7328,0.5946,0.8005,0.5378,0.7084,0.7897,0.8357,0.6597,0.7057,0.5621,0.5432,0.8493,0.6813,0.5053,0.5621,0.5134,0.3671,0.5323,0.619,0.4917,0.5703,0.8114,2.2415,0.7436,0.5892,0.8276,0.7897,0.6136,0.7761,0.5405,0.6217
8/31/2021,28.6669,0.5883,0.7288,0.7205,0.6317,0.6895,0.9375,0.9603,0.7991,0.8363,0.7846,0.7371,0.4581,0.4126,0.4849,0.5387,0.4539,0.5407,0.4746,0.5077,0.5325,0.5924,0.5469,0.4126,0.7143,0.4085,0.5325,0.3837,0.3878,0.7991,0.5717,0.3299,0.4601,0.4663,0.3361,0.4436,0.5056,0.4581,0.6193,0.7561,2.0635,0.4188,0.4333,0.5573,0.394,0.5862,0.6027,0.6007,0.4684
8/30/2021,33.5941,0.6862,0.5915,0.5711,1.2109,0.7144,0.8424,1.2339,0.9268,0.5327,0.6478,0.7041,0.6402,0.6171,0.5992,0.7605,0.7169,0.5992,0.6888,0.676,0.74,0.6222,0.6069,0.6939,0.4968,0.6837,0.6274,0.7016,0.5122,0.7144,0.6785,0.525,0.5301,0.525,0.5531,0.5071,0.5531,0.6734,0.7041,0.7401,2.0119,0.7758,0.4456,0.7144,0.7758,0.6069,0.8475,0.548,0.5199
8/29/2021,25.6809,0.6228,0.5769,0.4177,0.6547,0.8545,0.6299,0.904,0.7484,0.6865,0.4036,0.6387,0.4725,0.4672,0.4124,0.5274,0.4124,0.469,0.5928,0.4354,0.5327,0.5221,0.4177,0.6105,0.4743,0.3505,0.4902,0.7448,0.4001,0.7466,0.416,0.4496,0.3134,0.416,0.4195,0.3134,0.4248,0.5503,0.4301,0.5334,1.347,0.4248,0.6741,0.5892,0.5274,0.4425,0.4655,0.3841,0.3435
8/28/2021,33.4449,0.8639,0.5763,0.5178,1.1005,0.9173,1.0725,1.1132,1.1285,0.8537,0.9351,0.9427,0.5738,0.5,0.6654,0.5712,0.7595,0.7824,0.5331,0.6705,0.6043,0.6603,0.729,0.7112,0.4771,0.4695,0.6628,0.4644,0.5331,0.958,0.6349,0.3422,0.5331,0.36,0.3931,0.5153,0.5738,0.6985,0.7468,0.5642,1.4459,0.8486,0.6501,0.7773,0.6908,0.7392,0.528,0.6069,0.4491
8/27/2021,15.8265,0.3154,0.3115,0.259,0.4492,0.5619,0.3803,0.4962,0.3201,0.3819,0.2661,0.2927,0.2778,0.3263,0.3075,0.3208,0.295,0.2629,0.3545,0.3342,0.3529,0.2684,0.3162,0.3208,0.3091,0.252,0.3287,0.3326,0.2692,0.367,0.3334,0.2919,0.259,0.2567,0.2371,0.2833,0.2755,0.3357,0.2731,0.3582,0.7829,0.3208,0.3138,0.3608,0.3208,0.349,0.288,0.2715,0.2848
8/26/2021,13.2885,0.2888,0.2381,0.2433,0.3433,0.3766,0.3766,0.2915,0.3766,0.3084,0.2983,0.31,0.3142,0.2296,0.2365,0.2619,0.2788,0.2344,0.2566,0.2825,0.2671,0.2402,0.2761,0.2798,0.2931,0.2666,0.2365,0.2941,0.2407,0.2724,0.2418,0.2423,0.2227,0.2486,0.2217,0.2391,0.2375,0.2936,0.2899,0.263,0.4765,0.2587,0.2772,0.2587,0.2375,0.2455,0.2677,0.2719,0.282
8/25/2021,17.1697,0.4078,0.307,0.3758,0.4253,0.3803,0.5298,0.528,0.4766,0.3574,0.4262,0.3748,0.3968,0.307,0.2785,0.3271,0.3363,0.3262,0.2767,0.3473,0.3592,0.2987,0.3712,0.2996,0.3262,0.2895,0.2822,0.3602,0.284,0.472,0.351,0.284,0.3161,0.2639,0.2895,0.2886,0.3061,0.2785,0.3803,0.3662,0.8089,0.3693,0.3152,0.3776,0.307,0.3354,0.3299,0.3189,0.3556
8/24/2021,13.1389,0.2772,0.2407,0.2381,0.3424,0.3619,0.3686,0.3681,0.3167,0.2746,0.3147,0.289,0.2838,0.2458,0.2504,0.2443,0.2859,0.2602,0.27,0.2463,0.2412,0.2597,0.2571,0.308,0.2268,0.2633,0.2669,0.2196,0.2273,0.2972,0.236,0.236,0.2499,0.216,0.2042,0.2458,0.2463,0.2232,0.252,0.3152,0.6446,0.2607,0.2237,0.2422,0.2797,0.2504,0.2592,0.2463,0.2617
8/23/2021,13.2884,0.2576,0.2407,0.2989,0.3555,0.4205,0.3756,0.32,0.3787,0.3084,0.3428,0.3734,0.264,0.2497,0.255,0.2777,0.2909,0.2946,0.2555,0.2592,0.2693,0.2333,0.2381,0.2756,0.2899,0.2751,0.2798,0.2555,0.2254,0.2455,0.2396,0.2476,0.2201,0.2074,0.2201,0.228,0.2338,0.2783,0.2476,0.2702,0.4999,0.2597,0.2513,0.219,0.2217,0.2333,0.3026,0.2772,0.2248
8/22/2021,13.1388,0.2479,0.2895,0.2396,0.3059,0.4036,0.2787,0.3434,0.3517,0.2314,0.2648,0.2895,0.2381,0.272,0.252,0.2864,0.2504,0.253,0.2638,0.2679,0.2479,0.2402,0.2273,0.2391,0.2319,0.2386,0.2396,0.2951,0.2319,0.2787,0.2499,0.215,0.2273,0.2438,0.2273,0.2124,0.233,0.2777,0.2376,0.3674,0.8128,0.2669,0.2247,0.235,0.2787,0.2694,0.235,0.2859,0.2391
8/21/2021,13.1391,0.2808,0.2448,0.2242,0.3512,0.4046,0.2879,0.382,0.3548,0.27,0.2643,0.2777,0.3116,0.2422,0.2242,0.2463,0.2869,0.2504,0.2617,0.2473,0.2381,0.2571,0.2432,0.2684,0.235,0.215,0.2463,0.2823,0.2181,0.2921,0.2494,0.2114,0.2324,0.2253,0.2366,0.2201,0.2515,0.27,0.2443,0.3353,0.7093,0.2448,0.2849,0.2422,0.2648,0.2581,0.236,0.2833,0.2309
8/20/2021,13.5869,0.3002,0.3097,0.2879,0.3125,0.3611,0.2885,0.3292,0.3075,0.2359,0.2628,0.3024,0.2304,0.2521,0.2309,0.2332,0.2723,0.2471,0.2549,0.2723,0.2639,0.2443,0.2209,0.2806,0.2834,0.2527,0.2661,0.2572,0.2259,0.3332,0.2745,0.2382,0.251,0.2108,0.2326,0.2264,0.265,0.2421,0.2555,0.3961,0.9049,0.2471,0.3181,0.2672,0.2577,0.3013,0.2538,0.3013,0.2242
8/19/2021,13.2883,0.2698,0.2492,0.2999,0.3031,0.3486,0.3153,0.3221,0.2994,0.2497,0.3449,0.3052,0.3105,0.2444,0.2486,0.2402,0.2545,0.2534,0.2841,0.2592,0.282,0.2745,0.273,0.2756,0.2761,0.237,0.2238,0.2227,0.2285,0.2513,0.2798,0.2196,0.2307,0.2285,0.2407,0.2206,0.2391,0.2804,0.2518,0.3604,0.79,0.2946,0.2629,0.2407,0.219,0.246,0.2793,0.2301,0.2275
8/18/2021,14.7815,0.3477,0.2779,0.324,0.3355,0.3471,0.3186,0.4128,0.3179,0.3199,0.2928,0.3762,0.2528,0.2575,0.2684,0.3206,0.2718,0.2752,0.3226,0.3186,0.3125,0.2569,0.3192,0.3511,0.2935,0.2433,0.286,0.3728,0.2521,0.343,0.2609,0.2243,0.2704,0.2636,0.2379,0.223,0.284,0.2779,0.2718,0.3501,0.757,0.3125,0.2691,0.2833,0.2908,0.3111,0.3362,0.3057,0.2636
8/17/2021,13.1387,0.2381,0.3054,0.2391,0.2921,0.3059,0.3332,0.2515,0.2951,0.2535,0.309,0.3029,0.309,0.2463,0.2232,0.2335,0.2386,0.2319,0.2684,0.2638,0.2694,0.271,0.254,0.309,0.2335,0.2134,0.273,0.3188,0.235,0.2581,0.2761,0.2062,0.2186,0.2458,0.2073,0.2422,0.2396,0.2396,0.2294,0.3408,0.7269,0.2915,0.2987,0.2623,0.2545,0.2905,0.307,0.2623,0.2237
8/16/2021,13.5869,0.2505,0.3153,0.3147,0.3466,0.4075,0.3371,0.3103,0.3611,0.2784,0.2901,0.2644,0.2968,0.2661,0.2421,0.2968,0.2583,0.3008,0.2622,0.2823,0.2723,0.2572,0.2225,0.3136,0.3063,0.2778,0.2544,0.294,0.2304,0.2376,0.2611,0.2443,0.2426,0.2192,0.2354,0.2158,0.2432,0.2594,0.2767,0.2918,0.5695,0.2885,0.2494,0.3013,0.2778,0.2421,0.2924,0.2667,0.2622
8/15/2021,11.6459,0.2305,0.2567,0.2173,0.3176,0.2666,0.3125,0.2276,0.2946,0.2658,0.2381,0.2276,0.2133,0.2392,0.2352,0.2137,0.244,0.2181,0.2345,0.2265,0.2564,0.2192,0.2246,0.2578,0.2487,0.2071,0.2228,0.264,0.2057,0.2684,0.2396,0.1947,0.1944,0.2228,0.2177,0.2166,0.2133,0.2483,0.2319,0.2733,0.5099,0.2276,0.2542,0.209,0.2232,0.2308,0.2199,0.2181,0.2465
8/14/2021,14.6324,0.2688,0.3371,0.3358,0.3955,0.4114,0.3046,0.296,0.4306,0.3166,0.3497,0.4054,0.3504,0.2522,0.2423,0.3219,0.2655,0.2841,0.3053,0.29,0.2841,0.2841,0.237,0.2967,0.2409,0.2257,0.3,0.2482,0.2476,0.2721,0.2914,0.2244,0.239,0.2555,0.231,0.2363,0.2608,0.3338,0.2469,0.3722,0.828,0.3444,0.2423,0.2715,0.3132,0.3185,0.2814,0.2847,0.2575
8/13/2021,13.139,0.2998,0.2628,0.3095,0.3414,0.3686,0.2941,0.2987,0.346,0.2484,0.2998,0.3214,0.2453,0.2253,0.2545,0.2391,0.2304,0.2766,0.2623,0.291,0.2854,0.2489,0.2576,0.2448,0.2417,0.2268,0.2196,0.2766,0.2314,0.3193,0.2509,0.2422,0.2134,0.2288,0.2227,0.2479,0.235,0.252,0.2874,0.3034,0.6066,0.2391,0.2787,0.2247,0.27,0.27,0.2905,0.2854,0.2232
8/12/2021,13.2883,0.2724,0.2656,0.247,0.3089,0.3724,0.2693,0.3904,0.3819,0.3539,0.2719,0.2724,0.2983,0.2291,0.2756,0.2582,0.2613,0.255,0.2312,0.274,0.2396,0.2682,0.2233,0.2708,0.227,0.2433,0.2243,0.2402,0.2428,0.337,0.2719,0.2116,0.2079,0.2444,0.2158,0.209,0.2381,0.2613,0.2909,0.3213,0.6641,0.2894,0.265,0.2391,0.2936,0.2703,0.2476,0.2677,0.274
8/11/2021,29.7123,0.7442,0.7377,0.6009,0.792,0.7051,1.0504,0.8767,0.9548,0.6422,0.5379,0.5401,0.5662,0.4468,0.5249,0.5314,0.4598,0.564,0.5445,0.5032,0.4706,0.6422,0.5727,0.7138,0.4511,0.6118,0.6378,0.805,0.412,0.6574,0.4923,0.3621,0.475,0.3469,0.488,0.3447,0.4511,0.577,0.5314,0.6711,1.79,0.5879,0.7116,0.6335,0.6574,0.5423,0.577,0.5901,0.5857
8/10/2021,24.6359,0.4312,0.5044,0.358,0.8138,0.8787,0.7406,0.4761,0.5992,0.6474,0.5792,0.6957,0.4961,0.4312,0.506,0.368,0.5659,0.4229,0.5027,0.4278,0.4162,0.3729,0.4861,0.4794,0.3829,0.3413,0.3979,0.6391,0.3713,0.4861,0.4179,0.2914,0.2864,0.348,0.3397,0.4229,0.4628,0.546,0.4961,0.5768,1.4866,0.4961,0.5726,0.5759,0.5676,0.4062,0.5593,0.5177,0.4478
8/9/2021,14.7815,0.3335,0.3287,0.3382,0.3572,0.3749,0.4305,0.2982,0.3511,0.2711,0.2609,0.4291,0.3043,0.284,0.3084,0.2847,0.3084,0.2738,0.3064,0.2738,0.2677,0.3186,0.2894,0.3559,0.282,0.2691,0.2487,0.324,0.2609,0.3694,0.2616,0.2569,0.2555,0.2385,0.2711,0.2223,0.2657,0.2684,0.2406,0.33,0.6923,0.3016,0.2935,0.2352,0.3281,0.3091,0.3152,0.3131,0.2799
8/8/2021,28.219,0.6802,0.4983,0.7045,0.9997,0.6681,0.6054,0.8157,0.6863,0.8764,0.8157,0.6054,0.7207,0.5205,0.5205,0.6357,0.47,0.5306,0.5832,0.6256,0.4578,0.5609,0.5043,0.5205,0.3931,0.3749,0.563,0.6014,0.3951,0.7773,0.5407,0.4841,0.4396,0.4093,0.4497,0.3931,0.5043,0.4255,0.4073,0.5808,1.4994,0.6034,0.4437,0.5023,0.5892,0.5448,0.563,0.5751,0.5529
8/7/2021,34.3405,0.8094,0.7435,0.8884,1.1439,0.7672,0.9516,0.6882,1.2256,0.5539,0.6935,1.0781,0.8568,0.5934,0.6856,0.5328,0.5828,0.5749,0.6777,0.6355,0.7751,0.6671,0.6724,0.6461,0.6408,0.6645,0.5275,0.6777,0.459,0.6803,0.6803,0.4749,0.5249,0.4854,0.4696,0.4353,0.5697,0.7751,0.4801,0.9004,2.5279,0.8173,0.4564,0.7277,0.4749,0.546,0.7593,0.6487,0.4933
8/6/2021,25.9792,0.4885,0.5712,0.4939,0.5964,0.9883,0.8535,0.8193,0.893,0.5191,0.5982,0.7348,0.5496,0.4669,0.377,0.3878,0.377,0.4705,0.5676,0.555,0.609,0.4903,0.5155,0.4382,0.5388,0.377,0.368,0.4561,0.3537,0.6773,0.4687,0.2835,0.3483,0.2961,0.4238,0.3303,0.3968,0.377,0.4741,0.6628,1.7633,0.582,0.6611,0.5478,0.5568,0.4076,0.4022,0.4705,0.395
8/5/2021,25.8303,0.4306,0.5304,0.6623,0.8121,0.8656,0.5768,0.9102,0.8371,0.7354,0.6552,0.862,0.4591,0.4323,0.4306,0.3753,0.3753,0.5661,0.5768,0.5732,0.4626,0.5447,0.3396,0.5928,0.5554,0.5268,0.4519,0.3557,0.4163,0.7248,0.4858,0.3057,0.3717,0.4288,0.361,0.3949,0.4092,0.4555,0.4092,0.4579,1.1039,0.6481,0.4038,0.3771,0.443,0.5447,0.4858,0.575,0.5322
8/4/2021,25.2328,0.4286,0.4872,0.6216,0.6406,0.5286,0.856,0.7853,0.8836,0.6475,0.4631,0.5992,0.4769,0.5199,0.3562,0.513,0.501,0.451,0.5234,0.4786,0.4355,0.5303,0.37,0.6302,0.6027,0.4596,0.3528,0.6216,0.3614,0.482,0.4114,0.3545,0.3614,0.4407,0.401,0.3993,0.4062,0.4338,0.4682,0.6316,1.6628,0.5492,0.3338,0.3355,0.5079,0.5803,0.5165,0.4372,0.3941
8/3/2021,27.4726,0.4101,0.6379,0.4821,0.7197,0.7392,0.9027,0.9981,0.5425,0.4023,0.6243,0.5522,0.4588,0.4899,0.4373,0.488,0.4821,0.5736,0.4062,0.5464,0.4802,0.56,0.488,0.4081,0.5483,0.5269,0.5697,0.8132,0.3984,0.6067,0.5269,0.4802,0.4276,0.3049,0.3984,0.4003,0.4276,0.4724,0.4704,0.9524,2.6952,0.5444,0.4081,0.488,0.4471,0.4101,0.4802,0.4802,0.3653
8/2/2021,29.4135,0.4493,0.5799,0.6806,1.0104,0.9718,0.5992,0.7791,1.0361,0.7191,0.7727,0.4986,0.7298,0.5928,0.55,0.5799,0.52,0.6827,0.4557,0.6442,0.6249,0.6099,0.6528,0.747,0.6099,0.3851,0.4643,0.4557,0.4322,0.8155,0.6014,0.3337,0.368,0.4536,0.4643,0.5071,0.4536,0.6356,0.5543,0.552,1.4066,0.6699,0.4193,0.6335,0.6592,0.6099,0.4665,0.4301,0.5457
8/1/2021,22.2468,0.5057,0.4801,0.4872,0.5926,0.5456,0.7608,0.7836,0.6325,0.5385,0.5941,0.5456,0.4345,0.4089,0.4602,0.3989,0.4801,0.4231,0.359,0.5057,0.3932,0.3775,0.4815,0.4231,0.4502,0.3234,0.4359,0.4174,0.3148,0.3476,0.4003,0.3234,0.3291,0.2849,0.3732,0.322,0.3804,0.406,0.4003,0.496,1.2264,0.3362,0.4274,0.4559,0.3049,0.3889,0.5157,0.5072,0.4673
7/31/2021,30.3094,0.6129,0.7199,0.4768,0.9408,1.0992,0.6709,0.9274,0.5972,0.6865,0.7757,0.9051,0.5972,0.5459,0.5236,0.5214,0.6999,0.6441,0.5593,0.682,0.6017,0.5281,0.6218,0.5928,0.6374,0.5058,0.4946,0.6039,0.4009,0.4812,0.6084,0.3808,0.4902,0.4522,0.4232,0.4277,0.5348,0.6842,0.6419,0.7162,1.9351,0.682,0.3831,0.6084,0.4991,0.5682,0.5615,0.6173,0.4411
7/30/2021,17.1701,0.3207,0.3666,0.273,0.5234,0.6133,0.4895,0.5087,0.3968,0.4564,0.3675,0.3326,0.3308,0.3418,0.3116,0.3666,0.2804,0.2822,0.2905,0.3904,0.3171,0.3693,0.2886,0.2758,0.3638,0.2978,0.3684,0.2758,0.2675,0.4326,0.3473,0.2657,0.2932,0.2354,0.2345,0.2923,0.3235,0.2721,0.3308,0.4417,1.0517,0.2905,0.3941,0.3336,0.2951,0.3537,0.3171,0.3253,0.273
7/29/2021,22.5452,0.5187,0.4227,0.5012,0.7165,0.7412,0.5681,0.5507,0.7528,0.6568,0.3776,0.3543,0.4285,0.4067,0.3281,0.411,0.4779,0.4343,0.4198,0.4954,0.4212,0.4052,0.491,0.4096,0.475,0.4328,0.4212,0.5376,0.3703,0.3819,0.4488,0.3281,0.3107,0.3441,0.3179,0.3048,0.3587,0.3427,0.347,0.537,1.3585,0.4678,0.4328,0.4372,0.4939,0.4227,0.4867,0.5143,0.3834
7/28/2021,17.4688,0.4261,0.3352,0.3381,0.4441,0.5284,0.4583,0.4574,0.3589,0.4005,0.4469,0.3778,0.3267,0.2926,0.285,0.3826,0.3475,0.2973,0.3295,0.3229,0.3977,0.2793,0.2888,0.3901,0.3598,0.25,0.2945,0.3078,0.2623,0.4848,0.3684,0.3172,0.3096,0.3172,0.2377,0.2793,0.3021,0.3826,0.374,0.4197,0.9808,0.3068,0.2898,0.357,0.3702,0.3788,0.3059,0.3182,0.3826
7/27/2021,19.1116,0.38,0.4633,0.4533,0.4989,0.5556,0.47,0.4356,0.5911,0.3367,0.36,0.5611,0.4144,0.3133,0.4033,0.3956,0.3744,0.3856,0.3022,0.4267,0.3233,0.4144,0.3611,0.3556,0.3656,0.2878,0.3456,0.3689,0.3178,0.31,0.3878,0.2711,0.3367,0.2456,0.3256,0.2778,0.3433,0.3556,0.3667,0.492,1.2136,0.3722,0.3067,0.3822,0.3956,0.3411,0.3656,0.3856,0.3756
7/26/2021,20.1566,0.4232,0.4086,0.4718,0.5715,0.4378,0.6687,0.4852,0.5569,0.5253,0.3928,0.5532,0.3697,0.4134,0.3563,0.332,0.3101,0.4609,0.4426,0.3551,0.4244,0.349,0.3162,0.4609,0.3369,0.3077,0.3211,0.3296,0.3077,0.5083,0.3672,0.3587,0.366,0.3065,0.3369,0.2992,0.3283,0.3636,0.4171,0.4073,0.9411,0.4973,0.4426,0.4438,0.3332,0.4037,0.4742,0.4523,0.4207
7/25/2021,24.0384,0.6093,0.4457,0.4987,0.5981,0.9798,0.5195,0.6975,0.4682,0.659,0.72,0.7264,0.3671,0.3447,0.4169,0.465,0.4826,0.4313,0.4137,0.5195,0.396,0.4409,0.5243,0.465,0.4329,0.3655,0.4826,0.619,0.3543,0.5468,0.3832,0.3254,0.303,0.3303,0.4201,0.3014,0.3752,0.4922,0.4955,0.6146,1.6081,0.4121,0.4169,0.4489,0.396,0.4249,0.3976,0.4233,0.4794
7/24/2021,19.1114,0.3689,0.3833,0.44,0.4133,0.4767,0.53,0.4922,0.3922,0.3056,0.31,0.3656,0.3022,0.3833,0.3333,0.37,0.35,0.37,0.3944,0.3367,0.42,0.3822,0.3067,0.4533,0.29,0.2656,0.2889,0.4578,0.3189,0.3744,0.3778,0.3411,0.34,0.2967,0.3056,0.3233,0.3656,0.4156,0.3311,0.619,1.6222,0.35,0.4156,0.4244,0.3756,0.3167,0.3278,0.3411,0.3467
7/23/2021,17.3198,0.2878,0.3577,0.3037,0.3736,0.5003,0.4006,0.5087,0.3792,0.45,0.4304,0.5096,0.354,0.34,0.2934,0.3764,0.3046,0.3549,0.4006,0.3018,0.3885,0.3652,0.3316,0.3717,0.3587,0.3223,0.2636,0.4099,0.2794,0.3717,0.3279,0.2589,0.2822,0.2608,0.2794,0.2571,0.3055,0.3354,0.3717,0.4177,0.9744,0.3521,0.286,0.3223,0.3493,0.3158,0.272,0.354,0.3074
7/22/2021,21.7985,0.3668,0.3971,0.4178,0.6827,0.8359,0.731,0.5517,0.7255,0.4068,0.5227,0.5724,0.3281,0.3709,0.3957,0.484,0.3709,0.4316,0.3888,0.364,0.4371,0.3281,0.4357,0.3654,0.364,0.4164,0.3267,0.3681,0.3405,0.3819,0.3833,0.2605,0.375,0.2881,0.3019,0.3902,0.3861,0.4564,0.3461,0.6593,1.7521,0.3198,0.3943,0.4068,0.4012,0.4123,0.3764,0.4081,0.3723
7/21/2021,22.6946,0.5546,0.415,0.3533,0.5766,0.4958,0.6942,0.7618,0.4415,0.584,0.5237,0.7104,0.5443,0.3562,0.4326,0.4503,0.4224,0.4899,0.4444,0.5076,0.4473,0.4811,0.3709,0.4106,0.5076,0.4385,0.3827,0.4238,0.3724,0.5282,0.44,0.318,0.3797,0.3518,0.3019,0.2989,0.3915,0.44,0.3401,0.5363,1.3561,0.4194,0.4003,0.3107,0.4459,0.4797,0.5443,0.4415,0.3768
7/20/2021,24.0382,0.4425,0.5692,0.5227,0.6029,0.6558,0.7906,0.8435,0.7697,0.4457,0.6045,0.4682,0.5917,0.3543,0.3944,0.4554,0.5564,0.4137,0.473,0.558,0.404,0.3992,0.3784,0.6173,0.3976,0.404,0.4473,0.3591,0.3335,0.6943,0.3848,0.3495,0.3447,0.3575,0.2854,0.3992,0.4137,0.4554,0.4072,0.502,1.2459,0.5163,0.4377,0.5612,0.3864,0.5644,0.4955,0.4538,0.5307
7/19/2021,24.6355,0.4561,0.5643,0.4711,0.6674,0.6391,0.8421,0.8604,0.7539,0.4778,0.7273,0.7156,0.358,0.4927,0.3546,0.4761,0.3796,0.5659,0.4478,0.4262,0.5726,0.4195,0.4877,0.4079,0.4761,0.4495,0.3912,0.6092,0.3846,0.709,0.5027,0.348,0.3829,0.3314,0.3929,0.4245,0.3779,0.4095,0.3946,0.4987,1.2353,0.4761,0.328,0.5376,0.3846,0.4595,0.5792,0.5543,0.4345
7/18/2021,23.8891,0.5766,0.3796,0.4892,0.7101,0.8515,0.6545,0.6116,0.5893,0.5766,0.459,0.6513,0.3685,0.3859,0.4209,0.4956,0.548,0.5019,0.3843,0.4209,0.405,0.4987,0.3462,0.6132,0.3287,0.3986,0.4161,0.3526,0.3478,0.5178,0.4082,0.3462,0.3065,0.3557,0.3446,0.3113,0.3939,0.3669,0.3414,0.7163,1.9353,0.5655,0.4288,0.4527,0.4209,0.5448,0.4956,0.4082,0.4463
7/17/2021,25.9794,0.4885,0.5604,0.5514,0.6144,0.8481,0.7654,0.9092,0.573,0.3752,0.7654,0.4813,0.5982,0.4669,0.4813,0.4292,0.3806,0.4723,0.422,0.5712,0.5388,0.3932,0.3932,0.4723,0.564,0.359,0.4957,0.4687,0.3824,0.4238,0.4705,0.3285,0.3285,0.422,0.4094,0.3626,0.4238,0.5586,0.3644,0.8303,2.3024,0.6251,0.5137,0.4921,0.4292,0.4256,0.5299,0.5191,0.3986
7/16/2021,30.1599,0.6963,0.7052,0.539,0.9755,0.991,1.0309,1.1151,0.765,0.6431,0.8891,0.4858,0.7295,0.5301,0.4836,0.5788,0.4991,0.5057,0.5412,0.5655,0.5788,0.6276,0.7029,0.4326,0.5323,0.5988,0.4193,0.7827,0.4636,0.6143,0.5323,0.4836,0.355,0.4326,0.3373,0.3572,0.5589,0.4126,0.6187,0.6274,1.6494,0.6121,0.7871,0.4016,0.6187,0.5788,0.7007,0.6409,0.4326
7/15/2021,27.1739,0.5003,0.4658,0.483,0.7515,0.7112,0.7361,0.6748,0.5732,0.6882,0.8071,0.6901,0.6729,0.3891,0.391,0.508,0.5616,0.5847,0.6326,0.4811,0.577,0.4063,0.3642,0.4965,0.3546,0.483,0.5482,0.7227,0.3948,0.6383,0.4562,0.391,0.4274,0.3603,0.3373,0.4696,0.4888,0.4581,0.4754,0.8567,2.3872,0.5616,0.3833,0.4083,0.3814,0.6077,0.4466,0.531,0.4581
7/14/2021,26.8756,0.4762,0.6687,0.4498,0.7575,0.9991,0.6612,0.4989,0.8009,0.4064,0.7461,0.4668,0.4309,0.4706,0.4234,0.429,0.4158,0.4253,0.4611,0.6234,0.5498,0.5121,0.6216,0.4347,0.4385,0.4989,0.5725,0.7877,0.4309,0.6952,0.4347,0.3498,0.3441,0.4064,0.3498,0.4026,0.4989,0.4102,0.6102,0.7229,1.9566,0.6801,0.7103,0.3573,0.4139,0.5083,0.6706,0.4706,0.4253
7/13/2021,28.3681,0.6861,0.6087,0.5414,0.6575,0.8714,0.5618,0.6148,0.8551,0.8979,0.5476,0.6596,0.4294,0.5353,0.4152,0.5129,0.5068,0.5211,0.5638,0.6188,0.629,0.6046,0.5353,0.4803,0.6025,0.3724,0.5353,0.4376,0.3704,0.572,0.4579,0.4722,0.464,0.4233,0.4681,0.405,0.5048,0.5089,0.6311,0.7997,2.2039,0.6453,0.6799,0.5557,0.405,0.4457,0.4518,0.5964,0.5048
7/12/2021,31.6533,0.6681,0.5167,0.7793,0.9046,1.2358,0.8644,0.7462,0.8739,0.829,0.9307,1.0726,0.7651,0.5073,0.46,0.6634,0.661,0.538,0.6776,0.564,0.6303,0.6326,0.4576,0.4481,0.6989,0.5475,0.5167,0.6279,0.5073,0.8313,0.6539,0.4269,0.5262,0.4671,0.4813,0.538,0.5404,0.5546,0.6042,0.5727,1.4732,0.4458,0.5451,0.6208,0.7012,0.5546,0.5877,0.7154,0.4883
7/11/2021,23.1423,0.5059,0.3771,0.3983,0.7633,0.6103,0.6119,0.6785,0.7996,0.4392,0.4953,0.4211,0.5089,0.4089,0.4044,0.4377,0.3877,0.3923,0.3787,0.5346,0.3817,0.4453,0.4801,0.4241,0.3226,0.3544,0.3771,0.6527,0.3499,0.3665,0.412,0.2681,0.3862,0.3105,0.3499,0.3983,0.4256,0.5392,0.4544,0.5494,1.3982,0.577,0.6043,0.4983,0.3484,0.4332,0.5846,0.5134,0.3832
7/10/2021,18.0657,0.4072,0.3066,0.3942,0.52,0.4103,0.4958,0.374,0.3831,0.4807,0.2985,0.4052,0.3247,0.3237,0.3831,0.3358,0.3358,0.377,0.3791,0.372,0.3257,0.2935,0.3247,0.4022,0.3448,0.2673,0.3398,0.4656,0.2804,0.4767,0.3005,0.3066,0.2663,0.2995,0.3207,0.3005,0.3287,0.3388,0.2885,0.4931,1.2173,0.2834,0.4002,0.4062,0.3609,0.3116,0.4234,0.3116,0.2804
7/9/2021,22.247,0.5057,0.3861,0.396,0.4858,0.7907,0.5314,0.6311,0.4616,0.4032,0.5171,0.4602,0.5627,0.3419,0.4074,0.3704,0.4089,0.359,0.5029,0.416,0.4943,0.4174,0.4359,0.4317,0.3476,0.3348,0.4046,0.4858,0.3362,0.5399,0.4103,0.3647,0.3533,0.2835,0.3419,0.3433,0.3975,0.416,0.4958,0.6446,1.7047,0.396,0.3519,0.3077,0.4587,0.5129,0.463,0.3505,0.4844
7/8/2021,22.9936,0.5295,0.3946,0.4995,0.615,0.4845,0.4395,0.4815,0.516,0.6704,0.603,0.4201,0.3556,0.3856,0.3661,0.3796,0.4425,0.51,0.4111,0.3856,0.471,0.5025,0.4815,0.441,0.3976,0.429,0.3586,0.573,0.3271,0.561,0.462,0.3736,0.4066,0.2881,0.3481,0.4051,0.4201,0.3736,0.3436,0.8012,2.2085,0.3526,0.465,0.3256,0.4126,0.4395,0.4156,0.3406,0.3796
7/7/2021,30.7575,0.747,0.6924,0.731,1.0815,0.9404,0.6446,0.7948,1.036,0.7606,0.458,0.4625,0.5217,0.549,0.4329,0.4489,0.5058,0.6582,0.6059,0.64,0.5149,0.6355,0.4329,0.5012,0.5649,0.6036,0.4215,0.5126,0.4352,0.7242,0.4921,0.3533,0.4193,0.376,0.376,0.3715,0.4557,0.4147,0.5353,1.0391,2.9741,0.6605,0.4284,0.5991,0.5672,0.6218,0.7857,0.5991,0.6309
7/6/2021,24.6358,0.3696,0.4046,0.3846,0.7972,0.6724,0.6408,0.6574,0.531,0.6641,0.4412,0.5593,0.4345,0.4129,0.4778,0.3813,0.3829,0.4977,0.4029,0.4561,0.551,0.5393,0.3896,0.4611,0.4345,0.4062,0.4229,0.4345,0.3796,0.5243,0.3996,0.2998,0.4195,0.2914,0.3064,0.4345,0.3796,0.541,0.506,0.8738,2.4423,0.4195,0.4262,0.4378,0.5659,0.3746,0.501,0.4245,0.4811
7/5/2021,31.3547,0.7062,0.496,0.6945,1.0471,0.7949,0.949,0.7529,0.9257,0.5941,0.8113,0.8766,0.7412,0.6338,0.5263,0.6828,0.4936,0.6081,0.4586,0.6291,0.6127,0.4399,0.3932,0.7272,0.6594,0.4236,0.5333,0.5053,0.4469,0.5006,0.531,0.482,0.4025,0.3722,0.517,0.4096,0.4679,0.4773,0.5123,1.0083,2.875,0.5287,0.5567,0.6548,0.5427,0.5473,0.7645,0.6338,0.4072
7/4/2021,36.58,0.7611,0.5639,0.5496,1.1527,1.2499,1.1298,1.0298,1.1012,1.1927,0.6154,1.287,0.5268,0.5239,0.6354,0.8069,0.7583,0.6182,0.5582,0.6125,0.6068,0.5525,0.5211,0.5811,0.4525,0.5811,0.7497,0.864,0.5582,0.5496,0.7211,0.6325,0.6039,0.421,0.5496,0.4753,0.6182,0.6783,0.7154,0.9587,2.7156,0.9412,0.7326,0.4525,0.5211,0.884,0.7697,0.784,0.7154
7/3/2021,25.3822,0.4795,0.4326,0.6082,0.6395,0.7872,0.8533,0.8307,0.8533,0.3579,0.4761,0.3944,0.6395,0.4587,0.483,0.4344,0.4795,0.5334,0.3787,0.5543,0.5543,0.3718,0.4761,0.5751,0.4135,0.3422,0.4691,0.6777,0.4065,0.6325,0.4361,0.3022,0.3492,0.3648,0.3196,0.4083,0.4709,0.4378,0.3596,0.7411,2.0153,0.3683,0.4569,0.4761,0.5439,0.4274,0.37,0.5508,0.3909
7/2/2021,28.6668,0.4477,0.5428,0.6193,0.6399,0.7929,0.8859,0.8693,0.6193,0.6689,0.5283,0.9499,0.6709,0.4891,0.6131,0.4188,0.4395,0.5469,0.5428,0.5862,0.6069,0.6234,0.4353,0.7288,0.5139,0.5552,0.5759,0.5531,0.4271,0.5469,0.4581,0.3134,0.4539,0.3258,0.3981,0.4994,0.4746,0.6069,0.6482,0.7316,1.9846,0.6523,0.3795,0.5366,0.5635,0.5118,0.5015,0.5945,0.5945
7/1/2021,24.785,0.5477,0.5678,0.3866,0.8011,1.0143,0.8112,0.6199,0.5947,0.5477,0.6014,0.4403,0.5275,0.3866,0.3664,0.4822,0.3782,0.3966,0.4369,0.4554,0.4873,0.4923,0.5376,0.6182,0.3479,0.3866,0.3496,0.5242,0.3479,0.5678,0.4772,0.4151,0.3614,0.3479,0.4218,0.3698,0.405,0.4419,0.4873,0.633,1.6675,0.4235,0.3614,0.5594,0.3664,0.5359,0.4419,0.5343,0.5124
6/30/2021,31.0553,0.7408,0.6785,0.697,0.8606,1.188,0.69,0.7269,1.1027,0.7753,0.9413,0.9021,0.7984,0.5217,0.5678,0.6923,0.4572,0.501,0.7177,0.7154,0.7315,0.6716,0.4964,0.5379,0.6647,0.4964,0.6324,0.856,0.4364,0.6531,0.6439,0.5125,0.4871,0.5286,0.4802,0.3903,0.5655,0.4756,0.6555,0.4678,1.1359,0.4871,0.4595,0.3949,0.5217,0.6531,0.6393,0.5471,0.5586
6/29/2021,22.0976,0.357,0.4148,0.3894,0.4923,0.5163,0.7024,0.6629,0.5022,0.5388,0.3739,0.3965,0.3711,0.3584,0.4303,0.3612,0.419,0.4007,0.4317,0.3824,0.4599,0.3542,0.3147,0.4655,0.3316,0.3894,0.45,0.3076,0.364,0.5995,0.4655,0.2794,0.3147,0.3415,0.3372,0.2809,0.3979,0.4176,0.4585,0.7893,2.1704,0.4359,0.4613,0.5135,0.3161,0.3979,0.4444,0.3443,0.3936
6/28/2021,29.5627,0.6755,0.5828,0.5225,0.9451,1.0119,1.0011,0.5289,1.04,0.4362,0.5915,0.7812,0.6065,0.5526,0.4384,0.6475,0.4448,0.6324,0.4405,0.5893,0.5958,0.5419,0.572,0.7596,0.5074,0.3629,0.406,0.626,0.3888,0.5138,0.4858,0.4082,0.4448,0.337,0.4405,0.3629,0.5268,0.6561,0.5936,0.7321,1.9861,0.6454,0.7532,0.503,0.6885,0.5462,0.7467,0.5332,0.4297
6/27/2021,35.6842,0.6954,0.6954,0.6539,1.036,1.1079,0.7065,1.3017,0.7065,0.4767,0.8062,0.8837,0.521,0.6096,0.701,0.737,0.7813,0.5404,0.8006,0.8089,0.8477,0.7065,0.7397,0.6484,0.5349,0.5958,0.4823,0.474,0.557,0.8532,0.6345,0.5542,0.3992,0.5875,0.4435,0.5183,0.5459,0.8311,0.6207,1.0678,3.0666,0.737,0.4878,0.5321,0.7923,0.6013,0.8532,0.7536,0.6484
6/26/2021,28.8163,0.6288,0.6663,0.7079,1.0201,0.6475,0.762,0.6558,1.0201,0.6912,0.7162,0.864,0.6912,0.5101,0.5143,0.4144,0.5372,0.5393,0.4831,0.5018,0.6413,0.4727,0.506,0.4498,0.404,0.3956,0.3998,0.6017,0.4165,0.7016,0.583,0.3873,0.3561,0.4456,0.3603,0.3665,0.5081,0.4914,0.5934,0.7599,2.0756,0.6787,0.7662,0.3686,0.3936,0.5705,0.4706,0.5101,0.5705
6/25/2021,29.4136,0.4579,0.5178,0.6977,0.7577,0.8797,0.687,0.9161,0.7898,0.5478,0.6099,0.4922,0.732,0.4408,0.505,0.4301,0.4429,0.4686,0.6335,0.6164,0.6399,0.4151,0.6271,0.5114,0.5178,0.5136,0.4665,0.6956,0.4729,0.5842,0.52,0.368,0.3465,0.3508,0.4301,0.3915,0.4643,0.5178,0.6806,1.0754,3.091,0.7234,0.3808,0.4236,0.4151,0.5157,0.5264,0.6356,0.49
6/24/2021,25.9794,0.5928,0.431,0.3878,0.5838,0.9865,0.5712,0.6989,0.8139,0.4022,0.4561,0.4885,0.4723,0.4777,0.5496,0.4687,0.5281,0.5424,0.4166,0.5083,0.431,0.3824,0.5874,0.5352,0.6144,0.3698,0.413,0.3824,0.3824,0.5784,0.4921,0.4292,0.3842,0.3141,0.3662,0.3249,0.4759,0.4543,0.5874,0.919,2.5877,0.4993,0.4705,0.4903,0.3357,0.4004,0.4076,0.4382,0.5496
6/23/2021,26.1292,0.609,0.415,0.5401,0.8139,0.9952,0.6453,0.6126,0.6217,0.5782,0.7196,0.8102,0.5365,0.3788,0.502,0.5528,0.3897,0.5582,0.4078,0.5619,0.4368,0.4495,0.4622,0.4912,0.4223,0.328,0.4495,0.551,0.3842,0.7812,0.5002,0.3643,0.4495,0.3262,0.3534,0.406,0.4622,0.4513,0.5075,0.6205,1.6272,0.435,0.6616,0.4332,0.5746,0.5891,0.4477,0.4513,0.464
6/22/2021,33.8923,0.8062,0.7285,0.511,1.148,1.0677,1.0444,0.7363,0.9512,0.6871,1.0185,1.1428,0.625,0.5887,0.7026,0.4722,0.7674,0.5369,0.6146,0.6949,0.7104,0.4644,0.7441,0.6198,0.5835,0.4722,0.6638,0.5654,0.4696,0.8839,0.5861,0.4981,0.3686,0.4593,0.4644,0.4126,0.5059,0.77,0.5525,0.759,2.0729,0.8243,0.6949,0.7959,0.7674,0.656,0.6172,0.5395,0.5266
6/21/2021,29.4138,0.6378,0.5007,0.4022,0.7256,0.7277,0.899,0.7941,1.0339,0.7791,0.5371,0.899,0.6078,0.505,0.4301,0.6378,0.6378,0.4515,0.6292,0.5029,0.6035,0.6228,0.4258,0.505,0.6142,0.475,0.5735,0.475,0.3851,0.8904,0.4836,0.4215,0.4301,0.4943,0.4579,0.3808,0.4408,0.5842,0.4643,0.7261,1.967,0.4665,0.7727,0.5971,0.6249,0.6249,0.5564,0.4343,0.5778
6/20/2021,23.7395,0.5129,0.4925,0.3839,0.7191,0.6735,0.6121,0.5366,0.5224,0.5318,0.6955,0.5617,0.5381,0.472,0.3555,0.483,0.4799,0.4956,0.5318,0.4783,0.5161,0.4358,0.5004,0.5806,0.3492,0.3855,0.4374,0.6546,0.3398,0.6593,0.4248,0.3807,0.4106,0.3162,0.2894,0.3351,0.4453,0.4248,0.5428,0.501,1.2426,0.5413,0.3933,0.4201,0.4358,0.4453,0.5208,0.3965,0.3382
6/19/2021,31.6529,0.8029,0.6279,0.7462,0.7793,1.2098,0.978,1.056,0.9165,0.441,0.6705,1.0868,0.5475,0.5569,0.5286,0.5309,0.5877,0.5025,0.4694,0.5569,0.5735,0.6941,0.6255,0.4765,0.5853,0.4103,0.4718,0.7675,0.5002,0.8597,0.6066,0.4883,0.4245,0.46,0.4032,0.4363,0.5782,0.6847,0.6728,0.6304,1.659,0.4694,0.7154,0.6445,0.486,0.6042,0.7698,0.7107,0.6492
6/18/2021,26.2777,0.4207,0.6309,0.5066,0.9161,0.6931,0.651,0.651,0.8612,0.4207,0.6492,0.5761,0.5487,0.4865,0.5469,0.3823,0.4079,0.4481,0.5139,0.5322,0.5213,0.4463,0.4591,0.4043,0.6127,0.4829,0.4993,0.7644,0.3951,0.4518,0.4792,0.3111,0.4354,0.3604,0.3074,0.3293,0.4774,0.5761,0.4152,0.6793,1.8163,0.6309,0.6675,0.4756,0.5231,0.4134,0.4847,0.6053,0.4098
6/17/2021,24.4862,0.5854,0.5492,0.5046,0.6959,0.5145,0.8476,0.6151,0.6382,0.3925,0.7272,0.5623,0.5772,0.4799,0.4189,0.381,0.4206,0.4865,0.4173,0.4403,0.4321,0.5244,0.4024,0.442,0.4469,0.503,0.4882,0.6777,0.3612,0.5327,0.3909,0.4337,0.3777,0.3299,0.3694,0.3678,0.4024,0.3546,0.4568,0.5919,1.5351,0.5244,0.4733,0.5607,0.4255,0.3892,0.6118,0.4486,0.3777
6/16/2021,30.608,0.7138,0.6392,0.438,1.0846,0.6867,0.8856,0.8449,0.7138,0.612,0.8336,0.7228,0.6098,0.5894,0.4854,0.6889,0.5781,0.6053,0.6753,0.5623,0.6527,0.6279,0.5849,0.4809,0.6188,0.6188,0.5827,0.716,0.4651,0.56,0.5962,0.5035,0.4493,0.4764,0.49,0.4651,0.5578,0.7364,0.6821,0.5788,1.4931,0.655,0.5759,0.49,0.6889,0.6256,0.5917,0.4945,0.5804
6/15/2021,31.8022,0.7712,0.7022,0.7855,0.9759,0.6998,1.0426,1.1378,1.1521,0.7094,0.8593,0.6594,0.8284,0.557,0.4285,0.6189,0.6451,0.7046,0.6689,0.707,0.5737,0.6832,0.5451,0.7641,0.6475,0.3976,0.5475,0.6998,0.5094,0.5499,0.5332,0.5427,0.5189,0.5404,0.4713,0.3928,0.5237,0.726,0.6261,0.411,0.953,0.6665,0.4309,0.7094,0.6808,0.6879,0.7712,0.6213,0.4237
6/14/2021,33.8926,0.8192,0.5266,0.5861,1.1428,0.9952,0.9978,1.091,1.2024,0.8166,0.5654,0.6276,0.8476,0.6043,0.6768,0.5473,0.5835,0.5861,0.6716,0.7156,0.5369,0.669,0.6172,0.7234,0.4877,0.4411,0.656,0.7026,0.4437,0.9201,0.7208,0.5551,0.5784,0.3609,0.4101,0.4385,0.524,0.467,0.6845,0.8468,2.3554,0.8684,0.6379,0.6224,0.4101,0.8088,0.467,0.6793,0.656
6/13/2021,37.7748,0.5329,0.7949,0.5121,1.0659,1.1463,1.3874,0.8842,1.1195,0.5061,0.7651,0.9587,0.6847,0.7175,0.655,0.5329,0.8247,0.7294,0.8217,0.8694,0.7205,0.5954,0.7919,0.5329,0.8664,0.5805,0.78,0.8991,0.5329,0.9259,0.7294,0.4853,0.5121,0.4138,0.521,0.6073,0.5924,0.7354,0.7086,1.0194,2.9107,0.8247,0.8009,0.7741,0.7949,0.8634,0.7026,0.5448,0.5001
6/12/2021,34.4899,0.5004,0.8739,0.7283,1.16,1.2528,0.7097,1.0673,1.0329,0.6355,0.9455,0.8077,0.6779,0.6726,0.7415,0.5349,0.5799,0.6329,0.7865,0.5932,0.7441,0.6912,0.5322,0.6673,0.5031,0.5534,0.5667,0.4845,0.4422,0.5296,0.7071,0.4951,0.4263,0.519,0.4475,0.4766,0.5905,0.5269,0.4766,1.0942,3.1517,0.5799,0.6567,0.4687,0.6753,0.6408,0.6329,0.6011,0.6753
6/11/2021,28.0696,0.4236,0.554,0.7186,0.825,0.9153,0.7547,0.7607,0.9373,0.5881,0.6062,0.8892,0.552,0.4175,0.5741,0.6283,0.4978,0.5821,0.4476,0.4878,0.4436,0.4216,0.4958,0.4376,0.4216,0.4777,0.4055,0.7326,0.4175,0.5721,0.4497,0.4637,0.4577,0.4155,0.3754,0.3774,0.5139,0.5279,0.4195,0.8161,2.2567,0.5319,0.4697,0.4195,0.3593,0.54,0.5159,0.5962,0.5781
6/10/2021,26.5765,0.6645,0.4732,0.6645,0.9283,0.5661,0.8521,0.8261,0.7035,0.8169,0.4955,0.6459,0.436,0.4658,0.4435,0.5252,0.449,0.5995,0.4639,0.4862,0.5939,0.5493,0.4026,0.488,0.4973,0.4583,0.5326,0.5512,0.3729,0.7797,0.5401,0.436,0.3673,0.3506,0.4026,0.345,0.436,0.5809,0.5085,0.4688,1.1389,0.4825,0.488,0.5122,0.6125,0.5809,0.5196,0.4918,0.5828
6/9/2021,27.6217,0.5277,0.6533,0.7023,0.9044,0.9241,0.8122,0.51,0.5356,0.4178,0.6827,0.7396,0.4728,0.4453,0.5748,0.6199,0.4414,0.5964,0.6082,0.4865,0.4983,0.4963,0.4767,0.4826,0.6533,0.4531,0.51,0.8161,0.4276,0.4688,0.4473,0.357,0.4159,0.4571,0.3511,0.3335,0.4237,0.5885,0.4924,0.744,2.0244,0.5768,0.4845,0.5473,0.408,0.4257,0.5277,0.4865,0.5925
6/8/2021,31.8023,0.7927,0.6118,0.5023,0.9521,1.0426,1.0759,1.1164,0.8712,0.8784,0.607,1.0307,0.6261,0.4452,0.5189,0.7141,0.4452,0.6499,0.5237,0.6165,0.6832,0.6998,0.4166,0.507,0.5285,0.4309,0.6118,0.9402,0.4118,0.9093,0.6594,0.5237,0.488,0.5427,0.3761,0.4713,0.5451,0.7022,0.6165,0.5639,1.4451,0.657,0.4237,0.7308,0.726,0.5118,0.4452,0.5737,0.6403
6/7/2021,29.115,0.7304,0.5467,0.4728,0.969,0.798,0.8255,0.5341,0.969,0.5467,0.4369,0.8149,0.532,0.4243,0.4538,0.5362,0.5742,0.6629,0.4538,0.6059,0.6861,0.4243,0.5932,0.608,0.5911,0.4538,0.4749,0.7558,0.4285,0.7537,0.4707,0.4517,0.3356,0.3863,0.4137,0.4053,0.5256,0.6418,0.6122,0.7118,1.9209,0.703,0.6396,0.3736,0.5087,0.6249,0.6333,0.6291,0.4707
6/6/2021,35.9831,0.55,0.7795,0.8243,0.9334,1.0705,0.9922,1.0705,1.2188,0.6032,0.6452,0.9838,0.6564,0.592,0.7487,0.6564,0.6564,0.7879,0.6816,0.5808,0.7655,0.7991,0.4325,0.564,0.4689,0.5332,0.6648,0.6927,0.4829,0.5528,0.7655,0.6088,0.634,0.3933,0.5444,0.5668,0.6536,0.5109,0.5025,1.1405,3.3007,0.6368,0.8802,0.4577,0.7403,0.8662,0.5109,0.4997,0.7823
6/5/2021,25.9795,0.4561,0.564,0.5748,0.8553,0.787,0.591,0.7492,0.573,0.582,0.4633,0.7312,0.386,0.4741,0.5442,0.4921,0.573,0.537,0.4436,0.4831,0.4507,0.5532,0.5029,0.395,0.4741,0.3267,0.5011,0.5604,0.3698,0.4418,0.4759,0.3087,0.3878,0.3105,0.3537,0.3734,0.3968,0.5263,0.4543,0.8001,2.205,0.4741,0.5928,0.591,0.4238,0.4076,0.5946,0.5191,0.3483
6/4/2021,33.4449,0.6196,0.6985,0.5585,1.0725,1.4211,1.1641,1.1641,0.8537,0.8969,0.9605,1.1005,0.528,0.6807,0.5382,0.6247,0.6679,0.5025,0.6476,0.6247,0.7468,0.7417,0.4211,0.7901,0.7824,0.5407,0.7137,0.4924,0.4542,0.9071,0.7036,0.5662,0.5356,0.4058,0.5229,0.5254,0.5941,0.6756,0.4389,0.5075,1.2635,0.5611,0.5229,0.6908,0.7468,0.5789,0.6628,0.5153,0.5127
6/3/2021,25.2328,0.6371,0.4372,0.644,0.5975,0.9646,0.8008,0.663,0.744,0.7819,0.4389,0.8043,0.3907,0.37,0.5165,0.4769,0.3993,0.482,0.5751,0.4183,0.4338,0.4838,0.4648,0.4975,0.5579,0.4527,0.4579,0.7336,0.3786,0.7043,0.5251,0.277,0.3804,0.2976,0.3562,0.4165,0.4338,0.4389,0.5837,0.4714,1.1475,0.5372,0.5096,0.3717,0.4596,0.4286,0.3614,0.5079,0.4217
6/2/2021,26.7258,0.5749,0.573,0.6667,0.6011,0.8595,0.8783,0.5749,0.7341,0.794,0.5468,0.7696,0.5618,0.455,0.4906,0.5487,0.427,0.4663,0.6292,0.6198,0.5393,0.5243,0.4513,0.5936,0.4307,0.4719,0.5468,0.6423,0.3633,0.4138,0.4888,0.4288,0.324,0.3277,0.3876,0.3352,0.455,0.412,0.6123,0.6741,1.7996,0.5674,0.4045,0.4794,0.4625,0.4176,0.5225,0.4363,0.4419
6/1/2021,31.0558,0.4894,0.7869,0.4664,0.7707,0.9437,0.9252,0.9805,1.0889,0.5033,0.75,0.9621,0.554,0.5448,0.6301,0.5632,0.6716,0.7108,0.4894,0.5194,0.5771,0.6093,0.501,0.8007,0.4295,0.637,0.4618,0.7546,0.4572,0.9229,0.5309,0.4503,0.4387,0.4733,0.4618,0.3626,0.471,0.6232,0.584,0.675,1.8025,0.5471,0.8053,0.5056,0.5263,0.69,0.4918,0.7085,0.4064
5/31/2021,28.0695,0.6423,0.6343,0.7045,0.9293,0.6343,0.538,0.8811,0.6082,0.7507,0.554,0.6082,0.5339,0.4898,0.536,0.4958,0.6022,0.5661,0.4436,0.4998,0.5139,0.4737,0.5801,0.7025,0.3874,0.3914,0.4055,0.829,0.4256,0.564,0.4757,0.4376,0.4135,0.3152,0.4497,0.3393,0.4637,0.4476,0.4256,0.828,2.295,0.5781,0.6664,0.562,0.3734,0.5018,0.6082,0.4095,0.554
5/30/2021,37.6254,0.5873,0.7088,0.9814,1.1799,1.5916,0.9043,0.9754,1.2302,0.8629,1.1532,0.7858,0.694,0.7088,0.691,0.8214,0.617,0.8688,0.8599,0.8362,0.7177,0.6436,0.6614,0.5518,0.5933,0.4837,0.4748,1.088,0.5459,0.7829,0.6584,0.3711,0.6436,0.4955,0.4511,0.5488,0.6821,0.774,0.5133,0.6934,1.8618,0.854,1.0288,0.7503,0.5873,0.6496,0.7977,0.8155,0.8481
5/29/2021,33.4446,0.8104,0.5382,0.5051,0.7544,1.0191,0.8231,1.1666,0.6552,0.4669,0.6247,0.6857,0.5254,0.5763,0.4542,0.4796,0.5407,0.584,0.7443,0.7595,0.7621,0.5712,0.444,0.7926,0.729,0.6094,0.5865,0.5916,0.5178,0.7621,0.6756,0.5356,0.4262,0.4593,0.5407,0.5254,0.4898,0.4542,0.5229,0.9786,2.7796,0.7672,0.8766,0.7697,0.7163,0.7926,0.7773,0.7366,0.5407
5/28/2021,28.9655,0.4749,0.7264,0.6887,0.6866,0.716,0.7348,0.6866,0.7097,0.5797,0.8271,0.6258,0.565,0.4015,0.4455,0.4308,0.4308,0.4958,0.4329,0.5755,0.5671,0.5399,0.5671,0.6782,0.4581,0.5881,0.6111,0.825,0.4141,0.8124,0.544,0.3889,0.4266,0.4665,0.4434,0.4057,0.5231,0.4455,0.6174,0.7855,2.1581,0.6573,0.7516,0.5944,0.4476,0.5734,0.565,0.4476,0.4287
5/27/2021,34.3406,0.8568,0.6303,0.6329,1.1702,1.431,0.6829,0.9859,1.1413,0.8173,0.9042,0.8094,0.7514,0.4617,0.5328,0.4854,0.6566,0.5749,0.4959,0.8067,0.7962,0.4775,0.7567,0.6987,0.8146,0.5828,0.6224,0.8673,0.5328,0.8858,0.6118,0.4432,0.4854,0.359,0.5565,0.5328,0.5354,0.7251,0.7146,0.6325,1.6658,0.5934,0.6645,0.5144,0.7067,0.5381,0.6382,0.7988,0.762
5/26/2021,46.2855,0.7639,0.8635,0.6873,1.0204,1.0243,1.1736,1.0779,1.2501,1.3459,0.7524,0.6912,0.9745,0.6644,0.6146,0.9247,0.7754,0.6567,0.7601,0.9247,1.0013,0.695,0.9017,1.1927,0.8788,0.9056,0.7601,0.6223,0.6529,1.2004,0.8826,0.718,0.6644,0.5687,0.5878,0.5265,0.806,0.852,0.6337,2.011,6.1019,0.7563,0.6261,0.7984,0.6835,0.6988,0.7295,0.8367,1.0472
5/25/2021,57.7822,1.1075,0.8885,1.5108,1.456,2.606,1.6601,2.3172,1.9439,1.1374,0.9333,1.227,1.2619,0.7591,0.7143,0.9831,0.9682,1.222,1.3316,0.8586,1.2171,1.227,0.7591,0.9184,1.0777,1.1972,0.8138,1.6054,0.7043,1.5008,1.227,0.9682,0.8188,0.8039,0.5948,0.6645,0.8089,1.1075,1.237,1.2123,3.5317,1.3465,1.0777,1.2569,0.8835,1.1026,1.3963,0.8487,0.9881
5/24/2021,57.6326,1.3231,1.0601,0.7176,1.8045,1.9783,1.9882,1.2884,2.2066,0.9558,0.9608,1.0898,1.2387,1.0551,1.1097,1.0849,0.8417,1.1593,1.0799,1.3231,1.1097,0.8615,0.9509,1.0352,1.2139,0.792,0.8119,1.2139,0.8516,1.1841,1.1097,0.9509,0.6779,0.7176,0.5935,0.9012,0.8218,0.7672,1.1196,1.9281,5.8352,0.9955,0.668,1.1742,0.7325,1.3082,1.1643,1.1692,0.7077
5/23/2021,59.2748,1.146,1.2075,0.9768,1.5408,1.3614,2.1202,2.2843,1.1153,0.7563,0.9666,1.546,0.9307,0.9409,0.905,0.8999,1.2332,1.1665,1.105,0.8896,0.946,1.3101,1.1717,1.0486,0.946,0.823,0.8999,1.5562,0.7563,1.2691,1.2127,0.5717,0.7153,0.5871,0.8076,0.7768,1.0742,1.2947,1.3614,1.8855,5.6981,1.3768,1.2281,1.305,0.8179,1.105,1.2537,1.0896,1.2947
5/22/2021,58.6778,0.8153,1.464,0.7596,1.5907,2.7158,1.2309,1.2917,1.4032,0.7343,1.1853,1.3221,0.8052,1.0434,1.236,0.8914,1.2056,0.9268,1.2512,1.0535,1.1042,0.8812,0.8153,0.9522,1.2208,0.8457,1.2866,0.8052,0.8812,1.4995,1.165,0.5924,0.6785,0.6076,0.7545,0.9623,0.8914,0.79,1.3525,2.2788,6.9637,0.9471,1.3627,0.9218,0.7444,1.0789,0.7697,1.3728,1.2258
5/21/2021,51.3617,0.8301,1.0686,0.713,1.6496,2.0789,1.5889,1.7147,1.2941,1.203,1.2117,1.5889,1.3504,0.9602,0.7651,0.7911,0.7997,1.0512,0.7564,0.9732,0.9515,1.0296,0.8691,1.2637,0.8258,0.8518,0.7564,1.3418,0.7347,1.1033,1.0903,0.8171,0.8344,0.5309,0.7694,0.5569,0.8301,1.2247,1.0773,0.9428,2.6643,1.2941,1.138,0.9472,0.6913,0.8995,1.1553,0.9775,0.8041
5/20/2021,35.9829,0.8243,0.8998,0.8019,0.7963,1.0285,1.0006,1.0873,0.7935,0.7431,0.6144,0.9586,0.883,0.7179,0.7179,0.6676,0.5724,0.7935,0.564,0.564,0.6284,0.6508,0.6899,0.9418,0.634,0.6564,0.6732,0.8523,0.4521,0.6088,0.7319,0.5696,0.4465,0.4157,0.5444,0.4521,0.6424,0.7291,0.7543,0.9747,2.767,0.7459,0.5388,0.7683,0.4325,0.536,0.5752,0.7823,0.7599
5/19/2021,47.9274,1.1968,0.7097,0.6817,1.3365,2.163,1.1728,1.4364,1.3924,1.2926,1.1449,0.7456,0.9133,0.8414,0.9652,0.6698,1.073,0.8375,0.7416,1.1289,0.8494,0.7217,0.6139,0.9812,0.7616,0.5899,0.9453,0.9652,0.5659,0.9932,1.0051,0.4342,0.8015,0.542,0.6338,0.6737,0.6897,1.1489,1.089,1.5032,4.4679,0.9173,1.0051,0.6139,0.8135,0.6977,1.101,0.6897,0.6698
5/18/2021,47.1812,0.6564,0.7074,0.8641,1.5302,1.9102,1.2794,1.5968,1.7378,1.5889,1.3303,1.5067,1.1266,0.9425,0.6525,0.8563,0.6368,1.0561,0.821,0.9189,1.0287,0.6133,1.0247,1.2167,0.6212,0.5859,0.7661,0.6212,0.676,0.8092,0.8092,0.8014,0.7583,0.4527,0.6251,0.7544,0.7034,0.8406,0.9072,0.9943,2.8301,1.1854,0.7505,0.8014,0.8876,0.6878,0.7701,0.9542,0.9856
5/17/2021,46.4344,0.8815,1.1314,0.6625,1.116,1.2082,1.0776,1.1583,1.5618,1.4658,0.6817,1.1775,0.7816,0.7893,0.6048,0.8662,0.7931,0.7816,1.0622,0.847,0.9738,0.9738,0.8431,0.8354,1.0084,0.9123,0.624,0.5664,0.7201,1.2236,0.8585,0.5549,0.7816,0.6087,0.7124,0.5356,0.847,0.6548,0.8008,1.3621,4.0138,0.9354,1.0929,1.0814,1.0045,0.674,1.0545,0.8316,0.7009
5/16/2021,37.6255,0.6288,0.854,0.8214,1.2687,0.7918,0.7888,1.2747,0.9932,0.614,1.0495,0.9695,0.9814,0.774,0.7473,0.7829,0.694,0.6555,0.6525,0.6703,0.8244,0.6851,0.6318,0.8066,0.4955,0.6347,0.7977,0.7236,0.5666,0.8303,0.7118,0.5074,0.6259,0.5311,0.4451,0.5192,0.691,0.9043,0.5103,0.8044,2.2189,0.7266,0.5607,0.8184,0.7207,0.9103,0.9458,0.7829,0.6821
5/15/2021,27.1736,0.4754,0.6633,0.6709,0.7879,0.6038,0.5597,0.554,0.8416,0.3718,0.5175,0.6019,0.5386,0.4063,0.5137,0.5003,0.5751,0.5732,0.6479,0.6288,0.5501,0.5386,0.3987,0.4006,0.3852,0.531,0.5463,0.4639,0.3929,0.4313,0.4811,0.3277,0.3584,0.3469,0.4159,0.3814,0.506,0.6422,0.5137,0.9603,2.7208,0.4926,0.6268,0.5655,0.3661,0.4524,0.4274,0.5003,0.4178
5/14/2021,31.2055,0.5751,0.6377,0.6609,0.7445,0.7816,0.835,0.6888,0.8327,0.8164,0.5704,0.8814,0.5124,0.5055,0.6586,0.5728,0.7282,0.654,0.5588,0.6192,0.6957,0.5194,0.6215,0.4892,0.6818,0.5913,0.6076,0.7723,0.4614,0.8466,0.4799,0.3477,0.4521,0.3477,0.5356,0.4521,0.4823,0.4846,0.5008,0.7845,2.1548,0.7422,0.3918,0.5333,0.6934,0.6633,0.7306,0.6795,0.6285
5/13/2021,44.7924,0.7737,0.6928,0.6413,1.0497,2.021,0.9467,0.851,0.8584,1.0681,0.7664,1.5979,0.8878,0.6781,0.6781,0.8436,0.8473,0.8952,0.7958,0.6818,0.8473,0.8105,0.7517,0.7627,0.8768,0.553,0.9724,0.9614,0.6045,1.1012,0.8694,0.5052,0.7075,0.4941,0.6818,0.5162,0.7885,0.6155,0.7737,1.7777,5.3511,0.5971,0.5162,0.9135,0.6634,0.7774,0.7737,0.7333,0.9209
5/12/2021,53.6014,1.0422,1.1517,0.7868,1.7445,1.6305,1.2018,1.6487,1.0513,0.7823,1.3249,0.7549,0.9236,0.9647,0.9921,1.0285,1.1973,1.2657,1.1745,1.0833,0.9784,1.1562,0.9191,0.9556,0.7823,0.6637,0.7139,1.0513,0.8188,1.2839,0.9692,0.65,0.5497,0.7093,0.837,0.8096,0.9008,1.1015,1.0924,1.5959,4.766,1.1517,0.837,1.0878,1.0103,1.1243,1.3204,1.2292,0.7868
5/11/2021,44.9414,1.0828,0.9277,0.9683,1.5704,1.7736,1.0163,1.5039,0.8722,1.0015,1.1013,0.7725,0.8242,0.6358,0.5952,0.8833,0.6506,0.6432,0.887,0.754,0.7208,0.6986,0.7356,1.0643,0.7873,0.7688,0.6026,0.6765,0.6543,0.7466,0.8279,0.5361,0.7171,0.7245,0.4733,0.6728,0.7466,1.0754,1.0385,1.455,4.3125,1.105,0.7356,0.5435,0.791,0.6765,0.7134,1.0533,0.8242
5/10/2021,43.299,0.6114,1.095,0.795,1.1127,1.1868,1.0739,1.0103,1.3845,1.2398,0.9362,1.1374,1.0774,0.5867,0.9256,0.7773,0.6361,0.9927,0.7067,0.8585,0.9538,0.5903,0.7738,0.968,0.6997,0.5479,0.5761,0.9997,0.6397,0.8303,0.8797,0.4455,0.6785,0.7067,0.7279,0.5903,0.795,0.7632,0.7209,1.6228,4.8526,0.6044,0.5126,0.562,0.5197,0.6467,0.6291,0.7067,0.6114
5/9/2021,30.9065,0.5171,0.5698,0.7004,0.9157,0.9065,0.6844,0.7599,0.8905,0.9134,0.6225,0.7783,0.4278,0.6225,0.5927,0.5263,0.4942,0.4461,0.7187,0.5378,0.5767,0.6752,0.5217,0.666,0.5286,0.4507,0.4278,0.6271,0.4049,0.6889,0.6408,0.4232,0.4851,0.366,0.5057,0.3774,0.5057,0.7302,0.6088,0.8965,2.5154,0.5171,0.8081,0.5584,0.6111,0.6775,0.4736,0.5996,0.4141
5/8/2021,39.5665,0.577,0.6844,0.9811,1.1389,1.2273,1.3599,1.1642,1.0474,0.8864,1.2557,0.9748,0.9779,0.6528,0.7412,0.8169,0.5928,0.6307,0.7285,0.6118,0.7222,0.7854,0.899,0.8643,0.7854,0.6307,0.5013,0.7506,0.5265,0.6875,0.6244,0.6402,0.5107,0.4034,0.4886,0.6275,0.6149,0.7822,0.8359,1.064,3.0542,0.6181,0.6528,0.7664,0.5107,0.959,0.6023,0.8043,0.8043
5/7/2021,43.4484,1.1415,0.7728,0.6346,1.0174,1.7158,1.184,1.5456,1.184,0.9359,1.34,1.5562,0.6275,0.67,0.7197,0.9146,0.6665,0.6807,1.06,0.826,0.7303,0.8685,0.5282,0.8331,0.9217,0.6665,0.7019,0.7268,0.5885,1.1982,0.6807,0.4361,0.5672,0.5282,0.5212,0.6027,0.6665,0.787,0.6452,0.9802,2.7846,1.099,1.1592,1.0352,1.0139,1.0032,0.7161,0.624,0.6417
5/6/2021,33.2958,0.8092,0.6878,0.8674,1.0368,1.4466,0.7206,1.2164,0.9306,0.708,0.6068,0.9179,0.8092,0.4474,0.7156,0.5891,0.622,0.7611,0.7485,0.6245,0.6928,0.5765,0.5284,0.5866,0.4955,0.4753,0.5183,0.9458,0.5107,0.7586,0.5107,0.4171,0.4095,0.4196,0.364,0.3969,0.584,0.6296,0.7636,0.5559,1.4191,0.8016,0.5512,0.7485,0.5259,0.7864,0.7004,0.7181,0.6397
5/5/2021,37.7748,0.6103,0.8872,0.8068,1.0212,1.3696,1.3725,0.7473,1.3041,1.2326,0.9676,1.0688,0.8366,0.7324,0.7473,0.6609,0.8634,0.7681,0.6847,0.7205,0.7979,0.7324,0.649,0.6014,0.4674,0.5805,0.5031,0.9646,0.4823,0.9944,0.6103,0.5746,0.4436,0.5567,0.524,0.5597,0.6073,0.8932,0.8128,0.641,1.6932,0.6163,0.8813,0.5924,0.7503,0.7651,0.6252,0.7294,0.7235
5/4/2021,49.4203,0.672,1.2312,1.0282,1.3264,2.0265,1.0986,1.8732,1.1442,0.7631,0.7548,1.2933,0.8294,0.9868,0.8998,0.6886,1.1359,1.1028,0.7341,1.0696,1.0572,0.701,1.0614,1.169,1.1318,0.5974,0.6306,0.6264,0.6844,1.2063,0.9702,0.4939,0.4939,0.5477,0.7838,0.8004,0.7258,0.8501,1.1649,1.454,4.3095,0.672,0.9537,1.0448,0.8625,1.0821,1.256,0.6844,0.7466
5/3/2021,54.1985,1.0075,1.3401,1.2662,1.7236,1.4371,2.0516,1.5942,1.4233,1.3678,1.4926,1.2292,0.721,0.9197,0.8042,0.7903,1.0768,0.8412,0.9982,1.22,1.2616,0.7534,0.7164,1.123,1.2339,0.5778,0.8966,0.7672,0.8042,0.9012,0.9613,0.6056,0.795,0.8134,0.7488,0.6656,0.9844,0.855,0.7026,1.9464,5.8941,1.0675,0.6379,1.026,0.6148,1.1461,0.7257,0.8134,0.855
5/2/2021,63.7542,1.1033,1.2929,1.7055,1.6107,1.5494,2.1515,1.6163,2.1905,1.1981,0.9361,2.1348,1.6553,1.1981,0.8134,1.3431,1.2706,0.9918,1.0364,1.2873,1.1591,1.1758,0.7298,1.5605,0.7242,0.9082,1.2762,0.9918,0.9528,1.8114,1.3431,0.8357,0.635,1.0532,0.964,0.8246,0.8747,0.9584,1.3765,1.6907,5.0711,1.2706,0.7075,1.4713,1.2985,1.3933,1.3208,1.0476,1.2427
5/1/2021,66.5915,1.3033,1.6197,1.6842,2.0064,1.485,2.2584,1.7486,1.9947,0.7936,1.3268,2.2291,1.485,1.3795,1.3561,1.1451,1.3209,1.3385,1.4498,1.3678,1.5963,1.1686,1.0104,1.3151,0.7584,1.0104,1.0514,0.7643,0.9401,1.7603,1.1627,0.9342,1.0514,0.9694,0.7702,0.8229,0.9225,1.5553,1.4147,1.5238,4.5339,0.9987,1.4205,1.4615,1.0807,1.5436,1.1276,1.3619,1.2682
4/30/2021,64.5005,0.9916,1.1724,1.5001,2.2459,2.6301,1.8617,1.8334,1.8391,1.1215,1.2006,1.8334,1.2741,0.7938,1.308,1.4323,1.5057,1.0876,1.0085,1.517,1.0594,1.3362,0.7995,1.6865,1.404,0.7317,1.3814,1.4662,0.8899,0.969,1.2458,0.7882,1.0311,0.5791,0.8503,0.7486,1.1724,0.7825,0.856,1.762,5.3006,1.0594,1.1159,0.9068,1.2741,0.9407,1.6526,1.1328,1.421
4/29/2021,52.8549,1.1938,1.3957,0.7139,1.3553,1.3643,1.6962,1.2522,1.1445,0.9471,1.1445,0.8799,1.2163,0.7991,0.9382,1.1266,0.7812,1.2163,0.9741,0.8664,0.7991,1.0503,0.7543,1.3957,0.8978,0.6735,0.6646,0.9516,0.6601,1.4361,1.1176,0.5928,0.6107,0.7318,0.8215,0.8619,0.7991,1.0279,0.7139,1.8553,5.6009,0.9561,1.1894,1.0548,0.6421,0.7318,1.2073,1.0638,0.9875
4/28/2021,52.407,1.1481,1.0237,1.037,1.9119,2.2849,2.0007,1.0459,1.2768,1.4234,1.0148,0.815,1.2768,1.0326,0.6995,0.7306,1.0015,0.7662,0.7306,1.117,1.228,1.0726,0.8683,1.3657,0.9083,0.8017,0.7395,1.4722,0.7795,0.8239,1.0548,0.4598,0.8727,0.5264,0.8372,0.6463,0.9216,0.9527,0.775,1.2942,3.7951,1.0903,1.2502,0.8017,0.5885,1.1969,0.7573,1.117,1.0726
4/27/2021,45.0909,0.7453,0.838,0.5821,1.1459,1.5427,0.9196,1.3165,1.335,0.7935,1.0828,0.9456,0.66,0.8195,0.8009,0.9604,0.9344,1.0086,0.6192,0.7082,0.864,0.8343,0.864,0.6637,0.8158,0.6451,0.8788,1.0123,0.7008,1.2683,0.6934,0.7267,0.6637,0.4671,0.4819,0.5747,0.7824,0.8974,0.9604,1.6413,4.9122,0.5784,1.1904,0.8417,0.5672,0.6785,0.8714,0.608,0.6488
4/26/2021,40.4619,0.6828,1.0464,0.5919,1.4392,1.1892,0.9652,0.7899,0.9652,1.0334,0.7672,1.134,0.9652,0.8029,0.5692,0.712,0.6244,0.9101,0.8581,0.6179,0.8062,0.6276,0.6439,0.8029,0.8192,0.7997,0.8776,1.0172,0.5757,1.1827,0.8257,0.4816,0.5302,0.6244,0.5919,0.5075,0.699,0.8451,0.738,0.9847,2.7993,0.9685,0.7348,0.7964,0.7737,0.7348,0.6568,0.712,0.6406
4/25/2021,34.938,0.762,0.5465,0.6192,0.8563,1.2307,1.0799,0.6084,0.8832,1.0125,0.9263,0.9182,0.7324,0.4711,0.4684,0.5869,0.595,0.6138,0.63,0.665,0.6731,0.5923,0.4307,0.5169,0.7539,0.4037,0.6704,1.0044,0.4684,0.8266,0.6084,0.5169,0.463,0.5842,0.463,0.5411,0.6354,0.6327,0.8051,1.0346,2.9596,0.4953,0.9559,0.4738,0.6839,0.7647,0.5142,0.5761,0.6839
4/24/2021,46.733,1.1853,0.9956,0.6276,1.5959,1.898,1.0149,1.2589,0.9065,1.4177,1.4061,1.0575,0.7941,0.7438,0.922,0.7709,0.9142,0.9413,0.7554,0.8639,1.1001,0.8561,1.0149,0.7864,1.0304,0.829,0.6547,1.4177,0.6973,0.8329,0.9568,0.7167,0.7128,0.7787,0.6896,0.5734,0.7787,1.042,0.8716,0.9022,2.5337,0.7051,0.7515,0.6857,0.9413,0.9801,1.1156,1.0459,0.6625
4/23/2021,41.0596,0.5766,0.7353,0.7485,1.1353,1.499,1.2113,0.8642,1.3006,0.7353,1.175,0.5931,0.6692,0.7221,0.5865,0.6559,0.7287,0.6824,0.6328,0.7915,0.7617,0.894,0.7882,0.851,0.7551,0.7617,0.5733,0.5502,0.5733,1.0593,0.689,0.6196,0.4477,0.5237,0.4311,0.6791,0.6163,0.9403,0.7055,1.4591,4.3258,0.6593,0.9733,0.6526,0.9072,0.646,0.7783,0.7915,0.6031
4/22/2021,48.2261,1.1924,0.9873,0.7137,1.6148,1.9728,1.3895,1.4338,1.3855,1.5102,1.2005,1.5625,0.7701,0.8183,0.6454,0.7902,0.7781,0.9873,0.7097,1.1361,0.9672,0.6735,1.0396,1.1039,1.0999,0.7298,0.8425,1.3574,0.6574,1.3654,1.0114,0.8143,0.4684,0.7298,0.4885,0.5247,0.8827,1.1442,0.9028,0.5348,1.3513,1.1884,0.8907,0.7178,1.1361,0.9068,1.2045,0.939,0.9551
4/21/2021,48.5245,1.0704,0.9164,0.9691,1.427,1.0258,1.7066,1.5242,1.7633,1.0987,1.2649,1.0339,0.7056,0.7016,0.6286,0.9569,1.1271,1.0339,0.8556,0.8677,1.0744,0.8272,0.6975,0.7219,0.7624,0.5476,0.6813,1.1109,0.6975,0.7786,0.8718,0.653,0.7624,0.6773,0.8029,0.7259,0.7056,1.0744,0.6205,1.3945,4.1179,1.2365,1.1555,0.8434,1.0055,0.8394,0.6732,0.807,0.9812
4/20/2021,52.8547,1.1445,0.8664,1.1086,1.9474,1.8128,1.1176,1.9564,1.1131,1.3419,0.9202,1.0952,1.0458,0.8485,0.7857,0.7946,1.001,1.0503,0.7991,0.8664,1.1894,1.0234,0.9068,0.9023,1.3733,0.6511,1.14,1.1355,0.7004,1.2432,1.0817,0.8215,0.8171,0.7991,0.6735,0.678,0.7363,0.7049,0.8305,1.6118,4.8173,0.8485,0.6915,0.7094,1.1983,1.1041,0.7318,0.9471,1.1714
4/19/2021,66.5908,1.4732,1.5143,1.0748,2.3814,1.7076,1.5201,1.3151,1.8541,1.3033,1.0865,2.399,1.5553,1.1979,1.4322,0.9401,0.8932,1.3385,1.3971,1.2272,1.0104,1.4615,1.2916,1.069,0.8287,0.9869,1.1041,1.731,0.8229,1.2799,0.9928,0.7877,1.1158,1.0983,0.9869,0.8639,1.0865,1.4557,1.2682,2.1224,6.4605,1.2037,1.4498,1.0631,1.1334,1.5553,1.0338,0.9108,0.8053
4/18/2021,75.5493,1.6055,1.4028,1.5649,2.5647,3.2469,2.0783,1.369,1.6663,1.9027,2.0243,1.0988,1.1326,0.9097,1.011,1.2137,1.261,1.592,1.5379,1.2677,1.2137,1.6933,1.3488,1.8419,0.93,1.5177,1.4501,2.2134,0.8557,1.8959,1.3961,0.68,1.011,0.8962,0.7881,0.7949,1.2204,1.1259,1.1461,2.2421,6.8456,1.4771,1.7338,1.1799,1.1191,1.3488,1.923,1.7203,1.4906
4/17/2021,73.758,1.8501,1.5213,1.2188,2.6655,2.8036,1.4752,1.541,2.1723,1.9487,2.3235,1.3043,1.0412,1.1333,1.5739,0.9755,1.1399,1.3437,1.7449,1.107,1.2517,1.3503,1.2056,1.4358,1.1202,0.8177,1.3766,2.0934,1.0939,1.4161,1.4029,0.6993,0.673,0.6927,1.1267,1.2122,1.2582,1.3043,0.9492,2.3539,7.2053,1.3503,2.0671,1.4095,1.6791,0.9952,1.0544,0.936,1.3437
4/16/2021,57.1845,1.0667,1.0471,0.7421,1.4553,2.0258,1.4258,1.1897,1.4307,1.1799,0.9487,0.9635,1.0569,1.0717,1.0913,1.2832,0.8946,0.9241,1.1405,1.3422,1.0618,1.1799,0.8946,1.2192,1.3864,0.6142,0.7126,1.175,0.8749,1.7701,0.929,0.5356,0.7766,0.7028,0.8946,0.8405,0.8257,0.8749,0.8208,2.0242,6.1443,1.4504,1.4602,1.2291,0.9339,0.929,1.111,0.8159,0.7175
4/15/2021,63.1567,0.8947,1.2698,0.9058,2.4226,1.678,1.9096,1.3415,1.5897,2.0586,2.0034,1.0381,1.2808,1.2036,1.2808,1.3084,0.8561,1.3415,1.2091,1.1485,1.1871,1.0216,0.8451,1.0988,0.7899,0.9003,1.165,1.0161,0.8065,1.7828,1.0602,0.5803,0.9168,0.7513,0.6796,0.7017,1.154,0.7679,0.983,2.2523,6.8785,1.2422,0.7182,0.7293,1.4739,1.347,1.2477,1.1154,1.2036
4/14/2021,75.6989,1.3582,1.9201,1.8862,1.6763,2.6174,1.6831,3.0168,1.5816,1.4056,1.9065,1.2972,1.48,0.9994,1.0468,1.2905,1.4462,1.5613,1.304,1.6899,1.5342,1.0535,0.9384,1.1686,1.9133,1.2295,0.9046,1.5342,0.9655,1.0806,1.1212,1.1686,0.8843,0.9791,1.0264,0.8098,1.2025,1.2431,0.9655,3.2097,9.9593,1.1957,0.803,0.9181,1.1618,1.4056,1.392,1.304,1.4597
4/13/2021,75.55,2.0378,1.8892,1.7406,2.4701,2.7065,1.9973,2.1459,1.4636,0.9367,2.1729,1.0921,1.2745,1.0786,1.0448,1.5582,1.3826,1.6798,1.6528,1.6055,1.4298,1.6798,1.4298,1.1529,1.5312,1.0313,1.4974,1.4704,0.9773,1.7406,1.4501,0.903,1.0921,1.0313,0.8827,0.8422,1.0381,1.7135,1.7879,2.2405,6.8405,1.3083,1.1732,1.2137,0.9502,1.0583,1.1664,1.673,1.315
4/12/2021,65.0979,1.0231,1.2858,1.1944,1.9253,2.7361,1.8168,1.5998,1.4685,1.2401,1.794,1.6398,0.8518,1.1545,0.789,1.4913,0.9946,1.1602,0.9146,0.9889,1.143,1.0631,1.4799,1.4,1.6855,1.0574,1.3258,0.7947,0.9375,1.0974,1.0574,0.6634,0.5949,0.7947,0.6006,0.829,1.0745,0.9775,0.9775,2.5274,7.7638,1.0802,1.2344,1.0631,1.4856,1.5028,1.046,0.9717,0.8005
4/11/2021,56.4379,0.8836,1.1354,0.9029,1.6586,2.6079,1.3292,2.264,1.0579,1.179,1.4212,1.8668,0.9562,0.869,0.7189,1.2032,0.7625,1.3243,0.8157,1.2468,0.9514,1.2032,1.15,1.3486,0.6462,0.8593,0.995,1.7167,0.8593,1.3534,1.0676,0.7237,0.7285,0.8254,0.6414,0.8303,0.9659,1.3728,1.0337,1.0497,3.0085,1.2711,1.397,1.2032,1.1257,1.087,0.7673,0.8206,1.2323
4/10/2021,52.5561,0.8261,1.2226,1.2494,1.9311,1.3073,1.1023,1.5034,1.1959,0.8306,1.285,1.2627,1.0845,0.7013,0.7281,0.7815,0.8306,1.2004,0.8261,0.8885,1.1469,0.7726,0.8573,0.9776,0.8617,0.6657,0.7682,0.9018,0.7726,1.6504,0.9865,0.5498,0.6122,0.7771,0.6746,0.5677,0.9553,0.6791,1.1469,1.6413,4.9121,1.1291,0.6702,1.2048,1.2494,1.2405,1.3652,0.9553,1.1068
4/9/2021,42.8513,0.9787,1.024,0.909,1.2819,1.1599,1.5503,0.8149,0.9892,0.9334,1.2993,0.7347,0.9857,0.5744,0.5814,0.8567,0.9195,0.8951,0.8463,0.9369,0.9508,0.8393,0.9438,0.8707,0.9857,0.672,0.8567,1.0658,0.6546,0.8776,0.7138,0.5849,0.5256,0.4908,0.4838,0.7208,0.7522,1.0101,0.9787,0.8756,2.448,0.9857,0.4943,0.6859,0.4908,0.7452,1.0275,0.8985,0.9508
4/8/2021,63.754,1.5772,1.3542,1.3877,2.1571,1.3375,2.1013,1.5605,2.2742,1.3598,1.3264,1.6832,1.5772,1.1591,1.0532,1.4267,1.0364,0.8413,1.3654,1.4156,1.226,1.0197,1.1591,1.0643,1.6665,0.8747,0.8915,0.7632,0.7744,1.7389,0.9807,0.8357,1.0476,0.9193,1.0197,0.6573,1.1201,1.0253,0.9416,1.7726,5.3348,1.3654,1.2594,1.0532,0.9249,1.0699,0.9695,1.3542,0.9305
4/7/2021,64.7994,1.5923,1.6491,1.3197,2.3421,1.8082,2.3989,2.0354,1.4674,1.6037,1.723,2.0013,1.2459,1.3197,1.314,1.0641,0.9107,1.2515,1.3708,1.4503,0.9562,1.2856,1.2231,1.2629,1.0584,0.7687,1.3992,1.1095,0.7574,1.0243,1.2799,0.8426,1.0868,0.6381,0.9448,0.7517,1.013,1.5299,1.4049,1.2197,3.5554,1.2629,1.0982,1.3197,0.8426,1.456,1.3311,1.2572,1.2515
4/6/2021,57.3335,1.4296,1.2421,0.8228,1.3852,1.923,1.9328,1.8095,1.6319,1.3753,1.0596,0.8031,0.8277,1.03,1.2372,0.9856,0.9609,0.9905,0.8228,1.0843,1.2471,1.0793,1.3161,0.7636,1.1977,0.9313,0.9757,1.5382,0.808,1.4049,1.0251,0.734,0.8869,0.8771,0.6255,0.6403,0.7981,1.2372,1.0892,1.6158,4.83,0.9856,1.2471,0.9659,1.2175,1.0201,0.9067,0.9659,1.0497
4/5/2021,60.0216,0.947,1.3632,1.0562,2.1123,2.4816,1.7117,2.1539,1.4308,0.999,1.2903,1.3059,1.3215,0.7753,0.7961,0.9314,1.1551,0.869,1.3996,1.1551,1.1603,1.3424,0.6661,1.5712,1.1447,0.7025,1.1239,0.8898,0.7649,1.6857,1.2279,0.5516,0.921,0.8013,0.7233,0.5828,0.8429,0.869,0.7805,1.7293,5.1952,1.1291,1.3267,1.1447,1.2331,1.3892,0.8325,1.4204,1.0146
4/4/2021,56.8862,1.379,1.1444,1.3155,1.5697,1.3937,1.1542,1.1835,1.6919,0.8315,1.2813,1.951,0.7093,1.0711,0.7435,0.9977,0.988,1.0955,1.3693,0.9342,0.8902,1.0564,0.6604,1.2373,1.1493,0.8853,0.7289,1.6088,0.7289,1.3106,0.944,0.5284,0.6066,0.8853,0.5773,0.9048,0.9733,1.3937,0.9635,1.9654,5.9551,1.0906,1.0759,1.0026,1.1737,1.0515,1.1053,0.7386,0.8902
4/3/2021,38.82,0.857,0.5827,0.8724,1.2854,1.5505,1.0666,1.4765,0.9464,1.0697,0.9156,0.9741,0.6814,0.7245,0.5211,0.629,0.5612,0.7122,0.5519,0.5981,0.7153,0.5797,0.7153,0.8447,0.8016,0.5951,0.7122,0.9587,0.555,1.0235,0.5951,0.444,0.4564,0.5365,0.6444,0.5396,0.6197,0.7584,0.8016,0.9119,2.565,0.8817,0.7183,0.5612,0.82,0.8786,0.6228,0.8509,0.5365
4/2/2021,33.146,0.5967,0.8532,0.4961,1.0216,1.1096,0.9563,0.9537,1.2052,1.0392,0.906,1.0644,0.7526,0.6042,0.5137,0.6922,0.5212,0.6696,0.4659,0.7149,0.7123,0.4684,0.4835,0.7752,0.569,0.4634,0.4986,0.6294,0.4709,0.9487,0.6595,0.4785,0.3628,0.5439,0.5338,0.5715,0.5765,0.5589,0.6771,0.6191,1.6228,0.7727,0.4206,0.5992,0.4835,0.745,0.6897,0.476,0.5992
4/1/2021,36.7291,0.8073,0.8562,0.6407,0.9194,0.8849,1.267,0.7125,0.8504,1.155,1.0257,1.0515,0.7441,0.6436,0.7298,0.6637,0.8246,0.6263,0.7642,0.724,0.612,0.4942,0.8274,0.5861,0.8533,0.4568,0.4856,1.0458,0.4568,0.6378,0.635,0.6148,0.4281,0.5516,0.5287,0.5574,0.543,0.882,0.8188,0.8539,2.3782,0.5832,0.7183,0.8792,0.5861,0.7527,0.6148,0.7039,0.7527
3/31/2021,32.8472,0.4698,0.5742,0.8226,0.7282,1.3941,1.2078,0.8127,0.8276,0.5195,0.522,1.0488,0.7406,0.6239,0.7009,0.6288,0.6586,0.5518,0.7605,0.7357,0.6636,0.6562,0.6785,0.7133,0.4226,0.5319,0.4574,0.7928,0.4971,0.9891,0.4971,0.5493,0.4971,0.4624,0.4002,0.5642,0.5816,0.6586,0.435,0.6827,1.8273,0.5046,0.7705,0.445,0.5344,0.7605,0.7804,0.512,0.6537
3/30/2021,41.9554,0.7711,0.6964,0.8016,1.294,1.5724,1.0291,0.7541,1.0189,0.8967,1.2736,1.2023,0.6726,0.547,0.5775,0.7847,0.8729,0.6047,0.8628,0.9103,0.9171,0.6081,0.659,0.5945,0.5062,0.6149,0.5232,0.9646,0.6081,1.0495,0.6896,0.5368,0.4994,0.4383,0.6794,0.5707,0.7575,0.8458,0.5605,1.635,4.8918,0.7948,0.6285,0.8763,0.6047,0.7677,0.8254,0.6081,0.5572
3/29/2021,48.8234,0.9668,1.0893,0.6688,1.0934,1.8649,1.0566,1.7669,1.077,1.2362,1.4404,1.7057,1.2852,0.8974,0.7341,0.7627,1.0485,0.9709,0.7749,1.028,1.1301,0.828,0.6974,0.7668,0.975,0.9382,0.9178,1.1505,0.6321,0.8035,0.8076,0.4933,0.4769,0.7178,0.681,0.5014,0.7749,0.7627,1.1015,1.4055,4.1533,1.1913,0.8158,0.5912,0.6116,0.7709,1.2893,0.6729,0.6974
3/28/2021,66.1432,0.9865,1.0272,1.1493,1.6668,3.1029,1.8179,1.4284,1.376,2.1842,1.7307,1.1784,1.5447,0.9051,0.9749,1.1725,0.9051,0.9167,1.4516,1.126,1.0388,1.2598,1.0446,1.4807,0.8586,1.0621,1.1377,1.9633,0.783,1.0039,1.0504,0.6667,0.969,0.8876,0.876,0.7714,1.126,0.9632,1.3993,2.3032,7.0423,1.4284,1.3819,0.7481,1.1784,1.3644,1.2074,1.3993,1.1028
3/27/2021,69.1294,1.7744,1.0347,0.9002,1.9578,3.2354,1.5054,2.1289,2.3918,1.0836,1.7927,2.5629,1.1203,0.9247,1.0347,1.3709,1.1447,1.3709,1.1203,1.6277,1.1019,1.4137,1.6215,1.7438,1.2609,1.432,0.8391,1.8722,1.0225,1.811,1.3281,0.7229,1.157,0.7596,0.7413,0.7841,1.1203,1.6093,0.9308,1.1174,3.2261,1.6521,1.5054,1.5543,1.3954,1.0836,1.377,1.4932,1.3709
3/26/2021,72.1151,1.3592,1.8785,0.9745,1.8593,2.2761,1.8785,1.2887,1.7054,1.8593,1.3784,1.8529,1.3913,1.0835,1.3528,1.0963,1.0707,1.3913,1.4233,1.5003,1.2823,1.0386,0.9617,1.231,1.34,0.8142,1.4874,1.5772,1.0002,1.5451,1.2374,0.8719,0.7437,1.0771,0.904,0.7758,1.1092,1.1605,1.4618,3.1854,9.8812,1.3143,0.9296,1.1348,0.9168,1.6093,0.9745,1.0258,0.904
3/25/2021,62.7093,1.3976,1.4469,1.3156,1.6055,1.8791,1.3867,1.9994,1.7259,1.0858,1.228,2.1964,1.3101,0.9709,1.0584,0.949,1.2991,1.1186,0.8451,1.4523,1.4469,1.3484,0.7466,1.0311,1.5836,1.146,1.0311,1.228,0.8888,0.9818,1.2718,0.6426,0.5879,0.9326,0.7356,1.0147,1.0639,0.8998,0.8396,1.6271,4.8665,1.6383,1.6985,1.2554,0.9545,1.4797,1.6602,0.8998,0.9381
3/24/2021,74.2055,1.034,1.4908,1.12,2.2058,2.5103,2.1131,1.9542,1.418,1.0406,2.411,2.7619,1.5239,1.2193,1.2922,1.2723,1.6166,1.4709,1.3584,1.7622,1.5437,1.0009,1.0671,1.4709,0.9413,1.312,1.2127,1.0604,1.0604,1.226,1.2326,1.034,0.8353,1.0406,0.9479,0.981,1.2855,1.0075,1.4113,2.6827,8.2634,1.4444,0.8221,0.9148,1.2657,0.9942,1.9741,1.4709,1.1266
3/23/2021,72.4141,1.3004,1.5065,1.0169,2.6853,2.4469,1.6031,2.3117,2.3503,1.5258,1.2102,2.3696,1.2617,1.1136,0.9203,1.2166,1.4872,1.6482,1.777,1.5387,1.6417,1.3261,1.0813,1.9703,1.7899,0.74,1.2681,1.0427,0.9203,1.616,1.2488,0.5982,1.1007,0.9461,0.7979,1.1007,1.1715,1.4099,1.2231,1.2814,3.7541,1.9123,1.9767,1.3068,1.6997,1.7319,1.1264,1.7126,1.6289
3/22/2021,84.8065,1.7796,2.1944,1.3111,2.9855,2.8242,1.8871,2.8549,2.8242,1.8103,1.9255,2.5169,1.3111,1.1114,1.7719,1.2112,1.8948,1.8641,1.8871,2.0023,2.0407,1.8334,0.9962,1.5261,1.9179,1.4417,1.0192,2.54,1.0423,1.3725,1.2036,0.9271,0.7504,0.8042,1.1037,1.3111,1.3188,1.4954,1.7719,1.8382,5.5459,2.2404,1.818,1.6183,1.8334,1.1267,2.1867,1.0653,1.1498
3/21/2021,91.3758,1.8675,2.1093,2.0009,3.435,3.6434,3.5684,3.0765,3.6768,1.0838,2.6263,2.8764,1.1422,1.1088,1.5841,1.8092,1.4673,1.8175,1.8258,1.3423,1.7258,1.6591,2.0843,1.6257,1.509,1.5174,1.5007,2.1427,1.0505,2.693,1.2672,0.8837,1.3089,1.2255,1.1755,0.9087,1.3339,1.6424,1.6424,1.9041,5.758,1.2672,2.5095,1.2172,1.384,1.4006,2.151,1.7758,1.0505
3/20/2021,90.1816,1.8267,1.3501,1.1364,3.5032,2.9773,1.7939,1.5473,3.1499,2.0322,2.0815,1.2597,1.4569,1.1446,1.5555,1.3172,1.3254,1.6295,1.4487,2.0568,1.9418,1.8432,1.2432,1.2926,2.328,1.3008,1.498,1.5555,1.1528,2.4678,1.4734,1.4487,1.0214,1.383,0.9227,1.1528,1.4487,1.1775,1.9089,3.247,10.0793,1.8432,2.024,1.9993,1.8267,1.7199,1.9171,1.383,0.9885
3/19/2021,88.3904,1.3002,2.1845,1.3484,2.6748,2.9482,3.2376,2.3372,3.1331,1.7584,1.4529,1.7825,1.8709,1.5253,1.1555,1.268,1.3082,1.7664,1.7021,1.3886,2.1201,1.4368,1.6539,2.1845,1.5333,1.7825,1.0268,1.3404,1.0992,2.4497,1.8147,0.7857,1.276,1.1796,1.2439,1.3002,1.3484,1.7343,1.0912,2.589,7.9619,2.2407,1.1394,2.1443,1.3243,1.5494,1.8549,1.6378,1.4047
3/18/2021,65.2475,0.8823,0.9968,1.6952,2.0616,2.1875,2.3879,2.4165,2.1932,2.1989,2.1073,2.3478,1.5234,1.0769,0.888,0.9395,0.8365,1.2315,1.6093,1.3689,1.3231,0.8994,1.3002,1.2372,1.4433,0.7964,1.0197,1.0368,0.9452,1.8669,1.1399,0.9853,0.7964,0.9624,0.8536,0.9052,1.0883,1.4089,1.2944,0.6593,1.7521,1.4089,1.1799,1.3059,1.4147,1.4204,1.3631,1.1628,1.3288
3/17/2021,67.7853,1.7271,1.0515,1.6434,1.9662,2.863,2.6418,2.2173,1.4281,1.3863,1.8167,2.0977,0.8781,1.3803,1.1053,1.0814,1.1232,1.5238,1.0515,1.3684,1.2249,1.2787,0.9977,1.4819,0.7884,1.3982,1.3385,1.195,0.8721,1.0694,1.3504,0.6151,0.9797,0.6151,1.0276,0.8781,1.2308,1.5836,0.8901,1.8873,5.7039,1.177,0.9797,0.8602,1.2727,1.3444,1.2727,1.1173,1.0037
3/16/2021,67.0389,1.1585,1.5895,1.2589,1.5954,2.5341,2.3216,1.3593,2.2153,2.1386,2.0205,1.7194,1.2412,1.3002,0.8574,1.1998,1.1231,1.188,1.619,1.2825,1.6013,1.0523,1.1349,1.6958,0.9755,1.3179,0.9578,2.0323,0.822,1.8257,1.2825,0.5563,0.8515,0.9224,0.6685,0.8928,1.0227,1.0582,1.3593,1.5705,4.6844,0.8633,1.2943,0.8987,0.7689,1.2117,1.684,1.436,0.8751
3/15/2021,88.3901,1.5815,1.4609,1.7262,2.6346,2.5864,1.686,2.1523,2.6748,1.7584,1.895,2.4819,1.5655,1.3404,1.268,1.8147,1.1394,1.3243,2.1684,1.5655,1.5896,1.5655,1.7262,1.4851,2.297,1.3806,1.4931,1.7182,1.3162,2.8678,1.7664,1.1555,1.3002,0.7776,0.8017,1.3564,1.2841,1.9594,1.7262,2.5776,7.9251,1.4529,2.3533,1.2359,1.276,1.9674,1.6539,1.7825,1.7745
3/14/2021,75.9966,1.2342,1.309,0.9554,2.3018,1.7714,2.6758,1.6286,1.6694,1.9958,2.1046,2.1794,1.2206,1.547,1.343,1.7238,1.3362,1.1458,1.853,1.7578,1.8394,1.5606,0.8262,0.9758,1.7374,1.173,1.3974,1.5878,1.1254,1.7714,1.1322,1.2274,1.1254,1.2274,1.0098,0.7922,1.105,1.2886,1.3498,2.1172,6.4438,1.4382,1.8122,1.1866,1.4314,1.8734,0.935,1.751,1.003
3/13/2021,81.5218,2.0121,1.8283,2.1738,3.0708,3.7619,2.2032,1.7106,2.2179,1.1886,1.4533,2.0709,1.5342,1.5783,1.6959,1.6224,1.5268,1.8724,1.2107,1.5195,1.5121,1.1813,1.5636,2.1738,1.6812,1.0563,1.6371,1.6665,1.071,1.9679,1.343,1.2401,0.9533,0.9828,0.9533,1.1519,1.3136,1.2033,1.2254,2.2496,6.8696,1.2768,1.1004,1.5415,0.8578,1.5562,1.4606,1.1592,1.321
3/12/2021,73.3099,1.7864,1.1006,1.1659,2.8574,3.0338,1.9953,2.7268,2.7856,1.0875,1.6492,1.0222,1.7668,0.8916,1.1724,1.6623,1.6884,1.61,1.2443,1.721,1.401,1.4402,1.2443,1.5578,1.4467,1.4337,0.8459,0.9504,0.9896,2.1456,1.1724,0.663,0.9112,1.0026,0.8655,0.7349,1.2508,1.0679,1.0614,1.7723,5.3337,1.29,1.4533,0.8002,0.983,1.7733,1.7864,1.4271,1.5382
3/11/2021,74.8028,1.7098,1.5562,1.2756,2.5916,3.5202,2.458,1.7633,2.3845,1.8434,1.2422,2.3645,1.3157,1.3691,1.6096,1.2288,0.9817,1.5027,1.7098,1.4359,1.643,0.9817,1.4426,1.5695,1.2021,1.2088,1.4693,1.9169,0.8347,2.4246,1.3023,1.2422,0.7545,0.9282,0.7412,0.7412,1.3357,1.1954,1.329,1.1248,3.2501,1.0551,1.2422,1.7432,1.6363,1.8234,1.79,1.5562,1.456
3/10/2021,79.4318,2.1453,1.7882,1.2524,2.1025,3.5668,3.0025,2.9811,3.1382,1.0096,2.4453,1.7453,1.531,1.6382,1.0096,1.6953,1.0524,1.3739,1.681,1.681,1.6453,1.581,1.1453,1.9739,1.7596,1.1953,1.6596,2.3953,1.0167,2.5168,1.6382,0.881,0.9596,0.7167,1.1596,1.2167,1.1953,1.3024,0.9167,1.1573,3.3547,1.2524,1.931,1.1596,0.9167,1.8739,1.1024,1.2596,1.7096
3/9/2021,93.9146,1.3351,1.5327,2.1169,3.2682,3.0878,3.7407,3.8524,2.9417,1.4124,2.074,1.9193,1.3609,1.3866,1.464,1.61,1.8076,1.8764,1.5843,1.9709,2.1255,1.3609,1.4812,1.9966,1.4554,1.6788,1.1203,2.4778,1.1289,2.0568,1.6272,0.8368,1.4812,1.2492,0.8626,1.043,1.5843,1.1976,2.031,2.2259,6.7934,2.1771,1.9365,1.9966,2.2028,1.8334,2.4949,1.3351,1.7819
3/8/2021,87.7925,1.9061,1.4433,1.7386,3.3584,2.2812,2.3211,3.0552,2.2971,3.0552,1.4035,2.0338,1.3476,1.6668,1.5231,1.563,1.1401,1.1641,1.8343,1.4673,2.0657,1.6269,1.7067,2.1774,1.5311,1.7386,1.8982,2.5046,1.1481,1.595,1.8423,1.2199,0.7571,1.1002,1.1322,1.2598,1.4114,1.8662,1.6269,1.6327,4.8845,1.6029,2.2333,1.9301,2.0258,1.8104,1.9381,1.3875,1.5391
3/7/2021,96.4523,1.6084,2.0242,1.9534,2.5991,3.2802,1.8738,2.9175,3.0414,2.0419,1.6704,2.4399,1.9092,1.5819,2.0242,1.8296,1.6261,1.8296,2.0772,2.3249,2.2276,1.9269,1.2458,2.1126,2.0772,1.2723,1.7234,2.0772,1.3519,2.263,1.9003,1.3696,1.2016,1.0423,1.0423,1.0158,1.5642,1.29,2.0949,2.8865,8.9192,1.29,2.1215,1.0777,1.6261,1.4935,2.2099,1.8119,1.5642
3/6/2021,90.1813,1.9582,1.7774,2.0651,3.2813,3.1827,2.1472,1.7774,2.7883,2.4842,2.6896,2.2459,2.3034,1.5966,1.5555,1.2022,1.1611,1.9582,1.9747,1.7939,2.1883,1.3994,2.1062,2.0897,1.876,1.6952,1.8678,1.0131,1.0953,2.0158,1.835,0.9638,1.4158,1.4651,1.4487,1.2104,1.5555,1.572,1.2186,1.9474,5.8973,1.4569,1.2022,2.0486,1.6377,1.2843,2.213,1.5144,1.0049
3/5/2021,82.2681,2.0085,1.6,2.1051,2.2833,1.8748,2.3056,2.8775,1.8154,1.7783,1.7337,2.9666,1.6298,1.1173,0.9836,1.4589,1.6446,1.3327,1.3104,1.199,1.4441,1.3847,1.2658,2.0011,1.8897,1.1841,1.7857,2.5135,0.9688,2.6769,1.5852,1.1693,1.043,1.2881,0.7385,1.2955,1.2658,1.9491,1.7412,1.5964,4.7676,1.2064,1.0282,1.9862,1.9862,1.7114,1.5332,1.4961,1.7412
3/4/2021,75.6991,1.8659,1.9742,0.9114,2.9017,3.1928,2.069,1.9471,2.4617,1.3582,2.2044,1.1551,1.5613,1.4868,0.9114,1.4326,1.5951,1.2025,1.2769,1.4868,1.4868,1.3108,1.5816,1.1821,1.9201,1.4056,1.629,1.4868,0.9926,1.392,1.128,1.0738,0.8504,0.8369,1.0603,0.9249,1.3175,1.717,1.3852,1.7797,5.3574,1.3514,1.981,1.4529,1.3582,1.0671,1.0129,1.0197,1.6425
3/3/2021,63.7542,1.226,1.6553,1.4657,2.1571,1.4825,1.7557,2.369,2.4972,1.7278,0.9695,1.0587,1.2706,1.1424,1.1256,1.2093,1.1758,1.4044,1.4657,1.4713,1.3487,1.2873,1.4992,1.4992,1.6219,1.0978,1.2316,1.5772,0.9249,1.9508,1.2762,0.6183,0.6963,0.7688,1.0197,1.0253,1.1368,1.3933,1.5103,0.5976,1.5533,1.2594,1.6386,0.7521,1.4323,1.0587,1.3431,1.1089,0.897
3/2/2021,54.4971,0.985,0.9711,1.092,1.6732,1.2361,1.3198,1.1803,1.1524,1.3895,1.2036,0.8409,1.0641,0.9339,0.892,1.1478,1.2129,1.0873,1.1431,1.3012,0.8641,1.1943,1.1013,1.4221,0.6502,0.7851,0.6735,0.906,0.6781,1.3244,0.8083,0.4875,0.5944,0.8827,0.7804,0.6874,0.7804,0.8362,0.9292,2.2688,6.9315,0.6874,0.7804,0.9711,0.985,0.7711,0.7293,1.2082,0.9525
3/1/2021,83.4629,1.9627,2.1438,1.4043,1.9476,3.5399,2.4532,2.1664,3.0644,1.0118,2.7475,1.1401,1.3212,1.0949,1.359,1.4193,1.6231,1.5627,1.8948,1.8495,1.2911,1.2911,1.2081,1.8948,1.2081,1.2231,1.1477,1.0949,0.9213,2.506,1.6306,1.3816,0.8307,0.9062,1.1552,0.7704,1.4193,1.2911,1.6608,2.7983,8.6356,1.7967,1.4043,1.4118,1.4344,1.5401,1.3967,1.442,1.0647
2/28/2021,86.2997,1.4899,1.2942,1.3333,3.1421,2.8523,2.9306,2.6488,1.7327,1.3255,2.2651,2.5313,1.5604,1.1219,1.5761,1.5839,1.4586,1.8266,1.6778,1.8501,1.2472,1.7405,1.6857,2.2886,1.5134,1.6152,1.028,0.9888,1.0515,1.7248,1.4351,1.0201,1.0593,1.1689,1.3725,1.3412,1.4743,2.0224,1.1454,2.3311,7.132,1.4195,1.2237,2.0615,2.0224,1.6387,2.1163,2.0145,1.2159
2/27/2021,73.0116,1.8635,1.2979,1.935,2.221,2.5591,2.7476,2.5721,1.3694,2.078,1.987,1.948,1.2914,1.4669,0.9143,1.2003,1.0638,1.7074,1.5319,1.6229,1.6424,1.3759,0.8168,1.87,1.4734,0.8363,1.4409,1.9805,0.9598,1.3694,1.5384,0.9403,0.9273,0.6608,0.9468,0.7388,1.0443,1.7594,1.2198,1.3735,4.0502,1.0703,1.2784,1.3174,1.2459,1.4669,1.3759,1.3694,1.5449
2/26/2021,78.9838,1.054,1.2243,1.1888,2.3885,3.077,2.5659,1.4089,1.5083,2.1116,1.6715,1.6218,1.6573,1.0469,1.3876,1.1107,1.8703,1.4515,1.4018,1.4657,1.203,1.7425,1.0256,1.0114,0.9972,1.2527,1.6431,2.3459,1.1604,1.7638,1.416,1.0611,1.1249,0.6706,0.7913,1.1959,1.3521,1.7283,1.8845,2.4621,7.5534,2.0619,1.8703,1.3308,1.3663,1.5296,1.4231,1.7141,1.0895
2/25/2021,70.6224,0.9557,1.6007,1.87,1.632,3.2727,1.5444,2.8532,1.6571,1.8011,1.4191,1.1248,1.1123,0.9933,1.2312,1.2187,1.4191,1.4504,1.3815,1.1123,1.4379,1.1373,1.1373,1.5256,1.5381,1.0747,1.2626,1.4254,0.9745,1.5005,1.1123,0.7741,0.6864,0.8367,0.6301,1.1123,1.0935,1.1749,1.1561,1.9215,5.8138,1.6132,0.9933,1.5569,1.369,1.6258,1.5757,1.3502,1.5631
2/24/2021,76.1467,2.0134,1.7068,0.964,1.7409,3.0084,2.252,2.2451,2.9539,1.7068,1.3047,1.6523,1.3456,1.3388,1.0662,1.625,1.3115,1.1071,1.3865,1.4069,1.5432,1.2706,1.6727,1.5432,1.0526,1.0935,1.5909,1.148,0.9163,1.1139,1.441,1.2025,0.78,0.964,1.0594,0.8345,1.3183,1.1957,1.5909,2.3574,7.2166,1.7477,1.6318,1.3865,0.8209,1.0662,1.5296,1.7749,1.148
2/23/2021,86.1505,1.7375,2.2064,2.1361,3.0192,3.238,2.1595,3.1442,1.9798,2.9332,2.816,1.589,2.3158,1.3858,1.3546,1.2373,1.5499,1.714,1.2608,1.8625,1.3702,1.1435,1.167,1.589,1.886,1.3546,1.2764,2.0735,1.2061,2.3158,1.2764,0.6746,1.253,0.7841,1.2139,1.1201,1.4874,1.0498,1.1592,1.8156,5.4731,1.5499,1.2451,1.7609,2.011,1.7609,2.3158,1.253,1.925
2/22/2021,77.0422,1.9618,1.9065,2.0653,2.4382,3.6809,2.8455,2.8731,2.1689,1.3059,1.5544,1.6994,1.8237,1.078,1.1056,1.5613,1.5889,1.0849,1.6787,1.8168,1.7339,1.0573,1.154,1.2299,0.8709,1.1471,1.3197,2.3967,0.9192,1.7063,1.4025,1.2368,0.719,0.7466,0.7121,1.2575,1.0435,0.9676,1.2783,1.5334,4.565,1.2092,1.5268,1.444,1.5475,1.7063,1.4301,1.7961,1.1471
2/21/2021,61.5145,1.3922,1.3922,1.0978,2.1146,2.0664,1.237,2.0236,2.1414,1.7935,1.3172,1.451,1.2048,1.1834,0.9747,1.4082,0.9694,1.055,0.9801,1.1567,1.1513,1.0871,0.8035,1.0871,1.0818,0.7714,0.8677,1.2851,0.7072,1.6276,1.1941,0.9105,0.766,0.964,0.9426,0.7286,1.0283,1.253,1.4243,1.2387,3.6166,1.6116,1.6383,1.3226,1.2209,0.9801,0.9212,1.0283,1.2958
2/20/2021,61.0669,1.0688,1.3925,0.7929,1.7427,1.6631,1.2705,1.1113,1.366,1.3235,1.6313,0.9308,1.0953,0.9414,1.1166,1.3076,0.9521,0.9414,1.3501,1.1006,1.1909,1.2015,0.9255,1.1431,1.5942,0.9627,0.8353,0.9945,0.8353,0.8565,1.0794,1.021,0.7345,0.9892,0.8937,0.6018,0.9627,1.4615,0.9149,2.0852,6.3408,1.3607,1.0953,1.3023,1.1909,1.1325,1.5358,1.3607,1.366
2/19/2021,68.084,1.2902,1.6688,1.5126,2.5099,1.4945,2.4559,1.7228,2.2336,1.7829,2.1795,1.6267,0.9598,1.3563,0.9117,1.1941,1.5786,0.8937,1.5126,1.0139,1.6207,1.0499,0.9117,1.5606,0.7615,1.2902,1.0799,1.831,1.0259,0.9357,1.4344,0.6353,0.7375,0.6594,0.6654,1.104,1.2241,1.4885,1.0499,1.8076,5.4474,1.1941,1.098,1.2181,1.104,1.6568,0.9177,1.4224,1.2542
2/18/2021,64.0528,1.0859,1.0299,1.7025,1.994,2.0893,1.6521,1.3045,2.022,2.0276,1.2317,0.9402,1.327,0.8057,1.1588,0.9962,1.2821,1.0467,1.2429,1.3606,1.1812,1.1196,0.7664,1.7361,1.6409,1.1084,0.8561,0.8281,0.9682,0.9122,1.0691,1.0635,0.8057,0.9234,0.8057,0.7048,0.9234,1.2765,0.9682,1.9367,5.8628,1.4559,1.0131,1.2933,0.8841,1.3718,1.4222,1.4559,1.3998
2/17/2021,64.202,1.1614,0.9985,1.6729,1.8808,1.656,2.263,2.1169,1.2851,1.5099,1.6167,1.5099,1.0097,1.1783,1.3413,0.8748,1.3188,1.2738,1.0153,1.3919,1.4368,0.931,0.931,1.6897,1.5324,0.9535,0.7905,0.8074,0.7568,1.5099,1.1952,0.7399,0.6669,0.7287,0.6444,0.6725,1.0378,1.0153,1.1446,1.9121,5.7837,1.2738,1.774,1.4593,1.3019,0.9198,1.3638,1.3076,0.8467
2/16/2021,76.4455,1.5219,1.8367,1.6725,2.3638,2.398,1.8778,2.6102,2.8018,2.4938,1.9668,1.0701,0.9196,1.1797,1.3371,1.563,1.5766,1.0359,1.6246,1.1865,1.7751,0.9949,1.3371,1.6725,1.8299,0.7964,1.5287,2.2611,1.0907,1.5013,1.1523,0.769,0.9127,0.8237,0.6869,1.0633,1.1728,1.4534,0.9675,2.0051,6.083,1.9257,1.6314,0.9264,0.8306,1.2892,2.0489,1.2002,1.6793
2/15/2021,74.9523,1.8338,1.7534,1.6999,2.818,3.5946,1.7802,2.7443,2.8983,1.6664,2.4564,1.8137,1.0237,1.1509,1.499,1.0504,1.2044,1.7333,1.5124,1.7735,1.1241,1.3785,1.2044,1.7869,1.1174,1.4588,1.0571,0.9567,1.0906,2.4163,1.3182,0.7023,1.2848,0.9768,0.7358,1.0571,1.3049,1.412,1.5526,1.0762,3.0935,1.9543,2.0614,0.8898,1.6865,1.1442,1.2111,1.017,0.8764
2/14/2021,78.237,1.8664,1.452,1.0657,2.941,2.941,2.2738,3.0534,2.646,2.3159,2.3862,1.1359,1.761,1.143,1.0165,1.157,1.7821,1.3396,1.9366,1.8172,1.8243,1.2062,0.869,1.7751,1.0657,0.8058,1.6978,1.0517,0.9393,1.1781,1.1008,0.9814,0.9042,0.6794,0.855,1.2624,1.157,1.0868,0.9393,2.0433,6.2058,1.8594,2.0631,1.3115,1.3958,1.452,1.9156,1.3747,1.2062
2/13/2021,71.2194,1.1655,1.1592,1.7914,1.7345,3.0874,1.7535,1.2667,2.6891,1.8926,1.2288,1.3362,1.9242,1.2793,1.4374,1.4058,1.5322,0.9632,1.1276,1.2224,1.4627,1.1339,1.469,1.5575,0.9885,1.0201,0.9759,1.7408,0.9632,1.7535,1.5006,0.7293,0.7799,0.6345,0.7673,1.1908,0.9696,0.9632,0.9063,2.0926,6.3644,1.8673,1.7408,1.4816,1.115,0.9759,1.9052,1.292,0.881
2/12/2021,73.7577,1.6068,1.8369,1.6988,2.797,2.8759,1.6462,2.4879,2.9285,2.3104,2.0999,1.1004,1.6002,1.2319,1.5015,1.1728,1.1793,1.6331,1.6922,1.6002,1.3766,1.2254,1.1925,1.7646,1.7712,1.2319,1.5147,1.8172,1.0215,1.7054,1.2385,1.1267,1.0149,0.8111,0.7256,1.0281,1.2254,1.2451,1.2188,0.6531,1.7319,1.2122,2.0934,1.6922,1.4358,1.4884,1.6659,1.2254,1.3043
2/11/2021,77.1918,1.1008,1.6128,1.0523,1.9172,3.6124,1.9241,1.4882,2.7544,1.7304,1.0523,2.0971,1.7858,1.0316,1.2045,1.4882,1.08,1.6474,1.8826,1.1492,1.419,1.3983,0.8309,2.0348,1.6335,0.7894,1.3568,1.7719,0.9555,1.0938,1.426,0.9209,1.0523,0.6718,1.1492,0.741,1.3222,1.6889,1.5228,2.4041,7.367,1.7858,1.0385,1.3083,1.4744,1.5574,2.0556,1.3153,1.4951
2/10/2021,87.1952,2.202,1.2279,1.901,2.1149,3.9047,2.5425,3.0415,2.8989,1.4259,1.7347,2.1545,1.315,1.6714,1.7031,1.3942,2.0436,1.4813,2.0278,1.711,1.3625,1.4338,1.0061,1.7189,0.9586,1.1091,1.3467,2.7722,1.1724,1.2516,1.6555,1.0695,1.2754,1.1962,1.2912,1.41,1.4417,1.0299,1.4734,2.5962,7.985,1.4259,1.3625,1.7585,1.2912,1.4496,1.7585,1.1645,1.9327
2/9/2021,84.5074,2.1176,1.7504,1.3831,2.9056,2.6149,2.5155,3.357,2.4007,1.8039,2.5537,2.9363,2.0105,1.2837,1.0771,1.605,1.8957,1.4137,1.7504,1.299,1.7427,1.2607,1.7045,1.4367,1.2913,1.4367,1.0924,2.3548,1.0312,1.2684,1.6509,1.3755,0.7481,1.0618,1.276,0.8858,1.5056,1.1536,1.8039,1.8807,5.6826,1.6662,1.5056,1.3066,1.1077,1.3372,1.9416,1.8345,1.4903
2/8/2021,88.8376,1.8966,1.4762,1.7188,2.7373,3.093,2.1229,3.2789,3.1415,2.7858,1.3711,1.8238,1.3226,1.3631,1.452,1.5167,1.7107,1.6702,1.2256,1.7349,1.4197,1.7592,1.7673,2.2523,1.3307,1.0397,1.8562,1.6541,0.9831,1.7753,1.4843,1.452,1.4843,0.9993,1.0801,0.8619,1.6137,1.2822,1.6056,2.4108,7.3886,2.2199,2.422,1.5086,1.6056,1.6217,1.2095,1.4924,1.8158
2/7/2021,95.855,1.3527,2.4421,1.4757,2.3806,2.0204,2.9692,3.9093,1.7832,1.5636,3.0132,3.3997,2.6178,1.2297,2.0292,2.1786,1.546,1.5021,2.2137,1.4318,1.9765,1.5987,1.2561,2.363,1.7656,1.7568,2.1083,2.3015,1.4142,1.5284,1.4757,1.3,0.8607,1.3966,1.4933,1.0101,1.6251,1.5899,1.8623,2.0641,6.2728,2.3015,2.0907,2.0907,0.9925,1.9501,2.2928,2.1346,1.9238
2/6/2021,78.0883,1.1549,1.4212,1.8768,2.795,2.066,2.795,2.2062,2.4375,1.204,1.2741,2.2343,1.6245,1.1199,1.6105,1.4072,1.1899,1.1129,1.1339,1.1619,1.2811,0.9657,1.7647,1.9609,1.0918,1.4493,1.4703,0.9727,1.1759,1.5404,1.4703,0.7204,1.0217,0.8746,0.9867,1.204,1.211,1.8488,1.7016,2.6009,8.0003,0.9867,1.7577,1.8558,1.0848,1.4423,1.0287,1.1129,1.6806
2/5/2021,84.3585,1.5106,2.2054,2.1367,2.5185,2.8087,2.5567,2.2971,3.0836,2.7552,1.9458,2.6025,1.1822,1.2281,1.0601,1.4953,1.251,1.2051,1.0753,1.7091,2.0222,1.396,1.4419,1.3502,1.0982,1.1593,1.5869,1.3197,1.1288,2.5567,1.2739,1.0524,1.0524,0.8234,0.8615,1.0142,1.4877,1.9,1.3884,2.2213,6.7787,2.1673,1.3273,1.5946,0.9455,2.0604,1.6709,1.6862,1.3655
2/4/2021,68.0838,0.9718,1.0619,1.4224,1.5847,2.1374,2.0653,2.6481,2.4799,2.1434,2.0233,1.9812,0.8336,1.2902,1.4284,1.0199,1.0739,1.0259,0.9117,1.3143,1.3383,1.3924,1.3864,1.4224,1.0259,0.9778,1.4164,1.2061,0.8937,1.6868,1.104,0.7915,0.7975,0.9898,0.8456,0.7134,0.9838,1.0739,1.2542,1.9116,5.782,1.098,1.2722,1.2061,0.9177,1.3023,1.2001,1.3984,1.2782
2/3/2021,70.4732,1.3661,1.3724,1.8597,2.4657,3.0467,2.5157,1.7097,1.5536,1.766,1.1725,1.7035,1.5473,1.4474,1.06,0.9163,0.9976,1.16,1.4599,1.5661,1.1225,1.4848,1.2412,1.0538,1.0038,1.0225,1.5223,1.6723,0.9476,1.16,1.16,0.9476,0.7602,0.8164,0.9851,1.0725,1.1725,1.4099,0.8539,1.8358,5.5382,0.9288,1.5786,1.5598,1.6535,1.4536,0.9851,1.6285,1.2162
2/2/2021,64.9487,1.317,1.1405,1.1348,2.177,2.7749,2.1826,1.9207,2.5471,1.0494,1.9947,0.9924,0.8557,1.2658,1.0892,0.9412,1.2259,0.9469,0.8501,1.2886,1.0209,1.317,0.9127,0.8387,1.4138,0.8899,1.0266,1.4708,0.7817,1.6872,1.0835,0.571,0.8842,0.9355,0.702,1.0494,1.0892,1.6018,1.0778,1.7233,5.1762,1.3284,1.6416,0.9412,1.169,1.2487,0.8956,1.4936,1.2829
2/1/2021,81.6712,1.839,1.3086,1.0139,2.7746,3.4598,2.0895,3.1209,1.8243,2.7083,2.0011,1.9495,1.9716,1.478,1.5296,1.1686,1.0802,1.4117,1.3822,1.6696,1.9053,1.5885,0.9255,1.758,1.7359,1.0802,1.0507,1.3749,1.1023,2.0895,1.3896,0.6824,0.9623,0.8813,0.8297,0.8518,1.3601,1.2202,1.8832,2.3219,7.1024,1.3601,1.3454,1.7211,1.0507,1.2791,1.8906,1.9421,1.2054
1/31/2021,84.0603,1.6194,1.2163,1.4064,1.84,3.7263,2.3268,2.3344,2.3192,1.0946,2.2507,2.5702,1.6346,1.3076,1.6955,1.7791,1.9997,1.7031,1.2239,1.2695,1.551,1.6194,1.2771,2.1899,1.9313,1.3228,1.6498,1.7715,1.0718,2.2355,1.7335,0.7828,0.7219,0.874,1.0794,0.7904,1.2543,1.5966,1.7411,2.4207,7.4202,1.2163,0.9577,1.9541,1.5966,1.8628,1.2315,1.1707,1.7183
1/30/2021,81.6713,2.1263,2.1484,0.9991,2.9809,3.585,2.1558,1.3675,3.2314,1.1244,2.34,2.8262,1.117,1.3749,1.3749,1.036,1.559,1.5738,1.8316,1.6696,1.7432,1.1539,1.5959,1.0655,1.4633,1.0213,0.9476,1.4043,0.9549,1.1981,1.3749,0.8002,0.9549,1.0213,1.3086,0.8076,1.478,1.3233,1.7874,2.2765,6.9563,1.6254,1.5296,1.6548,1.9348,1.2938,2.1632,1.0434,1.3675
1/29/2021,71.2194,1.7408,1.6713,1.4184,2.4931,2.9863,1.5765,1.7408,1.469,1.45,1.1402,2.0127,1.2604,1.2161,1.4311,1.5575,1.3236,1.6334,1.6523,1.1845,1.3615,1.1023,1.2224,1.5385,0.8431,1.2035,1.4943,1.8989,1.0138,1.0454,1.1592,0.5839,0.6787,0.6787,0.6851,1.0012,1.0201,1.4816,1.1971,2.2275,6.7985,1.0517,0.9822,1.3173,1.6966,1.2224,1.2604,1.0012,1.4943
1/28/2021,59.7231,1.4597,1.046,1.4546,1.3201,2.3701,1.1546,1.0408,2.0546,1.5218,1.196,1.6563,1.5166,0.8804,1.196,1.3563,1.3408,1.227,1.2425,1.1029,1.0408,1.2166,0.8546,1.5994,1.4959,1.1184,1.2839,1.5425,0.7925,0.8753,1.0408,0.6011,0.7098,0.6373,0.8287,0.8339,0.9787,1.2942,0.9735,1.4432,4.2745,1.4959,0.7977,0.6994,1.2735,1.2011,0.7667,0.8546,1.0615
1/27/2021,70.0255,1.494,1.3762,1.2087,2.6663,1.8475,2.2755,2.4988,2.5918,1.9716,1.0412,1.5436,1.3762,0.9978,1.4692,1.2955,1.37,0.911,1.6615,1.6677,1.0846,1.2273,1.401,1.3824,0.9172,1.2397,0.9234,1.2521,0.8676,2.1267,1.3327,0.8179,0.8924,0.6691,0.8365,1.1467,1.1653,1.2769,0.88,1.6518,4.946,1.7979,1.1219,1.3638,1.3638,1.2397,1.8227,0.8924,1.1219
1/26/2021,89.4353,1.4941,1.6732,1.5836,2.1781,3.3508,2.3328,1.8361,3.0413,1.8931,1.2416,1.7628,2.1211,1.6976,1.8605,1.6325,1.4615,1.9664,1.6244,1.5511,1.7221,1.1357,1.6814,1.3556,2.056,0.9159,1.3068,1.2986,1.3393,2.284,1.6569,1.4452,1.1439,0.924,1.2498,1.2579,1.5999,1.9094,1.4778,3.1514,9.7718,1.5836,0.9892,1.6976,1.8687,2.0234,1.3475,1.4452,1.4941
1/25/2021,93.1676,2.2277,2.1,2.4406,2.4321,3.3434,1.8871,3.6926,2.6025,1.1291,1.8615,2.9176,1.2738,1.3846,1.2738,1.7593,2.1851,1.3249,1.6656,1.8189,2.0915,1.8274,2.1255,2.4151,1.6316,1.0269,1.9637,1.6316,1.376,1.4782,1.3249,1.342,1.2994,1.2738,0.9672,1.4016,1.3846,1.2738,1.2057,3.0984,9.6013,1.6912,1.4101,1.0013,1.5805,1.4016,1.8445,1.3335,1.8445
1/24/2021,88.8377,1.355,2.1634,1.5167,2.6888,4.063,3.3355,3.5376,2.7292,1.1448,2.6565,2.6969,1.0882,1.743,1.9208,2.0179,1.3307,1.646,1.8158,1.7834,1.3146,1.7268,1.6056,2.1714,2.3412,1.6864,1.84,2.7211,0.9831,2.4382,1.3469,0.9427,1.1933,1.1933,1.3307,1.1691,1.2176,1.4601,1.7915,0.6899,1.8503,1.7753,1.6298,1.6056,1.7834,2.0098,2.0502,2.0664,1.6702
1/23/2021,95.8555,2.3806,2.3894,1.7832,3.3734,3.514,3.6545,2.3806,3.6457,2.3279,3.1713,3.514,1.8359,1.4494,1.6338,1.8096,1.1946,1.4318,1.8096,1.5372,1.8974,1.4406,1.6953,2.1873,2.038,1.0716,1.5899,1.546,1.1594,1.3703,1.8535,0.8256,1.4933,0.8695,1.1419,1.1419,1.4933,1.9062,2.0907,2.1828,6.6549,1.5021,1.8447,1.8183,1.3264,2.2049,1.8711,1.6866,1.1155
1/22/2021,79.5805,1.3835,1.949,1.3979,2.8438,3.5596,2.5575,2.6577,2.672,2.2926,2.1924,1.5983,1.4766,1.6412,1.6913,1.541,1.3263,1.6842,1.2046,1.5124,1.3549,1.4193,1.4551,1.1831,0.9111,1.0543,1.2833,2.1566,1.176,1.8703,1.6555,0.9397,1.0042,0.9612,1.0256,1.1688,1.1616,1.5052,1.6054,1.6549,4.956,1.584,1.5696,1.405,0.9111,1.2404,1.7486,1.2261,1.2117
1/21/2021,77.9386,1.5095,1.1388,1.2367,2.4397,3.0202,2.8103,1.7613,1.7333,2.083,1.7123,2.7404,0.95,0.971,1.2787,1.3906,1.6633,1.6284,1.4745,1.8382,1.6354,1.1598,1.1178,1.6494,1.4256,1.4535,1.1738,1.4046,0.95,1.5794,1.3346,0.6492,0.8591,1.2507,1.1388,0.7681,1.3137,1.0759,1.0829,2.5659,7.8875,1.2787,2.097,1.3276,1.0339,1.1808,1.3206,1.4745,1.3696
1/20/2021,77.0426,1.4094,1.7339,0.9952,2.5279,2.0101,1.6994,1.7201,2.1068,1.3611,2.4244,1.6787,1.0159,1.223,1.2437,1.1264,1.8444,1.658,1.5406,1.5613,1.1471,1.6856,1.5199,0.9814,1.6649,1.154,0.9468,1.6856,1.0711,1.7961,1.1609,1.2575,1.2783,1.1125,0.9745,0.9952,1.1264,0.9883,1.1195,2.6137,8.0415,2.0377,0.8847,1.3956,1.4785,1.4232,2.017,1.7132,0.8916
1/19/2021,95.4073,1.775,2.3344,2.4043,3.4969,2.247,3.392,1.8361,2.2557,2.177,2.7102,2.2644,1.9061,1.5914,1.5215,1.8012,1.3816,1.6176,1.8536,1.5914,2.0459,1.7225,1.067,2.011,2.2382,1.6613,1.4166,1.5215,1.3729,1.469,1.7225,1.0844,1.4428,0.796,1.4428,0.9883,1.5215,1.2418,1.3379,3.4159,10.6229,1.8624,1.0757,2.0547,1.5652,1.8449,1.2942,1.7313,1.6788
1/18/2021,94.362,2.4294,1.7989,1.3844,3.1116,2.9821,1.9457,2.6625,2.3948,3.2239,2.2566,2.0407,1.7125,1.7298,1.7298,1.7385,1.2807,1.8248,1.3239,1.4103,2.0062,1.3671,1.488,1.4189,1.7471,1.4794,1.8248,1.4535,1.2721,1.3066,1.4276,1.5571,0.9785,1.1944,1.0648,1.4362,1.3326,1.9198,1.5398,3.4344,10.6824,2.2825,1.9716,2.0321,1.1685,1.8248,1.4448,1.2116,1.5139
1/17/2021,79.2821,1.9202,1.3001,1.4569,2.8611,3.3031,2.077,3.2247,2.8112,1.1147,1.1931,2.1697,1.3357,1.5068,1.6422,1.3286,1.2858,1.4996,1.8204,1.3998,1.2929,1.129,1.0221,1.5567,1.8917,0.8225,1.3357,2.1911,1.0577,1.4711,1.4711,0.6656,0.8724,1.2074,1.1931,0.8082,1.2288,1.1646,1.5994,2.5207,7.7422,1.3856,0.8438,1.8917,0.8581,1.3785,1.0149,1.3785,1.0363
1/16/2021,95.5565,1.4625,2.4169,2.3293,3.2662,4.5795,2.9947,3.6339,2.9772,1.8565,3.1173,2.8021,1.2699,1.7602,1.4975,1.2086,1.5938,2.0579,1.3312,1.41,2.1805,1.7777,1.874,1.4625,1.051,1.5063,1.3399,2.9947,1.3574,1.9878,1.4275,1.016,1.0335,1.2261,1.051,1.2786,1.5501,1.8653,2.2242,2.122,6.4591,1.1473,2.2943,1.7077,1.5063,1.9966,1.2086,2.2768,1.0685
1/15/2021,97.0499,2.1258,1.4846,1.3956,3.2478,3.5149,3.2033,3.5862,2.3484,2.4107,1.8853,3.6574,2.5532,1.9031,1.9477,1.7161,2.3217,1.3688,2.2237,2.3217,1.5024,1.5469,1.5113,1.6805,1.4935,1.5469,1.8497,2.8916,1.2353,3.2033,1.9566,0.9948,1.538,1.0839,1.3421,0.8969,1.6004,1.4579,1.3956,1.7268,5.1873,1.4757,1.6716,1.7874,1.8853,2.0189,1.7518,1.6538,1.9477
1/14/2021,80.3274,1.3094,1.1359,1.5481,2.6547,3.7179,1.6132,1.483,1.8447,1.8591,1.1431,1.2443,1.4324,1.577,1.5843,1.7217,1.5915,1.3456,1.4396,1.4324,1.512,1.0346,1.1648,1.5915,1.9098,0.8682,0.9044,1.9676,1.1286,1.5409,1.5264,0.6368,0.8248,1.0491,0.861,1.0925,1.2299,1.0274,1.7362,3.0285,9.3763,1.7651,1.8013,1.6421,1.172,1.4469,2.1557,1.295,1.3601
1/13/2021,93.1676,1.7252,1.9722,1.1972,2.5939,2.5939,2.3981,3.1135,2.8239,2.8835,2.0915,3.0964,1.4357,1.2738,1.1887,1.6997,2.1511,1.7678,1.359,1.4186,2.2618,1.9893,2.1937,2.0063,2.1511,1.2568,1.9211,2.7472,1.2568,1.7082,1.9467,1.2142,1.4186,1.1205,1.2313,1.3164,1.5634,1.1716,2.0915,2.2665,6.9242,1.8615,1.2909,1.7338,1.8189,1.2824,1.8445,1.2568,1.5379
1/12/2021,122.2828,2.3837,2.6123,2.098,3.2409,4.8408,4.3608,5.1037,3.1152,1.5038,3.6637,2.0638,3.2294,2.0066,2.3152,1.5495,1.5038,2.2923,1.5609,2.3723,2.6123,2.7152,1.8695,2.0866,1.7552,1.6409,2.4066,3.3209,1.5838,2.178,2.0638,1.4238,2.0752,1.3552,1.0924,1.4581,2.018,1.7323,2.4295,3.827,11.9459,1.5038,2.6352,1.6295,2.6123,2.9552,2.0295,1.5381,1.9723
1/11/2021,125.7167,2.1679,3.2391,2.9448,3.9807,5.3109,4.4751,3.2862,4.7341,3.6746,2.6269,4.5457,2.7447,2.368,2.0266,2.1443,1.8265,1.9677,2.6152,1.9324,2.4033,2.4151,2.1443,2.7447,2.4268,1.6852,1.7205,1.4851,1.544,4.2043,2.262,1.591,1.7794,1.8382,1.6264,2.0266,2.2149,1.6852,2.2149,1.4253,4.2171,3.2626,3.3568,2.7917,2.5916,2.933,2.5916,2.2856,1.6381
1/10/2021,120.0429,2.3515,2.1162,2.2731,4.0994,3.1246,4.1666,3.3599,3.1582,1.9145,3.6512,3.4831,1.9482,2.0042,2.1498,2.2283,1.9594,2.2843,2.4523,2.0266,2.3067,1.9033,1.3207,3.1246,1.8697,2.4523,2.3851,3.4047,1.5,3.0126,2.2058,1.3319,2.0154,1.8025,1.9033,1.1526,1.993,2.105,2.6876,2.9053,8.9797,2.6764,1.8697,1.8585,1.2983,1.7577,2.5084,2.3739,2.5868
1/9/2021,122.1332,2.5292,1.6961,2.3238,2.9629,4.1157,3.6934,2.5863,3.8646,1.8901,2.8146,4.4238,2.495,1.639,1.9243,2.358,2.4037,2.4493,1.5591,1.9928,2.4836,1.9814,2.8031,2.1754,2.0841,1.5363,2.4379,2.2439,1.5249,3.2711,2.2553,1.308,1.5705,1.2738,1.7988,1.0797,1.6162,2.1183,2.4379,4.22,13.2105,3.2026,1.5134,1.7645,1.7759,2.027,3.2939,1.639,1.7645
1/8/2021,15.3787,0.3083,0.3497,0.3637,0.3526,0.4242,0.3578,0.4028,0.3172,0.4043,0.2619,0.3393,0.2515,0.3054,0.2751,0.2855,0.3157,0.3386,0.2943,0.3342,0.346,0.3319,0.3297,0.2995,0.3283,0.2899,0.3054,0.2714,0.2464,0.2641,0.2869,0.2198,0.2545,0.2537,0.2346,0.2338,0.2648,0.3474,0.329,0.4063,0.9379,0.2633,0.3312,0.2685,0.2655,0.298,0.3046,0.2692,0.315
1/7/2021,128.7027,1.8444,2.291,2.8825,3.0515,4.1257,3.7636,2.46,3.4981,1.8686,2.0376,2.1462,1.8565,2.3031,2.1341,2.9066,2.5807,2.1583,2.8583,2.9911,2.6652,2.3755,2.2428,2.8221,2.7859,2.5204,1.434,2.3635,1.4461,2.1221,2.1703,1.8927,1.6392,1.0357,1.2289,1.4582,1.9531,2.5324,2.6049,5.3232,16.7608,1.5065,2.1703,2.4479,1.7358,2.6652,2.8463,2.6169,1.5789
1/6/2021,108.3973,1.5321,1.763,1.7529,4.1123,2.3252,2.1144,3.3995,3.9516,2.8473,2.8975,3.8412,2.1947,1.9638,1.5722,1.8935,2.0541,1.9939,2.5762,2.275,2.2549,2.3453,1.6927,1.4819,2.8473,1.6726,1.9236,2.3051,1.5823,2.3754,2.014,1.3413,1.512,1.0702,1.6224,1.0702,1.8634,1.4417,1.4317,3.2133,9.9709,2.0742,1.9738,1.2008,1.7329,2.1646,1.8533,2.1043,1.2008
1/5/2021,101.6784,2.7334,1.703,2.0496,3.9887,2.9395,2.0496,3.2487,3.1175,3.0988,3.0145,1.6093,2.7053,1.2814,1.3564,2.1901,1.7311,1.7592,2.3868,1.7311,2.0215,1.9466,1.984,2.1901,2.2932,1.7873,2.162,1.8529,1.2721,1.7311,1.7405,0.991,1.2159,1.4969,1.5531,1.1878,1.4032,2.059,1.3283,2.261,6.9062,1.7405,1.9466,1.4501,2.1995,2.518,2.696,1.5156,1.5344
1/4/2021,104.963,2.1835,2.0671,2.0671,3.4537,4.7433,2.9786,2.7556,3.124,1.6405,1.7181,3.8513,2.8525,1.6502,2.0381,2.3289,1.5629,1.8829,1.7278,2.4453,1.7956,1.6599,1.9217,2.5326,2.0187,2.0284,2.2029,3.2889,1.2527,2.2902,2.0574,1.4078,1.1557,1.5241,1.6308,1.5435,1.6696,2.2611,2.358,1.5114,4.4942,1.8635,1.6793,1.8829,2.0962,2.5423,2.0284,1.9411,1.2527
1/3/2021,113.1749,2.1124,1.6181,1.4288,2.6278,3.08,2.754,3.6164,4.5735,3.9424,3.3429,3.5533,2.9222,1.8284,2.3648,1.9757,1.9967,2.6593,1.6076,2.2912,1.881,2.0177,1.7758,2.8171,1.4814,1.4077,1.5024,2.6172,1.3446,3.3324,1.6917,1.7338,1.6286,1.271,1.6707,1.4498,1.576,2.5226,2.6909,1.9794,6.0002,2.5857,2.7435,2.4279,1.6286,2.2807,2.47,2.1755,2.1755
1/2/2021,105.56,2.3032,1.7862,1.7179,2.7813,3.1325,3.9618,2.9081,4.0593,1.591,3.4447,3.0837,1.552,1.8252,2.1081,1.4252,2.1471,1.874,2.1667,2.1276,1.8642,1.6593,1.8447,1.4447,2.5764,1.2691,1.2984,2.8105,1.5228,2.2935,1.7081,1.4837,1.0545,1.4447,1.2886,1.1325,1.4252,1.7764,1.8349,2.8681,8.8602,2.3325,1.513,1.474,2.0886,2.0203,2.4398,2.0203,2.2154
1/1/2021,84.3585,1.1899,1.7244,1.5335,2.6941,2.4574,1.8771,2.4192,1.7015,1.5182,1.984,1.4037,2.0069,1.6251,1.4419,1.4037,1.7855,1.312,1.2586,1.5335,1.251,1.2357,1.6098,1.7855,1.564,1.0906,1.2968,1.1211,1.2281,2.1749,1.3579,0.8844,1.3655,0.8615,0.8997,1.1211,1.1899,1.8236,2.0145,3.2966,10.2391,1.0372,1.6786,1.3426,1.9764,1.6709,1.5029,1.4189,1.4495
12/31/2020,75.6429,1.7157,1.9321,1.8577,1.7969,2.798,1.648,1.8983,2.223,1.249,2.1283,1.6751,1.3166,0.9175,1.3234,1.0798,1.1204,1.6886,1.3166,1.4248,1.4248,1.5128,1.8104,1.0325,0.8904,1.4181,1.4045,1.134,1.0054,2.1892,1.3437,1.2151,1.2963,1.2354,1.0325,0.931,1.3031,1.7225,1.7969,1.812,5.4615,1.6751,1.4384,1.5331,1.8036,1.4316,1.3031,1.4045,0.9716
12/30/2020,92.8209,1.3711,1.4814,2.3635,2.8046,2.5671,2.9912,3.3305,2.2024,1.8376,3.0591,2.9318,2.3381,1.651,1.193,2.0412,2.2108,2.0327,1.6341,1.8376,1.7359,1.7189,1.4135,1.5068,1.8122,1.9225,1.9649,2.0921,1.3542,2.8724,1.8885,1.193,1.3033,1.0064,1.2015,1.4051,1.5323,1.7783,1.8292,1.4536,4.3082,1.8631,1.0573,2.1684,1.7019,1.6086,1.422,1.7274,2.1006
12/29/2020,81.5198,1.2401,1.8503,1.8135,2.2252,1.9385,2.159,1.9826,2.9604,2.6957,1.6003,1.5782,1.3356,1.0857,1.071,1.8282,1.6518,1.4091,1.8429,1.9385,1.468,1.8135,1.2253,2.0414,1.0563,1.4239,1.7547,2.2032,0.9901,1.6885,1.3209,0.7181,0.9754,0.7475,0.7622,1.3503,1.1224,1.7106,1.8503,1.7929,5.3999,1.6738,2.2693,1.7106,1.7179,1.7694,1.5268,1.5856,1.6444
12/28/2020,95.6838,2.578,2.5341,1.9028,2.6744,4.13,2.6832,2.4026,3.8582,2.7796,2.5078,3.3934,2.0957,1.2539,1.2803,1.3153,2.1659,1.5959,1.5784,1.5608,1.403,1.1663,2.2272,1.8239,1.2013,1.7537,1.3329,1.2627,1.1926,2.2097,1.5784,1.3592,1.517,1.1224,0.9032,1.1926,1.5608,1.7099,2.1834,1.7361,5.2173,1.5258,2.5429,2.236,1.4381,1.8151,2.3851,1.745,2.0519
12/27/2020,105.7793,1.6627,2.3276,1.2814,2.308,2.3863,2.0734,3.2076,2.2787,3.6965,3.0218,3.1294,1.7605,1.5649,1.9756,1.956,1.6138,2.2591,1.3987,2.22,1.6138,1.34,2.4058,2.5623,1.7018,1.7214,2.0538,2.3472,1.3791,3.1489,1.9169,1.0173,1.5942,1.4769,0.9098,1.4574,1.9169,1.956,1.252,3.1756,9.8495,2.748,1.3889,2.5134,1.3889,2.4156,2.0734,1.9951,2.3374
12/26/2020,81.2182,2.1069,2.0484,1.0014,2.312,3.1613,3.1979,2.2241,2.8757,1.4773,2.1655,1.675,2.1655,1.5505,1.1624,1.2796,1.8946,1.8507,1.9239,1.4846,1.3821,1.2649,1.1478,1.4846,1.0306,1.2137,1.5871,2.4511,1.0673,1.836,1.2796,1.3455,1.3674,0.994,0.7597,0.9794,1.3601,1.2064,1.4773,1.5762,4.7025,1.9971,1.675,1.6017,1.9605,1.1698,1.0087,1.5358,1.199
12/25/2020,88.451,1.5826,1.647,1.9849,1.9688,4.0685,2.54,1.8642,2.2906,1.7274,2.7089,1.9205,1.4378,1.6952,1.6952,1.5585,2.0251,1.3976,2.1055,2.0894,1.7837,1.9044,1.7596,1.2447,1.6952,1.4619,1.4941,1.6711,1.2286,1.655,1.3573,1.4458,0.9792,0.8183,1.2367,1.3413,1.3493,1.3091,1.8079,2.5069,7.6978,2.0412,1.4056,1.4861,1.6148,1.2206,1.9849,1.4297,1.2125
12/24/2020,80.314,1.4032,1.2152,1.7865,2.1698,2.0179,2.0541,1.584,2.9363,2.0179,2.6109,1.8516,1.114,1.5551,0.9621,1.0778,1.4683,1.1501,1.7142,1.3743,1.4756,1.4394,1.3382,1.3454,1.114,1.3598,1.1791,0.926,1.0489,2.2999,1.4177,1.1646,1.0344,1.1863,0.8826,1.1646,1.3671,1.7937,1.1646,2.4108,7.3884,1.5045,2.2565,1.5623,1.4539,1.772,2.0975,1.7431,1.3598
12/23/2020,77.15,1.9646,1.4529,1.6396,2.988,2.8497,2.2204,2.822,3.0779,1.2247,1.4252,2.3864,1.5981,1.0241,1.6119,1.2039,1.28,1.1002,1.3837,1.6603,1.363,1.0933,1.8539,1.0103,1.5151,1.0864,1.0933,1.1071,1.0103,2.2412,1.3837,0.6161,1.0172,0.6853,0.7406,0.7683,1.2039,1.5289,0.9688,2.3355,7.1463,0.9757,1.1624,1.7087,1.5013,1.2592,1.1624,1.8055,0.8927
12/22/2020,65.8483,1.5492,0.9939,1.3757,2.4112,3.0707,2.1104,1.6649,1.3063,1.5666,1.3815,1.6534,1.017,1.0055,1.0517,1.0055,1.4798,1.0517,1.5608,1.2658,1.503,1.1096,0.7625,1.5492,1.3121,1.2195,1.3468,2.0178,0.9418,1.4683,1.3641,0.7972,0.965,0.7452,0.8608,1.0344,0.9245,1.6129,1.4567,1.2995,3.8121,0.9765,1.636,1.555,0.8666,1.2542,0.9881,0.9013,1.046
12/21/2020,76.3959,1.1447,1.6235,1.7398,2.9846,2.7247,1.7877,1.473,2.5195,1.7671,1.9039,1.9039,0.9395,0.9327,1.1995,1.603,1.1447,1.3157,1.302,1.7808,1.5072,1.6167,0.8506,1.0353,1.7124,0.9395,1.0558,2.157,1.049,2.0134,1.5551,0.6318,0.7549,1.2131,0.7207,1.1789,1.3431,1.5961,1.6098,2.2649,6.9189,1.1447,1.9587,1.3841,1.049,1.8834,1.0558,1.5072,0.8985
12/20/2020,67.5057,1.3865,1.1961,0.845,2.4815,2.8266,2.4636,1.934,1.5234,1.4877,1.0533,0.9938,1.6543,1.3508,1.2913,1.095,1.0474,1.0712,1.5651,1.0295,1.3627,1.0176,0.9283,0.9343,1.3449,1.3746,1.2497,1.2199,0.9402,2.0471,1.0295,0.9759,1.0355,0.7022,0.8331,0.9878,0.9224,1.1426,0.8272,2.0669,6.2819,0.9521,1.2556,0.9164,1.4579,1.6484,1.3032,1.446,1.0057
12/19/2020,82.4235,1.2086,1.2756,1.1342,2.3845,3.4636,1.8114,2.0273,1.7444,2.1761,1.3277,1.7221,1.5733,1.03,1.7519,1.5137,1.3202,1.5361,1.2086,1.3128,1.3574,1.4244,1.67,1.2607,1.9379,0.9332,1.3277,1.9454,0.9928,1.5212,1.2235,0.6876,0.7695,0.8142,0.8737,1.0746,1.1565,1.2458,1.2905,3.4643,10.7788,1.7444,2.2803,1.35,1.3202,1.1044,2.0942,1.5882,1.67
12/18/2020,76.8485,1.9774,1.7915,1.7708,2.659,2.356,2.6246,1.2682,1.5505,1.4886,2.0669,1.0686,1.6951,1.103,0.9791,1.702,1.8121,1.6538,1.7708,1.5161,1.7295,0.9722,1.6744,1.0135,1.943,0.8483,1.1443,1.2682,0.9722,1.6676,1.4335,0.6142,0.7312,0.7519,0.8689,0.7175,1.1719,1.9016,1.4197,2.6379,8.1191,1.103,1.4817,1.1443,1.7571,1.2476,1.1305,1.2269,1.3027
12/17/2020,66.9031,1.1975,1.704,1.0325,2.2165,2.0869,2.3284,1.9514,2.1164,1.869,1.2269,2.2872,1.5391,0.9383,1.0561,0.8735,0.9854,0.9383,1.5745,1.1916,1.5214,1.1798,1.4861,1.816,1.7158,0.7204,0.9619,1.1268,0.8205,1.1209,1.2387,0.6909,0.9383,0.8499,1.0443,1.0384,0.9913,1.651,1.3624,1.5422,4.5931,1.704,1.1739,0.8617,0.9619,1.3271,0.9206,1.3094,1.1209
12/16/2020,71.5742,1.3428,1.6988,1.8069,1.8577,2.9767,1.9404,1.2601,1.8196,1.915,1.2411,2.0485,1.8323,1.3364,1.2474,1.4191,1.4509,1.4509,1.7624,1.3046,1.7306,1.1139,1.5144,1.2601,1.0058,1.0821,1.2919,2.1565,0.8024,1.6289,1.1839,0.6053,0.7198,1.0885,1.0122,0.7325,1.2792,1.5399,1.4254,1.5729,4.692,1.3174,1.7687,1.6988,1.4127,1.3492,1.1139,0.9613,0.8024
12/15/2020,69.9171,1.6093,1.7889,1.5041,2.5505,3.3492,1.4298,1.7332,2.6,1.2193,1.1759,2.2718,1.0954,1.0459,1.3059,1.0521,1.4298,1.3307,1.3864,1.3431,1.3369,1.3245,0.9035,1.2997,1.5846,0.8416,1.1264,1.7827,0.9592,1.0645,1.2688,1.1573,1.0149,1.0087,0.7115,0.7796,1.1326,1.4917,1.3988,1.7124,5.1408,1.0211,0.9221,1.1202,1.6341,1.0707,1.3617,1.4607,1.0645
12/14/2020,71.1222,1.6753,1.7132,1.5049,2.7357,1.6627,1.852,2.6474,2.4012,1.2145,1.9657,1.5554,1.7826,1.2587,1.1577,1.0441,1.3218,1.3786,1.7574,1.6564,1.1198,0.9494,0.9304,1.2839,1.4985,0.861,0.962,1.7005,1.0504,1.65,1.0251,0.8673,0.9241,0.7221,1.1261,0.962,1.0251,1.4417,1.1135,2.0627,6.2682,1.5932,0.7663,0.9999,0.9557,1.3029,1.3976,1.3786,0.8989
12/13/2020,72.1772,1.5657,1.4053,1.4117,2.2524,3.3242,2.5091,2.0599,2.5733,1.0266,1.6684,1.2128,1.9123,1.0523,1.1101,1.5336,1.2898,0.956,1.3732,1.0716,1.1422,0.9111,1.2641,1.9508,1.3283,1.4759,1.2063,0.9817,0.8855,1.0972,1.4245,1.1165,0.7186,0.6287,0.648,1.0331,1.1935,1.7005,0.8534,2.2237,6.7864,1.3925,1.9508,1.2063,0.8149,1.4823,1.3475,0.9496,1.155
12/12/2020,71.5747,1.0949,1.8196,1.4827,2.4363,1.6098,2.4045,1.8196,2.6206,1.4254,1.2411,2.4808,1.8895,1.3746,1.1775,1.6098,1.0376,1.222,1.737,1.0504,1.1012,1.5717,1.0949,1.6034,1.4636,0.9804,0.9677,1.1457,0.9931,2.2964,1.0122,0.8914,0.8914,0.8278,0.8533,1.0122,1.1076,1.2284,1.1457,1.5488,4.6144,1.0313,1.9277,1.6034,0.866,1.6607,1.826,1.1966,1.578
12/11/2020,67.6568,1.0496,1.7297,1.1092,1.8192,3.1853,2.4634,1.33,2.0101,0.984,2.2069,1.1391,1.0615,1.4016,1.4612,0.984,1.1868,1.0317,1.5805,1.0198,1.6283,1.0615,0.9362,0.9004,0.7573,1.157,0.7931,1.2703,0.8587,1.3956,1.1271,0.5425,0.6678,0.9541,0.9482,0.6916,0.984,1.0257,1.1271,2.2641,6.9163,1.5089,1.5686,1.5209,1.5626,1.5388,1.4791,0.9064,0.811
12/10/2020,81.6699,1.6548,1.397,1.3012,1.7874,3.0103,3.084,1.699,1.8095,1.8832,1.9127,1.2349,1.4706,0.9918,1.5148,1.6916,1.5222,1.9053,1.8758,1.6548,1.559,1.5001,1.198,2.0011,0.9549,1.6106,1.3307,1.9053,0.9697,2.2957,1.7137,1.1759,0.7413,0.9181,1.0728,1.0286,1.3159,1.4927,1.478,2.4005,7.3553,1.4706,1.5811,1.979,1.8316,1.1096,1.1317,1.9421,1.2054
12/9/2020,98.8484,2.1926,1.811,1.6384,2.8921,3.5735,3.0193,3.6825,2.347,1.8837,1.92,1.8928,1.1569,1.5839,1.7838,1.4204,2.1017,1.2841,1.7202,1.4295,1.702,1.911,1.1024,1.3386,1.2387,1.1751,2.0563,2.4015,1.1387,1.6112,1.8746,1.493,1.2387,1.5476,1.593,1.6112,1.4567,1.7928,1.4295,3.5955,11.2009,2.1562,1.8201,1.3568,1.6021,1.3477,2.6287,2.1017,1.9927
12/8/2020,87.9989,1.1667,1.8146,2.3346,3.4546,1.9266,3.4786,2.6226,3.0946,1.5666,2.3346,1.7506,1.9426,1.3267,1.5746,1.5026,1.5346,1.1747,1.1827,2.0386,1.5506,1.3747,1.2947,1.1187,2.1586,1.2707,1.0227,1.8786,0.9987,1.7986,1.7106,1.3107,0.8307,1.0307,0.7827,0.9987,1.3027,2.1506,1.2547,3.0362,9.401,1.8306,1.8386,1.3267,1.3347,1.2067,1.6786,1.5186,1.1667
12/7/2020,84.2315,1.1424,1.5312,1.333,2.2249,1.8438,2.0267,2.6594,1.9124,2.0725,2.2021,3.0635,1.737,1.5388,1.8209,1.8057,1.5922,1.8209,1.6151,1.859,1.8971,1.4855,0.929,1.2415,2.0801,0.99,1.2034,0.9442,1.0052,1.6456,1.5388,0.7232,1.0662,1.0662,0.746,0.8604,1.2339,1.1424,1.2415,3.0872,9.5652,2.0648,1.5083,1.4245,1.7065,1.6303,2.1868,1.0814,1.1348
12/6/2020,103.9711,1.6446,1.4815,2.0093,4.0535,2.2396,2.4508,4.1975,4.0919,2.6427,1.8654,2.1245,2.7003,2.0669,1.683,1.3471,1.7598,2.2684,1.7694,2.2588,1.6062,1.2511,2.4124,1.5774,1.5966,1.6254,1.2991,2.9114,1.1552,1.9997,1.7214,1.5199,1.5583,1.0112,1.4047,1.1744,1.6446,1.8846,1.5583,3.5886,11.1788,1.4527,1.088,1.779,1.6158,2.4604,2.3164,1.6062,1.3183
12/5/2020,98.6975,2.4613,2.0804,1.4274,2.3525,3.7674,2.4341,2.7425,1.9262,2.289,2.6427,2.9783,1.8899,1.7539,1.2822,1.8355,1.8627,1.9988,2.2708,1.8627,2.2708,1.7992,1.645,2.2981,2.3253,2.035,1.1371,3.0781,1.3367,2.3343,1.772,0.7925,1.382,1.4999,1.2641,1.2732,1.6904,2.2799,1.772,2.1793,6.6434,1.8355,2.2708,2.4069,1.2822,2.2346,1.1734,1.5362,1.2913
12/4/2020,88.7524,1.3214,2.032,1.7817,2.4197,3.1545,2.0724,3.5583,3.2999,1.3053,2.0563,1.7333,1.2487,1.4345,1.4426,1.5798,2.0401,1.1357,1.9513,2.1047,1.7898,1.9674,1.2245,1.3699,1.273,1.1761,1.8221,2.1936,1.3053,1.8463,1.4426,0.9015,0.8611,1.3618,0.8046,0.845,1.491,2.0724,1.7494,2.7014,8.3236,1.7736,1.4183,2.1128,1.4829,1.2407,1.4668,1.1841,1.8786
12/3/2020,73.3826,1.8862,1.1605,1.2324,1.7555,1.847,2.2066,2.0562,1.8143,2.2785,1.8208,2.4354,1.3959,1.0624,1.4286,1.0624,1.1866,1.2586,1.8012,1.0886,1.6051,0.9055,1.0297,1.9516,0.9186,0.7813,1.4155,0.8924,1.0689,1.7228,1.3893,0.7486,0.6897,0.7682,0.6505,1.0297,1.1736,1.4416,1.4286,2.5972,7.9882,1.3893,1.0232,1.0951,1.3893,1.7424,1.6835,0.9839,1.1016
12/2/2020,84.0815,1.7492,1.3764,1.7111,3.2403,3.5751,3.1567,3.4382,3.0654,2.2285,2.0687,2.198,1.4068,1.3231,1.5057,1.8861,1.1785,1.2622,1.384,1.8024,1.247,1.2622,0.9503,1.9698,2.0535,0.996,1.2166,1.6122,1.1862,2.2665,1.2166,1.3307,1.072,0.8134,1.2698,1.3764,1.3003,2.0154,1.384,1.6529,4.9495,1.6655,1.5666,1.4524,1.2014,1.4829,1.1177,1.5818,1.3155
12/1/2020,68.1086,1.477,1.0623,0.8459,2.5169,2.9196,1.2606,2.5229,2.1683,2.2825,2.2224,1.8377,1.8136,0.9781,0.8279,1.5612,0.924,0.9962,1.1164,1.3268,1.3448,0.8579,1.441,1.0382,1.0082,1.3749,0.9841,1.5371,0.93,1.2426,1.2907,0.7798,0.6956,0.7317,1.0202,0.9601,1.1645,1.5071,1.465,1.6074,4.803,1.429,0.9481,1.2546,0.912,1.3268,1.5311,1.3328,0.93
11/30/2020,63.4373,0.9871,1.1535,0.7765,1.5193,1.4528,2.1735,1.8686,1.3697,1.4196,1.7078,1.2477,1.6358,0.8264,0.965,0.8485,1.2477,0.8375,1.1257,1.4528,1.4916,1.1701,1.1146,0.8874,1.0093,1.1036,1.3918,0.8874,0.7598,1.3364,1.2643,0.6656,1.037,0.9428,0.8818,0.8208,1.1313,1.2089,1.2643,2.1946,6.6927,1.475,1.0758,1.0259,1.3641,1.1091,1.4694,1.0149,1.0315
11/29/2020,73.835,1.2859,1.9574,0.9633,1.806,2.1022,2.517,1.3846,2.2536,1.5821,1.0554,2.4511,1.062,1.3912,1.2398,1.0225,1.0028,1.0489,1.2924,1.0884,1.6611,1.6348,0.825,1.1015,1.7665,1.3912,1.4834,1.1279,1.0686,1.8586,1.4768,1.0554,1.0489,0.6341,1.1937,1.2134,1.141,1.5953,1.7072,2.486,7.6304,1.3714,1.3385,1.5558,1.3714,1.3122,0.9501,1.4439,0.8843
11/28/2020,75.7936,1.1158,1.6378,1.3937,1.8954,2.6615,2.0378,1.4683,2.9937,1.6581,1.7734,2.4039,1.8005,0.987,0.9666,1.5361,1.5836,1.109,1.4073,1.4005,1.631,1.1361,1.0005,1.3531,1.0141,1.448,1.0073,1.4954,0.9937,2.3767,1.3259,0.6412,0.987,0.831,0.6683,1.2039,1.0887,1.7463,1.0141,2.338,7.1542,1.9225,0.9666,1.2785,0.987,1.4547,1.8886,1.5768,1.4344
11/27/2020,68.4099,1.0245,1.5561,1.5803,1.695,1.5561,2.124,1.3749,2.4441,2.1481,2.0273,1.8702,1.7011,1.0124,1.0124,1.5078,1.242,1.3688,1.0245,1.6044,1.2661,0.9943,1.5621,1.683,1.3447,1.1272,1.4232,2.0756,0.8674,1.248,1.0909,0.8372,0.6318,0.8251,0.6922,1.0909,1.1514,1.3749,1.1936,1.3854,4.0888,1.8159,0.9943,1.4111,1.4655,1.1211,1.6769,1.2238,0.8735
11/26/2020,73.8347,1.6743,1.7533,1.299,2.833,1.6479,1.9113,2.5301,1.7862,1.4241,1.3649,1.5887,1.3188,1.3056,1.2266,1.2069,1.4834,1.2003,1.1739,1.2859,1.0818,1.2266,1.6019,1.22,1.3583,0.9962,0.9764,1.3451,0.9764,1.9508,1.3319,0.7789,1.0094,0.9369,0.8118,1.0094,1.2332,1.5821,1.694,2.5921,7.9719,1.852,0.8053,1.0554,1.5294,1.0884,1.1608,1.2924,1.3517
11/25/2020,76.3963,1.0969,1.8082,1.1995,1.9108,2.0749,2.1296,1.6372,1.8697,1.0832,1.774,1.1926,1.8834,1.1653,0.9259,1.09,1.391,1.6303,1.1516,1.5825,1.3499,1.6235,0.8575,1.8561,0.9669,1.5756,1.0011,2.116,0.9874,2.1433,1.1789,1.2336,1.1653,1.1584,1.1584,0.8233,1.1105,1.2336,1.2473,2.8973,8.954,1.3704,1.8287,1.3841,0.8301,1.6167,1.5346,1.09,1.5072
11/24/2020,79.561,1.5192,1.3689,1.0469,2.9862,1.8555,2.0416,1.7982,2.3278,2.1131,2.2133,2.8645,1.2186,1.3904,1.3403,1.6838,1.4762,1.8126,1.5549,1.283,1.7482,1.4977,1.834,2.0988,1.6265,1.4261,1.2615,2.4924,0.8823,1.097,1.5406,0.9968,0.7606,1.2401,1.1399,1.1757,1.4404,1.4905,0.9324,1.7835,5.3696,1.0612,1.9557,1.2544,1.4333,1.5335,1.4834,1.7911,1.3188
11/23/2020,80.7663,1.8257,1.8621,1.8257,2.0222,3.2374,1.6875,2.5607,1.964,1.4837,1.8112,2.0659,1.7239,1.2072,1.018,1.3819,1.0908,1.411,1.8548,1.3455,1.7748,1.149,1.4983,1.411,1.4401,0.8579,1.3964,2.1677,1.0617,1.9058,1.3018,0.7051,0.9453,1.0108,0.6979,0.9453,1.3528,1.2072,1.4546,2.725,8.3996,1.8839,1.6802,1.6802,0.9889,1.1272,1.5638,1.8767,1.1781
11/22/2020,92.0673,1.8732,1.7051,1.5454,2.4449,2.5374,3.521,2.4785,2.0414,2.1254,1.6883,1.5958,2.0246,1.125,1.9321,1.8228,1.9237,2.1254,1.5117,2.0161,1.7639,1.5874,2.1086,2.1927,1.3268,1.2091,1.579,2.9241,1.0326,1.5874,1.4613,0.9485,1.1082,1.5033,1.0242,0.9989,1.5538,1.5286,1.8648,2.927,9.0497,1.352,2.5878,1.2427,1.1671,1.3772,2.3524,1.5958,1.0746
11/21/2020,95.6836,1.6485,1.4907,2.1132,3.2794,4.1124,2.5078,2.6569,2.5604,1.6836,1.5258,3.2268,1.9642,1.7976,1.8327,1.4995,2.2009,1.6485,2.0519,2.1834,1.7274,1.4118,2.2623,1.5696,1.6836,1.9116,1.2013,1.5082,1.4293,2.6393,1.6398,1.2627,1.4995,0.8418,1.4293,1.5258,1.5082,2.0957,1.8502,1.5885,4.7424,1.7011,2.4727,2.2185,2.1571,1.8502,2.236,1.745,1.9905
11/20/2020,77.4511,1.1043,1.9029,1.8335,1.771,2.9239,1.5835,3.0767,1.6946,1.4793,1.5765,1.132,1.4515,1.3543,1.1112,1.2709,1.1459,1.7363,1.8265,1.2432,1.8127,1.3473,1.8404,1.0279,1.0834,1.3543,1.3334,2.1113,0.8959,1.521,1.5904,0.9237,1.2293,1.1529,1.1737,0.9723,1.0834,1.2848,1.4654,2.4784,7.6059,1.896,1.1181,0.9028,1.0904,1.389,1.8335,1.4515,1.264
11/19/2020,56.8076,1.4601,0.8841,1.2941,1.3576,1.9872,2.1043,2.2605,1.2014,1.6504,1.4357,1.4454,1.3478,0.9671,1.1477,0.9232,1.1282,0.9183,1.2795,1.2453,0.9964,1.1233,0.6596,1.2551,1.0013,1.0745,0.8353,1.055,0.8451,1.1379,0.9281,0.8451,0.8158,0.728,0.7816,0.5864,0.8304,0.9476,1.0696,1.2092,3.5217,1.0501,0.9671,1.2746,1.2502,0.9964,1.2063,0.806,0.972
11/18/2020,54.5474,0.9207,1.1628,0.8509,1.7074,1.4653,1.3909,1.2745,1.8563,1.6795,1.6608,0.8463,1.0883,1.1162,1.1162,1.1861,1.2466,1.0418,0.8928,1.1023,0.9254,0.8183,0.8742,1.0464,0.8183,1.0371,0.8649,0.7392,0.7811,1.6469,1.0138,0.8276,0.8369,0.7206,0.9068,0.9068,0.8695,0.7532,1.1581,1.4997,4.4565,1.2698,0.9161,0.6368,0.6042,1.1861,0.688,1.2233,0.9161
11/17/2020,59.8215,0.9543,1.2238,1.1616,2.0219,2.7733,2.1929,1.6332,1.3845,1.7628,0.9543,1.6488,1.3586,1.2031,0.8922,0.9595,1.0217,1.3534,1.0943,1.2653,1.4052,0.8922,1.3741,1.0062,0.9388,1.1979,1.3067,0.8818,0.8611,1.2342,1.0528,0.887,0.9336,0.9543,0.6434,0.7678,1.0373,0.7937,1.3016,1.1913,3.4639,0.8455,1.3275,1.2083,1.0321,1.2549,1.2031,1.2808,0.6849
11/16/2020,51.2324,1.2561,0.7762,0.8238,1.1394,2.0084,1.2302,1.1956,1.8614,1.1221,1.3166,0.8195,0.7417,1.0443,0.8195,0.9535,1.148,0.9189,0.7849,1.0529,0.7806,0.9146,1.0529,1.321,1.1307,1.0356,0.8195,1.2691,0.6595,1.0875,0.9578,0.7633,0.5212,0.7719,0.7892,0.5255,0.9362,1.1394,0.72,1.4181,4.1939,0.9492,1.0356,0.6898,0.5817,1.2129,0.8238,0.9838,1.1351
11/15/2020,50.6295,1.0022,1.2921,1.3518,1.2963,1.8889,1.1557,1.4711,1.0832,1.2963,0.8999,0.9255,0.6953,0.9084,0.7209,0.9468,0.9979,0.8487,0.7976,1.032,0.8402,1.0619,1.0491,1.3262,0.836,0.5716,0.7891,1.0661,0.7379,1.0193,0.9425,0.7379,0.7336,0.6271,0.755,0.8274,0.8828,1.0576,0.772,1.2834,3.7605,1.0278,1.0278,1.1471,1.096,0.9852,1.2196,1.1898,0.6484
11/14/2020,59.6706,1.3344,1.4481,0.8797,1.8046,2.7709,1.7426,1.6031,1.1639,0.9159,1.0141,1.4016,1.4326,1.0451,1.1277,1.0606,0.7867,1.2879,1.2156,1.1846,0.9366,1.2052,0.8384,1.2724,1.3138,1.1794,0.735,1.5824,0.7764,1.784,0.9934,0.642,0.766,0.6989,0.8694,0.8384,1.0451,0.9986,1.3809,1.6562,4.9602,1.0709,1.0192,1.1381,0.7144,1.0761,1.1536,1.0812,0.7247
11/13/2020,52.5884,1.2412,0.8578,1.3126,1.3973,1.754,1.1744,0.9514,1.8432,1.6648,1.4419,1.6158,1.2368,0.938,1.1075,0.7106,0.6928,1.1164,0.7419,1.0718,0.831,1.0986,1.1654,0.782,1.21,0.8712,0.9514,1.3706,0.7954,1.1744,1.0183,0.5011,0.7374,0.7686,0.7775,0.889,0.8132,1.1164,0.938,1.0652,3.0582,1.375,0.6839,0.6928,1.0674,1.268,1.2457,0.7374,0.7151
11/12/2020,43.2462,1.1395,0.9914,1.0936,0.9879,1.3721,1.0725,1.0478,1.4708,1.0901,1.1324,1.0337,1.143,0.7729,0.6777,0.787,0.7059,0.9421,0.6143,0.6742,0.7588,0.8117,1.0196,0.6813,0.8222,0.4839,0.5614,1.1183,0.579,1.2945,0.8822,0.4099,0.5544,0.5015,0.5438,0.4522,0.7482,0.7095,0.9703,1.2747,3.7323,1.0302,0.5579,0.5967,0.5685,0.9562,0.7165,0.6037,0.5579
11/11/2020,58.6155,1.5586,1.3055,1.4877,1.8775,1.9332,1.7965,1.594,1.4118,0.7639,0.9057,1.0119,1.0626,1.0879,1.265,1.1537,1.3713,1.2903,1.0119,1.1334,0.9057,0.7741,1.0221,0.7538,0.6779,1.1689,0.9765,1.2397,0.7538,1.5282,0.9006,0.4906,0.7133,0.5767,0.5513,0.8601,0.9765,1.1081,1.3308,1.813,5.4648,1.0727,1.6497,0.7639,1.1891,1.3156,0.9208,1.2954,0.7994
11/10/2020,47.3146,1.1141,0.7642,0.8389,1.6645,1.5427,1.81,1.1613,1.0316,0.8429,1.0355,1.637,0.8232,0.7171,0.9058,0.9923,1.0277,1.0394,1.1299,0.7918,1.067,0.949,0.7918,0.8507,0.7918,0.9215,0.8272,1.0001,0.6227,1.4523,0.7957,0.4261,0.5087,0.4694,0.5284,0.6109,0.7918,0.7407,0.5913,1.3653,4.0239,0.7485,0.6581,0.9883,0.5598,0.894,1.0906,0.6738,0.7053
11/9/2020,48.9719,0.7894,1.2524,1.0189,1.5024,1.5351,1.8465,1.1705,1.1869,0.7771,0.8509,0.7567,1.0189,0.814,0.9861,0.982,0.9124,0.8878,0.8591,0.9779,1.0762,0.9001,0.9615,0.646,0.8304,0.8345,0.814,0.9984,0.5846,1.5474,0.8263,0.4862,0.4699,0.7853,0.7157,0.5436,0.8509,1.1787,0.8878,1.2973,3.8052,0.7608,0.9984,0.9492,1.0885,1.0435,1.2606,1.0885,0.6174
11/8/2020,49.8761,0.8492,0.7822,0.6608,1.4732,1.0879,1.3099,1.268,1.2471,1.0419,0.7529,1.557,1.0042,0.7781,1.0461,0.8995,0.8869,0.8492,1.0377,0.9665,0.8702,0.8786,0.7906,0.9162,1.2345,0.6566,0.9749,1.2806,0.6106,1.1717,0.933,0.4807,0.6441,0.732,0.5561,0.6064,0.9037,1.0921,1.0293,1.5039,4.4701,1.1759,0.8953,0.8995,1.1424,0.9958,1.2345,0.665,1.0335
11/7/2020,46.4103,1.0539,1.077,0.981,1.2614,2.1256,1.3958,1.223,1.5917,1.2652,0.8619,1.269,0.8849,0.7159,0.6929,0.7428,1.0079,0.9848,0.7159,1.004,0.8081,0.7928,0.6775,0.8081,0.5815,0.9387,0.9387,1.1308,0.5777,1.1922,0.7889,0.4586,0.7889,0.6391,0.7121,0.6929,0.7928,0.9925,0.6852,0.9352,2.6399,1.1577,1.1538,0.5777,0.8158,0.8388,0.7697,0.9963,0.6737
11/6/2020,63.7385,1.0641,1.0362,1.2759,1.4542,2.0729,2.4241,1.7608,1.6883,1.4821,0.9247,2.1621,1.6437,0.8355,0.9247,1.0808,0.9414,1.0306,1.2201,1.5211,1.2201,1.3818,0.8244,1.3037,1.3762,0.6683,1.3483,1.0864,0.8578,1.8611,1.0696,0.7185,0.9693,0.9582,0.7129,0.9805,1.0195,0.9749,0.8857,1.6533,4.9507,1.2982,1.3818,1.5155,1.1755,1.5211,1.2591,1.4319,0.7909
11/5/2020,58.6157,0.8753,1.4877,1.3258,2.1964,1.7155,2.2419,1.3106,1.6143,1.4726,1.8269,1.7813,0.8196,0.9461,0.8297,0.7842,0.8702,1.2448,1.0676,1.0018,0.9917,1.1486,0.6931,1.5029,0.7741,1.017,0.9057,1.5333,0.8955,1.3308,1.1182,0.5513,0.5868,0.5311,0.7487,0.8095,0.9006,1.4118,0.8652,1.3942,4.1171,1.2752,1.2701,0.7892,0.9613,1.4068,1.4827,1.3764,0.8145
11/4/2020,60.1226,1.4645,0.9016,1.4906,1.9128,2.6216,1.3915,2.0952,2.2307,1.8815,1.8085,0.9589,1.4228,0.8495,0.9694,0.8547,1.3707,1.1257,1.0371,1.2769,1.3186,1.1778,1.1049,1.1622,0.8703,1.2091,1.2039,1.084,0.886,1.4437,1.1205,0.7817,0.7557,0.7244,0.8964,0.9641,1.0163,0.9433,1.1883,0.9723,2.7594,1.1257,1.3968,1.0475,0.8547,1.0997,1.1622,1.2508,0.9381
11/3/2020,49.1226,0.6684,1.1125,0.6725,1.6183,1.1454,1.7581,0.8575,1.4867,1.4209,1.4003,0.9028,0.7794,0.948,0.7506,0.7712,0.6971,1.0344,0.9562,1.0467,0.9686,0.8904,0.911,1.2729,0.837,0.9644,0.6601,1.4332,0.7013,1.3099,0.8123,0.4381,0.7424,0.5861,0.5203,0.73,0.7794,0.8904,0.7753,1.3843,4.0852,0.6396,1.277,1.1536,1.022,0.7177,0.837,0.6601,1.096
11/2/2020,29.0822,0.7443,0.7127,0.6389,1.0036,0.8244,0.894,0.738,0.8097,0.7359,0.6157,0.5778,0.7401,0.466,0.4829,0.4112,0.5251,0.4766,0.4471,0.6031,0.5061,0.6431,0.5419,0.7506,0.5778,0.4513,0.4091,0.5482,0.3775,0.5778,0.5103,0.4281,0.3185,0.3438,0.4218,0.4344,0.4702,0.5967,0.5588,0.8409,2.3364,0.4597,0.5187,0.5019,0.426,0.6284,0.4218,0.4681,0.5672
11/1/2020,47.6158,0.8362,1.0541,0.6658,1.1848,1.4423,0.9233,1.882,1.6879,0.6143,0.8322,1.4978,1.062,0.8203,0.6183,0.9075,1.0659,0.9748,0.6975,1.0858,1.0739,0.7609,1.1174,0.6421,1.0303,0.8045,0.959,1.0303,0.7371,1.3195,0.959,0.5034,0.5272,0.749,0.4638,0.8084,0.7886,0.7411,0.5866,1.3951,4.12,0.8005,0.8203,0.6777,1.0224,1.1056,0.8599,0.7451,0.6143
10/31/2020,56.054,1.3055,1.1085,1.4737,1.4257,2.1945,1.8966,0.9884,1.738,0.825,1.0028,1.2431,0.8202,0.9163,1.0172,0.8586,1.1374,0.8202,1.0316,1.0413,0.9788,1.0413,0.7866,1.2575,0.8731,1.0989,1.1277,1.493,0.7385,1.0749,1.0701,0.676,0.5847,0.7818,0.7721,0.7625,0.8635,1.2671,0.8394,2.1068,6.4102,0.8875,0.7049,0.6616,0.998,0.801,0.8106,0.801,0.9403
10/30/2020,42.6432,0.6898,0.9981,0.9392,1.4727,1.4866,0.818,1.4935,1.0258,0.5928,1.2683,1.206,0.9842,0.8318,0.8006,0.8699,0.8803,0.7417,0.9184,0.8284,0.7902,0.7279,0.818,0.9011,0.7106,0.811,0.6863,1.206,0.6274,0.7625,0.6344,0.5027,0.5374,0.5928,0.6898,0.6551,0.7383,1.0362,0.7902,0.6282,1.652,1.0224,1.0016,0.7868,0.9739,0.9635,1.0362,0.7036,0.811
10/29/2020,46.1095,0.6773,0.765,0.9631,1.4357,2.0226,1.1118,1.4967,1.0889,0.8984,1.0699,1.0165,0.6164,0.7269,0.7459,0.7154,0.9631,0.8412,1.0851,0.7917,1.0508,0.8603,0.9288,1.1194,1.1537,0.7383,0.6583,0.7917,0.6583,1.4205,0.8336,0.4068,0.6735,0.5782,0.7078,0.5135,0.765,0.7002,0.7955,1.1885,3.455,1.1766,1.0127,0.6125,0.6202,1.0546,0.7802,0.9898,0.8336
10/28/2020,45.657,0.8821,0.8068,0.7805,1.0893,1.8499,1.029,1.7897,1.6504,0.9349,0.9612,0.8031,1.2211,0.611,0.7014,1.0478,0.6901,0.8144,0.7729,0.7993,0.7767,0.611,0.9688,0.9989,0.9989,0.7466,0.6223,0.7579,0.6562,0.7955,0.7202,0.5056,0.4416,0.5018,0.5658,0.483,0.7842,0.7955,0.5847,1.6799,5.0363,0.7503,1.2211,0.5395,0.724,0.6901,1.1345,0.6637,0.6675
10/27/2020,54.6979,0.8064,1.3761,0.7831,1.8244,1.8104,2.0579,2.0066,1.689,1.0166,1.2314,1.3808,1.1286,1.1146,0.9512,0.8018,0.9419,1.2314,0.7784,1.2641,1.1473,0.7504,0.9512,1.3528,0.671,1.0819,1.18,1.4509,0.643,0.8391,0.9839,0.615,0.7037,0.6383,0.7364,0.5869,0.9839,0.9652,0.9512,1.4686,4.3564,0.7691,0.6196,1.0446,0.9185,1.1193,0.9932,1.0633,0.9185
10/26/2020,67.3555,1.057,1.6268,1.1876,1.4844,3.1879,1.3182,1.2707,1.5615,1.0451,2.1966,1.2825,1.1401,1.3063,1.4547,0.8552,0.8671,0.8671,1.0807,1.5022,1.2766,1.0867,1.4013,1.7277,1.3478,1.1994,1.2944,2.0067,0.9027,1.1816,1.4013,1.0807,0.968,0.8967,1.0867,0.8196,1.0451,1.057,1.0154,1.9411,5.8769,0.8849,1.6862,1.5437,0.7602,1.6565,1.1104,1.3894,1.4191
10/25/2020,58.6157,0.9158,1.5535,1.4371,1.3359,1.3966,1.341,2.1103,2.0597,1.1992,0.9057,1.1233,0.8601,0.9057,1.265,0.931,0.9006,1.2903,1.346,0.9715,1.0221,0.8297,0.931,0.8601,1.3055,0.8601,0.8601,0.8753,0.7639,1.0575,1.1182,0.9563,0.7741,0.5362,0.8955,0.8095,0.9715,0.9461,1.1942,1.8046,5.4378,1.5282,1.4017,1.1182,1.0474,1.2903,1.5434,0.7892,1.2397
10/24/2020,39.027,0.7562,0.7376,1.0044,0.9454,1.2371,0.9765,0.7841,1.4543,0.8182,0.8213,1.2433,0.5576,0.6445,0.5948,0.6631,0.7593,0.5793,0.6724,0.8027,0.6072,0.7034,0.8741,0.7065,0.7158,0.6631,0.4956,0.8834,0.5328,0.9765,0.7717,0.6166,0.5049,0.4831,0.5111,0.5576,0.6662,0.7314,0.9082,1.2237,3.5682,0.7717,0.5142,0.5018,0.781,0.7593,0.5576,0.5917,0.7965
10/23/2020,38.7257,0.9164,0.7136,0.9102,1.0454,1.2912,1.0024,1.4725,0.9379,1.0423,1.0854,1.3619,0.5784,0.5446,0.6122,0.6429,0.8334,0.7812,0.9102,0.6859,0.7044,0.6398,0.6706,0.818,0.8334,0.5938,0.5016,0.9563,0.4954,0.7996,0.6706,0.6491,0.477,0.6552,0.4801,0.4924,0.5999,0.6214,0.8242,0.6999,1.8826,0.8027,0.9072,0.7105,0.7535,0.6613,0.9778,0.8119,0.6675
10/22/2020,36.164,0.8032,0.7328,0.713,0.8989,1.5411,1.0313,0.8736,0.9693,0.7018,0.8989,0.699,0.7694,0.5497,0.6004,0.7778,0.6286,0.5807,0.7525,0.7975,0.5666,0.744,0.8144,0.6483,0.6567,0.5497,0.4539,0.9186,0.5131,0.606,0.6426,0.5638,0.4624,0.4793,0.5553,0.5581,0.6511,0.6652,0.5384,1.1869,3.4499,0.5779,0.4849,0.4539,0.4427,0.7328,0.6624,0.6173,0.6483
10/21/2020,41.1364,0.7333,0.6339,0.9354,1.3993,1.5915,1.121,1.4259,1.3728,0.9421,1.2403,0.6737,0.7167,0.7101,0.7134,0.5908,0.7234,0.6935,0.8924,0.9089,0.8161,0.6935,0.8195,1.0216,0.9686,0.6505,0.7366,1.2502,0.6041,0.8294,0.6041,0.4119,0.5709,0.6637,0.4152,0.6902,0.6339,0.6107,0.5477,0.9153,2.5759,0.5577,0.6405,0.7731,0.9354,0.9354,0.9785,0.624,0.6438
10/20/2020,56.5061,0.9816,1.3211,1.2581,2.1554,1.5539,1.9759,1.8013,1.7577,1.5927,1.1319,1.1804,1.2969,0.87,1.0883,1.0592,1.1319,0.8894,1.0543,1.1174,1.3066,0.739,0.9719,1.1998,0.6663,0.5984,0.7439,1.0446,0.6954,0.7972,0.9088,0.676,0.6178,0.9088,0.8264,0.6275,0.8312,0.9913,1.1465,1.7766,5.3476,0.9379,0.7196,0.8943,1.1416,1.1028,1.2047,0.8846,0.9816
10/19/2020,66.6018,1.7313,1.1922,1.2039,1.4793,1.7138,2.5049,2.5928,1.8544,1.9189,1.3973,2.1767,1.6024,0.9695,1.116,1.4735,1.1395,1.3211,1.5145,1.1453,1.538,1.116,0.7527,1.6376,1.2918,1.1688,0.8464,1.6083,0.8875,1.409,1.409,0.6355,0.741,0.6296,0.9871,0.8816,1.116,1.0281,0.823,1.624,4.8566,1.1277,1.5731,1.1453,0.9051,1.327,1.1043,1.4207,0.9637
10/18/2020,70.6701,1.7397,1.5078,1.7272,2.6421,2.9242,1.8964,2.4855,1.8212,1.583,1.771,1.113,0.95,1.2759,0.9062,1.4451,0.9688,1.0754,1.7397,1.0566,1.1757,1.4326,1.1318,1.6018,1.0503,1.1631,1.5329,1.934,1.0315,1.6958,1.4013,1.1819,1.0064,0.9876,1.0064,0.95,1.0064,1.0253,1.677,1.1621,3.3701,1.6269,1.3323,1.5141,1.6332,1.0002,1.6081,1.3887,1.4138
10/17/2020,47.9174,1.0927,0.8732,1.0488,1.5478,1.6157,1.6077,1.3283,1.0608,1.1806,0.8932,0.7215,1.1646,0.7415,0.8133,0.6816,0.9211,0.7016,1.0808,0.8812,0.7814,0.6297,0.7894,1.1486,0.9211,0.8812,0.5778,0.8892,0.6976,0.9291,1.0049,0.6377,0.7574,0.49,0.7534,0.7974,0.8493,0.8413,0.9091,1.3079,3.8394,0.7175,1.0329,0.6457,1.0129,1.0089,0.965,1.0648,1.0808
10/16/2020,56.506,0.8943,0.8506,1.4957,1.2484,2.4416,1.3211,1.3211,1.1756,1.52,1.8401,1.7237,1.1125,0.904,0.7148,1.1368,1.0883,0.7778,1.1901,1.1562,0.8894,1.2435,0.7584,1.2241,0.642,1.1271,0.9864,0.6663,0.8506,1.8304,0.8555,0.8894,0.8361,0.8312,0.6905,0.6566,0.7924,0.6954,0.8409,1.603,4.7888,0.9088,0.8652,1.1222,1.1416,0.9767,1.4569,1.1416,1.2823
10/15/2020,63.5884,1.0338,1.473,0.8671,1.6564,1.7676,1.9455,1.1117,2.2735,1.3785,0.9227,1.3507,0.9616,1.195,0.8838,1.1228,0.8504,1.0283,1.2951,1.1005,1.234,0.8004,0.8782,1.2451,0.956,1.2006,1.1283,0.9393,0.7893,1.5675,1.3507,0.8448,0.8059,0.667,0.7726,0.6114,0.9505,1.0728,1.2173,2.8907,8.9327,1.0227,0.8671,0.7392,0.9783,0.9616,1.4785,1.3173,1.1506
10/14/2020,64.0402,0.884,0.968,1.5733,2.4475,1.9319,1.7246,2.1897,2.313,1.7078,1.8815,0.9456,0.8223,0.7831,0.9176,1.3715,1.0297,1.2819,0.8335,0.9793,1.4948,1.153,1.0913,1.2707,1.422,1.1754,0.968,0.8504,0.7607,1.4052,1.3155,1.0801,0.7495,1.0017,1.0353,0.6542,1.1698,1.5789,0.8279,1.9018,5.7504,1.1081,0.9176,0.9568,0.9568,1.1306,0.7999,1.4724,1.4556
10/13/2020,64.9444,1.129,1.6529,1.1974,2.1483,2.6096,1.8522,2.1483,2.4444,2.2167,1.2372,1.7953,1.7269,1.1461,0.9126,1.1803,1.4194,1.2999,1.1006,1.2999,1.0265,0.8785,0.8101,1.2999,1.3169,1.0835,0.9069,1.1062,0.8614,1.6017,0.9981,0.571,1.055,0.8215,0.7361,1.0721,1.0208,1.2828,0.9126,1.3061,3.8334,1.6301,1.334,0.9753,0.9753,1.2372,1.5106,1.1689,1.0949
10/12/2020,55.0007,1.1208,1.0973,1.398,1.5625,1.5719,1.5296,1.1631,2.0184,0.7307,0.8153,1.7458,1.4027,0.7636,1.0127,0.8012,1.196,1.2477,1.1819,1.2054,1.2101,1.1913,0.726,0.8717,1.3182,0.5897,0.8435,0.6837,0.7166,1.7176,0.8106,0.9046,0.6978,0.5004,0.8576,0.7354,0.8529,0.9939,1.2007,1.4492,4.2938,1.2524,0.726,0.961,0.8341,1.008,1.1584,1.1161,1.2148
10/11/2020,57.7118,1.0565,1.141,1.2951,2.2247,2.1452,1.4045,1.1957,1.2901,0.7831,1.7177,1.8817,1.0863,0.7731,1.1062,0.9024,0.972,1.1062,0.7781,1.0118,1.3796,1.2056,1.1162,0.8577,1.2703,0.6936,0.7384,1.5188,0.7036,1.8618,1.141,0.6936,0.5793,0.6141,0.8925,0.6688,0.8676,0.8378,0.7632,1.7188,5.1616,1.1907,1.494,1.1112,1.0963,0.8825,0.8229,1.0714,0.8875
10/10/2020,40.5335,0.7458,0.6872,0.7002,1.4322,1.3411,1.0288,1.5266,1.0776,0.7165,1.2598,1.3281,0.736,0.8304,0.8369,0.6514,0.6937,0.8238,0.7913,0.6905,0.9149,0.5961,0.9149,0.5929,0.8173,0.4627,0.5701,0.7393,0.518,0.6514,0.6774,0.4107,0.5603,0.4074,0.6254,0.684,0.6026,0.736,0.8011,1.1747,3.4107,0.9475,0.6937,0.6872,0.6286,0.697,0.6124,0.9084,0.5929
10/9/2020,33.0014,0.6592,0.7742,0.8367,0.8767,1.2566,0.8017,0.7992,0.6317,1.0542,0.9942,0.8442,0.6617,0.5367,0.6867,0.7042,0.5842,0.6767,0.6392,0.6992,0.6542,0.4517,0.4792,0.8092,0.6617,0.5142,0.5692,0.9992,0.4567,0.9942,0.5617,0.5492,0.4167,0.5367,0.5417,0.3742,0.5142,0.6042,0.6442,0.6598,1.7535,0.5217,0.5917,0.5617,0.4817,0.6817,0.6267,0.5742,0.4992
10/8/2020,36.3147,0.5886,0.5659,0.6565,1.1548,1.5739,0.9538,0.9991,1.0982,0.7075,0.716,0.9566,0.849,0.6593,0.7613,0.7018,0.5886,0.5857,0.716,0.8377,0.6877,0.6367,0.5348,0.7896,0.9057,0.4498,0.4781,0.9991,0.4725,0.8745,0.5433,0.6169,0.3904,0.5263,0.396,0.4243,0.6508,0.8151,0.7981,0.9252,2.6077,0.9113,0.5348,0.631,0.4923,0.5687,0.6508,0.6962,0.6367
10/7/2020,50.9309,1.3516,1.0897,1.2957,1.8281,1.6864,1.622,0.9308,1.0339,1.5319,0.8235,1.3773,0.9695,0.7205,0.8664,0.7677,0.9566,1.051,1.1369,0.8407,0.9223,1.0253,0.6131,1.1369,0.8879,1.0467,0.8579,1.373,0.6217,0.7591,0.8707,0.5273,0.7248,0.699,0.7033,0.5573,0.9308,1.1369,0.6389,1.2303,3.5894,1.1541,1.27,1.0253,1.0038,1.1884,0.918,1.0382,0.6003
10/6/2020,51.0815,1.3083,1.2652,1.0498,1.373,1.3859,0.9766,1.4548,1.3557,1.0068,0.8904,0.8517,0.7483,1.0197,0.787,0.8904,1.1317,0.8732,0.7612,1.08,1.0886,1.08,0.9723,0.787,0.8947,0.6406,0.7655,1.5841,0.6233,1.1619,0.7698,0.7612,0.6707,0.5889,0.5975,0.6836,0.7784,0.7483,0.9938,1.9214,5.8134,0.7784,0.7267,1.0671,0.6147,0.912,0.8818,1.2006,0.7655
10/5/2020,50.9306,1.3172,0.8321,1.1412,1.3,2.3261,1.9397,1.8968,1.4245,1.5319,1.0081,1.124,0.8965,0.8621,0.7505,1.0253,0.875,0.7076,1.2399,0.9909,0.8321,0.7462,0.7634,0.7033,0.8149,0.7892,0.9909,0.8063,0.7334,0.8278,1.0596,0.45,0.6217,0.5745,0.7849,0.6046,0.9137,1.1627,0.9308,1.3615,4.0119,1.2056,1.124,0.7334,0.6818,1.0124,0.918,0.8192,0.7634
10/4/2020,55.9032,0.9906,1.2205,1.0864,1.8864,1.9822,1.4026,1.9199,1.3211,1.6517,1.302,1.3211,1.3116,0.9523,0.7942,0.9858,0.8708,0.8469,0.8517,1.0193,1.2541,0.914,0.9475,1.2349,1.4409,0.8708,0.9475,0.6888,0.7463,1.0002,0.8565,0.89,0.6457,0.6313,0.8325,0.6792,0.7942,1.2732,0.7032,1.6487,4.936,0.8708,0.8229,1.1535,0.914,0.8421,1.4696,1.2589,0.9188
10/3/2020,73.0814,1.8718,1.2926,1.3511,1.8588,2.5421,1.5138,1.2991,1.3837,1.4097,1.618,1.4227,1.8978,1.1429,0.9021,1.5269,1.618,1.5985,1.5594,1.2145,1.5464,1.5789,1.0453,1.0453,0.9281,1.1624,1.2665,2.1582,0.9672,1.1234,1.2405,0.7719,1.0062,0.85,0.7199,0.8956,1.3251,1.0973,1.5594,2.893,8.9402,0.9151,1.4683,1.6831,0.9411,1.247,1.3577,1.3381,0.9867
10/2/2020,48.3693,0.7924,0.7076,1.1476,1.6926,1.6321,1.3414,1.3253,1.6361,1.4827,1.3737,1.2365,0.8529,0.6551,0.7197,0.8005,0.9821,0.748,0.861,0.7601,0.857,0.7722,1.1396,0.6794,0.9902,0.9095,0.7076,1.2486,0.6551,0.7238,0.9741,0.5825,0.6794,0.6188,0.7278,0.639,0.8166,1.0467,1.1355,1.3754,4.0565,0.7359,0.8287,0.6511,0.9821,0.7318,0.7278,1.0306,0.5986
10/1/2020,45.6572,1.1269,0.8219,0.6901,1.2775,1.3453,1.1721,1.27,1.7181,1.0478,0.7729,1.5261,0.7278,0.788,0.7541,1.0027,0.9801,0.9763,0.7466,0.7805,0.9349,0.852,1.0252,0.8596,0.7541,0.611,0.788,1.3755,0.5734,0.7014,0.8445,0.596,0.7391,0.6788,0.5847,0.6073,0.6939,0.724,1.0629,0.98,2.7839,1.1721,1.093,0.6976,0.6939,0.837,0.8633,0.9951,1.0102
9/30/2020,44.9042,0.9232,0.7461,0.7313,1.3476,1.8347,1.6723,0.8863,1.3956,1.3181,1.0671,1.1778,0.6501,0.8088,0.9343,0.8531,0.9749,0.8568,1.0597,0.8863,1.0007,0.5874,0.8531,1.0191,0.9453,0.8236,0.7128,0.6243,0.6575,0.938,0.8863,0.7128,0.7682,0.6944,0.473,0.5837,0.8014,0.8199,0.8051,0.9366,2.6443,1.0081,0.6649,0.8678,0.6649,0.6796,0.8568,0.8605,0.89
9/29/2020,46.7119,0.9099,0.8712,0.6351,1.3629,1.8351,0.9525,1.3048,1.177,1.5603,0.6622,0.8906,1.1151,0.9061,0.6931,1.0687,0.999,0.879,1.1074,0.9525,0.968,0.6893,0.9177,1.0725,0.9293,0.608,0.6002,0.8441,0.6815,1.3822,0.7977,0.7086,0.7822,0.4686,0.7396,0.5925,0.7667,0.759,0.879,1.1156,3.2205,0.6467,1.1887,0.7899,1.0416,1.0957,0.9332,0.9525,0.6583
9/28/2020,50.6294,1.0704,1.0448,0.6867,1.3688,2.3322,1.7184,1.1344,0.9638,0.7379,0.8573,1.7056,1.2196,0.9084,1.015,1.0406,1.1642,1.0448,0.7677,0.8999,1.0789,0.9084,1.1557,1.1386,0.691,0.7251,0.7294,1.4626,0.7464,0.8871,1.0278,0.6953,0.7805,0.6058,0.6143,0.6228,0.8317,1.2068,1.0747,1.1531,3.3409,0.951,0.8615,1.0278,0.8914,0.8232,1.2026,0.9894,0.7251
9/27/2020,49.8759,0.8702,1.2596,0.6608,1.3559,1.5611,1.9087,1.938,1.6616,1.624,1.1549,1.7454,1.201,0.6482,0.9623,0.8911,0.8032,0.6985,1.2052,1.0335,1.1089,0.9791,0.9707,1.3308,1.0335,0.7236,0.7362,1.3601,0.7613,0.9372,0.9079,0.7487,0.6022,0.5561,0.8283,0.799,0.8744,0.7194,1.1005,0.6631,1.7641,0.9707,0.9665,0.9707,0.9162,1.1298,0.8409,0.7111,0.6817
9/26/2020,36.7665,0.8312,0.8197,0.7736,1.2138,1.0297,1.303,0.742,1.1821,0.6126,0.7247,1.2195,0.6384,0.6413,0.7506,0.5493,0.8254,0.7679,0.5636,0.6902,0.7794,0.6528,0.6701,0.7564,0.4802,0.5464,0.5176,0.8743,0.5608,0.6873,0.6787,0.3738,0.4975,0.5291,0.4572,0.4083,0.6413,0.6586,0.8369,0.8432,2.3438,0.7362,0.7823,0.8254,0.5809,0.8628,0.929,0.8283,0.5493
9/25/2020,28.9314,0.5016,0.4848,0.6146,0.6355,0.7716,0.8386,0.7234,0.8386,0.623,0.8448,0.512,0.6941,0.5204,0.443,0.422,0.4702,0.4534,0.6125,0.5078,0.6083,0.5037,0.6062,0.7297,0.6711,0.5162,0.6251,0.6774,0.4555,0.7758,0.5665,0.2985,0.4744,0.4199,0.3571,0.4367,0.5351,0.6209,0.4074,0.6545,1.7364,0.7339,0.5665,0.6711,0.512,0.5644,0.6544,0.5413,0.4995
9/24/2020,31.1911,0.7534,0.5632,0.4937,0.7928,0.7209,0.7488,0.9343,1.0085,0.7256,0.7024,0.605,0.7905,0.5099,0.6119,0.4658,0.6073,0.5285,0.5006,0.7279,0.598,0.5586,0.5679,0.6537,0.5122,0.3777,0.5331,0.5888,0.4102,0.8531,0.4798,0.3406,0.5238,0.3452,0.4705,0.4542,0.4844,0.5516,0.4867,1.0535,3.0206,0.5377,0.489,0.7441,0.7209,0.5238,0.4218,0.438,0.6606
9/23/2020,39.0269,0.6135,0.8617,0.6941,1.0323,1.0199,1.4574,1.0882,1.3054,1.0695,0.7345,1.3116,0.5142,0.75,0.5204,0.5793,0.8027,0.601,0.5576,0.8182,0.6848,0.8337,0.7283,0.75,0.75,0.8058,0.7996,0.8865,0.4831,1.1037,0.8089,0.5297,0.6445,0.4987,0.5855,0.4676,0.7034,0.9175,0.8151,0.7169,1.9373,0.9858,0.5793,0.9392,0.7158,0.7686,0.9454,0.6507,0.66
9/22/2020,38.4242,0.7508,0.8056,0.6109,1.1767,1.3897,0.7995,0.6565,1.2619,1.1159,0.623,1.1707,0.8908,0.7691,0.693,0.6261,0.6595,0.7265,0.7721,0.7752,0.6991,0.69,0.6413,0.8573,0.7295,0.7173,0.6717,1.1129,0.4952,1.0824,0.6261,0.4009,0.6626,0.55,0.5531,0.5926,0.6017,0.5044,0.5013,0.8822,2.4692,0.9607,1.0155,0.4892,0.8938,0.5774,0.839,0.6474,0.6869
9/21/2020,44.15,1.1608,1.0234,0.7306,1.5006,0.9945,1.0596,1.6561,1.056,0.7378,0.6692,1.0993,0.8607,0.8499,0.7776,0.9728,0.8391,0.7378,0.8535,0.7812,0.7848,0.8463,0.6475,0.586,0.7234,0.6113,0.8535,1.1463,0.5426,0.8318,0.8282,0.5101,0.5752,0.7234,0.5788,0.7053,0.633,1.0198,0.7668,1.2337,3.6004,0.9439,0.98,0.7378,0.8354,0.9764,0.962,0.6619,0.9439
9/20/2020,31.9447,0.6073,0.5187,0.6168,0.8682,0.8635,0.8371,1.1101,0.8682,0.7605,0.6671,0.533,0.6456,0.5091,0.6073,0.4851,0.5402,0.7366,0.6168,0.6025,0.6647,0.5737,0.5019,0.612,0.727,0.5761,0.4995,0.5139,0.4971,0.8754,0.636,0.3415,0.5258,0.3917,0.4875,0.5234,0.4803,0.4444,0.6958,0.8547,2.3808,0.6456,0.624,0.7318,0.5905,0.5761,0.6312,0.6575,0.6911
9/19/2020,30.7395,0.7238,0.5259,0.6215,0.7192,0.7261,1.0944,0.7283,0.6078,0.8875,0.8966,0.6419,0.4464,0.5851,0.4145,0.4441,0.7147,0.5169,0.5009,0.5305,0.5942,0.5942,0.5396,0.5441,0.6237,0.5851,0.4987,0.7579,0.4259,0.8375,0.6283,0.3145,0.4145,0.4418,0.3895,0.4987,0.535,0.626,0.5396,0.957,2.7099,0.5646,0.7579,0.5123,0.4123,0.5259,0.6192,0.4646,0.5009
9/18/2020,27.8765,0.4469,0.5543,0.6735,0.9697,0.8186,0.6695,0.9379,0.5602,0.439,0.4648,0.5205,0.4708,0.4569,0.4012,0.5046,0.6338,0.6437,0.5364,0.5244,0.4966,0.4191,0.4966,0.4946,0.5085,0.433,0.3853,0.8047,0.3754,0.6636,0.437,0.4151,0.4847,0.3654,0.4151,0.4549,0.4748,0.5562,0.6318,0.7712,2.1122,0.4569,0.6258,0.6437,0.6417,0.5205,0.5801,0.4887,0.4966
9/17/2020,32.6984,0.5001,0.7817,0.8385,0.9545,1.4362,0.7471,0.6878,1.1818,0.8483,0.668,0.5421,0.7915,0.6236,0.5841,0.463,0.6631,0.5643,0.6508,0.71,0.6285,0.6063,0.4334,0.8261,0.7174,0.4408,0.6656,0.8039,0.4458,0.8953,0.6038,0.547,0.3568,0.384,0.3766,0.4581,0.5273,0.5767,0.5915,0.6837,1.8305,0.5865,0.8335,0.5495,0.6483,0.6656,0.6582,0.5544,0.5668
9/16/2020,32.3971,0.5814,0.4936,0.6619,1.023,1.2767,0.8742,0.6888,1.0791,0.9962,0.9718,1.0937,0.6692,0.4887,0.6009,0.5155,0.4667,0.5253,0.618,0.5814,0.5107,0.5107,0.6204,0.7741,0.6278,0.4521,0.5473,0.8791,0.5058,0.5326,0.6668,0.3936,0.4399,0.5473,0.4814,0.3911,0.5473,0.4619,0.4936,0.7827,2.1489,0.5887,0.4985,0.701,0.457,0.7083,0.7205,0.6229,0.579
9/15/2020,35.5613,0.6104,0.6325,0.6793,1.2305,1.4372,0.7785,0.9577,0.762,0.4671,0.8943,0.5828,0.8888,0.6793,0.4671,0.5057,0.6821,0.6931,0.5966,0.6986,0.7179,0.6573,0.8088,0.6159,0.6104,0.5415,0.5856,0.8392,0.4836,0.9494,0.6407,0.6021,0.5029,0.3789,0.5939,0.4754,0.536,0.5525,0.6049,1.0886,3.1336,0.864,0.6903,0.7289,0.6352,0.536,0.8805,0.5856,0.4781
9/14/2020,36.7666,0.7046,0.6701,0.532,1.0268,0.9175,1.3317,0.9836,0.9261,0.7909,0.7535,0.9232,0.6269,0.7276,0.6269,0.7305,0.8628,0.7938,0.532,0.7017,0.7593,0.7506,0.6989,0.7219,0.4486,0.5665,0.6471,1.1188,0.5004,0.8484,0.7046,0.555,0.6269,0.4831,0.5263,0.6068,0.5464,0.8599,0.4716,0.8452,2.3504,0.8542,0.7794,0.7995,0.742,0.8484,0.5608,0.7593,0.6241
9/13/2020,33.3011,0.7891,0.7106,0.6145,1.1155,0.9308,1.123,1.242,0.9459,0.8068,0.9409,0.6575,0.7536,0.5361,0.6777,0.6297,0.5816,0.4677,0.612,0.703,0.569,0.6803,0.4576,0.4905,0.7081,0.6196,0.6221,0.9788,0.445,0.5259,0.6271,0.3843,0.3716,0.3514,0.4905,0.5006,0.5057,0.6879,0.6474,0.7035,1.8943,0.6651,0.822,0.5487,0.7536,0.7815,0.445,0.4652,0.7208
9/12/2020,35.1094,0.6926,0.6763,0.782,0.9257,1.2836,0.961,0.8173,1.1616,0.9935,0.6194,1.0586,0.7224,0.7007,0.679,0.6167,0.7305,0.5001,0.6113,0.614,0.6113,0.5435,0.6736,0.8498,0.8227,0.6357,0.4947,0.904,0.4649,0.736,0.5516,0.3429,0.6194,0.5489,0.511,0.435,0.6302,0.6221,0.6465,0.7117,1.9205,0.782,0.7604,0.8417,0.7495,0.736,0.6384,0.5001,0.679
9/11/2020,32.6983,0.7273,0.5396,0.6508,0.8138,1.3596,1.0113,0.8977,0.71,0.9941,0.7792,0.8879,0.6878,0.4779,0.7026,0.673,0.552,0.5347,0.5026,0.6903,0.5865,0.5223,0.4383,0.6927,0.5791,0.6186,0.6162,0.8286,0.4606,0.5569,0.6631,0.4136,0.4828,0.4482,0.5248,0.5297,0.5742,0.6186,0.6186,0.8289,2.2978,0.7644,0.5841,0.4359,0.5841,0.4828,0.5791,0.6557,0.5199
9/10/2020,32.8487,0.527,0.6537,0.8351,1.1755,1.0985,1.0811,0.7506,0.7556,0.932,0.8301,0.4972,0.6487,0.5717,0.6984,0.5618,0.7655,0.4698,0.5568,0.6164,0.5344,0.5816,0.7655,0.4723,0.6686,0.3903,0.5767,0.855,0.445,0.5866,0.5891,0.3381,0.5369,0.5618,0.3655,0.3655,0.4897,0.4499,0.6214,1.0044,2.8625,0.7779,0.8351,0.5369,0.4773,0.522,0.4673,0.691,0.4549
9/9/2020,41.7394,0.6559,0.7841,1.0338,1.4251,0.8786,0.8921,1.2936,0.8178,0.8921,1.1552,0.8381,0.666,0.5378,0.8043,0.7875,0.7132,0.9224,0.8853,0.9325,0.9798,0.612,0.6896,1.0675,0.6863,0.4771,0.8651,0.9798,0.5547,0.6896,0.7537,0.5445,0.6559,0.4804,0.5142,0.6728,0.6154,0.6356,0.7065,1.3153,3.863,0.774,1.135,0.7504,0.7571,0.6154,0.6356,0.8786,0.9191
9/8/2020,33.7532,0.692,0.6611,0.4706,0.9393,0.7358,0.7899,0.6792,0.7384,0.6714,0.5504,0.5839,0.5761,0.5684,0.6096,0.5324,0.5607,0.7255,0.5066,0.5993,0.6766,0.4937,0.5839,0.5684,0.4603,0.4963,0.4809,1.0191,0.4577,0.8208,0.6276,0.5761,0.3856,0.5555,0.4834,0.5633,0.5555,0.7461,0.6792,1.3798,4.0706,0.8337,0.5324,0.7461,0.4062,0.5298,0.5813,0.5375,0.7152
9/7/2020,35.5611,0.7151,0.8943,0.6049,0.9632,1.0652,0.9577,0.9163,0.7014,0.9742,0.5801,0.6765,0.875,0.5994,0.5635,0.5553,0.7537,0.7179,0.7372,0.751,0.6655,0.6462,0.671,0.5139,0.7675,0.7151,0.6931,0.6931,0.445,0.8777,0.7317,0.4423,0.4533,0.445,0.3816,0.4175,0.6269,0.7951,0.8116,0.9135,2.5701,0.8254,0.9715,0.7758,0.558,0.5277,0.7151,0.7262,0.5828
9/6/2020,26.6708,0.639,0.4859,0.6465,0.893,0.9882,0.5737,0.6129,0.5774,0.5812,0.5569,0.6969,0.5027,0.4803,0.3814,0.5009,0.4505,0.527,0.5139,0.4971,0.6129,0.5644,0.5681,0.667,0.6316,0.4691,0.5774,0.6839,0.4094,0.5924,0.5382,0.4131,0.4598,0.3011,0.4449,0.3907,0.4057,0.6297,0.5345,0.492,1.2136,0.5121,0.3814,0.5251,0.5849,0.4206,0.6577,0.5046,0.3795
9/5/2020,43.698,0.8949,0.9128,0.7128,1.2804,1.4197,0.8628,1.6588,0.977,1.1412,1.3126,1.2412,0.7093,0.795,0.8057,0.8057,1.0234,0.72,0.7057,0.7842,1.0199,0.8057,0.6629,1.1055,0.7771,0.5379,0.8021,1.3447,0.62,0.6914,0.8663,0.6879,0.4665,0.5986,0.4523,0.645,0.6557,0.6807,0.9163,1.1433,3.3096,0.7878,1.1127,0.5522,0.7343,0.8913,0.7021,0.8271,0.5379
9/4/2020,22.6026,0.3828,0.4879,0.5697,0.4879,0.4865,0.7303,0.4018,0.5916,0.6938,0.4806,0.558,0.5244,0.3813,0.4295,0.4032,0.3799,0.3813,0.412,0.4018,0.393,0.3331,0.3361,0.431,0.3434,0.3565,0.4018,0.5639,0.3638,0.3536,0.431,0.3784,0.3419,0.355,0.3945,0.2995,0.4047,0.355,0.447,0.7393,2.0093,0.5273,0.339,0.3317,0.3317,0.45,0.5624,0.3682,0.4762
9/3/2020,28.4789,0.4636,0.6602,0.4349,0.9019,1.1271,0.693,0.5373,0.5844,0.8015,0.8568,0.9735,0.7155,0.5189,0.5107,0.4411,0.5005,0.4984,0.4227,0.6131,0.5762,0.4616,0.6438,0.4247,0.6438,0.5578,0.3878,0.4472,0.4165,0.482,0.5537,0.4308,0.3469,0.3387,0.4227,0.4268,0.5251,0.6725,0.5865,0.7478,2.0369,0.4964,0.4288,0.5046,0.6111,0.5046,0.5025,0.6336,0.4124
9/2/2020,27.7257,0.4882,0.6282,0.6776,0.8768,0.7466,0.5257,0.5829,0.6282,0.4744,0.6756,0.431,0.6105,0.5119,0.504,0.6164,0.5217,0.5237,0.646,0.5119,0.571,0.5395,0.4152,0.504,0.3876,0.5592,0.6006,0.5553,0.4468,0.5967,0.4744,0.4783,0.4566,0.3501,0.4192,0.4448,0.4744,0.4921,0.5119,0.8653,2.415,0.5553,0.7012,0.3718,0.4586,0.4468,0.4487,0.6006,0.4034
9/1/2020,33.7531,0.6225,0.8028,0.4912,1.2122,0.8671,0.6972,1.0989,1.0217,0.4783,0.5272,0.9521,0.6276,0.5272,0.5916,0.7178,0.7744,0.7822,0.6663,0.6714,0.7152,0.5607,0.7281,0.7358,0.6457,0.5401,0.7358,0.5684,0.4989,0.7873,0.6869,0.3366,0.589,0.4499,0.4062,0.4474,0.5195,0.6199,0.5864,0.8908,2.4969,0.5195,0.8981,0.6611,0.656,0.5555,0.4577,0.6766,0.6534
8/31/2020,33.9036,0.7236,0.7495,0.5708,0.8635,1.4955,1.164,0.7728,1.0059,1.0422,0.8298,0.7702,0.8428,0.5008,0.721,0.5034,0.7262,0.5267,0.6096,0.6252,0.6744,0.7314,0.4335,0.7365,0.5993,0.6977,0.7003,0.8065,0.4982,0.677,0.6329,0.4723,0.4128,0.4827,0.4956,0.5267,0.5708,0.5449,0.5008,0.8268,2.2911,0.4697,0.5215,0.4568,0.4205,0.721,0.721,0.7184,0.519
8/30/2020,21.5479,0.485,0.4593,0.3482,0.4647,0.8441,0.4945,0.397,0.4647,0.4281,0.5474,0.4918,0.3347,0.3618,0.4214,0.4837,0.4756,0.3821,0.397,0.3699,0.3834,0.4187,0.4187,0.5379,0.3726,0.3997,0.4051,0.6151,0.3265,0.4688,0.3983,0.3306,0.3279,0.2805,0.3604,0.3672,0.3929,0.3875,0.3387,0.6121,1.6003,0.4891,0.3225,0.3577,0.443,0.3441,0.3292,0.4281,0.4403
8/29/2020,22.6025,0.3857,0.4354,0.4383,0.6602,0.6062,0.6427,0.7478,0.4587,0.5712,0.466,0.6982,0.5157,0.3755,0.4251,0.4777,0.355,0.4748,0.4149,0.5054,0.4193,0.4018,0.3156,0.3521,0.5317,0.301,0.4193,0.3857,0.3142,0.5273,0.4646,0.2981,0.3813,0.3112,0.3696,0.3054,0.4047,0.3945,0.4616,0.5655,1.4501,0.4485,0.4616,0.4602,0.358,0.4427,0.4134,0.5171,0.4719
8/28/2020,23.0546,0.3895,0.397,0.3729,0.7749,0.7417,0.7372,0.6665,0.6891,0.6469,0.6785,0.5912,0.3308,0.3609,0.3308,0.3413,0.4964,0.4105,0.4678,0.4467,0.531,0.4301,0.3639,0.5189,0.5009,0.3323,0.3819,0.5852,0.3308,0.5551,0.4045,0.3413,0.4105,0.3488,0.3594,0.3247,0.4105,0.537,0.4482,0.4743,1.1567,0.3835,0.5716,0.3789,0.3669,0.3925,0.5777,0.3729,0.394
8/27/2020,23.5064,0.4814,0.4024,0.4473,0.559,0.5032,0.8055,0.8164,0.6722,0.6768,0.4349,0.4055,0.3574,0.3977,0.4442,0.3558,0.3853,0.4039,0.4024,0.4396,0.4411,0.4179,0.3372,0.5776,0.4489,0.4427,0.5094,0.5822,0.3217,0.576,0.4706,0.3993,0.3977,0.3853,0.3434,0.3217,0.4365,0.3931,0.39,0.6085,1.5887,0.5156,0.5187,0.3372,0.376,0.5512,0.5512,0.5078,0.3683
8/26/2020,29.5339,0.4574,0.6361,0.7179,0.957,0.8622,0.5844,1.0862,0.6469,0.7244,0.6146,0.649,0.5177,0.4703,0.4897,0.6426,0.5284,0.6598,0.5715,0.537,0.5392,0.5672,0.4445,0.6404,0.6296,0.5327,0.593,0.7438,0.3949,0.5607,0.606,0.3045,0.4509,0.4165,0.4014,0.4595,0.4552,0.41,0.606,0.8349,2.3172,0.7481,0.3755,0.4768,0.6103,0.4401,0.6124,0.5586,0.4509
8/25/2020,34.3559,0.7175,0.62,0.6859,0.7676,1.2156,0.6991,0.7649,0.9336,0.8493,0.989,1.0891,0.4619,0.5989,0.5067,0.7201,0.62,0.6121,0.6121,0.7175,0.5831,0.6753,0.5515,0.7939,0.5225,0.4302,0.6648,0.9178,0.4671,1.0522,0.7254,0.5831,0.4592,0.4829,0.4856,0.5699,0.5857,0.6411,0.5383,0.819,2.2659,0.8124,0.4803,0.7834,0.6121,0.6569,0.5304,0.8018,0.6832
8/24/2020,26.2188,0.3962,0.5893,0.4017,0.6203,0.9756,0.5256,0.5693,0.664,0.6987,0.4855,0.6385,0.4436,0.4144,0.4618,0.5912,0.5274,0.5675,0.5493,0.6094,0.48,0.5347,0.4381,0.4472,0.6404,0.3561,0.3671,0.4163,0.4072,0.7351,0.5201,0.4618,0.4126,0.4327,0.4053,0.3653,0.4272,0.5055,0.5092,0.742,2.0181,0.4454,0.511,0.3507,0.4727,0.398,0.5693,0.5875,0.5329
8/23/2020,29.2322,0.7145,0.5064,0.4087,0.9905,1.0839,0.723,0.8843,0.6656,0.5595,0.8695,0.8482,0.6274,0.6041,0.4023,0.4554,0.6571,0.5977,0.5446,0.551,0.466,0.6104,0.4703,0.6295,0.6019,0.4979,0.5149,0.5658,0.4023,0.5552,0.4512,0.3089,0.4427,0.328,0.4087,0.4193,0.483,0.4108,0.5106,0.8387,2.3292,0.5701,0.6635,0.621,0.4852,0.4745,0.5255,0.4682,0.4852
8/22/2020,23.0545,0.3533,0.4121,0.4075,0.7026,0.7252,0.5415,0.5942,0.7402,0.5566,0.388,0.5039,0.4015,0.4346,0.4136,0.391,0.394,0.4121,0.4632,0.4783,0.4602,0.3804,0.3639,0.385,0.391,0.3639,0.3503,0.4663,0.3729,0.5761,0.4738,0.3714,0.4181,0.3609,0.3293,0.394,0.3609,0.4075,0.3503,0.6074,1.5851,0.5536,0.4828,0.5385,0.4768,0.3955,0.54,0.4979,0.4873
8/21/2020,18.8354,0.3097,0.3465,0.3715,0.5026,0.5101,0.5741,0.4473,0.5773,0.4636,0.3855,0.4484,0.3888,0.3628,0.2891,0.2934,0.3574,0.3108,0.4354,0.3736,0.405,0.3281,0.3324,0.3877,0.4376,0.34,0.3964,0.2956,0.3216,0.3097,0.3747,0.2859,0.3476,0.3151,0.249,0.3227,0.3357,0.4376,0.2978,0.477,1.1653,0.3119,0.3498,0.4267,0.3693,0.3476,0.3151,0.418,0.3866
8/20/2020,14.9174,0.3569,0.3424,0.323,0.3714,0.4095,0.3334,0.3541,0.4537,0.2912,0.3846,0.3922,0.2552,0.2476,0.2898,0.2469,0.2856,0.2829,0.296,0.2746,0.2933,0.2891,0.3272,0.2877,0.314,0.2974,0.2794,0.3894,0.2365,0.2787,0.3112,0.2531,0.2773,0.2531,0.2767,0.2275,0.2587,0.2843,0.3023,0.3221,0.667,0.3368,0.2372,0.3327,0.2587,0.3265,0.2787,0.2545,0.2753
8/19/2020,15.5202,0.3246,0.3223,0.3675,0.4562,0.5434,0.4133,0.375,0.393,0.4194,0.3118,0.3238,0.3419,0.3186,0.3171,0.2674,0.3133,0.2712,0.2712,0.29,0.3419,0.3208,0.3457,0.3103,0.3426,0.2765,0.2456,0.3554,0.2426,0.3426,0.3261,0.2321,0.2231,0.2381,0.2682,0.2614,0.2862,0.3381,0.296,0.3173,0.6515,0.2607,0.2607,0.281,0.2667,0.3419,0.287,0.3434,0.2757
8/18/2020,16.5751,0.2816,0.3013,0.3467,0.4479,0.3605,0.4428,0.3913,0.3725,0.4745,0.4591,0.3124,0.3896,0.3184,0.3476,0.3648,0.3056,0.3253,0.2987,0.3244,0.3219,0.2867,0.2979,0.3493,0.3305,0.2687,0.3056,0.3313,0.2901,0.3502,0.2953,0.2721,0.2773,0.2987,0.2293,0.2953,0.2919,0.2764,0.3116,0.386,0.8726,0.3922,0.3648,0.2558,0.3656,0.3365,0.3527,0.3605,0.3433
8/17/2020,21.5473,0.4769,0.4837,0.5094,0.7045,0.4837,0.5663,0.4647,0.6855,0.5338,0.359,0.6977,0.4187,0.3943,0.4376,0.3645,0.443,0.4308,0.4607,0.3875,0.4932,0.4498,0.3712,0.4295,0.4471,0.359,0.4376,0.588,0.3116,0.569,0.397,0.3753,0.3225,0.2723,0.3509,0.3428,0.3441,0.336,0.4295,0.325,0.6762,0.4959,0.5365,0.3658,0.3577,0.4972,0.4065,0.4877,0.4701
8/16/2020,34.5066,0.7021,0.5828,0.5245,1.0334,0.9354,0.8134,1.0069,1.219,0.6146,0.6703,0.5643,0.6279,0.6385,0.7313,0.6438,0.771,0.7498,0.5298,0.6146,0.7525,0.726,0.5298,0.885,0.8373,0.6173,0.6941,0.9857,0.445,0.9062,0.6173,0.3893,0.4662,0.3867,0.3999,0.4105,0.5457,0.4927,0.7684,0.873,2.4397,0.771,0.8267,0.7074,0.6888,0.6358,0.5802,0.5669,0.5881
8/15/2020,29.2325,0.4257,0.466,0.4936,0.7378,0.7782,0.7102,0.9714,0.6975,0.7336,0.8864,0.5998,0.5871,0.4873,0.4745,0.5807,0.5849,0.5106,0.5531,0.6635,0.4682,0.5828,0.5489,0.6869,0.7081,0.3684,0.5128,0.7357,0.4406,0.4703,0.5573,0.4491,0.4958,0.4342,0.4278,0.483,0.5021,0.5743,0.4427,0.8407,2.3357,0.6083,0.3939,0.4299,0.5701,0.5934,0.7208,0.4236,0.4852
8/14/2020,40.0818,0.6319,0.6671,0.8147,1.2639,1.1323,0.9912,1.0521,1.0682,0.5067,0.6768,0.6447,1.0617,0.7826,0.7634,0.5966,0.7698,0.6928,0.8596,0.6928,0.7473,0.6736,0.7538,0.5484,0.68,0.6768,0.7473,0.7313,0.4875,0.8981,0.8436,0.3752,0.4394,0.5388,0.4073,0.4939,0.5934,0.9013,0.7345,1.6239,4.8563,0.9912,0.5131,0.4811,0.6383,0.8404,0.5613,0.7858,0.85
8/13/2020,38.2734,0.8841,0.7146,0.5421,0.8357,1.1717,1.2928,1.1566,0.863,1.1142,0.6692,0.6026,0.5754,0.6541,0.8054,0.7509,0.8932,0.8115,0.5421,0.8266,0.645,0.6783,0.8418,0.7358,0.6965,0.5511,0.754,1.0052,0.5118,0.981,0.5784,0.5966,0.642,0.4603,0.3877,0.4694,0.642,0.6995,0.4845,1.3207,3.8806,0.5814,0.6087,0.5148,0.6268,0.5572,0.7388,0.8508,0.5269
8/12/2020,31.9447,0.5474,0.703,0.794,1.1149,1.3136,0.9736,0.8347,0.612,0.7629,0.5737,0.6504,0.7988,0.4396,0.6025,0.5498,0.612,0.6911,0.6216,0.6863,0.6887,0.6288,0.4827,0.806,0.4157,0.4803,0.5282,0.8994,0.4803,0.4803,0.5474,0.4229,0.4564,0.5474,0.4588,0.4827,0.4756,0.4348,0.5929,0.8649,2.4136,0.4396,0.5139,0.4756,0.4468,0.7485,0.6863,0.6456,0.5187
8/11/2020,28.6294,0.6865,0.5153,0.4782,0.6638,0.7195,0.9506,0.9093,0.7051,0.6494,0.5834,0.6205,0.4885,0.4967,0.5586,0.5751,0.5855,0.4988,0.5586,0.5298,0.5298,0.5524,0.5772,0.5256,0.4658,0.3482,0.3895,0.6762,0.3812,0.767,0.6081,0.3585,0.4596,0.3379,0.4122,0.3606,0.441,0.6123,0.5194,0.7854,2.1576,0.6535,0.4782,0.635,0.5586,0.4637,0.6886,0.5091,0.604
8/10/2020,34.0545,0.5835,0.6278,0.5992,1.0525,0.8363,1.175,1.2896,1.1229,0.8936,0.7138,0.7946,0.7815,0.5132,0.6565,0.6851,0.7503,0.5653,0.495,0.732,0.706,0.6799,0.7842,0.594,0.693,0.607,0.4663,0.6487,0.534,0.508,0.5966,0.4454,0.3829,0.5601,0.5314,0.5314,0.5835,0.4611,0.5184,0.7251,1.9636,0.8571,0.805,0.7008,0.5601,0.5757,0.6878,0.7477,0.732
8/9/2020,32.5473,0.8466,0.7092,0.827,0.9988,1.3155,0.8589,1.0356,0.7509,0.6282,0.6552,0.6257,0.7411,0.6601,0.5202,0.6061,0.4882,0.665,0.5422,0.6723,0.7705,0.4735,0.5938,0.8024,0.665,0.6429,0.611,0.935,0.4809,0.6846,0.5275,0.4416,0.5324,0.4465,0.4391,0.4195,0.5422,0.5054,0.4661,0.6852,1.8353,0.5545,0.6846,0.6723,0.6233,0.5202,0.5889,0.719,0.5373
8/8/2020,36.1642,0.8173,0.7412,0.8567,0.9412,1.22,1.1299,1.2172,0.8229,0.8482,0.6708,1.1411,0.9102,0.5187,0.5807,0.8144,0.7891,0.8257,0.7919,0.7525,0.6342,0.6145,0.6483,0.5694,0.6624,0.5159,0.6004,0.8257,0.4821,0.6877,0.606,0.575,0.4568,0.575,0.4596,0.392,0.5356,0.8764,0.7159,0.791,2.1757,0.9327,0.6539,0.4399,0.5046,0.6708,0.7243,0.6483,0.8004
8/7/2020,31.9447,0.4612,0.6815,0.703,1.0383,1.3064,0.7102,0.7222,1.0167,0.715,0.6432,0.7916,0.7988,0.4803,0.545,0.6743,0.6527,0.5043,0.466,0.6288,0.7533,0.5234,0.7294,0.6049,0.5594,0.4205,0.4492,0.6958,0.4612,0.9137,0.648,0.4732,0.3558,0.4301,0.3941,0.5426,0.5402,0.6647,0.6551,0.723,1.9569,0.6264,0.806,0.5163,0.612,0.5378,0.7318,0.5833,0.4971
8/6/2020,16.5748,0.3553,0.303,0.3562,0.5148,0.4368,0.4153,0.4865,0.4265,0.4033,0.3013,0.4745,0.2764,0.2627,0.2816,0.3227,0.2867,0.3047,0.2876,0.3562,0.3159,0.2841,0.3047,0.3082,0.285,0.2456,0.3004,0.3467,0.273,0.3699,0.309,0.2661,0.3013,0.3004,0.2619,0.2387,0.2841,0.2884,0.3605,0.4352,1.0309,0.3553,0.3322,0.285,0.2481,0.3579,0.369,0.3605,0.3047
8/5/2020,15.8219,0.2824,0.2973,0.3106,0.4389,0.4381,0.3747,0.3122,0.3231,0.3481,0.3692,0.4131,0.3356,0.3161,0.2793,0.3458,0.32,0.3286,0.2848,0.3215,0.3536,0.2981,0.2887,0.3763,0.2457,0.2754,0.248,0.3442,0.2464,0.3747,0.3231,0.23,0.2402,0.2261,0.2895,0.266,0.3004,0.2895,0.2707,0.3888,0.8816,0.3669,0.3239,0.3184,0.3333,0.32,0.2871,0.3481,0.3278
8/4/2020,15.5202,0.2817,0.3246,0.3675,0.4036,0.4449,0.3434,0.293,0.387,0.3216,0.302,0.4148,0.3479,0.2704,0.2494,0.2644,0.3103,0.3043,0.3344,0.3163,0.3291,0.3238,0.2674,0.3096,0.2637,0.3171,0.3111,0.2704,0.2689,0.3291,0.3103,0.2479,0.2577,0.2697,0.278,0.2313,0.2652,0.2862,0.2584,0.4346,1.029,0.272,0.29,0.2674,0.3223,0.3269,0.3133,0.2938,0.2945
8/3/2020,15.0683,0.3109,0.3236,0.3059,0.4536,0.3342,0.32,0.3462,0.3681,0.2897,0.3752,0.4275,0.2685,0.2889,0.267,0.2748,0.2699,0.2501,0.2805,0.308,0.3363,0.272,0.3017,0.2755,0.325,0.267,0.2522,0.3964,0.2494,0.2734,0.2628,0.2409,0.2578,0.2571,0.2593,0.2324,0.2805,0.3017,0.284,0.347,0.7469,0.337,0.3511,0.3052,0.3342,0.2967,0.3603,0.2988,0.3031
8/2/2020,15.8219,0.2723,0.3168,0.3786,0.4326,0.4428,0.4553,0.4647,0.4545,0.2519,0.2856,0.3223,0.3231,0.259,0.277,0.3176,0.3153,0.2926,0.3348,0.3028,0.3223,0.3419,0.3043,0.2637,0.2668,0.2543,0.2957,0.4146,0.259,0.3919,0.309,0.2183,0.2371,0.2261,0.2449,0.23,0.2746,0.3466,0.2856,0.4342,1.0278,0.284,0.3161,0.3466,0.2863,0.3098,0.2824,0.284,0.2644
8/1/2020,29.2324,0.5892,0.6614,0.5595,0.8121,1.0457,0.982,1.0414,0.7867,0.7994,0.6529,0.9777,0.7102,0.5,0.621,0.4384,0.5573,0.5489,0.5552,0.6465,0.5871,0.5871,0.5977,0.6975,0.6444,0.4618,0.4108,0.6147,0.4045,0.7484,0.4469,0.5085,0.3663,0.4087,0.3981,0.483,0.4745,0.6317,0.5871,0.3444,0.7385,0.534,0.7378,0.5,0.5,0.551,0.5892,0.5446,0.6486
7/31/2020,29.5339,0.7093,0.6426,0.7675,0.8428,0.9742,1.0216,0.9333,0.8881,0.6921,0.5198,0.8859,0.6404,0.5155,0.5327,0.5973,0.6878,0.6576,0.5887,0.5607,0.5026,0.4983,0.6189,0.4208,0.41,0.5241,0.4057,0.6017,0.3949,0.8687,0.5349,0.5004,0.4746,0.4229,0.4143,0.4983,0.5026,0.5694,0.55,0.4413,1.0505,0.5026,0.6318,0.5586,0.5392,0.5844,0.7395,0.4875,0.6275
7/30/2020,26.5203,0.4389,0.5667,0.4741,0.7167,0.9945,0.5241,0.5519,0.8927,0.7501,0.7556,0.8112,0.4352,0.4019,0.5519,0.476,0.5278,0.4167,0.4574,0.5297,0.476,0.3908,0.3519,0.6112,0.613,0.4648,0.576,0.6315,0.3982,0.4037,0.5,0.2833,0.4185,0.3445,0.4185,0.3222,0.4297,0.6,0.6037,0.6378,1.6828,0.3889,0.6093,0.613,0.35,0.6186,0.6315,0.5111,0.3667
7/29/2020,26.3696,0.6406,0.4294,0.4514,0.5855,1.0374,0.8739,0.7086,0.5965,0.7324,0.6975,0.5267,0.3816,0.5102,0.4312,0.5965,0.433,0.5488,0.3926,0.5469,0.4771,0.4624,0.3669,0.4606,0.3577,0.5028,0.4808,0.5488,0.4,0.5451,0.4385,0.4385,0.411,0.4073,0.444,0.3504,0.4918,0.4183,0.4955,0.7202,1.9479,0.6516,0.3963,0.4128,0.3853,0.5028,0.6645,0.5396,0.5304
7/28/2020,29.0815,0.5124,0.6621,0.4977,0.7359,0.7148,1.0331,0.8961,0.7359,0.5757,0.4365,0.738,0.6747,0.4576,0.4281,0.4787,0.6241,0.6389,0.5082,0.4955,0.6473,0.4639,0.4702,0.5229,0.4154,0.407,0.4576,0.6579,0.4428,0.4808,0.4681,0.4808,0.3606,0.466,0.4344,0.426,0.4618,0.4407,0.4449,0.9858,2.8028,0.4808,0.7169,0.504,0.5672,0.5229,0.6473,0.66,0.4007
7/27/2020,34.0543,0.5549,0.8701,0.4637,0.9431,0.8806,1.089,0.9613,1.2193,0.9379,0.5757,0.917,0.7503,0.5653,0.4819,0.6982,0.7607,0.5705,0.5575,0.7399,0.7399,0.6773,0.5783,0.4793,0.4246,0.3986,0.4585,0.5418,0.5314,0.5861,0.5497,0.5002,0.4871,0.3673,0.409,0.5106,0.5366,0.4689,0.4793,1.3026,3.8221,0.7216,0.5966,0.4767,0.4611,0.4923,0.6825,0.5731,0.6643
7/26/2020,25.4657,0.5858,0.5649,0.6278,0.6749,0.9404,0.6662,0.5823,0.8076,0.7116,0.5893,0.4269,0.3867,0.5003,0.5404,0.3885,0.5037,0.4007,0.6033,0.4898,0.4304,0.3832,0.4164,0.4391,0.5771,0.4182,0.5387,0.7448,0.392,0.4776,0.5387,0.3204,0.385,0.4217,0.4147,0.3221,0.4252,0.4217,0.5509,0.4996,1.238,0.4898,0.4985,0.4636,0.5247,0.5579,0.5492,0.5282,0.5072
7/25/2020,29.9861,0.5031,0.6482,0.536,0.9692,0.6548,0.6152,1.0241,0.9867,0.4129,0.5404,0.6965,0.5228,0.4217,0.4283,0.536,0.4547,0.5624,0.5602,0.5932,0.569,0.602,0.4569,0.6284,0.4657,0.4503,0.4965,0.3909,0.4261,0.6174,0.5074,0.3865,0.4789,0.4921,0.4173,0.4393,0.4833,0.4063,0.5822,1.1263,3.2547,0.6701,0.5976,0.4305,0.5954,0.6943,0.4701,0.5338,0.6504
7/24/2020,28.3284,0.7115,0.6159,0.4757,0.9188,0.992,0.8761,0.5001,0.9757,0.4492,0.7277,0.6383,0.5041,0.5122,0.5407,0.6058,0.494,0.494,0.6261,0.6505,0.5773,0.5692,0.37,0.5549,0.5244,0.4391,0.494,0.5122,0.4309,0.5062,0.4411,0.4513,0.4025,0.4309,0.4126,0.4879,0.5041,0.5651,0.5671,0.6621,1.761,0.7155,0.5671,0.6139,0.4553,0.6322,0.5468,0.4452,0.3801
7/23/2020,26.5201,0.4463,0.5686,0.476,0.9241,0.876,0.7575,0.8464,0.7186,0.7834,0.6982,0.4074,0.5,0.4056,0.4463,0.4889,0.4611,0.5723,0.5834,0.5186,0.5167,0.476,0.3741,0.5241,0.4093,0.45,0.5426,0.6741,0.4185,0.7149,0.4426,0.3704,0.4111,0.4611,0.3685,0.3519,0.4352,0.4241,0.5963,0.6022,1.5683,0.6056,0.4019,0.4593,0.4556,0.4259,0.5889,0.5574,0.4148
7/22/2020,29.0819,0.5229,0.582,0.5609,0.7148,0.6136,0.5609,0.7548,0.8898,0.8265,0.5757,0.4829,0.6515,0.407,0.5862,0.6178,0.4428,0.582,0.4618,0.5946,0.6094,0.6199,0.5546,0.6368,0.4576,0.3965,0.4639,0.4555,0.4534,0.4934,0.4977,0.3944,0.3206,0.3269,0.4386,0.4892,0.5187,0.6832,0.6347,1.0258,2.9315,0.6515,0.5862,0.4344,0.3838,0.4492,0.6705,0.4724,0.6031
7/21/2020,25.4654,0.5981,0.5195,0.4409,0.64,0.6417,0.5334,0.8653,0.7745,0.7919,0.619,0.6679,0.4164,0.5265,0.3955,0.4566,0.4164,0.5596,0.5247,0.5736,0.5334,0.392,0.3535,0.3955,0.3832,0.4304,0.4933,0.3605,0.3413,0.4968,0.4915,0.2784,0.3256,0.4252,0.4374,0.3134,0.4147,0.5841,0.4129,0.6739,1.799,0.5806,0.5299,0.5893,0.3797,0.5841,0.4985,0.5387,0.4671
7/20/2020,33.9039,0.721,0.7495,0.8687,1.1536,1.2209,1.1225,0.8816,0.6485,0.6562,0.7625,1.0733,0.5423,0.5449,0.6174,0.7262,0.7132,0.5604,0.6614,0.5682,0.6537,0.734,0.6666,0.7547,0.5267,0.4646,0.5734,0.5526,0.4646,0.9515,0.6822,0.3765,0.4568,0.4671,0.3817,0.5423,0.6148,0.4801,0.5293,0.7789,2.137,0.5578,0.9075,0.7314,0.6511,0.765,0.6459,0.5371,0.5267
7/19/2020,29.5341,0.7179,0.7502,0.4789,0.9354,0.9613,1.0345,0.7675,1.0323,0.7976,0.7309,0.9806,0.4078,0.5607,0.4014,0.6533,0.5521,0.6103,0.4488,0.5026,0.5069,0.5758,0.677,0.6706,0.6512,0.4768,0.438,0.4724,0.466,0.7395,0.4961,0.466,0.3971,0.4768,0.494,0.4681,0.4789,0.6081,0.6081,0.5797,1.4958,0.4746,0.5435,0.3842,0.6146,0.466,0.4531,0.6146,0.4165
7/18/2020,23.8082,0.4544,0.4575,0.456,0.5793,0.6773,0.8069,0.4496,0.5034,0.5761,0.6599,0.7326,0.4718,0.3975,0.3848,0.4354,0.5492,0.4307,0.4575,0.4133,0.4607,0.4781,0.4038,0.5698,0.437,0.3263,0.3674,0.4955,0.3832,0.4702,0.4781,0.3089,0.4101,0.3295,0.3263,0.4069,0.4228,0.5524,0.4291,0.5317,1.3413,0.5034,0.5129,0.5002,0.4749,0.5587,0.4243,0.5176,0.4939
7/17/2020,29.3833,0.5516,0.496,0.4425,0.8659,0.8274,0.6328,1.0883,1.0541,0.8445,0.4532,0.9536,0.7248,0.558,0.5901,0.4233,0.6734,0.6649,0.5986,0.5323,0.5858,0.4853,0.3912,0.7119,0.4361,0.4126,0.5195,0.7012,0.466,0.7697,0.496,0.3313,0.5174,0.4703,0.4682,0.4831,0.5152,0.5836,0.4104,0.6756,1.8046,0.4425,0.3933,0.4746,0.62,0.6563,0.419,0.5815,0.5858
7/16/2020,30.739,0.5987,0.5078,0.6783,0.7761,0.9375,1.0558,0.626,1.0603,0.5305,0.5714,0.8488,0.6988,0.485,0.6305,0.6738,0.6442,0.6897,0.5282,0.5805,0.5259,0.4668,0.5191,0.626,0.767,0.4191,0.5214,0.4077,0.4918,0.6237,0.5578,0.4464,0.4486,0.3349,0.3531,0.5191,0.5169,0.5896,0.701,0.8012,2.2086,0.5964,0.7556,0.6692,0.5009,0.7033,0.6487,0.4532,0.4441
7/15/2020,24.5612,0.4797,0.5294,0.5873,0.6883,1.008,0.6999,0.5459,0.5658,0.3985,0.6619,0.6138,0.5824,0.4664,0.4333,0.4085,0.4979,0.5211,0.3704,0.4797,0.4416,0.4499,0.324,0.4499,0.5277,0.4201,0.3571,0.4648,0.372,0.6602,0.4432,0.4018,0.2859,0.372,0.2909,0.3422,0.4366,0.3488,0.4747,0.6959,1.8699,0.3637,0.4316,0.3604,0.5608,0.5592,0.526,0.3803,0.4118
7/14/2020,38.4246,0.6169,0.7508,0.7904,1.122,1.5571,1.0368,1.338,1.2285,1.192,0.6991,0.8877,0.9455,0.5561,0.7265,0.7447,0.8299,0.7204,0.5409,0.7478,0.8238,0.7599,0.5683,1.0064,0.8086,0.7873,0.7904,1.0581,0.477,0.5531,0.5835,0.5956,0.474,0.3857,0.6413,0.6322,0.6626,0.9242,0.5044,0.6579,1.7474,0.8177,0.6261,0.6504,0.6109,0.8238,0.8269,0.8847,0.7113
7/13/2020,30.5887,0.7766,0.7653,0.6388,0.7043,1.1131,1.016,1.0499,1.0228,0.5168,0.5755,0.8308,0.5823,0.6297,0.5755,0.6071,0.623,0.5823,0.5823,0.5687,0.702,0.58,0.3993,0.5484,0.7156,0.5575,0.6478,0.6004,0.4558,0.6659,0.4987,0.3406,0.4332,0.4264,0.4106,0.5303,0.4558,0.4829,0.6591,0.5356,1.3541,0.4468,0.6004,0.4558,0.6162,0.632,0.7291,0.7111,0.6365
7/12/2020,34.3559,0.6542,0.5251,0.6911,1.0048,1.1814,0.7175,1.0206,0.9442,0.5541,0.9758,1.1366,0.7096,0.6121,0.6648,0.7096,0.4882,0.7887,0.5594,0.6463,0.5304,0.728,0.5831,0.4724,0.7887,0.5989,0.7017,0.7966,0.5277,0.7755,0.649,0.3564,0.3986,0.396,0.3828,0.5936,0.591,0.5673,0.4539,0.944,2.668,0.6885,0.6358,0.6595,0.7491,0.6885,0.5831,0.6121,0.6516
7/11/2020,36.3143,0.883,0.9,0.9028,1.1662,1.3587,0.968,0.9793,1.2738,0.6565,0.5716,0.7471,0.8802,0.6395,0.6508,0.8066,0.5744,0.5461,0.7556,0.699,0.8037,0.6424,0.7499,0.7216,0.4725,0.4441,0.5546,1.0727,0.4781,0.8434,0.6367,0.4328,0.5234,0.5517,0.3932,0.4045,0.648,0.6339,0.5744,0.7111,1.9186,0.6395,0.934,0.849,0.5687,0.8745,0.9425,0.7669,0.5687
7/10/2020,27.7252,0.6795,0.4843,0.6736,0.6282,1.1391,0.7486,0.5908,0.8728,0.6499,0.4251,0.4704,0.5651,0.502,0.4665,0.5553,0.6164,0.4606,0.5829,0.5237,0.5533,0.502,0.4053,0.6815,0.6243,0.4586,0.3856,0.571,0.4211,0.4251,0.5632,0.3166,0.4487,0.3067,0.3896,0.4132,0.4369,0.6499,0.5079,0.7512,2.0478,0.3856,0.429,0.3856,0.6361,0.6401,0.5415,0.6065,0.6065
7/9/2020,34.6569,0.7611,0.8278,0.8544,1.209,1.3662,0.7718,0.6865,0.9904,0.7824,0.961,0.6918,0.7025,0.5905,0.5505,0.5052,0.5265,0.4945,0.6678,0.6278,0.7558,0.6678,0.8011,0.4812,0.4812,0.4599,0.7185,0.5105,0.4572,0.8544,0.6652,0.3586,0.6038,0.5372,0.5105,0.5985,0.6252,0.6838,0.5239,0.9295,2.6214,0.5745,0.9211,0.5719,0.4572,0.5905,0.8198,0.7638,0.5452
7/8/2020,27.7253,0.4764,0.5079,0.4606,0.6421,0.8945,0.6085,0.6874,0.5572,0.4409,0.4172,0.5493,0.5237,0.4843,0.4487,0.5434,0.4132,0.4921,0.5868,0.5987,0.6006,0.5217,0.5355,0.4172,0.5967,0.3501,0.4961,0.4448,0.3718,0.4783,0.4448,0.4566,0.4566,0.3659,0.427,0.4507,0.4507,0.4586,0.3836,1.202,3.4986,0.3975,0.5572,0.5967,0.4389,0.5316,0.5,0.5533,0.4093
7/7/2020,30.438,0.4539,0.5324,0.584,0.842,1.1988,0.8174,0.869,0.8622,0.7949,0.934,0.4628,0.5234,0.5346,0.51,0.4943,0.5369,0.5414,0.5818,0.7029,0.501,0.6132,0.4157,0.4471,0.4786,0.584,0.5616,0.602,0.4135,0.7231,0.5863,0.4875,0.4965,0.4853,0.4023,0.4427,0.5369,0.4539,0.4157,0.7273,1.971,0.7299,0.8129,0.5212,0.7007,0.7052,0.6603,0.5548,0.6311
7/6/2020,24.5614,0.3787,0.5045,0.4018,0.7298,0.7182,0.5376,0.6619,0.7927,0.6536,0.5128,0.5426,0.4697,0.4929,0.4764,0.5012,0.4416,0.5327,0.5294,0.4283,0.3969,0.3571,0.4151,0.5029,0.5012,0.4581,0.5111,0.5492,0.3389,0.3985,0.4714,0.3257,0.3207,0.3853,0.3389,0.3969,0.4018,0.3505,0.4101,0.6885,1.8459,0.5426,0.584,0.3985,0.4664,0.541,0.4068,0.4664,0.4846
7/5/2020,31.4928,0.8033,0.6812,0.7587,0.7258,0.949,0.6459,0.7187,1.0923,0.8808,0.9654,0.8174,0.6741,0.505,0.5613,0.6788,0.512,0.4556,0.4838,0.6577,0.7328,0.6906,0.7258,0.8033,0.5097,0.6177,0.6036,0.8527,0.4298,0.8503,0.5566,0.4415,0.4674,0.4204,0.4157,0.4674,0.5191,0.6718,0.5613,0.5471,1.3908,0.5966,0.3992,0.4298,0.7258,0.6718,0.4368,0.6953,0.6953
7/4/2020,35.7119,0.707,0.6211,0.9398,1.1338,0.9703,0.7403,0.9897,0.7957,0.6017,0.7375,1.2253,0.8761,0.5242,0.671,0.7292,0.6738,0.7736,0.7542,0.8373,0.6572,0.793,0.4715,0.7126,0.6267,0.5879,0.5158,0.9675,0.4881,0.998,0.6128,0.5408,0.3967,0.4133,0.466,0.3994,0.6267,0.4909,0.7985,0.9012,2.5304,0.6156,0.4992,0.8318,0.5907,0.7957,0.6544,0.804,0.6239
7/3/2020,30.1369,0.6515,0.6028,0.45,0.6957,1.2027,0.895,0.5939,1.0521,0.6581,0.8108,0.8551,0.7378,0.4544,0.5784,0.5607,0.6426,0.4722,0.5563,0.6028,0.6448,0.481,0.4744,0.4699,0.5408,0.4434,0.6337,0.4013,0.4323,0.895,0.5917,0.4345,0.4257,0.4456,0.3792,0.3814,0.5541,0.5696,0.5939,0.6227,1.6343,0.7356,0.6293,0.6426,0.7046,0.5275,0.5784,0.6205,0.5762
7/2/2020,28.4789,0.5742,0.5967,0.4739,1.0022,0.7892,0.6664,0.7339,0.9633,0.4984,0.4472,0.9592,0.6397,0.5783,0.5455,0.5742,0.4595,0.5885,0.5312,0.6213,0.4534,0.4841,0.6213,0.4227,0.4718,0.4206,0.564,0.7831,0.4063,0.7442,0.5291,0.4042,0.4247,0.437,0.4349,0.4001,0.4452,0.4616,0.5189,0.6964,1.8712,0.4698,0.5394,0.652,0.3919,0.5783,0.5865,0.4349,0.5885
7/1/2020,37.5197,0.5711,0.943,0.698,1.3298,1.0729,0.8692,1.4006,0.8368,0.9224,0.9253,1.0877,0.7453,0.7275,0.7954,0.5593,0.7777,0.8397,0.5386,0.6597,0.6656,0.7689,0.6301,0.7423,0.5002,0.4471,0.7718,1.0227,0.4884,1.0168,0.5593,0.4087,0.4058,0.5121,0.4825,0.4707,0.5622,0.9076,0.5386,1.0926,3.1463,0.6242,0.5121,0.4884,0.7216,0.8545,0.7394,0.5209,0.6183
6/30/2020,33.0013,0.8067,0.6292,0.4992,1.0867,1.4441,1.1917,0.8117,0.8142,0.5167,0.9192,0.8592,0.7717,0.4442,0.4592,0.7367,0.5242,0.5817,0.5392,0.6542,0.7592,0.7042,0.6567,0.6267,0.5492,0.3917,0.4317,0.8467,0.4267,0.4867,0.6692,0.4167,0.3992,0.5542,0.4917,0.4967,0.5317,0.5842,0.4317,0.9057,2.545,0.5367,0.6267,0.6767,0.4867,0.6767,0.6042,0.4667,0.7317
6/29/2020,30.5889,0.7833,0.4965,0.4513,0.9844,1.1922,0.6568,0.7223,1.0002,0.7314,0.4558,0.5123,0.4806,0.5891,0.6478,0.6546,0.5665,0.5145,0.5552,0.6614,0.5823,0.6591,0.4694,0.4671,0.51,0.5349,0.4468,0.4603,0.4852,0.8963,0.6433,0.3429,0.3564,0.5236,0.5055,0.4919,0.562,0.5936,0.5281,0.797,2.195,0.6952,0.7743,0.6794,0.4535,0.5665,0.6659,0.4513,0.5959
6/28/2020,41.5885,1.0568,0.872,0.7881,1.218,1.8192,1.5472,0.7175,1.443,1.2717,1.3154,0.9862,0.7679,0.7142,0.6537,0.6,0.6369,0.8619,0.9929,0.8149,0.9157,0.8116,0.872,0.6772,0.9056,0.4656,0.5496,0.8653,0.6235,1.2381,0.8653,0.4119,0.5026,0.4723,0.4287,0.5429,0.7007,0.9258,0.8955,0.7527,2.0527,0.5731,0.5294,0.8552,0.8216,0.9325,0.825,0.6638,0.8351
6/27/2020,29.8349,0.5684,0.6427,0.754,0.813,1.1907,1.0728,0.7147,0.8501,0.7628,0.8195,0.6798,0.7016,0.5357,0.6383,0.6667,0.4418,0.4309,0.5073,0.5007,0.6056,0.5728,0.4505,0.42,0.5313,0.4898,0.4025,0.4505,0.3981,0.8414,0.5248,0.4418,0.4614,0.3719,0.4418,0.3959,0.5182,0.4789,0.4876,0.7133,1.9258,0.575,0.7147,0.5946,0.4003,0.6732,0.5728,0.6318,0.4571
6/26/2020,28.1777,0.6368,0.5924,0.4108,0.8608,1.0767,0.9677,0.6267,0.7316,0.5339,0.8567,0.6449,0.5299,0.4633,0.5985,0.5258,0.5521,0.4935,0.4734,0.6086,0.5763,0.55,0.6146,0.4391,0.3886,0.4149,0.4007,0.4956,0.433,0.5843,0.4391,0.429,0.3301,0.3906,0.4754,0.3382,0.5097,0.6469,0.6408,0.8325,2.3095,0.659,0.3604,0.4976,0.4734,0.4471,0.3947,0.5016,0.4209
6/25/2020,29.2325,0.551,0.4533,0.5828,0.8461,1.224,0.5616,0.7973,0.8567,0.8886,0.4491,0.776,0.4894,0.5892,0.4915,0.5722,0.5467,0.5404,0.5234,0.4936,0.6062,0.6338,0.4045,0.6402,0.4873,0.4682,0.4384,0.7081,0.4618,0.7123,0.5765,0.413,0.345,0.4448,0.3302,0.4236,0.5467,0.6762,0.568,0.6821,1.8254,0.4788,0.689,0.6486,0.5828,0.6869,0.5191,0.4936,0.5085
6/24/2020,46.8624,1.0061,0.7574,0.9361,1.4375,1.3675,1.1965,1.7017,1.2393,1.045,1.0877,1.4414,0.7962,0.6602,0.6214,0.8662,0.9595,1.0216,0.9439,0.7535,0.9672,0.9439,0.9361,0.7341,0.8157,0.8856,0.9983,0.6563,0.6563,1.2121,0.9361,0.5048,0.8157,0.6291,0.497,0.703,0.8273,0.9361,0.6913,1.1166,3.2235,1.2237,1.1188,0.5553,0.7496,0.8234,1.0372,0.7924,1.0372
6/23/2020,25.4653,0.4653,0.5841,0.6312,0.8723,0.5754,0.8338,0.523,0.764,0.7308,0.5946,0.6155,0.5649,0.3745,0.495,0.3832,0.3797,0.4741,0.5928,0.5457,0.495,0.4182,0.4898,0.5439,0.364,0.3937,0.392,0.743,0.3832,0.5946,0.4548,0.3745,0.3256,0.2924,0.3535,0.3623,0.4566,0.4723,0.4915,0.5923,1.5365,0.495,0.5317,0.4479,0.5527,0.3937,0.6155,0.4409,0.4583
6/22/2020,29.5341,0.4294,0.5284,0.7632,0.7955,0.7782,1.0496,0.5586,0.7761,0.7158,0.4638,0.7459,0.6899,0.4531,0.6017,0.6533,0.606,0.4531,0.5112,0.578,0.6641,0.4724,0.4595,0.6749,0.6512,0.4014,0.5844,0.7093,0.3949,0.5715,0.4638,0.4983,0.4423,0.4488,0.3346,0.3562,0.4445,0.4531,0.6749,0.7344,1.9935,0.7115,0.4401,0.5672,0.6447,0.578,0.7222,0.6792,0.6124
6/21/2020,31.6434,0.6064,0.7507,0.5402,0.8429,0.9942,0.9918,0.779,1.0013,0.6514,0.7507,0.5757,0.5615,0.5,0.5757,0.5568,0.4598,0.4457,0.7388,0.5379,0.649,0.623,0.4669,0.4977,0.5922,0.6372,0.5922,0.6017,0.4267,0.5875,0.6017,0.5331,0.3464,0.4078,0.3984,0.3629,0.4953,0.6986,0.4362,0.8959,2.5134,0.7625,0.8027,0.519,0.7294,0.7105,0.7554,0.5095,0.6301
6/20/2020,31.0405,0.6252,0.6044,0.5952,1.0169,1.2726,0.6206,1.0814,0.8049,0.9132,0.7795,0.8395,0.7865,0.5699,0.4938,0.586,0.5238,0.4869,0.4501,0.563,0.6067,0.5399,0.7196,0.7173,0.5514,0.5054,0.6275,0.4455,0.4178,0.5468,0.639,0.4432,0.3625,0.5146,0.4685,0.3579,0.5307,0.5376,0.5445,0.6113,1.5975,0.5952,0.8118,0.7035,0.3832,0.6505,0.7335,0.7081,0.5561
6/19/2020,40.6845,0.9544,1.0067,0.6929,1.0622,1.2256,0.8204,1.1276,1.2779,0.8204,1.2093,1.2256,0.9805,0.5785,0.5295,0.7027,0.7321,0.6046,0.7419,0.9119,0.6798,0.6014,0.7027,0.8302,0.5,0.6733,0.8073,0.5262,0.6308,0.804,0.6471,0.4053,0.6667,0.4053,0.451,0.4478,0.5981,0.5785,0.8367,1.3421,3.9494,0.889,0.7615,0.9609,0.6308,0.8955,0.9413,0.6929,0.6242
6/18/2020,41.5885,0.909,0.9258,0.6873,1.171,1.443,1.4262,1.0433,1.5203,1.171,1.0635,1.0769,0.8418,0.7276,0.6772,0.6268,0.9426,0.6839,0.8754,0.7041,0.7746,0.5462,0.6806,0.5764,0.5932,0.6638,0.9056,0.7713,0.6503,1.0232,0.7007,0.4958,0.4152,0.432,0.6235,0.6974,0.7209,0.9929,0.7444,0.8889,2.4909,0.7242,0.9594,0.872,0.5395,0.9157,0.8519,0.9728,0.8485
6/17/2020,47.0132,1.1186,0.705,0.748,1.657,1.8325,1.3488,1.6219,1.2551,0.6738,0.9508,0.7129,0.7987,0.8143,0.9508,0.6894,0.7753,1.0367,0.6816,0.7285,1.0718,0.7089,0.6153,0.9235,0.7519,0.6075,0.588,0.7011,0.6855,0.904,0.9508,0.5802,0.7129,0.4866,0.7519,0.787,0.6699,0.7402,0.9196,1.6271,4.8664,0.8416,0.7636,1.0757,0.7089,1.0289,1.1225,1.0289,0.6933
6/16/2020,45.5064,0.9843,1.0931,0.9318,1.3669,1.2468,1.4344,0.8343,1.4044,0.733,1.4044,0.6918,0.6167,0.628,0.9168,0.7368,1.0481,0.823,0.7855,0.9168,0.8305,0.7593,0.7105,0.9168,1.0256,0.6993,0.7555,1.1981,0.6693,0.7593,0.793,0.5267,0.5755,0.6355,0.7105,0.5942,0.7405,1.0331,0.7105,1.4924,4.4331,0.8755,0.628,0.808,0.6805,1.0106,0.5867,0.8605,0.8905
6/15/2020,48.5195,0.8271,1.0014,0.6124,1.5119,1.7834,1.593,0.9041,0.9852,1.6132,0.9973,0.9892,1.3093,0.819,0.9487,0.7299,0.6934,0.9487,1.1472,0.742,1.1594,1.0338,0.9973,0.8231,0.9528,0.8879,0.9203,1.443,0.6448,1.1513,0.7988,0.7583,0.7826,0.4665,0.7988,0.7177,0.8474,0.6083,0.657,1.3598,4.0061,1.0743,0.6245,0.815,0.9284,0.7258,0.6772,0.9852,0.7177
6/14/2020,32.0954,0.4895,0.7353,0.6606,0.8004,0.9305,0.6895,1.1377,0.7425,0.451,0.8534,0.5618,0.8148,0.6486,0.61,0.6365,0.704,0.5353,0.6534,0.6751,0.5209,0.6004,0.6173,0.8341,0.663,0.4149,0.4269,0.5257,0.4414,0.5474,0.6799,0.3908,0.3474,0.4365,0.3667,0.557,0.5763,0.6076,0.5016,1.0521,3.016,0.5932,0.4606,0.6293,0.6606,0.5088,0.4775,0.6534,0.6582
6/13/2020,35.7122,0.6766,0.7819,0.8705,0.8428,0.7486,0.7957,0.9287,1.2391,0.8262,0.8705,0.6239,0.7625,0.7154,0.6655,0.7819,0.8096,0.7846,0.6877,0.8345,0.8373,0.6461,0.5297,0.5242,0.6516,0.7043,0.5352,1.0812,0.466,1.0147,0.6405,0.4078,0.5269,0.5463,0.369,0.4188,0.5629,0.793,0.6101,0.8473,2.357,0.6683,0.6073,0.6489,0.5907,0.7237,0.7625,0.804,0.5907
6/12/2020,49.273,1.1201,0.7816,1.2274,1.7639,1.1985,1.8093,1.7268,1.863,1.2274,0.7651,1.1737,1.2439,0.8064,1.0458,1.0953,1.0086,0.9963,1.1036,0.9921,0.9055,0.6991,0.6908,0.761,0.988,0.7445,0.8105,0.6083,0.6785,0.9385,0.9137,0.4308,0.5051,0.6826,0.4886,0.6826,0.7816,0.9467,1.0334,1.2675,3.7091,0.9137,0.695,1.1902,0.9013,1.0086,0.9426,0.6743,0.7321
6/11/2020,55.4515,1.1442,1.296,1.4479,1.4573,1.761,1.4099,2.0552,1.1821,1.7278,1.3767,1.818,0.8927,0.8547,1.092,1.1347,0.8974,1.0066,1.1347,1.035,1.0113,0.8452,0.7883,1.2248,1.2865,1.1252,0.9923,1.1204,0.85,1.2106,0.793,0.8168,0.5226,0.6602,0.7503,0.6317,0.8405,1.1157,0.7313,1.0486,3.0049,0.9686,1.5333,1.3245,1.2296,1.0445,1.4573,0.8642,0.9354
6/10/2020,58.3146,0.8459,1.1226,0.7805,1.2887,1.7969,1.8522,1.3893,1.7465,1.8623,1.0824,1.7365,0.8308,1.0321,1.2182,1.0925,0.9969,1.3038,0.9868,1.0119,0.8862,1.2686,0.6597,1.5503,0.9013,0.9465,1.2082,1.4145,0.8459,1.495,1.0421,0.6296,0.8208,0.7906,0.866,0.8811,0.866,1.2887,0.8711,1.7388,5.226,1.0925,0.7704,1.3491,1.0119,0.8459,1.2182,0.9264,0.9264
6/9/2020,49.4241,1.1691,1.0283,1.3183,1.4011,1.1277,1.368,1.5378,1.4301,1.2023,1.3224,1.6538,0.8626,0.9206,0.6306,0.875,0.8874,1.078,0.7383,1.0407,1.02,0.9786,1.0573,0.962,0.5768,1.0117,1.0034,0.7715,0.5809,0.8957,0.8626,0.7466,0.846,0.7715,0.6016,0.5561,0.8295,1.194,1.0656,1.0721,3.0805,0.7922,1.078,0.8584,0.6016,0.7507,1.2478,1.0697,0.9496
6/8/2020,44.7529,0.7657,0.751,0.7253,1.3795,1.6111,1.5008,1.3428,1.6,0.9128,1.0267,1.0708,1.1406,0.898,0.7621,0.7143,0.6849,0.74,1.001,0.7106,0.7584,0.718,0.8392,0.8503,0.5305,0.8025,0.7951,1.1296,0.5967,0.7069,0.8135,0.5562,0.6334,0.446,0.5305,0.5158,0.7915,0.6151,0.8135,1.2828,3.7586,1.0451,0.593,0.9311,0.9789,0.9495,1.0892,0.7657,0.5783
6/7/2020,35.7117,0.9093,0.635,0.8428,1.2059,0.9814,1.253,1.1865,1.2751,0.8124,0.7652,1.2585,0.7209,0.4715,0.7126,0.7154,0.7098,0.8068,0.8262,0.7957,0.574,0.574,0.5435,0.804,0.8789,0.5463,0.6405,0.9897,0.5574,0.7985,0.7126,0.369,0.4937,0.4438,0.599,0.5823,0.6101,0.5602,0.6599,0.2402,0.4035,0.8622,0.8816,0.6544,0.7126,0.7902,0.8207,0.7569,0.768
6/6/2020,36.7669,0.8858,0.6298,0.5752,1.0556,1.4497,0.8801,0.7823,0.7938,0.8571,0.8801,0.5608,0.7995,0.6183,0.7478,0.6327,0.8225,0.7564,0.7967,0.6902,0.7823,0.4917,0.7046,0.8858,0.6269,0.4342,0.6816,0.6816,0.4716,0.7794,0.6068,0.4371,0.4773,0.5867,0.6241,0.4543,0.5924,0.7564,0.6241,1.0839,3.1185,0.8628,0.4889,0.696,0.788,0.8053,0.6528,0.6183,0.7391
6/5/2020,35.8624,0.9022,0.5846,0.8716,1.0666,0.8911,0.8382,1.1781,0.9106,0.579,0.7936,0.9273,0.8883,0.5958,0.671,0.6821,0.7546,0.7128,0.8242,0.6375,0.7044,0.6626,0.7406,0.5233,0.919,0.5902,0.7267,0.5762,0.5372,0.7239,0.6208,0.593,0.54,0.4174,0.3924,0.6041,0.5707,0.5985,0.7936,0.923,2.6006,0.5567,0.4871,0.6264,0.6375,0.7462,0.6292,0.7908,0.7211
6/4/2020,35.7116,0.829,0.8844,0.8927,0.7763,0.8373,1.2835,0.6405,1.2003,0.4881,1.0285,1.0313,0.8705,0.5408,0.4743,0.6489,0.7846,0.5242,0.6987,0.7652,0.7597,0.4881,0.7569,0.7846,0.768,0.5796,0.7348,0.8428,0.5242,0.5435,0.6793,0.5158,0.38,0.574,0.477,0.5075,0.538,0.8373,0.5519,0.8709,2.4331,0.6045,0.5048,0.8567,0.7736,0.7902,0.538,0.5519,0.7458
6/3/2020,35.2597,0.8045,0.6274,0.6383,1.1589,1.4397,1.2598,1.1235,0.7473,0.5974,0.5865,1.0335,0.6819,0.7282,0.7091,0.581,0.6982,0.8018,0.8291,0.5892,0.8318,0.6546,0.5647,0.8427,0.5047,0.5892,0.7391,0.6301,0.5074,0.8018,0.5592,0.3548,0.3766,0.5101,0.5619,0.5728,0.5756,0.7909,0.6355,0.7334,1.9906,0.6437,0.8155,0.6764,0.7582,0.5074,0.7582,0.551,0.5865
6/2/2020,34.9588,0.7382,0.8541,0.4848,0.8002,0.8406,0.8137,0.9134,1.2747,0.501,1.0967,1.0725,0.7921,0.6897,0.6708,0.7355,0.5144,0.563,0.8245,0.8191,0.5387,0.7058,0.4336,0.5549,0.6277,0.4336,0.7058,0.5522,0.5468,1.0752,0.6465,0.35,0.5791,0.509,0.3769,0.4794,0.536,0.5495,0.4551,1.1324,3.2744,0.4713,0.6384,0.6573,0.5549,0.7139,0.7436,0.6007,0.5171
6/1/2020,37.8212,0.8883,0.7691,0.948,1.3148,1.2701,1.0762,0.8585,0.954,0.8675,0.7213,0.6856,0.5931,0.7094,0.7422,0.7899,0.7303,0.7631,0.6557,0.7601,0.7243,0.7184,0.5603,0.8257,0.954,0.7601,0.6706,0.9808,0.5126,0.6975,0.7989,0.6319,0.4231,0.3933,0.3903,0.5901,0.6915,0.5901,0.7035,0.9288,2.6193,0.5156,0.8019,0.4947,0.6229,0.8883,0.6378,0.8764,0.7213
5/31/2020,37.0683,0.8556,0.5649,0.8352,0.8149,1.1928,0.7771,0.8294,0.8585,0.8963,1.062,1.2306,0.8527,0.7451,0.7945,0.6085,0.6376,0.841,0.7393,0.6492,0.6754,0.719,0.5126,0.6288,0.4719,0.5736,0.6056,1.0736,0.5533,0.9719,0.5736,0.4079,0.3934,0.4428,0.5446,0.6318,0.6521,0.5736,0.623,1.1032,3.1805,0.6434,0.6579,0.6172,0.8643,0.8934,0.5242,0.6521,0.5184
5/30/2020,39.3278,0.8966,0.9561,0.8277,1.2318,1.2506,0.7462,1.1222,0.7588,0.9091,1.0031,1.3509,0.8622,0.7086,0.6241,0.8966,0.5363,0.7995,0.812,0.7713,0.6773,0.6585,0.5144,0.8997,0.8684,0.646,0.5363,0.693,0.5363,0.8841,0.7525,0.6021,0.6053,0.6429,0.4079,0.646,0.6303,0.5708,0.7525,1.277,3.7399,0.5332,0.5238,0.7713,0.5081,0.6115,0.6366,0.6021,0.5363
5/29/2020,34.8078,0.5044,0.7269,0.4642,0.987,1.0728,1.0808,1.0486,1.2175,0.8664,0.735,0.9897,0.617,0.6841,0.4589,0.6438,0.4964,0.6278,0.542,0.794,0.6519,0.5366,0.7189,0.861,0.7806,0.6465,0.743,0.5205,0.5527,0.9709,0.5795,0.4106,0.3919,0.3892,0.3784,0.4321,0.5527,0.7269,0.542,1.1314,3.2713,0.5366,0.5259,0.4455,0.6278,0.5688,0.6519,0.6063,0.4991
5/28/2020,34.3561,0.7465,0.7702,0.7149,0.9521,0.9415,0.7649,0.8097,0.7623,0.4935,0.6253,0.8967,0.8704,0.707,0.4539,0.5067,0.4935,0.5699,0.7676,0.6411,0.5541,0.6358,0.5515,0.5936,0.6859,0.5014,0.6674,0.7043,0.4803,0.96,0.6991,0.475,0.4513,0.3696,0.5093,0.4487,0.6332,0.4724,0.562,1.1614,3.3678,0.5146,0.8546,0.4829,0.6516,0.7307,0.7439,0.7623,0.6437
5/27/2020,42.6432,0.6482,0.8318,0.6309,1.4138,1.6182,0.9184,0.8803,1.5247,0.9912,1.1228,1.4034,0.9392,0.6309,0.5616,0.9496,0.8422,0.8041,0.5824,0.9011,0.8976,0.7175,0.6447,0.6066,0.5962,0.5443,0.8041,1.2371,0.5131,0.766,0.8595,0.572,0.6344,0.6136,0.5339,0.4542,0.7799,0.7417,0.5859,1.3699,4.0387,0.766,0.6655,0.6101,0.7314,0.9011,0.7695,0.9115,0.5824
5/26/2020,36.9172,0.7363,0.6004,0.6554,0.9764,0.9272,0.8723,0.7306,0.771,0.878,0.8549,0.6467,0.771,0.664,0.6843,0.8347,0.7826,0.6351,0.7479,0.6756,0.8173,0.6669,0.6612,0.5744,0.9127,0.5455,0.7739,0.771,0.4703,0.5368,0.638,0.5195,0.5426,0.5542,0.4616,0.5628,0.5339,0.5108,0.7971,1.2574,3.6767,0.933,0.8202,0.4674,0.6669,0.7508,0.5281,0.719,0.8028
5/25/2020,53.3418,0.8377,1.0282,1.2277,1.4861,2.2977,1.5677,1.6856,2.0302,0.9919,1.2186,1.935,1.0463,1.069,1.0508,0.7561,1.1687,1.1597,0.9511,0.9284,0.9103,0.9783,0.942,0.9239,0.6564,1.0282,0.679,1.01,0.6473,0.8559,1.0644,0.874,0.7198,0.7017,0.6518,0.8196,0.7924,1.1506,0.6518,1.0008,2.851,1.3093,1.3047,0.9738,0.7561,0.8921,1.4136,1.146,1.2005
5/24/2020,30.438,0.667,0.7366,0.7007,0.7815,0.8622,0.8017,1.1225,0.8398,0.6805,0.6558,0.7321,0.5346,0.5504,0.4763,0.6446,0.6132,0.6154,0.6356,0.483,0.6222,0.5212,0.4449,0.7254,0.4225,0.4606,0.5279,0.8398,0.4359,0.7007,0.5706,0.4225,0.5032,0.5122,0.4763,0.5302,0.4718,0.6648,0.4516,0.5215,1.3085,0.7097,0.5481,0.7007,0.7164,0.5997,0.6962,0.6154,0.584
5/23/2020,41.2871,0.9289,0.9988,0.9889,0.9323,1.7611,1.132,0.7492,0.859,1.345,0.7425,0.6893,0.8923,0.5561,0.7792,0.5628,0.9656,0.6793,0.7159,0.899,0.8657,0.9123,0.8757,0.8124,0.9356,0.6327,0.616,0.7525,0.6294,0.7359,0.7092,0.4296,0.5062,0.4296,0.6527,0.6826,0.7392,0.5628,0.7226,1.2762,3.7373,0.7026,0.5761,0.7692,0.9056,0.9656,0.7059,0.5761,0.6926
5/22/2020,40.3832,0.6038,0.9341,1.0313,0.9082,0.9341,0.756,1.0572,0.905,1.0216,0.6362,0.7334,0.5779,0.6621,0.7334,0.9212,0.5876,0.8791,0.6718,0.918,0.8208,0.8143,0.7269,1.0475,0.6816,0.6492,0.7431,0.6233,0.6071,0.6395,0.7334,0.5455,0.6265,0.4452,0.4905,0.6395,0.6848,0.7658,0.8467,1.3136,3.8577,0.9892,0.7755,0.8532,0.9277,0.9341,0.8338,0.6816,0.6136
5/21/2020,27.2737,0.4828,0.4442,0.5637,0.9646,1.1554,0.662,0.4885,0.5753,0.4596,0.477,0.6215,0.7063,0.3787,0.5117,0.6003,0.3999,0.5483,0.5444,0.4847,0.5676,0.5579,0.4673,0.4847,0.4326,0.3806,0.4018,0.5136,0.4307,0.6928,0.4519,0.4519,0.396,0.4731,0.344,0.3864,0.4404,0.5907,0.4596,0.8242,2.2826,0.5213,0.6235,0.6389,0.3633,0.4269,0.5907,0.5868,0.423
5/20/2020,50.1774,0.8499,0.8373,0.9427,1.7399,1.103,1.0355,1.7188,1.47,1.0777,0.7065,1.1241,0.871,0.7487,1.044,1.006,1.0819,1.0271,0.7867,1.1958,0.8289,0.9933,0.8078,0.677,0.6644,0.9216,0.7909,1.3012,0.6433,1.2127,0.968,0.6517,0.7361,0.7698,0.5463,0.8204,0.715,1.2211,0.8457,1.4276,4.2243,0.8752,1.3603,0.8246,0.8162,1.0102,1.2506,0.9976,0.909
5/19/2020,38.5746,0.9249,0.6253,0.6956,1.1328,1.4844,1.3866,0.8546,1.4202,1.1726,0.6192,0.9035,0.5091,0.717,0.7384,0.7354,0.5855,0.7231,0.8638,0.7262,0.8332,0.6834,0.8057,0.8882,0.9708,0.5427,0.717,0.7873,0.5152,0.6834,0.6712,0.6314,0.5427,0.4357,0.5947,0.5825,0.6895,0.6253,0.5458,0.8067,2.2264,0.7751,0.8638,0.7659,0.6589,0.8485,0.8515,0.6131,0.6008
5/18/2020,55.1501,1.2888,0.8692,1.0814,1.2087,1.468,1.0767,1.8311,1.5906,0.6759,1.4444,1.2323,1.2794,0.8739,0.9116,1.1898,1.2605,1.2794,1.0578,0.8315,1.2134,1.2228,1.1285,0.9116,0.9635,0.6995,0.9211,1.3831,0.7183,1.27,0.9446,0.6429,0.7843,0.8221,0.5627,0.7466,0.8268,0.9588,1.2794,1.5203,4.5229,0.8551,1.3643,0.9211,1.2275,1.0437,1.0437,1.2134,0.9871
5/17/2020,58.9171,0.9864,1.3836,0.9457,1.572,2.1728,1.6127,1.9182,1.8724,0.7166,1.6891,1.3836,1.3938,0.8235,0.9151,0.9406,1.2156,0.8948,1.3683,1.1697,1.0934,1.1086,1.0679,1.5771,0.7064,0.9762,0.798,1.3836,0.742,1.4243,1.073,0.6096,0.8846,0.7115,0.905,0.961,0.9712,0.9202,0.8439,1.6599,4.9719,0.9304,1.241,1.1392,0.742,1.2308,0.9966,0.9355,1.3378
5/16/2020,75.4918,1.7257,1.557,1.5908,1.9147,2.9811,2.4277,2.3939,2.2454,1.8202,1.6245,2.6166,1.8607,1.0508,1.1048,1.746,1.2195,1.0778,1.0643,1.8135,1.5435,1.6785,1.1723,1.8607,1.3005,0.9023,1.0846,1.3005,1.0238,1.7662,1.53,1.1048,1.1588,0.8281,1.1723,1.0508,1.1656,1.7797,0.9766,1.8499,5.5836,1.3748,2.0969,0.9698,0.9293,1.26,1.2668,1.0373,0.8888
5/15/2020,71.7253,1.0843,1.798,1.5622,2.4225,3.4294,1.9127,2.8431,1.8108,2.2951,2.2887,1.6515,1.5113,1.0588,0.9441,1.0652,1.0015,1.0206,1.4858,1.2755,1.1417,1.2245,1.2819,1.4794,1.7662,0.8868,1.5622,2.2696,0.8167,1.8426,1.148,1.1672,0.6319,0.8676,0.6574,0.8039,1.1098,1.4093,1.0142,1.4085,4.163,0.8804,1.4157,1.301,1.6897,1.5049,1.9255,0.9441,0.9505
5/14/2020,67.3552,1.8108,1.3716,1.1876,2.2797,3.081,2.256,1.8405,1.8286,2.2263,1.5496,2.2678,1.057,1.057,0.9145,0.8967,1.4962,1.3716,1.2944,1.4428,1.6031,1.33,1.4191,0.8849,0.7602,0.7068,1.2351,1.514,0.9798,1.8642,1.0333,0.7365,0.7068,1.1104,1.0926,0.8493,1.152,1.6149,1.1282,1.101,3.1735,1.0807,1.6565,1.2173,0.8255,1.2232,1.3478,1.4903,1.2885
5/13/2020,66.9031,1.5862,1.7335,1.0856,1.7335,1.8925,2.617,2.0103,1.5097,1.7158,2.0398,2.1988,1.6569,0.9265,1.3565,1.221,0.956,1.0325,1.1209,1.386,1.4272,1.115,0.8441,1.4331,0.9147,1.3388,1.3565,1.4331,0.9678,1.5273,0.9795,0.8558,1.0797,0.9736,1.0267,0.6615,1.0561,1.545,1.2269,1.5799,4.7145,1.1739,1.1916,0.7852,1.6039,1.0502,0.8794,1.1621,1.221
5/12/2020,76.2456,1.4702,1.75,1.204,1.9684,1.8455,1.6612,1.2859,2.8624,0.9447,2.214,2.487,1.0402,1.2245,1.2722,1.4633,1.1631,1.6749,1.3541,1.4156,1.8114,1.1767,1.4429,1.436,1.3883,0.9924,0.9651,1.0402,0.9174,2.0093,1.0675,1.0334,1.0197,0.931,0.8423,0.9515,1.3678,1.1904,1.3405,3.3847,10.5227,1.1767,1.1699,1.3678,1.0675,1.2108,0.9378,0.9651,1.2176
5/11/2020,59.2179,1.5649,1.1654,1.191,2.1693,1.5188,1.2064,2.113,1.2166,1.8671,0.8171,0.8632,1.3293,1.1962,0.8888,0.9964,1.2115,0.8684,1.022,1.1654,1.1245,1.3037,0.6737,1.2935,0.8991,0.7198,0.9298,1.8159,0.7454,1.191,1.0527,0.853,0.6584,0.6276,0.561,0.7813,0.9964,0.7301,0.8171,2.05,6.2273,1.0425,1.4676,0.8171,1.3754,1.2935,0.7864,1.2679,0.7454
5/10/2020,53.9446,0.888,0.9018,1.3796,1.398,1.5909,1.5955,1.8712,1.6415,1.7472,1.2372,1.5818,1.0488,0.7456,1.0442,0.8007,0.911,0.8788,1.251,0.9339,0.8972,0.9615,0.8191,1.2785,0.6261,0.6077,1.1177,1.4577,0.7364,1.0718,1.1499,0.8466,0.7731,0.8053,0.6445,0.888,0.7731,1.1958,0.7456,1.4171,4.1907,0.6767,1.2877,1.0626,0.5985,1.0718,1.1958,0.7502,0.8512
5/9/2020,48.8214,1.1668,1.0811,1.2688,1.175,1.375,1.126,1.1341,1.2035,0.7749,1.0035,0.8076,0.7912,0.6524,0.9382,1.0892,0.7014,0.6688,0.9096,1.1178,0.8892,0.9423,0.8321,0.9913,1.1994,0.579,0.7872,0.8647,0.6892,1.175,0.8402,0.5667,0.6239,0.4851,0.6769,0.7014,0.8076,1.1219,0.7504,1.659,4.969,0.6606,1.1015,1.1586,1.13,0.8647,0.9994,0.9096,0.8606
5/8/2020,43.547,0.6323,0.7994,1.0127,1.1727,1.0198,1.4855,1.4641,1.1975,1.0056,0.6181,1.2402,0.6501,0.5861,0.8527,0.7141,0.6999,0.8136,1.0269,0.9096,0.8598,0.9096,0.6146,1.0945,0.9914,0.7283,0.6323,0.9523,0.547,1.2544,0.7283,0.7354,0.6643,0.5044,0.7034,0.5684,0.643,0.6963,0.9807,1.1687,3.3912,0.6643,0.579,0.5932,0.6003,0.9665,1.1442,0.8278,0.9025
5/7/2020,46.4105,0.9618,1.1154,0.7198,1.7569,1.6301,1.5994,1.657,1.3881,0.9502,0.6775,1.6032,0.6238,0.7044,0.9771,0.7467,0.7467,0.9618,0.9464,0.9771,0.7697,0.8388,0.9272,0.643,1.0117,0.8273,0.7889,1.1577,0.6967,1.1077,0.8773,0.7198,0.7428,0.4893,0.7313,0.6967,0.7889,0.9656,0.6276,0.8633,2.4084,0.9349,0.7313,0.8888,0.7313,1.0117,1.0808,0.9272,0.6814
5/6/2020,42.7938,0.9739,1.0644,1.1235,1.2035,1.7046,1.5549,1.3914,0.9356,0.6294,1.1757,0.9704,0.6051,0.7129,0.619,0.6781,0.8834,0.6016,0.9426,1.0017,0.9461,0.6573,0.8417,0.7373,0.619,0.6747,0.9147,1.1722,0.5424,1.0365,0.7477,0.4903,0.5772,0.532,0.5424,0.4624,0.6781,0.5772,0.6538,0.9874,2.8079,1.0922,1.0017,0.7268,0.8521,0.6955,0.6225,0.8869,0.9461
5/5/2020,50.6294,1.1344,1.3347,0.8232,1.2836,1.8377,1.6161,1.8463,1.6971,1.5692,1.2793,0.7976,0.7848,0.6867,0.691,1.1173,0.9894,0.7166,0.8871,0.8061,0.8743,0.8828,0.6058,0.7379,0.9894,1.0022,0.7507,1.4285,0.6271,0.7166,0.9212,0.6441,0.8274,0.8146,0.8274,0.7081,0.7123,1.0491,0.6654,1.3582,4.0011,0.7635,0.8487,1.1173,0.8274,1.0448,1.0619,0.9979,0.9255
5/4/2020,44.753,0.751,1.1737,0.5967,1.2031,1.714,1.0634,1.6699,1.5743,0.6334,0.7621,1.3097,0.7437,0.8135,0.6922,0.6592,1.0083,0.8503,0.8429,0.6886,0.8025,0.6004,0.9936,0.7216,0.6555,0.7474,0.9164,0.6665,0.5526,0.9605,0.8944,0.5967,0.7069,0.5268,0.5746,0.5893,0.7474,0.6408,0.8429,1.5172,4.5128,0.7768,0.9605,0.5415,0.6371,0.7253,0.876,1.0157,0.7033
5/3/2020,45.8078,0.8888,0.6922,0.6317,1.2707,2.1024,1.6147,0.9606,1.626,1.2707,1.3916,0.7413,0.5901,0.7905,0.6544,0.7678,0.7678,0.9568,0.8737,0.8888,0.8737,0.9001,0.817,1.0287,1.1081,0.8699,0.6317,1.2177,0.5636,0.9947,0.9115,0.5372,0.6619,0.5334,0.6279,0.7792,0.8094,0.6204,0.6355,1.2055,3.5097,0.8775,0.5258,1.0665,0.7111,0.7376,0.9266,0.8775,0.7678
5/2/2020,40.0816,0.9142,0.943,0.9848,1.3633,1.7772,0.9687,0.8179,0.7634,0.9045,1.1965,0.6543,0.5966,0.7762,0.8243,0.7153,0.5452,0.8981,0.8853,0.8532,0.7217,0.6607,0.8564,1.065,0.4939,0.5452,0.7506,0.8693,0.5516,0.9463,0.7377,0.3944,0.4105,0.4811,0.4779,0.6158,0.7056,0.7538,0.8275,0.877,2.4527,1.0297,0.9783,0.8019,0.4939,0.6222,0.9783,0.7313,0.8693
5/1/2020,48.3691,0.7762,0.7762,0.9902,1.3051,1.1073,1.5796,1.9187,0.9135,1.4302,1.4787,1.2486,0.7318,0.9296,0.7964,0.9175,0.7439,0.857,1.0104,1.1436,0.7439,0.752,0.8974,1.0992,1.0911,1.0023,0.643,0.7762,0.6834,0.8772,0.7197,0.4291,0.6955,0.5219,0.4977,0.6915,0.8893,0.6471,0.8852,1.5448,4.6017,0.7439,0.6269,1.0144,0.9418,0.9619,1.075,0.9539,0.7076
4/30/2020,60.8759,0.8805,1.1713,1.1184,2.2711,1.4304,1.9327,1.2348,2.1812,0.9915,1.3722,1.4939,1.5837,1.0656,1.0867,1.2189,0.9016,1.2612,0.9492,1.1872,1.1925,1.3405,1.3511,1.1237,0.6849,0.9281,0.7589,1.018,0.7007,0.8488,1.1872,0.9175,1.0021,0.8911,0.9651,0.7642,1.092,1.4991,1.0814,1.711,5.1366,1.3405,1.0973,0.9228,1.3881,1.1343,1.5203,0.8699,1.0761
4/29/2020,70.369,1.7758,1.6947,1.0398,1.7446,2.0689,2.5991,2.6178,2.624,2.3683,2.1188,2.2373,1.2207,1.4265,0.8964,1.0336,1.0773,1.2768,1.7134,1.676,1.4016,0.94,1.5887,1.2145,1.1334,0.94,1.2207,2.0253,0.9899,1.9255,1.071,0.7093,1.177,1.0211,1.0336,0.834,1.2519,1.096,1.1958,1.1913,3.4642,1.0024,1.5388,0.7716,1.651,1.2145,1.1209,0.9089,1.5263
4/28/2020,73.6845,1.1322,1.8022,1.1848,1.9993,1.8153,2.4919,1.973,1.4147,1.1913,1.973,1.014,1.5198,1.0994,1.5001,1.5329,1.4672,1.684,1.257,1.2636,1.5001,1.1848,1.1454,1.8285,1.4803,1.2373,1.2964,1.5066,0.8235,2.3999,1.5001,0.7972,0.6659,0.8958,0.9155,1.1191,1.014,1.3227,1.1651,1.9917,6.0398,1.5789,1.9401,1.6643,1.7628,1.5526,1.2176,1.7497,1.0731
4/27/2020,56.0539,1.0605,1.1518,1.4113,1.5314,1.2094,1.9591,2.0744,1.8245,0.8346,1.3104,1.9879,1.5218,0.8875,0.7577,1.2046,0.7625,1.1133,1.1518,1.2671,0.9211,1.171,0.9932,0.9259,0.8635,0.6905,0.9644,0.801,0.7337,1.5554,0.8586,0.7866,0.8827,0.9307,0.5751,0.676,0.9019,1.2863,1.1614,1.3298,3.9098,0.7097,0.7577,1.2575,1.0316,0.8106,1.3776,1.1037,1.0653
4/26/2020,54.5469,1.3955,1.1628,1.1581,2.0099,1.8237,1.4234,1.8796,1.6422,1.74,0.9533,1.0883,1.0045,0.688,0.9347,0.8416,0.7997,1.2559,0.7578,0.8975,1.0231,0.7299,0.6135,1.456,0.7625,0.6228,1.1535,1.321,0.7206,1.0557,1.0138,0.9114,0.6135,0.8881,0.6647,0.7625,0.9766,0.93,1.2466,1.5096,4.4885,0.9906,0.9021,1.2279,0.9906,1.1395,0.7299,0.809,0.8369
4/25/2020,59.3692,1.0194,1.2814,0.778,2.0108,1.7283,2.2933,2.0622,1.4355,1.0913,1.1581,1.1478,1.0194,0.9269,0.8293,1.081,1.3995,0.8704,0.8704,0.9218,1.1735,1.0143,1.2711,0.8858,1.2506,0.7215,0.7677,1.3533,0.6804,1.6564,0.8858,0.629,0.5725,0.6752,0.8293,0.7625,0.8242,1.3584,0.706,1.9484,5.9003,1.1324,1.5228,1.1684,1.0143,1.1889,1.4817,0.778,1.2917
4/24/2020,61.4787,0.9688,1.5999,0.91,2.0491,2.001,1.7229,2.4342,1.9849,1.14,1.5945,1.5357,0.91,1.2362,0.7549,1.0544,1.2844,1.3272,1.4609,1.4181,1.3111,0.91,0.771,0.8352,0.9421,0.8833,0.8886,0.8191,0.7228,1.2897,1.1507,0.6961,0.8084,0.9207,0.7442,0.91,1.0651,1.4822,1.4448,1.5004,4.4589,1.5732,1.4395,1.3379,1.1079,1.1828,1.1346,0.9261,0.8352
4/23/2020,73.5335,1.1562,1.1628,1.4773,1.995,3.1026,1.8509,2.3031,1.9623,1.5167,2.4145,1.4249,1.2283,1.4249,0.8875,1.5429,1.0383,1.4642,1.7001,1.7395,1.6084,0.9727,1.3856,1.1562,1.6346,1.4184,1.0252,1.0317,0.9531,2.3751,1.5101,0.6385,0.7892,0.94,0.7892,1.1366,1.248,1.0252,1.3332,1.986,6.0213,0.9858,0.9465,1.7788,1.6018,1.1955,1.7591,1.4839,1.4118
4/22/2020,82.5742,1.0765,1.9937,1.2405,2.3592,3.8581,2.4785,1.8371,2.031,2.8364,2.2771,2.8215,1.8744,1.1287,1.3077,1.5687,1.248,1.4493,1.6507,1.6507,1.4866,1.2331,1.2331,1.6209,1.8148,1.2182,1.1287,2.0832,1.0466,1.2032,1.3971,1.0914,0.7931,1.1809,0.8378,0.8304,1.1585,1.4195,1.0466,2.7868,8.5985,0.9944,0.9422,1.9117,1.0317,1.6209,1.248,1.0988,1.8297
4/21/2020,80.0129,1.1172,1.5565,1.2541,1.7581,2.4567,2.8959,2.5575,3.076,1.3477,1.2901,1.8158,1.8734,1.2181,1.4557,1.7437,1.3045,1.8518,1.2901,1.4989,1.4845,1.3981,1.5637,1.5637,1.11,1.4485,0.966,0.9804,1.1676,1.3333,1.6573,0.9012,0.8292,1.2036,0.7428,0.8148,1.2757,1.6141,1.5277,2.7139,8.3638,1.5997,1.8878,1.6285,1.1676,1.3477,1.8374,1.5997,0.9228
4/20/2020,74.588,1.019,1.4651,1.1455,2.7037,3.2031,1.9046,2.1177,1.3852,0.9258,1.7981,2.404,1.1122,1.1721,1.3453,1.4185,1.6383,1.4185,1.7315,1.4918,1.7981,1.2853,1.6582,1.3653,1.9313,1.1721,1.5717,1.9978,1.1255,1.9179,1.545,0.746,1.0856,1.0123,1.2254,1.1921,1.0922,1.3053,1.7049,1.3901,4.1038,1.8181,1.0989,1.5584,1.0989,1.2521,1.039,1.7581,1.3386
4/19/2020,60.5743,0.9921,1.5914,0.766,2.2118,1.8017,1.3338,1.7754,1.7071,0.7555,0.8659,1.4337,1.0447,0.8975,1.1498,1.0552,0.8396,1.3811,1.1919,1.4337,1.2602,0.7713,1.2497,1.2339,0.8922,0.9553,1.3286,0.8554,0.8764,0.8869,1.2444,0.7976,0.7187,0.9553,0.9237,0.9132,0.9763,0.9553,1.1866,1.7995,5.4211,1.0867,1.5336,1.1814,1.1078,1.2076,1.5546,1.113,1.3601
4/18/2020,55.9033,1.0098,0.8804,0.9571,1.3595,1.9726,1.69,1.4122,1.369,1.6229,1.1535,1.1774,1.4313,0.7942,0.9523,1.1918,1.072,0.8565,1.1199,0.8325,1.0433,0.7942,1.1631,1.0385,1.2158,0.6697,1.1199,0.89,0.7702,1.072,0.9379,0.593,0.6697,0.8756,0.7607,0.8134,0.9475,1.3403,1.1343,1.8259,5.5061,1.1918,0.684,0.8134,1.0481,1.187,1.0193,0.8421,1.0816
4/17/2020,57.4103,1.4167,1.4513,1.2636,2.1678,2.4,2.1974,1.0412,1.4711,1.8713,1.8021,0.9375,1.4859,0.7497,1.1055,1.2932,0.9671,0.8288,0.9918,1.1252,1.3772,0.8436,1.2389,1.5057,0.9671,1.0808,1.2339,1.7231,0.8584,0.9424,1.0264,0.9325,0.6361,0.9078,0.8485,0.7546,0.8288,1.1203,0.809,0.6177,1.618,1.4909,1.4958,0.8041,1.1005,1.2883,0.7201,0.8634,1.2092
4/16/2020,62.0811,1.0752,1.6431,1.4592,2.1893,2.9519,1.1618,1.297,1.8756,0.94,1.4051,1.2321,0.8859,1.0806,0.794,1.0428,1.3781,1.4592,1.2321,1.4484,1.0644,0.8643,0.9184,1.4051,1.4376,0.7399,1.0806,1.1888,0.8427,1.6809,0.9238,0.6264,0.9346,0.8859,0.6155,0.7345,0.8697,0.9076,1.1455,1.7206,5.1674,1.4538,1.3186,1.4917,1.3456,1.2267,1.2916,0.8156,0.8319
4/15/2020,56.054,0.8106,1.4641,1.0172,2.0984,2.5021,1.493,0.9355,1.5314,1.6756,1.6804,1.6996,1.0749,0.9499,1.147,0.7289,1.2142,1.1566,0.9644,1.0845,1.2815,0.7193,1.3152,0.9788,0.8586,1.0797,1.2287,0.6953,0.676,1.5506,0.8731,0.7529,0.6472,0.7433,0.7241,0.7577,0.7962,1.1277,1.0268,1.2979,3.8072,0.7049,0.7673,1.1614,0.9355,0.9115,1.1806,1.0605,1.1662
4/14/2020,59.9722,1.3516,1.2737,1.0554,1.8558,2.204,1.6739,1.9181,2.3235,1.8298,0.9514,1.2009,1.3672,0.9722,1.0034,0.941,0.9359,1.0606,1.3152,1.0814,1.2945,1.2841,0.7176,1.2581,0.8007,0.6344,0.8683,1.097,0.7851,1.8246,0.9982,1.0086,0.9722,0.9774,0.7228,0.9203,0.9514,1.2633,1.0762,1.2719,3.7233,1.466,1.2373,1.1593,1.0762,0.8995,0.9359,1.1333,1.2997
4/13/2020,48.3694,0.97,1.1598,0.8449,1.3858,1.515,1.6967,1.2405,1.7007,0.9337,1.402,0.9054,1.2486,0.7036,0.861,0.7843,1.0629,1.0952,0.7439,0.9619,0.752,1.0588,0.8529,1.0427,0.9741,0.7359,0.6067,0.6753,0.5905,1.1557,0.7561,0.6955,0.7036,0.6632,0.5381,0.5784,0.8085,0.9014,0.7682,1.4472,4.2875,0.6713,0.643,1.0346,1.0629,1.1275,0.6794,0.643,0.6995
4/12/2020,58.4649,1.5292,1.3072,1.1154,1.3122,2.2206,1.5948,1.7462,2.0944,1.3122,1.4586,1.7159,1.0649,1.0649,1.2214,1.176,1.1356,1.2466,1.075,1.398,1.1255,1.1861,0.8278,1.1104,0.959,1.176,1.2719,1.7513,0.8934,0.8328,0.9489,0.7369,0.6057,0.525,0.8883,0.7167,1.0296,0.8782,0.8076,1.4695,4.3594,0.7874,0.9035,0.8479,0.7218,1.292,1.2971,0.858,0.8681
4/11/2020,54.246,1.2026,1.1332,0.976,1.9148,1.6049,1.7252,1.8454,1.9518,1.2904,0.7494,1.7575,0.8095,0.8465,0.8419,0.9898,0.7447,0.9852,1.3182,1.1702,0.8326,0.717,0.7447,1.0685,0.6384,0.754,1.0777,1.591,0.8049,1.7159,1.0823,0.8696,0.8234,0.7817,0.828,0.7401,0.8141,1.0731,0.9713,1.1633,3.3738,0.7771,1.124,1.1887,0.8465,0.8095,1.3876,1.0083,0.7817
4/10/2020,55.602,0.7712,0.9902,1.0663,1.6519,2.2992,1.39,1.1949,1.4281,0.7189,0.8521,1.1711,1.4567,0.8569,0.9616,0.895,0.8379,0.8188,0.8188,0.9569,1.2472,0.9902,0.7807,1.1092,1.3472,0.8474,0.695,1.6233,0.7284,1.3186,1.0283,0.9331,0.7474,0.6474,0.8664,0.8664,0.8426,1.2853,1.3186,1.7872,5.3818,0.7617,0.6284,1.2806,1.152,1.1949,0.8664,1.2139,0.9759
4/9/2020,65.9999,1.4252,1.5644,0.8453,1.721,2.8926,1.4658,2.1328,1.7268,2.0168,1.5296,0.9613,1.6688,0.9845,0.8047,1.2629,1.1121,1.0889,1.431,1.2571,1.4948,1.0773,1.2223,0.9497,1.4252,0.8975,0.7931,1.0541,0.7757,1.7442,0.9903,0.5785,0.7583,0.6307,0.9729,1.1005,1.1237,1.0715,0.9265,2.4588,7.543,1.1411,0.8511,1.0077,0.9091,1.402,1.0541,0.9091,1.2455
4/8/2020,64.191,1.1388,1.2231,0.8016,1.8861,2.4874,1.7288,2.5155,1.4815,2.0097,1.6333,2.2514,1.4534,1.3017,1.0208,1.1612,1.1219,1.15,1.5096,1.4197,1.4253,0.9421,0.7735,1.6782,1.2624,0.9421,1.0545,1.6445,0.8691,1.6613,1.1107,0.8072,1.077,0.9421,0.796,0.6499,0.9646,0.9252,1.4591,1.1898,3.459,1.5265,1.3804,0.959,1.1051,0.9196,0.8634,1.3467,1.1612
4/7/2020,76.9992,1.6018,1.7536,1.2638,2.761,2.7955,2.6092,2.3194,2.1607,2.6023,2.1676,1.4155,1.9261,1.0292,0.9878,1.3466,1.4638,1.4431,1.1603,1.3259,1.2845,1.3535,1.4638,1.1879,1.2017,1.1258,1.4638,0.974,1.1189,2.2021,1.45,1.2293,1.1948,1.0361,0.7187,0.8567,1.2293,1.795,0.9533,1.7567,5.2834,1.864,1.7881,1.7053,1.0568,1.3673,1.5604,1.7191,0.9257
4/6/2020,53.9446,0.7915,0.8145,0.8512,1.2877,2.2617,1.9217,1.8896,1.7012,0.741,1.4991,0.7731,1.3015,0.8191,0.8788,0.8696,1.0672,1.2556,1.1315,0.8099,0.8329,1.0258,0.8604,1.3199,1.0304,0.8329,1.0672,0.8329,0.6491,1.2142,0.7869,0.7364,0.9156,0.7318,0.8283,0.7777,0.888,0.6904,0.9339,1.672,5.0109,0.9661,1.2647,0.6629,0.718,0.8788,0.888,1.2418,1.0212
4/5/2020,48.9724,0.9984,0.7321,0.7976,1.2729,1.0599,1.1828,1.6949,1.6048,1.5105,1.1992,1.5679,0.8714,0.8837,0.9083,0.6624,0.8878,0.6993,1.0803,1.1049,0.7485,0.7608,0.7034,1.1869,0.9206,0.5682,1.0066,0.982,0.6747,1.0476,1.0148,0.433,0.6788,0.7935,0.6952,0.5723,0.7362,0.6665,0.7526,1.4974,4.4491,0.8632,0.855,0.7567,0.7403,0.9124,1.1828,1.0476,1.0066
4/4/2020,59.6707,1.5773,1.4688,1.3189,1.8925,2.249,2.218,1.1846,1.6134,0.9056,1.5514,1.8615,1.0451,0.9624,1.1794,0.9056,0.9831,0.9004,0.8074,0.9572,1.0967,0.8177,0.9107,1.0451,0.8849,1.2052,1.1949,1.5928,0.7867,1.7943,0.9727,0.7764,0.9366,0.8384,0.8746,0.6782,0.8797,0.7764,0.9417,1.5129,4.499,1.1587,1.3344,0.8074,1.0244,1.4171,0.9469,1.3034,1.0812
4/3/2020,71.7251,1.5176,1.1608,1.4985,2.3333,2.6328,2.6902,2.3015,2.6838,1.1225,2.2632,1.626,0.9059,1.1034,1.1544,1.3711,0.9569,1.5622,1.7152,1.6132,1.1162,1.148,0.9887,1.8872,1.524,1.4794,1.5304,2.0848,1.0333,2.0466,1.1672,1.0461,1.0078,0.7721,0.9951,1.148,1.0015,1.7216,1.4093,1.2076,3.5164,1.3137,2.002,0.9823,1.3456,1.1608,1.0078,1.0142,0.8549
4/2/2020,65.3966,1.3261,0.9415,1.7221,1.659,2.3076,1.2802,1.5212,1.9517,0.9071,1.9,1.2457,1.4868,1.3261,1.0735,0.8669,0.8612,1.4351,1.0391,1.4581,1.0047,0.8325,1.1596,1.5384,0.8038,1.2457,0.9128,1.2572,0.9587,2.0034,1.0907,0.6201,1.0161,1.0047,0.8152,0.9989,1.1654,1.4983,1.5327,2.069,6.2884,1.3203,1.0735,0.7579,1.395,1.372,1.2572,1.2055,0.8899
4/1/2020,66.9032,1.0973,1.7099,0.8794,2.299,3.1648,2.2518,1.1091,1.651,1.6334,1.9986,1.9868,0.9736,1.2269,1.1091,1.1268,1.5391,0.9854,1.5273,1.0149,0.9972,0.8558,1.5803,1.3271,1.4566,0.7439,1.2505,1.492,0.8794,1.6982,0.956,0.6556,0.9795,0.8205,0.6732,0.7145,1.1504,1.5038,1.009,1.4584,4.3235,1.4095,1.6275,1.0384,1.3565,1.5391,1.4213,1.3212,1.3801
3/31/2020,80.7662,1.702,2.1532,2.0659,2.8008,3.6085,1.9858,2.8081,2.9682,2.4006,1.4182,1.3091,2.0368,1.3382,1.1126,1.6729,1.9276,1.5274,1.7457,1.5929,1.4837,1.2582,1.8257,1.28,1.8039,1.1854,1.28,2.0004,0.8943,1.753,1.6656,1.0617,1.36,1.1126,0.8725,1.018,1.4692,1.2509,1.4546,1.0051,2.8647,1.8112,1.3819,1.6584,1.4401,1.7748,1.5929,1.2363,1.7966
3/30/2020,76.6978,1.4032,1.4788,0.9361,2.4818,1.6437,1.5475,1.3826,2.0215,2.0146,1.1147,1.9322,1.7605,1.4651,1.1078,1.1765,1.4032,1.4582,1.2796,1.1422,1.8223,1.0803,0.9017,1.8772,1.1284,1.575,1.5269,1.3277,1.0391,1.307,1.3139,1.0941,1.101,1.0666,0.7575,1.2796,1.0391,1.4307,1.2177,3.0217,9.3543,1.8223,1.6918,1.6299,1.1903,1.4994,1.3002,1.5269,1.0254
3/29/2020,58.0128,1.1119,1.1569,1.542,1.272,2.0372,2.0722,1.492,2.1622,1.2169,1.8921,1.9521,0.8018,0.8518,0.7168,0.7618,1.1319,0.8668,1.0619,1.1619,1.1719,0.8518,1.272,1.377,1.437,0.7018,0.9419,1.1619,0.8018,1.272,0.8919,0.7868,0.7568,0.7618,0.8068,0.9669,0.9119,1.1219,1.0219,1.2788,3.7457,1.302,1.0069,1.1369,1.277,1.387,0.9469,0.8418,0.8118
3/28/2020,65.8485,1.1501,1.584,0.8204,1.5203,1.7806,2.2145,2.0583,1.3526,1.6765,1.9658,1.9137,1.6013,0.8724,1.3179,0.9534,1.422,1.2889,1.0344,1.3815,1.5492,1.0691,0.722,1.3526,1.6013,1.1443,1.1327,1.5203,0.7625,2.1335,1.0922,0.7972,0.5832,0.7278,0.9881,1.0633,1.0691,1.3526,1.4393,1.6382,4.9023,0.9187,1.0344,1.5955,0.9245,1.584,1.5955,0.8898,0.7567
3/27/2020,71.7251,1.5814,1.473,1.7917,1.6642,3.0534,2.3588,1.5877,1.5368,0.9377,2.3142,2.4289,1.7789,1.1417,0.9377,0.9632,1.7024,1.0397,1.4029,1.5877,1.3902,1.4539,1.1353,1.0142,1.6196,1.0206,1.0588,2.1485,0.8549,2.2059,1.5113,0.7529,0.874,0.9186,1.0015,0.9059,1.1162,1.1672,1.5113,1.8693,5.6459,1.2819,0.8613,0.8167,0.8294,1.1926,1.4539,1.5877,1.2436
3/26/2020,70.8213,1.0022,1.844,1.3854,1.5739,2.2272,2.6858,1.9633,2.3214,1.4482,1.0901,1.7498,1.5424,1.0462,0.864,1.6116,1.3603,1.555,1.065,1.0776,1.0713,1.2472,1.065,1.0901,1.7058,1.2221,1.2472,1.2346,1.0148,1.1027,1.0148,1.1655,0.908,1.153,0.7949,0.82,1.1341,1.643,1.1969,2.4156,7.4038,1.4231,1.065,1.1906,0.7823,0.9519,1.7749,1.2283,1.3414
3/25/2020,64.4923,1.3022,0.9406,1.3643,1.5168,2.5563,1.353,2.4377,1.5846,1.8388,0.9689,1.4886,0.8615,1.2626,1.2005,1.3926,1.5394,1.1948,1.1948,1.127,1.2174,1.0592,1.5281,1.1214,1.0141,0.8276,1.3926,1.2118,0.9745,1.5564,1.0988,0.7768,0.5791,0.692,0.8785,1.0649,1.031,0.918,0.8446,2.0069,6.0885,1.4603,1.7089,0.7768,1.0197,0.9632,1.6468,1.1157,0.7937
3/24/2020,56.6566,0.7895,1.0911,1.3539,1.6458,2.2103,1.9864,1.4901,1.1836,1.8843,1.0911,0.9208,1.3928,1.1252,0.8965,1.1057,1.0425,0.916,1.2371,1.1885,1.1495,1.0376,1.3539,0.7749,0.6727,0.6484,0.9208,0.6532,0.7068,1.3588,1.1641,0.9014,0.5657,0.8771,0.7262,0.5802,0.8576,1.276,1.2079,1.4828,4.4022,1.3831,0.7992,1.3004,1.0863,1.1009,1.096,0.95,1.0717
3/23/2020,62.6842,1.4627,1.315,1.4135,1.9275,1.8564,1.9002,1.1236,1.572,1.4463,0.9213,1.0307,1.2877,0.9268,0.8065,1.0361,0.8994,0.9322,1.0033,1.0416,1.0799,1.2439,1.326,0.8283,0.9924,0.9815,0.8065,0.7518,0.9049,1.1236,1.2111,0.5331,0.708,0.8612,0.9979,0.7463,1.0854,1.3807,1.1018,2.9773,9.2115,1.3096,0.7737,0.6971,0.8776,1.2166,0.7791,1.0908,1.1838
3/22/2020,65.3962,1.6418,1.1998,0.93,2.4223,2.5371,1.3203,2.4281,2.5544,2.0722,0.9071,1.3146,1.1596,1.1309,0.8095,0.9817,1.1022,1.1367,1.0735,1.2457,1.1768,1.3376,1.0276,1.481,1.395,0.976,1.0907,1.6188,0.8612,1.5901,1.0161,0.6488,0.8497,0.9989,0.8554,0.9932,1.1424,1.504,1.4523,1.3138,3.8581,1.5671,1.1539,1.2457,1.1022,1.2515,1.5327,1.1596,1.2285
3/21/2020,63.1361,0.8669,1.2639,1.3962,1.6553,2.0744,2.3115,1.7766,1.727,1.0599,1.2639,1.2143,1.5671,1.1481,0.9772,1.3962,1.4017,0.8669,0.8393,1.2694,1.3356,0.9,1.1977,1.2418,1.0544,1.1757,1.3025,1.3245,0.718,1.2694,1.3135,0.5581,0.8779,0.718,0.7952,0.707,0.9772,1.1646,0.9496,2.0764,6.3123,1.534,1.0874,0.922,0.9165,1.3797,0.9165,0.9992,1.3356
3/20/2020,70.9716,1.4954,1.7158,1.4009,2.4525,2.2636,2.6981,2.8052,1.7536,2.3014,1.5017,1.552,1.1679,1.319,0.8971,1.4324,1.0861,1.1175,1.3065,1.1238,1.319,1.3253,1.4576,1.911,1.7787,1.0924,1.0609,1.2624,0.872,1.1364,1.1553,0.9664,1.1427,0.9286,1.1553,0.9286,1.2687,1.3757,1.1553,1.246,3.6402,1.275,1.7787,1.4828,1.5898,1.741,1.0672,1.3946,1.0735
3/19/2020,75.0401,1.7287,1.6348,1.5611,2.0304,2.8617,1.903,2.4728,2.8952,2.3187,1.9298,2.7075,2.0505,1.2326,1.3801,1.5075,1.2996,1.6952,1.3399,1.427,1.2594,1.0583,0.8639,1.8695,0.9711,1.36,1.6214,1.2058,1.0114,2.3991,1.2996,0.998,0.9779,0.9443,1.1119,1.0047,1.2996,1.7756,1.5343,1.0615,3.0462,1.4605,1.5209,1.5008,1.36,1.4404,0.9242,1.1656,1.0181
3/18/2020,81.5195,1.7473,1.7841,1.3062,2.8207,2.409,1.7473,2.2326,1.9973,1.4386,1.49,2.7031,0.968,1.4753,1.6591,1.4974,1.1004,1.6003,1.6665,1.3577,1.5268,1.5047,0.9386,1.3283,2.0341,1.4753,1.7473,1.865,1.0415,1.615,1.1665,0.7107,1.1886,0.8504,0.9533,0.7622,1.1445,1.8356,1.4827,2.8351,8.754,1.2033,1.3136,1.9311,1.0415,1.6665,1.3797,1.9091,1.3136
3/17/2020,89.3547,2.2575,2.2819,1.9809,2.3307,2.4772,2.0785,2.4365,3.3395,2.2656,1.989,3.1361,1.9809,1.4683,1.566,1.2812,2.1192,1.33,2.1924,1.3056,1.6229,1.5578,1.8589,2.2656,1.0209,1.8507,1.1673,1.5334,1.0046,2.3388,1.4765,1.1999,1.1429,1.3707,0.9965,0.8826,1.6148,1.5334,1.6473,2.0009,6.0693,2.0704,1.0534,1.5741,1.4033,1.7612,2.3958,1.7531,1.3707
3/16/2020,84.3824,1.8547,1.5797,1.4423,3.0463,3.7566,3.2984,3.2525,1.786,1.4041,1.8394,2.1984,2.1144,1.1367,1.7707,1.0756,1.2742,1.7936,1.702,1.9846,1.3659,1.2895,2.0228,1.1749,0.9763,1.6179,1.8242,2.42,1.0298,2.1832,1.511,1.1978,0.8388,0.9763,1.152,1.1596,1.5186,1.343,1.9387,1.1717,3.4009,2.0075,1.8242,1.7401,1.4575,1.1214,2.1679,1.7554,1.8853
3/15/2020,72.3279,0.9965,1.8135,1.2538,1.8263,2.579,2.3345,2.5404,1.9357,2.193,1.286,1.6076,1.2216,1.3889,1.4468,1.5047,1.4918,1.614,1.3439,1.1316,1.3567,0.9257,1.5111,0.9193,0.9965,0.8485,0.8871,2.1994,0.8357,2.2895,1.4597,0.7585,0.7649,0.662,0.855,0.7906,1.1187,1.1895,1.048,1.9403,5.8744,1.8842,1.6655,1.6848,1.2023,1.4404,1.5561,1.0866,1.0673
3/14/2020,73.6838,1.1191,1.5526,0.9614,1.7562,1.8679,2.8597,1.5657,2.6298,1.8547,1.0797,1.8679,1.8613,0.968,0.9089,1.5592,1.1716,1.257,1.8022,1.7497,1.6511,1.1782,0.8498,1.0665,1.7299,1.0928,0.968,1.2899,0.9811,1.7891,1.3358,0.9614,0.8629,1.1913,0.6593,1.1848,1.1257,1.7562,1.4738,2.1319,6.4908,1.8482,1.5066,0.8629,1.5395,1.8153,0.9089,1.6511,1.3884
3/13/2020,81.0676,1.2627,1.8107,2.1614,1.913,3.0821,2.3952,1.8326,2.4464,2.6656,1.7961,1.1896,1.8911,1.5623,1.5915,1.818,1.1239,1.5769,1.2481,1.9349,1.7888,1.723,1.8545,1.0946,0.9704,0.8973,0.9777,0.8973,1.0727,1.9203,1.4892,1.0435,0.9923,1.1165,1.0142,0.9266,1.2554,1.6353,1.7084,2.2765,6.9564,1.3796,2.1833,1.3577,1.913,1.4819,1.6134,1.3211,0.9046
3/12/2020,77.7527,1.3315,1.6105,1.213,2.0779,3.745,3.0614,2.7684,2.1546,1.9872,1.206,1.7849,1.6873,1.5338,1.5966,1.3873,1.2409,1.5966,1.8896,1.4083,1.2827,1.3734,1.2339,1.0944,1.3594,1.3525,1.213,1.5478,0.9409,1.1502,1.1153,0.9688,1.0037,1.2409,0.7596,1.0595,1.2199,1.2897,1.0246,2.075,6.3078,1.8896,1.4152,1.2409,1.6663,1.1083,1.3943,1.6105,1.5338
3/11/2020,88.9033,1.453,2.0679,2.4158,3.0549,3.0387,3.2653,3.3138,3.241,2.165,1.9951,1.6715,2.4158,1.5097,1.1051,1.6715,1.5501,1.5177,1.2184,1.5906,1.5906,1.1618,1.3236,2.3672,2.1164,1.7847,1.1618,2.4239,1.0485,2.7151,1.4935,1.1375,1.0081,1.0566,0.9433,1.0647,1.2427,2.1488,1.2022,1.8679,5.6415,1.9304,1.4126,1.186,0.9919,1.9061,1.4854,1.2831,1.9465
3/10/2020,101.1082,2.3082,2.3547,1.9543,2.3268,4.2727,4.0493,2.6713,3.3789,1.7681,2.3454,3.6862,2.7644,1.5726,1.7309,1.8985,1.4236,2.094,2.1126,2.4199,2.2616,1.6098,2.0102,2.3826,1.1164,1.675,1.6657,1.2653,1.3678,1.4888,2.1406,0.8557,1.5167,1.0884,1.284,1.0978,1.5912,2.2244,2.2988,2.4689,7.5756,1.2188,1.6285,1.1536,1.9078,1.3398,2.4292,1.284,2.0288
3/9/2020,86.9441,1.6271,2.0929,1.4456,3.0402,4.0902,3.2771,3.4902,3.3797,2.164,1.9903,2.7797,2.2034,1.414,1.8324,1.485,1.1061,1.1614,2.1008,1.6508,2.0613,1.2719,0.9482,1.864,1.8403,1.6429,1.0351,1.7455,1.2877,2.835,1.4771,0.8219,1.4298,0.9482,0.9245,1.264,1.5324,1.0587,2.0613,0.9471,2.6782,2.0376,1.3903,1.7298,1.8087,1.7692,1.2719,1.1693,1.7613
3/8/2020,68.7116,1.3991,1.3566,1.5812,2.5951,1.6905,2.6376,1.1927,1.5327,1.4113,1.4962,1.0652,1.2716,1.217,1.1745,0.9741,1.3445,0.9195,1.4234,1.0166,1.223,1.2352,1.3141,1.217,1.6177,1.2109,1.2352,1.4598,0.7738,1.3627,1.0531,0.7981,0.6281,1.0045,1.1198,1.0652,1.1138,1.6055,1.1988,2.1947,6.6929,1.1623,1.7573,1.2413,0.8284,1.0652,1.7877,1.4841,0.962
3/7/2020,76.245,1.2176,1.9615,1.5452,1.8728,3.3264,1.8182,3.0671,2.0025,2.0093,1.9274,1.0948,2.0298,1.5725,1.2381,1.5725,1.3405,1.6339,1.8728,1.3268,1.709,1.1289,0.8764,1.3883,0.8832,0.9378,1.3132,1.3132,1.1016,1.3678,1.593,1.2654,0.7263,1.1562,1.2449,0.7741,1.204,1.436,1.1699,1.6875,5.0609,1.6066,2.0707,1.436,1.0129,1.7363,1.4087,1.75,1.4565
3/6/2020,83.7797,1.3109,1.849,1.2124,3.2585,2.4401,2.2051,3.3191,1.7202,2.6068,2.3491,1.6974,1.4322,1.1366,1.2958,1.5383,1.1821,1.5913,1.3109,1.3261,1.417,1.2655,1.1139,1.9702,1.4322,1.4625,1.4095,1.8793,1.1063,1.2882,1.4928,0.826,1.0154,1.2427,1.3488,1.2503,1.4473,1.8566,1.9248,2.2561,6.8905,1.8944,0.9851,1.7277,1.364,1.7505,1.5004,1.9702,1.9096
3/5/2020,78.6567,1.4173,1.3254,1.17,1.7988,1.9755,1.8766,2.9788,3.1201,1.9543,1.5303,2.8728,1.1488,1.4597,1.2972,1.4667,1.7635,1.4102,1.6787,1.6293,1.8695,1.4102,1.7918,1.9967,1.9048,1.2265,1.0287,2.3712,1.0993,2.1239,1.4738,0.8591,0.8803,0.9722,0.9933,0.845,1.1559,1.1347,1.8554,1.5285,4.5492,1.5021,1.926,1.9119,1.3325,1.4597,1.3042,1.2194,1.0569
3/4/2020,91.6153,1.262,1.8641,2.14,3.4862,3.5865,2.9929,2.2152,2.1149,1.3289,1.6885,2.7504,1.5965,1.2537,1.2788,1.6132,1.2871,1.9644,2.2152,1.8891,1.9811,1.7554,1.0948,2.2821,2.3657,1.6132,1.9644,1.9728,1.3373,1.3038,1.7219,0.6934,1.3456,0.9359,1.4209,1.5212,1.2537,1.8724,1.3875,2.3591,7.2221,1.5798,1.0363,2.2069,2.0647,1.6801,2.1651,1.354,1.5965
3/3/2020,110.9023,2.235,1.669,2.945,4.2313,3.192,2.6363,3.3052,4.0255,2.8421,3.7168,3.8094,1.9057,1.7102,2.1115,2.0395,1.9778,1.9057,2.0086,2.2247,2.2144,2.4305,2.0292,1.9469,2.4511,1.9057,2.2762,2.0498,1.6176,2.9245,2.1939,1.5044,1.7308,1.6073,1.35,1.0413,1.916,1.3809,1.916,2.0061,6.0861,2.7084,1.8646,1.3706,2.0292,2.4305,1.916,1.8131,1.6999
3/2/2020,101.4095,1.3436,1.8574,2.5206,3.791,3.5574,2.969,2.1843,2.7168,1.9134,2.5673,3.4453,1.4744,1.9321,1.3156,1.3343,1.9975,2.2777,2.3992,1.4744,2.1189,1.6519,1.7173,2.3244,2.5953,1.1568,1.7733,2.7821,1.3156,1.4557,1.6519,1.5865,0.8392,1.5211,1.353,1.409,1.3903,1.8761,1.6145,2.3236,7.1078,2.6607,2.4459,2.4272,2.3151,1.6892,1.381,2.1656,1.6892
3/1/2020,75.9442,1.7769,1.4644,1.7837,2.3273,3.4552,2.5583,1.4576,1.512,2.633,1.2062,2.5515,1.1315,0.9276,1.2742,1.6003,1.7226,1.0499,1.1858,1.6479,1.7769,1.0567,1.7566,1.5459,1.0499,1.213,1.2674,0.9752,0.9141,1.5256,1.0975,1.1315,0.8121,1.247,1.0635,1.2334,1.2334,0.9344,1.5663,2.2961,7.0194,1.0228,1.7226,1.016,1.2266,1.1519,1.1383,1.0092,1.675
2/29/2020,73.8352,1.885,1.5624,1.3122,2.0364,2.3853,1.6809,2.754,2.1746,1.5229,1.5097,2.0495,1.4768,1.1674,0.9106,1.1213,1.2859,1.0686,0.9633,1.2859,1.6216,1.3583,1.6677,1.5492,0.8382,1.1674,1.6019,1.2859,0.8843,2.359,1.141,1.1805,1.1542,0.7592,0.8908,1.0554,1.2069,1.5294,1.4044,1.9241,5.8222,1.6874,0.983,1.0291,1.773,1.1937,1.7072,1.7467,1.1608
2/28/2020,77.1498,1.9231,1.197,2.0406,2.7321,2.6975,2.1167,1.8816,1.9715,1.2316,1.8332,1.3146,0.9411,1.2039,1.3076,1.114,1.2177,1.3076,1.2385,1.5427,1.4044,1.2247,1.1348,1.2523,1.3284,1.2731,1.3422,1.3975,0.8858,1.8954,1.1555,0.7129,0.8927,0.7268,0.6922,0.955,1.1278,1.4598,1.1348,3.2651,10.1376,1.7295,1.3146,1.8055,1.5704,1.038,1.2039,1.0034,1.2731
2/27/2020,99.7523,2.3228,1.7723,2.6256,3.2587,4.3597,2.2953,2.2678,3.9377,2.9559,2.4605,2.9835,1.2035,1.442,1.2126,1.9467,2.176,1.7448,1.4512,2.176,1.9834,2.0476,1.3411,2.5706,1.965,1.9008,1.3044,3.0202,1.231,2.6073,1.4512,1.5154,1.6347,1.3503,0.9649,1.1576,1.6164,1.9925,1.4328,1.6175,4.8357,2.3962,2.3504,1.6806,1.7265,1.6164,2.6073,1.3778,1.8641
2/26/2020,100.8069,2.4497,2.691,1.9578,3.517,4.5472,2.1713,3.3685,3.2664,1.2525,1.4567,1.5495,2.459,1.5309,1.8465,1.5309,2.1527,2.0321,1.7815,2.0228,1.8001,1.995,2.1435,2.3476,1.8372,1.8094,1.2804,2.1713,1.4752,2.4961,1.4381,0.807,1.2804,1.3732,0.9648,1.1597,1.5773,1.4474,2.1063,2.9697,9.1872,1.7165,1.8001,1.5959,1.2896,1.5495,1.7073,1.5959,2.3012
2/25/2020,87.8482,1.8115,1.8275,2.2028,3.0731,3.4963,1.8515,1.8115,2.099,2.8815,2.6979,2.6579,2.2188,1.6359,1.2686,1.3325,1.3724,1.2286,1.9712,2.083,1.9553,1.8834,2.0271,1.5321,1.0769,1.1728,1.7636,1.6359,1.1169,1.3325,1.3404,0.7176,1.1807,0.9651,1.4123,0.8454,1.588,1.7317,1.1648,2.3512,7.1966,1.2446,1.3165,2.083,1.4283,1.3963,1.3883,1.58,1.8994
2/24/2020,86.643,1.1261,1.48,2.2192,2.4316,2.5889,2.9428,2.3451,2.1957,2.3058,2.2586,2.2428,2.0856,1.653,1.2362,1.1654,1.3699,1.1182,2.117,1.4092,1.4643,1.653,0.9924,1.2677,1.362,1.4721,1.016,1.6609,1.016,2.6832,1.5351,1.0317,0.7329,0.8745,1.0317,0.9688,1.4171,1.1733,1.7553,2.7135,8.3625,2.2192,1.2677,1.598,1.7081,1.4643,2.2271,1.9833,1.7002
2/23/2020,88.7527,1.8382,1.8221,1.4991,2.3228,2.775,3.211,3.0253,3.2918,2.7023,2.1128,1.6364,1.6283,1.281,1.6606,1.3699,2.0724,1.9028,1.6767,1.7656,2.0078,1.709,1.2487,1.2407,1.9917,1.7252,1.4749,1.0549,0.9984,2.2097,1.3699,0.7239,0.8854,1.4426,0.9257,1.0792,1.5718,2.1936,1.2245,1.637,4.8982,1.3941,2.2905,1.9109,1.9836,2.1451,2.2339,2.1128,1.4749
2/22/2020,103.2177,1.4235,1.6045,2.509,3.4612,4.3372,3.2041,2.0805,3.9754,1.3283,1.5473,3.7373,1.2236,2.1186,1.4331,1.3664,2.071,2.4709,2.0044,2.1662,2.4138,1.5664,1.1284,2.4709,1.6521,1.414,1.8711,2.5662,1.1188,1.9187,1.7092,1.2807,1.6711,1.4807,1.0236,1.4045,1.6997,1.4045,1.8139,3.1938,9.9082,2.1282,1.6711,1.176,2.1948,2.2519,1.6045,1.633,1.7854
2/21/2020,101.1083,1.9171,2.5596,2.1964,2.8668,2.4851,3.9189,2.8575,3.1648,2.6527,3.0437,3.0065,2.364,1.3864,1.945,2.3082,1.8985,2.3082,2.2988,2.4199,2.0661,2.1219,1.9357,1.6657,1.1629,2.0381,2.1499,2.0661,1.4516,1.8985,1.5167,1.5912,1.3305,1.6098,1.3957,1.0419,1.675,1.4423,1.2653,1.2814,3.7539,2.3082,2.8761,1.2467,1.9916,2.4571,2.4478,1.6378,2.0847
2/20/2020,97.3414,2.5967,2.2573,2.4895,3.2936,3.7403,2.3555,2.9988,3.1239,3.3562,2.1858,3.1864,1.5872,1.9267,1.6765,1.5425,2.3198,2.0428,1.5247,2.0875,1.6497,1.346,1.9267,1.3996,1.4979,1.2209,1.5693,3.0256,1.3906,2.4449,1.5693,0.7742,1.5515,1.5604,1.203,1.0779,1.4621,2.3645,2.1054,1.9734,5.9808,1.5157,1.0511,1.3549,1.5783,1.614,1.3996,1.3638,2.0786
2/19/2020,119.0394,2.3986,3.087,2.2986,3.9975,4.6527,4.8081,3.4201,4.5305,2.876,2.5984,4.3307,2.021,2.2764,2.3319,2.1654,1.6324,2.4985,1.6213,2.876,2.2542,1.9877,1.6435,2.232,1.8212,1.5991,2.6095,3.6866,1.7656,2.3653,2.121,0.8662,1.5102,1.4769,1.588,1.2549,1.8323,2.876,1.3992,2.0805,6.3254,3.1092,1.7323,2.0099,1.4658,2.6095,2.443,2.3653,1.588
2/18/2020,124.1629,1.8743,2.1066,2.5596,3.9768,3.5238,4.7667,3.396,2.8965,2.8384,1.6884,3.7793,2.1879,2.3157,2.5596,1.8743,2.2924,1.8859,2.9546,1.944,2.7222,2.6293,2.4318,2.943,1.9556,1.6187,1.4328,3.094,1.5142,3.1985,2.1182,1.5258,1.1076,1.6768,1.6768,1.6303,1.6536,1.7697,2.002,4.047,12.6537,2.5596,2.0717,1.7349,2.7687,1.9323,1.9556,1.8278,2.4899
2/17/2020,101.4098,2.5019,1.9134,2.4459,2.9783,3.1371,3.4267,4.1553,3.053,3.5294,2.8755,2.1563,1.3903,2.0535,1.6052,2.3151,2.1843,2.0162,1.7173,1.6519,1.9788,1.381,2.2777,1.8854,2.3898,1.9882,1.792,1.2035,1.3156,2.4926,1.7453,1.5585,0.8672,0.8392,0.9233,0.942,1.3903,2.5113,1.5024,2.1088,6.4166,2.4926,2.3431,1.2502,1.2876,1.764,2.259,1.9415,1.4557
2/16/2020,73.8349,0.983,1.6019,0.983,2.6552,1.7138,1.8718,1.4702,1.6282,1.062,1.6611,1.1937,1.1015,1.2859,1.22,1.4439,1.7335,1.141,1.0225,1.1015,1.2332,1.5624,1.1674,1.4439,1.9376,1.141,1.062,1.8455,0.8908,1.9969,1.536,0.7131,0.8448,0.9435,0.7526,0.9106,1.3188,1.5624,1.1805,3.0151,9.3331,1.1081,0.9764,1.5624,1.7467,1.1542,0.9764,1.6019,1.4439
2/15/2020,69.6158,0.9677,1.7933,1.2942,2.5327,1.935,1.6578,2.0583,2.391,1.362,1.1217,1.208,1.8303,0.9122,1.0909,1.1217,1.4298,1.2942,1.6085,1.3435,1.1094,1.0293,0.8075,1.2819,1.5715,0.8629,0.9492,1.3867,0.8629,2.1014,1.208,1.1094,0.7027,1.0539,1.0108,0.9492,1.2388,0.9862,1.1279,2.3344,7.1427,0.9369,0.7951,1.4175,1.4729,1.4421,1.5345,1.1402,1.0971
2/14/2020,61.78,1.21,1.2046,1.1831,2.3179,2.3232,1.4628,1.9629,1.1724,1.5219,1.9844,1.7317,1.2154,0.7798,1.1831,1.3606,1.0809,1.0271,1.2853,1.3982,0.968,0.8228,1.4735,1.0702,1.2907,0.9196,1.2638,1.9038,0.9303,1.6994,1.0971,0.7152,0.812,0.7098,0.7959,0.8066,0.9035,0.7959,1.2907,1.3193,3.8758,0.8066,1.1024,1.1992,0.9303,1.0917,1.5811,1.1293,1.0702
2/13/2020,99.9026,2.308,2.5929,2.7124,2.5286,2.8319,3.6865,3.806,2.5194,2.9513,1.729,3.4936,1.8117,1.3246,1.9036,1.6555,1.6279,1.6739,1.536,1.536,2.4275,2.0047,1.8853,1.7382,1.2235,1.3614,1.4717,3.1995,1.2787,1.8025,1.9128,1.5176,1.5912,1.4165,1.389,0.9754,1.3614,1.9312,2.308,2.2605,6.9047,1.8025,1.9863,1.5084,1.0489,2.1242,1.9128,1.6647,1.6647
2/12/2020,98.396,2.0107,2.6435,2.3633,3.1949,2.8243,3.7373,2.987,2.074,1.4232,2.3181,2.4446,1.9023,1.4864,1.7305,1.613,1.7124,1.9113,1.4684,1.4774,2.1554,1.7848,1.2514,2.5893,2.0017,1.7486,1.6582,1.3057,1.2876,1.4955,1.4503,0.8627,1.378,0.917,1.5588,1.4051,1.613,1.613,1.2333,3.5141,10.9391,2.4989,1.2062,1.2424,1.4232,2.2548,1.7305,1.8571,1.0977
2/11/2020,97.944,1.9386,2.6131,1.9835,3.7015,2.3613,2.838,2.1185,2.6671,3.1798,2.1634,3.1798,1.4259,1.3629,1.8846,2.1454,1.8126,2.3343,1.4169,1.6058,2.2084,1.6417,2.2084,1.8756,2.3883,1.6058,2.0825,3.0898,1.282,2.1364,1.8216,1.309,1.219,1.291,1.0481,0.9132,1.5338,2.3433,1.273,1.8192,5.4848,2.3343,1.291,1.4978,2.2264,1.5338,2.1095,1.6148,2.0285
2/10/2020,70.6704,1.8462,1.6332,1.8588,1.8086,1.7084,1.9653,1.9089,2.1157,1.8024,2.2599,2.3539,1.0127,1.2133,1.2383,0.9124,1.4765,1.0064,1.4827,1.4389,1.4702,1.0879,0.7808,1.2383,0.7746,0.762,0.831,2.1471,0.8435,1.7272,1.2759,1.1318,0.9312,0.9312,0.8874,0.7808,1.1945,1.583,1.3449,1.7163,5.1535,1.8337,1.2258,1.0817,1.4514,1.0754,1.1757,1.6457,1.5454
2/9/2020,79.1083,1.34,1.923,1.5106,2.4848,2.1933,2.6768,3.1746,2.9186,1.1337,2.0084,2.7977,0.9915,1.3613,0.9631,1.1266,1.3968,1.2191,1.1906,1.3542,1.7097,1.5675,0.8635,2.1435,1.3755,1.3968,1.5675,2.3141,1.1195,1.2617,1.5604,1.1195,1.0982,1.212,0.7569,1.2475,1.3257,1.3684,1.7026,2.0548,6.2427,1.5888,0.9986,0.956,0.8493,1.7382,1.2617,1.6599,1.2831
2/8/2020,105.629,2.5586,2.5098,2.7343,3.6423,2.2462,2.5879,1.8264,3.1346,1.8849,3.2615,3.5739,1.6018,1.8654,1.963,2.3828,2.2852,1.5335,1.7971,1.8654,2.4609,1.9533,1.2894,1.9435,1.6213,1.5432,2.0802,2.2071,1.4749,3.3201,2.1583,1.6116,1.2113,1.5237,1.0649,1.3284,1.6994,1.9728,1.7678,2.3863,7.3096,2.6562,2.666,1.6213,2.1095,2.5293,1.719,1.5823,1.5628
2/7/2020,95.3823,1.6959,1.4075,2.3512,2.2202,3.994,2.6571,3.5309,3.1988,1.7745,1.6347,2.0192,1.1716,1.5735,1.2327,1.8007,1.9143,1.993,1.6784,2.1677,2.0541,2.0716,1.224,2.0716,2.2376,1.8182,2.0716,1.5473,1.2065,2.3862,1.5648,1.0754,1.1191,0.822,1.425,0.9706,1.591,1.9755,2.0978,2.6961,8.3066,2.0192,1.7745,1.5386,1.0492,2.2289,1.1366,1.3026,1.9842
2/6/2020,104.875,2.3948,1.7167,2.2301,2.9761,4.1482,3.5379,3.6154,2.4142,1.5617,2.8017,3.567,1.9879,2.172,1.3776,1.9104,2.4432,1.3485,1.3485,2.4626,2.0654,1.5617,1.3582,2.4336,2.7532,1.3776,2.0557,2.3754,1.4551,1.5714,2.0945,1.552,1.0289,1.0579,1.3873,1.1354,1.8232,1.5326,1.1935,3.1156,9.6565,2.1526,1.9492,1.6004,2.5304,1.4357,1.7264,1.5229,1.3582
2/5/2020,116.1768,2.6655,2.3302,2.8494,4.0286,4.4721,3.174,4.3964,4.5803,3.6824,2.6223,3.585,2.698,2.3627,1.746,1.573,2.7413,1.9624,1.6487,2.0057,2.2112,2.3302,1.5405,2.3518,2.6006,2.1679,1.8975,3.2064,1.2809,2.4276,2.3194,1.3674,1.0321,1.5621,1.3458,1.8759,1.573,1.9408,2.1896,1.8952,5.7292,1.5405,2.46,1.7569,2.5141,1.6379,1.7028,2.3951,2.2004
2/4/2020,85.2867,1.5037,1.6892,1.9288,2.8794,2.0061,1.8129,2.0756,2.663,1.326,1.2255,2.3848,1.7588,1.5346,1.5346,1.867,1.3801,1.8051,1.7974,1.3955,1.8051,1.7047,1.326,1.8979,1.4264,1.4574,1.8592,1.6274,1.0477,2.0834,1.4574,1.0941,1.0632,1.0323,0.7309,1.2719,1.4574,1.581,1.5037,2.7905,8.6103,1.9829,1.6815,1.04,1.3105,1.3801,1.6428,1.3414,1.5115
2/3/2020,63.2869,1.3719,1.0402,1.1618,1.7534,1.7313,1.9524,1.5488,2.1128,1.394,1.7479,1.6318,0.9849,1.101,1.3332,1.4493,1.1452,1.0457,1.488,1.1895,0.996,1.0789,1.4493,1.582,0.9628,1.1674,0.7859,1.8142,0.8578,0.8799,1.3,0.7029,0.6864,0.8025,0.9352,0.9628,1.0347,0.9352,0.9407,1.9243,5.823,0.8633,0.9075,1.0236,1.0402,1.1729,1.1729,1.3553,0.9462
2/2/2020,67.6569,1.1331,1.7714,1.0377,2.1831,2.0339,2.0578,1.4731,2.4575,0.9959,1.8848,1.2226,1.5388,1.1391,0.8825,0.9004,1.2822,0.8945,1.6402,1.5746,0.9899,0.8706,1.1987,1.8132,1.2763,0.8229,1.2644,1.3121,0.7871,1.9325,1.3419,0.8587,0.8945,0.632,0.8945,0.9899,1.0913,1.5686,1.5447,1.5004,4.4586,1.6104,1.157,1.318,1.6223,1.1331,1.8013,1.4135,1.4553
2/1/2020,74.4377,1.3426,1.223,1.223,2.5186,3.2826,2.4787,1.2363,2.492,2.0801,1.2164,2.0734,1.3227,1.037,1.4024,1.4755,1.6748,1.3891,1.0835,1.6084,1.3559,1.1765,1.0769,1.708,1.2629,0.944,1.2164,2.1332,1.0304,1.6814,1.0901,0.6052,0.738,1.0038,0.8643,0.7314,1.0769,1.7279,1.2496,1.8567,5.6054,1.0104,1.9007,1.7346,1.2097,1.7346,1.9206,1.336,1.2961
1/31/2020,68.8621,1.0066,1.0674,1.8465,1.4995,1.8221,1.8586,2.4977,1.3048,0.8666,2.1143,1.9195,1.0005,1.317,1.0857,1.4509,0.897,1.4448,1.6882,1.2378,1.1283,1.3474,1.5361,1.4143,0.7692,0.9883,1.2013,1.883,0.7935,1.0857,0.97,0.97,0.7205,0.6353,0.611,1.1526,1.1587,1.676,1.5787,2.3425,7.1688,0.8727,1.6395,1.5239,0.8057,0.9883,1.3109,1.2987,1.3657
1/30/2020,91.1637,1.7135,1.6886,1.9048,3.5431,3.934,2.2374,2.2707,2.5784,2.2541,1.9963,2.8113,1.1064,1.7634,1.5389,2.1127,1.3642,1.3892,1.3892,1.8632,1.6636,1.306,1.8216,1.5389,1.3393,1.2727,1.0898,2.4038,1.0149,2.7697,1.4307,1.123,1.1563,1.0815,0.9734,1.3226,1.4391,1.7385,1.1979,2.5799,7.9326,2.2042,2.0295,1.1147,1.0981,1.4973,1.7634,1.7551,2.0462
1/29/2020,107.437,2.3642,2.3046,2.404,4.1243,2.7819,2.6526,3.8458,3.9055,3.1398,2.8117,2.4438,2.5929,2.0063,1.7676,2.3344,2.5532,1.4792,2.4338,2.0261,2.3841,1.6881,1.529,1.6184,1.7477,1.5886,1.7079,1.3897,1.3699,2.4338,2.2648,0.9721,1.6483,1.4395,1.5787,1.3102,1.8074,1.8869,2.3841,2.774,8.5571,1.5986,1.9366,1.7179,1.7974,1.8173,1.3798,1.7974,1.34
1/28/2020,106.533,2.5413,2.4329,1.2998,3.0635,3.7631,4.1375,2.5216,2.4723,2.5216,3.3296,1.5658,1.5757,1.9008,2.0979,2.2063,1.3392,1.6644,1.7038,2.0388,2.0684,1.9008,2.1472,2.3344,1.4279,1.6447,1.1816,2.1472,1.5363,3.3985,2.1669,1.1323,0.886,1.7333,1.1224,1.152,1.6348,2.3837,1.6742,4.2126,13.1867,1.3688,1.1126,1.8122,1.3688,1.418,1.4377,1.5855,1.1816
1/27/2020,120.2453,2.0973,2.9279,1.9065,2.8044,4.5779,2.8718,2.5463,4.2973,3.6126,2.0861,2.2657,2.8605,2.2881,1.5248,1.8279,1.884,1.7942,2.1871,2.6697,2.1759,2.1759,2.0075,2.1759,2.8044,1.5585,2.3218,2.0861,1.5136,3.8483,2.4228,1.2667,1.4126,1.884,1.1656,1.8279,2.0636,1.9289,2.4228,4.0704,12.7293,1.884,1.783,2.1197,2.3218,1.6932,2.3891,1.6146,1.5473
1/26/2020,108.1904,2.431,1.7096,2.9119,2.6314,4.7053,3.4229,2.4109,3.483,2.9419,3.0021,1.5092,1.7898,1.379,1.7196,2.2306,2.3608,2.1504,2.471,2.1805,1.9701,1.6294,2.6113,1.8799,2.6714,1.2688,1.8899,1.4992,1.369,2.421,1.5994,1.2888,0.9381,1.1085,1.7497,1.3088,1.4691,2.3909,2.471,3.0882,9.5685,1.5293,2.0603,2.1504,2.0402,1.8298,1.399,1.4792,2.0703
1/25/2020,103.2176,1.8901,1.8901,1.6711,2.9089,3.2898,2.6519,2.2043,2.8804,1.3188,2.1186,2.8042,2.0425,1.8996,1.4521,1.5092,1.9758,1.4426,2.0805,2.3852,2.0996,1.9568,2.271,1.8901,1.8806,1.2902,1.3093,2.4709,1.5378,2.1853,2.0901,1.3093,1.4426,1.1188,0.8618,1.1093,1.6235,1.9853,1.8806,3.4624,10.7727,2.271,2.271,2.0234,1.7187,2.4329,2.5185,1.2902,1.7282
1/24/2020,111.3548,2.8125,1.6963,2.2648,2.9572,5.3757,2.1717,3.6704,2.6575,1.3656,2.9883,2.0374,1.3552,2.2441,1.562,1.8203,2.1614,2.5335,1.9754,2.0891,2.7092,2.1407,1.4793,1.531,2.1304,1.1899,1.841,1.8513,1.3656,3.4637,1.934,1.3346,1.3966,1.7893,1.531,1.1899,1.81,2.2131,1.6963,3.107,9.6289,2.7092,2.4198,1.748,2.0064,2.5232,2.5232,2.6058,1.748
1/23/2020,121.9023,1.6474,2.1258,2.3308,4.3355,4.1988,4.3469,4.9506,3.9368,2.1144,2.4219,1.9435,2.4903,2.2055,2.2853,2.3308,2.9345,2.7636,2.8775,2.1486,2.5245,1.7955,2.3764,1.7499,1.6588,1.7044,1.5791,1.9435,1.7727,3.1509,1.841,1.7955,1.5335,1.2715,1.5904,1.4082,1.7157,1.8524,2.3422,3.9282,12.2717,1.4424,2.1144,2.0347,1.374,1.9435,2.8548,2.0005,1.9435
1/22/2020,134.56,3.5711,2.5713,2.5713,4.9886,5.6467,5.2544,2.9383,3.6218,1.9132,4.2419,3.761,2.2929,2.6852,1.5588,2.7358,2.8751,1.7866,2.3562,3.0522,1.9259,3.0143,3.0522,2.8751,2.7358,2.2043,2.3941,3.4572,1.8752,3.723,1.9891,1.6601,1.2424,1.4829,1.5968,1.8499,1.8879,2.0524,2.951,2.795,8.625,2.9257,2.3182,1.8879,1.8246,1.774,2.9763,2.8244,2.2169
1/21/2020,15.9728,0.3237,0.2863,0.3142,0.4282,0.4481,0.4856,0.4736,0.4274,0.4106,0.2711,0.4258,0.2974,0.3126,0.3349,0.3102,0.3253,0.2799,0.3668,0.291,0.2974,0.3277,0.3046,0.3413,0.2679,0.315,0.256,0.2647,0.2607,0.2751,0.3078,0.2958,0.2831,0.2831,0.2719,0.2647,0.2751,0.3572,0.354,0.2903,0.5645,0.3747,0.3476,0.3556,0.3373,0.3213,0.3437,0.2775,0.3445
1/20/2020,15.671,0.36,0.35,0.3001,0.4221,0.5548,0.3324,0.3232,0.3561,0.3485,0.304,0.4643,0.363,0.3216,0.2748,0.3178,0.3147,0.3339,0.3362,0.3446,0.2833,0.3347,0.327,0.2963,0.35,0.2848,0.3362,0.2756,0.2741,0.3584,0.2994,0.2357,0.2725,0.2395,0.2748,0.2902,0.2879,0.2603,0.2802,0.3294,0.6905,0.3354,0.2403,0.2595,0.2963,0.2725,0.3485,0.3239,0.2917
1/19/2020,103.5192,2.3254,2.3923,2.1726,4.1212,4.1403,3.7295,2.2299,2.3159,2.4496,2.2776,2.2108,2.0866,1.4562,2.0006,1.8096,1.9051,1.5039,2.1726,2.4018,1.9815,1.7618,1.523,2.1248,1.332,1.3511,1.3033,1.4371,1.4084,1.4084,1.6854,1.5804,0.9308,1.3893,0.8926,1.0741,1.6281,1.5517,1.1792,3.8827,12.1253,1.6281,2.0293,1.609,1.972,1.6186,2.0293,1.695,1.6854
1/18/2020,95.8344,1.774,1.8619,1.3788,3.724,4.6462,3.2409,1.6686,3.8294,2.9071,1.8004,2.4064,1.3963,1.5457,1.7301,2.1254,2.2571,1.4754,1.7916,1.9761,2.1078,2.0024,1.4315,2.301,1.897,1.3788,1.7301,1.6862,1.0801,2.8544,1.4051,1.2295,1.3173,1.2382,0.9045,1.1153,1.449,1.5457,1.449,1.818,5.4806,1.9673,1.7653,1.3963,2.2835,1.7477,2.1869,1.3436,2.1869
1/17/2020,81.8211,2.2115,2.0934,1.2075,2.027,2.1524,2.6618,1.7169,2.5954,2.241,2.6101,1.5545,1.2371,1.3921,1.6357,1.7464,1.6431,1.3478,1.525,1.8498,1.931,1.1559,1.1411,2.1303,1.7391,0.8458,1.0968,1.99,0.9492,2.6028,1.1411,0.6982,1.2961,1.1632,0.7351,0.8901,1.3995,1.6726,1.835,1.7855,5.3763,1.7243,2.027,1.4512,1.7833,1.2002,1.5693,1.7686,1.274
1/16/2020,78.9581,1.82,1.7206,1.0678,2.6857,2.4373,2.2457,3.0405,2.5083,2.636,1.82,2.5438,1.0607,1.1459,1.5291,1.6781,1.1317,1.2736,1.3942,1.7632,1.231,1.3659,0.855,2.1109,1.3304,0.8053,1.2594,1.1672,1.0465,1.4581,1.451,0.6634,0.9614,0.8266,1.1956,1.2736,1.1743,1.1246,1.6284,1.9936,6.0458,1.2807,1.9051,1.5645,1.7987,1.1885,1.3446,1.6213,1.7845
1/15/2020,81.6701,2.1852,1.7948,1.9421,2.502,2.5536,1.5369,3.0693,2.7304,2.3399,1.4485,2.8409,2.1779,1.1612,1.3086,1.2128,1.618,1.0507,1.8537,1.3675,1.2349,1.0212,0.9107,1.2717,2.0747,1.6401,0.977,2.5609,1.1759,1.8979,1.559,0.6529,1.2717,0.9402,1.1244,0.8886,1.1023,1.257,1.8758,1.8224,5.4949,1.6548,1.3896,1.3675,1.036,1.9569,2.0158,1.839,0.9623
1/14/2020,97.9438,1.8396,2.3343,1.6148,3.4586,2.0735,2.3343,1.8576,2.2354,1.7407,2.5502,1.5968,2.1454,1.9655,1.5968,1.8936,1.8486,1.282,1.8306,1.6597,2.3703,1.7407,1.1021,1.8216,1.9835,1.7857,1.8036,2.9639,1.3359,2.7571,1.8306,1.4349,1.0121,0.9942,1.3269,1.273,1.5968,1.6417,1.3359,3.491,10.8646,1.7227,2.0015,2.1095,1.1381,1.3449,2.4153,1.4798,1.4079
1/13/2020,107.7383,2.1714,2.0417,2.1016,3.4979,5.0239,3.2586,2.6302,3.8171,2.1415,1.5032,4.0664,1.2837,1.7824,2.2911,1.4433,1.9819,1.8024,1.942,2.4507,2.5504,2.1016,2.3908,1.7625,1.5032,1.8622,1.6428,2.6402,1.2937,2.7898,2.0916,1.6129,1.2638,1.2738,1.2239,1.0643,1.9021,2.4906,1.6129,2.4887,7.639,1.6228,2.5604,1.6328,1.3735,2.1315,1.8223,2.1215,2.0417
1/12/2020,101.7108,2.2752,2.0128,1.9753,2.4813,3.1748,3.2216,3.1373,2.322,1.7879,2.8749,2.5469,2.1627,1.7879,1.488,1.8441,1.4693,1.9003,1.8628,1.7972,2.0034,2.2845,1.3287,2.4064,1.9378,1.8347,1.1506,1.5723,1.3287,3.2872,1.9659,1.488,1.6379,1.5255,1.1975,1.666,1.7972,2.5282,2.1065,2.3661,7.2446,1.6379,1.235,2.3127,2.0409,2.1346,2.1908,1.8722,1.5067
1/11/2020,97.643,1.9416,2.3629,2.5243,2.2733,4.102,2.3271,3.8062,2.2016,2.4974,2.2643,3.1518,1.7982,1.3231,1.5382,1.3231,1.6727,1.3051,2.3808,1.8071,2.2195,2.0581,1.2872,1.7892,2.1657,1.9326,2.1478,1.6727,1.4575,2.336,1.4217,1.2065,1.6009,1.0721,1.4217,1.2603,1.4486,2.085,1.834,2.2727,6.9442,1.2962,1.099,2.1567,2.2553,1.3768,1.8251,2.0402,1.3589
1/10/2020,83.4786,2.2272,1.7291,1.4196,2.2499,3.6613,1.714,1.8725,2.9367,1.2988,2.1744,2.0385,1.1328,1.3743,1.5857,1.2988,1.08,1.8876,1.2309,1.7442,1.9781,1.163,1.5404,1.4423,1.3064,1.5253,1.5857,2.4537,1.1101,1.5555,1.163,1.3819,0.9516,0.9215,0.929,0.8686,1.2536,0.9969,1.8951,2.2782,6.9616,1.4121,1.8045,1.0196,1.9027,1.9781,1.8951,1.8423,1.7064
1/9/2020,82.1218,1.6121,1.701,2.0271,1.9308,2.5682,1.6491,3.2353,2.887,2.3607,2.7091,1.197,1.9011,1.4193,1.4267,1.1228,1.2118,1.1896,1.6046,1.953,1.5453,1.1599,1.486,1.5676,1.449,1.4712,1.0042,2.6127,1.1896,2.0197,1.449,1.0413,1.1673,0.945,1.0561,0.9598,1.3007,1.6936,1.7825,1.713,5.143,1.6639,1.0635,1.8418,1.4267,1.7825,1.7232,1.9234,1.234
1/8/2020,80.0131,1.6429,2.003,1.1676,2.5719,2.5071,3.0976,3.2848,2.4639,2.0102,1.7293,1.2325,1.4053,1.4701,0.9588,1.4845,1.7509,1.1244,1.8014,1.2613,1.2613,1.3621,1.8446,1.6645,1.787,1.4773,1.2325,1.8734,1.1604,1.8014,1.2397,0.678,1.038,1.074,0.6996,0.9948,1.2397,1.2757,0.9516,1.9302,5.842,1.2685,2.2262,1.4773,1.7726,1.787,1.9886,1.1676,0.93
1/7/2020,88.9026,2.343,1.5501,1.1941,2.9255,1.9708,1.9465,2.5452,2.6342,3.0145,2.2054,2.529,2.3996,1.453,1.6876,1.8009,1.6148,1.9304,1.4449,1.6391,2.0193,1.5177,2.0922,1.6148,1.9304,1.1132,1.6229,1.6229,1.0566,2.6018,1.3398,0.9029,1.2993,1.0728,1.1537,1.3802,1.4368,1.364,1.5258,1.82,5.4872,2.1002,1.5744,1.6067,1.7685,1.7038,1.6553,1.9951,1.6957
1/6/2020,93.8752,1.9701,1.429,1.3775,2.2706,4.1427,3.4643,1.9701,3.7047,1.4977,1.5407,3.1551,1.5579,1.618,1.1542,1.4204,1.5407,1.429,1.5063,2.2534,1.7468,1.8241,1.0684,1.2401,1.0598,1.5063,1.867,1.283,1.326,2.8632,1.9099,0.9138,1.3088,1.0855,1.1628,1.3002,1.5321,2.2792,1.3603,3.2042,9.9417,1.8412,1.4892,1.721,1.4462,1.3517,2.4939,1.2143,1.5321
1/5/2020,89.0534,1.6581,1.8931,1.4878,2.1201,3.9681,3.0035,3.425,1.7553,1.196,2.4037,2.0957,1.6743,1.2042,1.7877,1.5365,1.196,1.6175,1.7715,1.7715,2.0714,1.9336,1.3582,1.4149,0.9529,1.8445,1.3582,1.5284,1.2204,1.7229,1.3095,0.9691,1.1636,1.3501,0.7989,1.3419,1.196,2.1444,1.9174,2.5648,7.884,2.1606,1.8526,1.6418,0.9529,1.269,1.9012,1.8769,1.7877
1/4/2020,85.136,1.3623,1.8714,2.0025,3.1287,3.5144,3.1055,2.2956,1.9794,1.8405,2.2956,2.5964,1.5628,1.1849,1.2466,1.8328,1.0846,1.9562,1.6862,1.4703,2.0334,1.0846,1.9408,1.1926,1.7171,1.4163,0.992,1.9562,1.0692,1.8405,1.7248,0.776,1.3546,1.0537,1.0537,0.8995,1.2466,1.3237,1.2466,2.1508,6.5518,1.3237,0.9457,1.8328,1.6554,1.424,2.2879,1.3931,1.6322
1/3/2020,90.8619,2.2465,1.799,1.2107,2.3128,2.5034,2.5614,3.1,3.0917,1.5587,1.9316,2.7354,2.0393,1.1693,1.3267,2.0476,1.6913,1.8736,2.0145,1.6582,1.7659,1.2604,1.5339,1.9648,1.1196,1.5173,1.4842,1.1113,1.277,2.5365,1.277,1.0036,1.1362,1.4759,1.1942,1.1527,1.4593,1.103,1.1693,2.7951,8.6252,1.6996,1.5422,1.7328,2.1554,1.5587,1.8985,1.8073,1.6333
1/2/2020,90.41,2.0786,1.4358,1.3863,3.3807,2.9851,1.8726,2.0539,2.1692,1.6336,2.0209,3.3889,2.3176,1.5347,1.7077,1.7407,1.9879,1.7489,1.5099,1.6006,1.4935,1.7984,1.8643,1.6418,2.2516,1.2462,1.3122,2.6472,1.0485,1.2215,1.3946,1.3781,1.2545,0.8177,1.4687,0.8672,1.3699,1.7654,1.9879,2.2415,6.8437,1.3616,2.3753,1.889,1.5676,1.7737,1.4605,1.5017,2.0126
1/1/2020,81.0672,1.4965,1.6572,1.5988,1.9349,2.1322,2.9578,2.2637,1.986,2.1979,1.3211,2.7021,1.2335,1.5476,1.3504,1.3357,1.1092,1.7376,1.3211,1.5842,1.3357,1.2408,1.5915,1.1969,1.1385,0.8754,1.6572,1.9714,1.1458,1.8545,1.4746,1.1385,1.0873,1.1677,1.0216,1.3211,1.365,1.9568,1.5769,2.4151,7.4024,1.7011,0.9777,1.6499,1.5915,1.08,1.913,1.6353,1.1165
