date,,1,2,3,4,5,6,7,8,9,10,11,12,13,14,15,16,17,18,19,20,21,22,23,24,25,26,27,28,29,30,31,32,33,34,35,36,37,38,39,40,41,42,43,44,45,46,47,48
,,0:00,0:30,1:00,1:30,2:00,2:30,3:00,3:30,4:00,4:30,5:00,5:30,6:00,6:30,7:00,7:30,8:00,8:30,9:00,9:30,10:00,10:30,11:00,11:30,12:00,12:30,13:00,13:30,14:00,14:30,15:00,15:30,16:00,16:30,17:00,17:30,18:00,18:30,19:00,19:30,20:00,20:30,21:00,21:30,22:00,22:30,23:00,23:30
12/14/2022,6.6645,0.1402,0.1408,0.1486,0.1342,0.1229,0.1263,0.123,0.1271,0.145,0.1239,0.1481,0.1376,0.1486,0.1434,0.1433,0.1437,0.1358,0.1396,0.1468,0.1358,0.1516,0.1488,0.1376,0.1386,0.1461,0.1406,0.1314,0.1509,0.1283,0.1444,0.1563,0.1549,0.15,0.1508,0.1514,0.1457,0.1473,0.1373,0.0559,0.1149,0.1353,0.1406,0.1518,0.1408,0.1422,0.132,0.1429,0.1414
12/13/2022,9.6714,0.2028,0.1949,0.1983,0.2285,0.2043,0.2048,0.224,0.2008,0.1991,0.22,0.1929,0.1957,0.1852,0.1861,0.1916,0.2016,0.1998,0.1892,0.2046,0.2023,0.1912,0.2051,0.1887,0.2048,0.1899,0.2014,0.1837,0.1835,0.2213,0.1926,0.1774,0.1869,0.1896,0.1892,0.1921,0.1897,0.2051,0.2031,0.3201,0.2383,0.2008,0.2051,0.1996,0.2074,0.1892,0.2095,0.1927,0.1869
12/12/2022,12.9595,0.2867,0.2584,0.2991,0.3705,0.304,0.3655,0.311,0.2807,0.2792,0.253,0.2356,0.2401,0.2232,0.2321,0.2763,0.2867,0.2723,0.2445,0.2535,0.2743,0.2227,0.2168,0.2579,0.2936,0.2217,0.2242,0.3065,0.2351,0.2609,0.254,0.2227,0.2242,0.2411,0.2336,0.2455,0.2346,0.2614,0.254,0.6261,0.3812,0.2867,0.2163,0.2346,0.2515,0.2842,0.2252,0.2579,0.2386
12/11/2022,1.5845,-0.0053,0.0518,0.0589,-0.0117,-0.1535,-0.0021,0.0217,-0.0033,0.0878,0.0005,-0.0861,-0.004,0.0846,0.091,0.0364,0.0364,0.0839,0.0531,0.0473,0.0095,0.0518,0.0506,0.091,0.0101,0.0429,0.0422,0.0223,0.0897,0.0262,0.0608,0.1102,0.0736,0.1096,0.1192,0.0967,0.0538,0.0146,0.0839,-0.2952,-0.049,0.0114,-0.0104,0.0563,0.0672,0.0692,0.0916,0.0544,0.0429
12/10/2022,7.9967,0.1666,0.1666,0.1666,0.1666,0.1666,0.1666,0.1666,0.1666,0.1666,0.1666,0.1666,0.1666,0.1666,0.1666,0.1666,0.1666,0.1666,0.1666,0.1666,0.1666,0.1666,0.1666,0.1666,0.1666,0.1666,0.1666,0.1666,0.1666,0.1666,0.1666,0.1666,0.1666,0.1666,0.1666,0.1666,0.1666,0.1666,0.1666,0.1665,0.1666,0.1666,0.1666,0.1666,0.1666,0.1666,0.1666,0.1666,0.1666
12/9/2022,7.968,0.166,0.1659,0.1663,0.1656,0.1658,0.1658,0.1655,0.1659,0.1659,0.166,0.1656,0.1663,0.1661,0.1661,0.1659,0.1662,0.1659,0.1659,0.1662,0.1661,0.1662,0.1663,0.1663,0.1662,0.166,0.1661,0.1658,0.1663,0.1658,0.1662,0.1662,0.1664,0.1664,0.1664,0.1664,0.1661,0.1662,0.166,0.1638,0.1653,0.1659,0.1663,0.1661,0.1661,0.1661,0.1662,0.1659,0.166
12/8/2022,10.634,0.2296,0.2354,0.2246,0.2388,0.2573,0.2481,0.2752,0.2404,0.2217,0.2391,0.2649,0.2323,0.2067,0.2028,0.2233,0.2175,0.2172,0.2035,0.2273,0.228,0.2138,0.1933,0.2275,0.223,0.1917,0.217,0.2525,0.1959,0.2175,0.2022,0.1867,0.197,0.2012,0.193,0.2009,0.2075,0.207,0.2238,0.292,0.2252,0.2035,0.2357,0.2275,0.2215,0.2146,0.2109,0.1972,0.2207
12/7/2022,7.9535,0.1659,0.166,0.1654,0.165,0.1655,0.1651,0.1649,0.1653,0.1658,0.1653,0.1655,0.1659,0.1659,0.166,0.1656,0.1659,0.1659,0.1658,0.1659,0.1657,0.1661,0.1661,0.1659,0.1661,0.1659,0.166,0.1657,0.166,0.1653,0.166,0.1661,0.1659,0.1663,0.166,0.1661,0.1658,0.1661,0.166,0.1624,0.1647,0.166,0.1659,0.1658,0.1661,0.1657,0.1654,0.1661,0.1657
12/6/2022,7.894,0.165,0.1648,0.1648,0.1629,0.1634,0.1627,0.1645,0.1631,0.1655,0.1636,0.1651,0.1647,0.1647,0.1645,0.1642,0.1644,0.1648,0.1649,0.1651,0.1652,0.1652,0.1654,0.164,0.1641,0.1649,0.1644,0.1643,0.1654,0.1635,0.1651,0.1653,0.1655,0.1654,0.1657,0.1657,0.1649,0.165,0.1642,0.1573,0.1623,0.1649,0.1648,0.1656,0.1643,0.1652,0.164,0.1654,0.1643
12/5/2022,8.5751,0.1755,0.1796,0.1778,0.1819,0.1805,0.1775,0.1908,0.1805,0.1748,0.1806,0.1873,0.1827,0.177,0.1762,0.176,0.1767,0.1751,0.1761,0.1788,0.1776,0.1762,0.1734,0.1816,0.1752,0.1776,0.1771,0.1774,0.1741,0.174,0.1783,0.1733,0.1754,0.1714,0.1755,0.1724,0.1745,0.1783,0.1769,0.2283,0.1954,0.1801,0.1724,0.1805,0.1731,0.1759,0.1754,0.1751,0.1733
12/4/2022,8.309,0.1727,0.1708,0.1709,0.1752,0.1764,0.1776,0.1795,0.1731,0.1766,0.1761,0.1768,0.1752,0.1707,0.1705,0.171,0.172,0.1715,0.1733,0.1723,0.1728,0.1704,0.1701,0.1725,0.1718,0.1715,0.1702,0.1712,0.17,0.1758,0.1732,0.1696,0.171,0.1704,0.17,0.1708,0.171,0.1717,0.1727,0.198,0.1813,0.1709,0.17,0.1711,0.1736,0.1715,0.1705,0.1734,0.1698
12/3/2022,11.9521,0.2256,0.2722,0.222,0.2959,0.2927,0.2445,0.2425,0.3188,0.2655,0.2177,0.305,0.2121,0.2362,0.2425,0.2508,0.2224,0.2323,0.2516,0.2623,0.2339,0.224,0.2489,0.2548,0.2287,0.2394,0.2109,0.2908,0.2173,0.286,0.224,0.2054,0.2149,0.2244,0.2078,0.2267,0.235,0.2263,0.22,0.5008,0.3226,0.2192,0.2599,0.2303,0.2362,0.2398,0.2256,0.2497,0.2362
12/2/2022,10.4265,0.1968,0.204,0.2336,0.2662,0.2569,0.2533,0.2213,0.2174,0.2252,0.1989,0.248,0.2278,0.2169,0.2036,0.2186,0.2091,0.2225,0.1987,0.2179,0.2006,0.2171,0.222,0.2091,0.2038,0.1968,0.1985,0.2443,0.1909,0.2079,0.2057,0.1839,0.2009,0.1946,0.1938,0.2043,0.2057,0.2249,0.2096,0.3311,0.2434,0.2079,0.2305,0.2171,0.2016,0.2067,0.1958,0.2188,0.2225
12/1/2022,12.3521,0.2272,0.2668,0.2598,0.3468,0.3477,0.3081,0.2833,0.3159,0.2228,0.2546,0.2476,0.2829,0.2424,0.2324,0.2628,0.2246,0.2559,0.2559,0.2515,0.2367,0.2424,0.2502,0.2176,0.2837,0.2198,0.2476,0.2254,0.2215,0.3059,0.2441,0.2324,0.2071,0.2333,0.2037,0.2028,0.2232,0.2254,0.2568,0.4643,0.3056,0.2385,0.2877,0.2615,0.2402,0.2702,0.265,0.2259,0.2246
11/30/2022,9.3308,0.2022,0.201,0.1882,0.2186,0.2112,0.1953,0.2142,0.2017,0.2094,0.1963,0.2037,0.1916,0.1939,0.1918,0.1946,0.1969,0.193,0.191,0.1935,0.1861,0.1828,0.1896,0.201,0.1945,0.1817,0.1896,0.1969,0.1857,0.2058,0.1854,0.1816,0.1808,0.1773,0.179,0.1877,0.1853,0.1975,0.1961,0.2208,0.192,0.2006,0.1898,0.1824,0.1989,0.1914,0.2019,0.1983,0.1822
11/29/2022,7.8199,0.1635,0.1639,0.1636,0.1602,0.1621,0.161,0.1612,0.1634,0.1607,0.1625,0.1605,0.162,0.1636,0.1629,0.1629,0.1625,0.1639,0.1631,0.1631,0.1625,0.1633,0.1635,0.1621,0.1625,0.1648,0.1631,0.1639,0.1644,0.1624,0.1629,0.1652,0.165,0.1647,0.164,0.1643,0.1638,0.1626,0.1629,0.1582,0.1627,0.1624,0.1622,0.1628,0.163,0.1635,0.1639,0.1626,0.1641
11/28/2022,8.4124,0.1755,0.1733,0.1723,0.1833,0.1851,0.1825,0.1789,0.1762,0.1794,0.178,0.1781,0.1775,0.1732,0.1728,0.1723,0.1719,0.1724,0.1718,0.1727,0.1758,0.1714,0.1735,0.1752,0.174,0.1723,0.1724,0.1745,0.1725,0.1774,0.1725,0.1709,0.1713,0.171,0.1716,0.1721,0.174,0.1745,0.1714,0.1991,0.1818,0.1733,0.173,0.1745,0.1716,0.1758,0.1771,0.175,0.1757
11/27/2022,11.4634,0.2103,0.2574,0.2352,0.2952,0.2938,0.2772,0.2321,0.2335,0.2633,0.2422,0.2917,0.2252,0.2103,0.2197,0.2276,0.2501,0.237,0.2183,0.23,0.2328,0.2276,0.2096,0.2269,0.2533,0.2179,0.2065,0.2273,0.2048,0.2245,0.221,0.2107,0.2117,0.1999,0.1996,0.2082,0.212,0.247,0.2155,0.4746,0.3104,0.2581,0.2297,0.2093,0.2484,0.2231,0.2366,0.2259,0.2404
11/26/2022,7.6568,0.1585,0.1576,0.1596,0.1554,0.1554,0.1525,0.1545,0.1527,0.1603,0.1597,0.1621,0.1621,0.1612,0.1615,0.1627,0.1609,0.1588,0.1618,0.1601,0.1619,0.1614,0.1598,0.1617,0.16,0.1605,0.1624,0.1582,0.1618,0.1552,0.1614,0.1645,0.1635,0.1623,0.1639,0.1615,0.161,0.162,0.1616,0.142,0.1551,0.1575,0.1566,0.1588,0.1616,0.1604,0.159,0.1623,0.1615
11/25/2022,6.6353,0.1425,0.1315,0.142,0.1259,0.1046,0.1186,0.1446,0.1096,0.1174,0.1349,0.1316,0.1365,0.1395,0.1433,0.1411,0.1467,0.1484,0.1327,0.1466,0.1472,0.1361,0.1387,0.1395,0.1503,0.1386,0.1478,0.1256,0.1518,0.1402,0.1422,0.1564,0.1459,0.1507,0.15,0.1544,0.1447,0.1443,0.1503,0.1029,0.1369,0.1398,0.1282,0.1347,0.1406,0.1409,0.1313,0.1452,0.1421
11/24/2022,7.3164,0.1498,0.1546,0.1494,0.1401,0.1499,0.149,0.1475,0.1459,0.1572,0.1497,0.149,0.1567,0.1548,0.1531,0.1532,0.1507,0.1552,0.1529,0.1571,0.155,0.1539,0.1529,0.1505,0.158,0.1594,0.1518,0.1518,0.1595,0.1564,0.1542,0.1585,0.1572,0.1562,0.1591,0.1556,0.158,0.1513,0.1556,0.1092,0.1398,0.1491,0.1573,0.1553,0.1558,0.1555,0.1519,0.1529,0.1589
11/23/2022,6.3095,0.1247,0.132,0.1334,0.1219,0.1046,0.0979,0.1332,0.0965,0.1379,0.1181,0.119,0.1376,0.1386,0.1347,0.1323,0.1347,0.1356,0.1369,0.1372,0.1296,0.1378,0.1486,0.1367,0.14,0.1398,0.1307,0.1325,0.1484,0.1344,0.1379,0.14,0.1486,0.1523,0.145,0.1498,0.143,0.1244,0.1464,0.0296,0.1027,0.1351,0.1403,0.1411,0.1479,0.1258,0.1278,0.1432,0.1433
11/22/2022,9.6421,0.2079,0.2007,0.1926,0.2338,0.2235,0.2066,0.2351,0.2292,0.2107,0.2087,0.2138,0.1984,0.1915,0.1888,0.2031,0.1862,0.2028,0.1944,0.1956,0.202,0.1901,0.1979,0.2018,0.1854,0.1992,0.2002,0.209,0.1898,0.2133,0.1897,0.1796,0.1791,0.1847,0.1862,0.1849,0.1928,0.1849,0.1844,0.2583,0.2095,0.2107,0.2064,0.1888,0.1946,0.1967,0.1933,0.2013,0.2041
11/21/2022,8.531,0.1788,0.1777,0.1733,0.1838,0.1866,0.1863,0.1804,0.1805,0.18,0.1783,0.1794,0.1758,0.1755,0.1761,0.1756,0.1783,0.1794,0.1785,0.1774,0.1751,0.1745,0.1729,0.1748,0.1766,0.1717,0.1732,0.1763,0.1734,0.183,0.1738,0.1719,0.1724,0.1722,0.1727,0.1731,0.1752,0.1756,0.1744,0.2147,0.1891,0.173,0.1804,0.179,0.1759,0.1749,0.1795,0.173,0.177
11/20/2022,5.9969,0.1162,0.137,0.1442,0.0974,0.0992,0.107,0.0926,0.1178,0.115,0.1052,0.1122,0.1294,0.1296,0.1344,0.1252,0.1258,0.126,0.1402,0.1314,0.131,0.1218,0.136,0.1426,0.138,0.143,0.1458,0.132,0.1456,0.1076,0.1372,0.1412,0.134,0.1497,0.1519,0.135,0.1388,0.122,0.1198,0.0044,0.0909,0.1286,0.1338,0.1172,0.124,0.14,0.1226,0.1332,0.1434
11/19/2022,3.4802,0.1061,0.0474,0.0998,-0.0046,0.0315,-0.0164,0.0898,0.004,0.0166,0.0921,0.0157,0.0722,0.0844,0.1066,0.0663,0.0577,0.1011,0.0871,0.102,0.0939,0.1097,0.1133,0.093,0.0564,0.1093,0.1206,0.1156,0.116,0.0672,0.0885,0.1246,0.1129,0.1079,0.102,0.107,0.1029,0.0867,0.0803,-0.2628,-0.0339,0.0749,0.0835,0.1007,0.0867,0.0993,0.0587,0.0889,0.117
11/18/2022,6.1016,0.1213,0.1194,0.1416,0.0985,0.1238,0.1198,0.1048,0.1207,0.1185,0.1177,0.1186,0.1335,0.1416,0.1378,0.1369,0.1395,0.1433,0.1228,0.1205,0.1298,0.1403,0.1486,0.1317,0.124,0.1372,0.1281,0.1367,0.1465,0.1397,0.1357,0.1407,0.1363,0.1372,0.1445,0.1367,0.1352,0.1355,0.1428,-0.0479,0.0665,0.1304,0.1469,0.1249,0.1317,0.1412,0.1365,0.1384,0.1452
11/17/2022,6.0872,0.1368,0.1221,0.1351,0.1043,0.1135,0.0986,0.134,0.1257,0.1307,0.1297,0.1215,0.125,0.1382,0.1296,0.1429,0.1265,0.1429,0.1303,0.1363,0.1303,0.1447,0.1338,0.1317,0.115,0.1412,0.1338,0.1443,0.1435,0.1303,0.1317,0.1491,0.1462,0.1391,0.1435,0.1403,0.1351,0.1208,0.1261,-0.0257,0.0769,0.1324,0.1141,0.12,0.1429,0.1204,0.1412,0.1278,0.133
11/16/2022,4.9023,0.1094,0.0867,0.0933,0.0592,0.0697,0.0706,0.0849,0.0431,0.0697,0.0623,0.0688,0.1131,0.1149,0.1273,0.1134,0.1295,0.1131,0.1168,0.1103,0.0908,0.1159,0.1273,0.0836,0.1112,0.1279,0.114,0.1289,0.1286,0.1121,0.1165,0.1453,0.1295,0.131,0.1425,0.1394,0.1248,0.1001,0.1112,-0.1104,0.0373,0.1255,0.1084,0.1338,0.0914,0.1103,0.1118,0.1286,0.1289
11/15/2022,6.8131,0.1439,0.1495,0.1422,0.134,0.117,0.1346,0.1249,0.1296,0.1483,0.1491,0.1273,0.1349,0.1458,0.1525,0.1422,0.1404,0.1416,0.1373,0.1502,0.1471,0.1509,0.1429,0.1356,0.1508,0.1548,0.1441,0.1289,0.1533,0.1371,0.1503,0.1569,0.1546,0.1522,0.1535,0.1502,0.1508,0.1369,0.1447,0.0883,0.1301,0.1347,0.155,0.1415,0.1554,0.1435,0.1428,0.1403,0.1406
11/14/2022,8.2344,0.1708,0.1725,0.1729,0.174,0.1779,0.174,0.1714,0.1731,0.1748,0.1738,0.1717,0.1696,0.1697,0.1704,0.1709,0.1701,0.1707,0.1704,0.17,0.1715,0.171,0.1702,0.1722,0.1694,0.1714,0.1698,0.1742,0.1695,0.1717,0.1708,0.1687,0.1688,0.1702,0.1697,0.1692,0.1704,0.1714,0.1711,0.1841,0.1748,0.1728,0.17,0.1719,0.1689,0.1697,0.1697,0.1718,0.1708
11/13/2022,3.9546,0.1092,0.0975,0.1129,0.0437,0.0012,0.093,0.0498,0.0878,0.1121,0.1137,0.0578,0.0643,0.1027,0.0821,0.0906,0.0821,0.104,0.1121,0.0777,0.089,0.0902,0.0736,0.0534,0.0849,0.127,0.0817,0.0445,0.121,0.0906,0.1092,0.1286,0.1307,0.1242,0.1027,0.1315,0.1141,0.1036,0.0999,-0.2167,-0.0123,0.0643,0.0829,0.0805,0.0874,0.0963,0.0955,0.0704,0.1116
11/12/2022,3.0954,0.0853,0.0637,0.075,0.0411,0.0097,0.0279,0.0362,0.0161,0.0485,0.0833,0.0362,0.0857,0.096,0.0715,0.1014,0.0735,0.0921,0.0436,0.0539,0.0808,0.0872,0.0607,0.0833,0.07,0.0965,0.0764,0.0563,0.1063,0.0656,0.099,0.1014,0.1289,0.124,0.1245,0.1014,0.0956,0.1088,0.1152,-0.4034,-0.0995,0.1005,0.0401,0.1117,0.1005,0.075,0.0828,0.1078,0.0573
11/11/2022,5.5537,0.1021,0.104,0.1102,0.0656,0.0828,0.0982,0.118,0.1116,0.1344,0.0842,0.1202,0.1131,0.1268,0.1195,0.1153,0.1253,0.1116,0.1361,0.1199,0.1312,0.1231,0.1231,0.1114,0.1168,0.1209,0.1319,0.1153,0.1371,0.1004,0.1168,0.1351,0.1354,0.1388,0.1461,0.13,0.1341,0.1314,0.1182,-0.0219,0.0786,0.1393,0.1248,0.1258,0.1341,0.1138,0.1187,0.1302,0.1143
11/10/2022,4.9915,0.1297,0.0984,0.0933,0.0653,0.0725,0.0656,0.0632,0.0728,0.0984,0.0984,0.1179,0.1161,0.1101,0.13,0.1044,0.1032,0.0951,0.1279,0.1098,0.1206,0.1146,0.1236,0.093,0.1122,0.1191,0.1348,0.1014,0.1236,0.0773,0.1131,0.1254,0.1185,0.145,0.1372,0.1384,0.1236,0.1203,0.0966,-0.0378,0.0712,0.0845,0.0936,0.1266,0.1345,0.0948,0.0836,0.1242,0.1059
11/9/2022,4.2952,0.0903,0.1092,0.1092,0.0489,0.0051,0.0692,0.0129,0.037,0.1104,0.047,0.0974,0.1189,0.0926,0.1018,0.1137,0.1215,0.0966,0.0785,0.1033,0.0922,0.1,0.107,0.0748,0.1178,0.1307,0.1181,0.0926,0.1296,0.0752,0.1052,0.1341,0.1133,0.1292,0.1389,0.1255,0.1159,0.0985,0.1033,-0.1594,0.0144,0.0815,0.0711,0.1011,0.1267,0.0881,0.0789,0.0989,0.1285
11/8/2022,4.7393,0.0842,0.1054,0.105,0.0545,0.048,0.075,0.0552,0.0793,0.0483,0.1057,0.0424,0.0995,0.1285,0.0979,0.122,0.1282,0.0887,0.0988,0.0998,0.1119,0.1187,0.1194,0.0894,0.1028,0.1376,0.123,0.0865,0.1236,0.0803,0.122,0.1168,0.1422,0.1324,0.1148,0.1171,0.1253,0.1063,0.1138,-0.0185,0.0802,0.0894,0.1103,0.1194,0.1151,0.0858,0.0796,0.1122,0.1155
11/7/2022,3.5251,0.0709,0.074,0.0673,0.002,-0.0419,-0.0168,0.0526,-0.0208,0.1058,0.0933,0.0391,0.0879,0.1112,0.1165,0.079,0.1009,0.0687,0.083,0.0942,0.0879,0.1036,0.0749,0.0494,0.0731,0.0933,0.1183,0.0499,0.1036,0.0458,0.1067,0.1264,0.1331,0.1183,0.1018,0.1179,0.096,0.0879,0.0588,-0.0792,0.0519,0.0763,0.0579,0.1094,0.0611,0.0825,0.0736,0.0892,0.0888
11/6/2022,5.613,0.1075,0.1194,0.1139,0.1075,0.1144,0.1037,0.071,0.0979,0.1201,0.1053,0.0733,0.1075,0.1335,0.1294,0.1132,0.1175,0.1304,0.1347,0.1199,0.1306,0.1344,0.1292,0.1072,0.1426,0.1232,0.1311,0.1182,0.1354,0.1213,0.1168,0.1301,0.1294,0.1435,0.1461,0.1466,0.129,0.1306,0.1218,-0.0577,0.0619,0.1375,0.1333,0.1273,0.1132,0.1263,0.1352,0.1232,0.1256
11/5/2022,7.7165,0.1592,0.1613,0.1632,0.1582,0.1527,0.1572,0.1609,0.1562,0.1611,0.1619,0.1569,0.159,0.1632,0.161,0.1614,0.161,0.1623,0.1624,0.1616,0.1612,0.1631,0.1614,0.1609,0.1601,0.1611,0.1625,0.163,0.1633,0.1628,0.1615,0.164,0.1644,0.1641,0.1623,0.1633,0.1626,0.1634,0.163,0.1416,0.155,0.159,0.1629,0.1598,0.1618,0.1626,0.1607,0.1624,0.162
11/4/2022,5.5094,0.1276,0.1017,0.1253,0.0877,0.0974,0.0905,0.0949,0.0937,0.1328,0.0927,0.0788,0.1141,0.1231,0.1296,0.1236,0.1151,0.1261,0.1079,0.1211,0.1306,0.1311,0.1251,0.1061,0.132,0.1218,0.14,0.1054,0.1368,0.0887,0.1318,0.1261,0.1435,0.1465,0.135,0.136,0.1238,0.1181,0.1395,-0.0197,0.0796,0.133,0.1288,0.1066,0.1106,0.1213,0.1291,0.1084,0.1101
11/3/2022,5.2136,0.0964,0.1087,0.1285,0.0546,0.0822,0.1023,0.1118,0.0898,0.0781,0.1031,0.0686,0.092,0.1224,0.1176,0.1282,0.1112,0.1224,0.1277,0.1249,0.1042,0.126,0.1042,0.1015,0.1129,0.116,0.1313,0.1109,0.1388,0.0789,0.1246,0.1329,0.1212,0.1274,0.1408,0.1332,0.1238,0.1154,0.1095,-0.0015,0.0882,0.1355,0.1352,0.1034,0.1076,0.1062,0.0906,0.1006,0.1238
11/2/2022,5.0356,0.1015,0.0961,0.086,0.0946,0.0285,0.0816,0.113,0.0798,0.1183,0.078,0.0525,0.0988,0.1243,0.1086,0.1136,0.1175,0.1249,0.1216,0.1246,0.1074,0.1163,0.1213,0.0899,0.0908,0.1352,0.1338,0.1106,0.1275,0.0952,0.1258,0.132,0.1213,0.1225,0.1349,0.137,0.1148,0.1225,0.1151,-0.0203,0.0794,0.0976,0.1077,0.1009,0.113,0.1204,0.0917,0.1186,0.1089
11/1/2022,3.2438,0.0744,0.0758,0.0929,0.0197,0.0482,0.0772,0.0021,0.0568,0.0264,0.0906,0.0834,0.1091,0.0839,0.0696,0.0787,0.0811,0.073,0.0554,0.0858,0.0887,0.0787,0.0592,0.0497,0.0459,0.0986,0.1129,0.0986,0.1191,0.0397,0.0772,0.122,0.1143,0.1286,0.1286,0.1115,0.0958,0.0868,0.0953,-0.3369,-0.0684,0.0563,0.1134,0.0711,0.1001,0.0749,0.073,0.0615,0.0635
10/31/2022,1.3479,0.0649,0.0223,-0.0023,-0.001,-0.1054,-0.0402,0.0243,-0.0981,0.0729,-0.0302,0.0742,0.0755,0.0636,0.029,0.0882,0.015,0.0562,0.0024,0.0509,0.0662,0.0815,0.0522,0.013,0.0895,0.0389,0.0855,-0.0282,0.0908,0.0602,0.0702,0.0942,0.1168,0.0855,0.0835,0.0815,0.0476,0.015,0.0556,-0.4406,-0.1168,0.0709,-0.0116,0.0822,0.0769,0.0004,0.0024,0.0542,0.0682
10/30/2022,1.4516,0.0147,0.0743,0.0521,-0.0985,-0.0645,-0.0566,-0.111,0.0154,-0.0376,0.0815,-0.056,0.0573,0.0383,0.058,0.0449,0.0619,0.0088,0.0115,0.0711,0.0606,0.0743,0.0796,0.0802,0.0154,0.1012,0.0933,-0.0193,0.0979,-0.0265,0.0534,0.0999,0.0645,0.1084,0.0697,0.0815,0.0652,0.0468,0.0252,-0.1659,0.0114,0.001,0.0003,0.0868,0.0508,0.0429,-0.0069,0.0652,0.0291
10/29/2022,4.1324,0.0715,0.0955,0.1206,0.0758,0.0823,0.0413,0.0402,0.0735,0.0646,0.0371,0.0584,0.0978,0.1137,0.1195,0.0789,0.0843,0.1056,0.1152,0.0982,0.0955,0.121,0.1025,0.0998,0.0796,0.1075,0.121,0.0889,0.1129,0.0727,0.0998,0.1257,0.1141,0.1369,0.1075,0.111,0.1098,0.0955,0.1098,-0.2365,-0.0216,0.1056,0.1032,0.1032,0.1133,0.0959,0.1048,0.0955,0.0835
10/28/2022,5.2576,0.1176,0.12,0.0973,0.0825,0.0948,0.0636,0.0534,0.103,0.0871,0.0877,0.1195,0.1069,0.1126,0.1088,0.1327,0.1327,0.1255,0.1121,0.1266,0.1228,0.1214,0.12,0.1099,0.1354,0.1307,0.125,0.0888,0.131,0.1318,0.1124,0.1233,0.1453,0.1261,0.1436,0.1401,0.1264,0.1107,0.1105,-0.0545,0.0634,0.1033,0.1184,0.1225,0.1181,0.1102,0.1157,0.1157,0.1052
10/27/2022,5.1392,0.1037,0.1175,0.1106,0.084,0.0791,0.1115,0.0668,0.0548,0.076,0.0854,0.0734,0.0934,0.1306,0.1321,0.1054,0.1069,0.1103,0.1014,0.1218,0.1095,0.1043,0.114,0.1077,0.1057,0.1229,0.1218,0.1089,0.1332,0.0969,0.1103,0.1481,0.1455,0.1226,0.1444,0.1252,0.1263,0.1177,0.1298,-0.02,0.0795,0.1298,0.1083,0.1366,0.1097,0.1209,0.0923,0.1149,0.1077
10/26/2022,5.2872,0.1162,0.1227,0.114,0.101,0.0731,0.0571,0.0609,0.0932,0.0782,0.0839,0.082,0.1311,0.1273,0.1317,0.12,0.1051,0.13,0.1081,0.1135,0.1051,0.1216,0.1206,0.1105,0.1401,0.1281,0.1073,0.117,0.1371,0.0769,0.1105,0.1466,0.1366,0.1395,0.1414,0.1233,0.1265,0.123,0.1257,-0.0364,0.0719,0.1168,0.1406,0.1119,0.114,0.1097,0.1273,0.1314,0.1135
10/25/2022,5.5984,0.1282,0.1093,0.1383,0.0723,0.0802,0.1016,0.1278,0.0749,0.1321,0.1093,0.074,0.1057,0.139,0.1182,0.1282,0.1333,0.1198,0.109,0.1184,0.1155,0.1189,0.1107,0.1203,0.1189,0.1309,0.1196,0.1218,0.1427,0.1141,0.1222,0.1439,0.133,0.1479,0.133,0.1381,0.1239,0.1227,0.1306,0.0088,0.093,0.1179,0.1335,0.1143,0.1146,0.115,0.1249,0.1292,0.1189
10/24/2022,4.7544,0.079,0.0904,0.0956,0.0336,0.0011,0.1011,0.032,0.0858,0.0683,0.0615,0.1073,0.1157,0.1151,0.1219,0.1245,0.116,0.1245,0.1073,0.0904,0.1209,0.103,0.0975,0.128,0.081,0.1086,0.1293,0.1118,0.1225,0.1222,0.1206,0.1151,0.1245,0.1417,0.1368,0.1258,0.116,0.0985,0.1141,-0.1048,0.0399,0.1235,0.0985,0.1167,0.1222,0.1203,0.1024,0.1287,0.118
10/23/2022,3.6882,0.0688,0.0865,0.1097,0.0705,0.0658,-0.0127,0.0037,0.0157,0.058,0.0226,0.0412,0.0744,0.0912,0.102,0.0765,0.0981,0.1033,0.1011,0.0938,0.0908,0.1063,0.1201,0.0783,0.0878,0.0947,0.0839,0.0326,0.1145,0.0339,0.0873,0.0968,0.1201,0.1145,0.105,0.1085,0.1041,0.0714,0.0692,-0.0403,0.07,0.0783,0.0744,0.0744,0.0649,0.1003,0.0955,0.0679,0.1128
10/22/2022,2.2958,0.0161,0.072,0.0686,-0.0016,0.0178,0.0104,-0.0056,0.003,0.0087,-0.0221,0.072,0.0999,0.06,0.0942,0.0897,0.0988,0.0497,0.072,0.0834,0.0355,0.0577,0.0611,0.0509,0.0731,0.1119,0.0828,0.0577,0.1056,0.0646,0.0611,0.1068,0.1033,0.0931,0.121,0.0868,0.0765,0.0412,0.0366,-0.3976,-0.0968,0.0994,0.0041,0.0343,0.0805,0.0628,0.0925,0.0377,0.0646
10/21/2022,2.6216,0.0559,0.0365,0.0908,-0.0173,-0.0114,0.0483,-0.0447,0.0521,0.072,0.0924,-0.0205,0.0161,0.0892,0.0747,0.0688,0.0892,0.0747,0.0924,0.0898,0.0548,0.0903,0.0387,0.0489,0.0817,0.1064,0.108,0.0984,0.1021,-0.0092,0.0596,0.0941,0.1054,0.086,0.0903,0.0801,0.0881,0.0914,0.0919,-0.3085,-0.0552,0.101,0.0365,0.0419,0.0672,0.0699,0.058,0.0849,0.0699
10/20/2022,4.7692,0.1014,0.115,0.1085,0.0633,0.0704,0.1017,0.1062,0.0862,0.0846,0.092,0.0465,0.1256,0.1298,0.1221,0.1247,0.1285,0.0969,0.1053,0.0978,0.1166,0.1114,0.125,0.0978,0.1111,0.1066,0.0966,0.1266,0.1302,0.1188,0.124,0.1253,0.1192,0.1321,0.1305,0.1205,0.1156,0.1208,0.115,-0.1591,0.0146,0.0785,0.0856,0.0917,0.1108,0.1011,0.0933,0.1053,0.0972
10/19/2022,4.5763,0.0804,0.0931,0.1026,0.027,0.029,0.078,0.0955,0.0448,0.054,0.0626,0.116,0.0807,0.1153,0.1095,0.0972,0.0958,0.0937,0.0941,0.1105,0.1157,0.1259,0.1071,0.0735,0.1259,0.1307,0.1304,0.1115,0.1235,0.065,0.1085,0.1225,0.1393,0.1362,0.1194,0.1335,0.1167,0.0903,0.1105,-0.0688,0.0567,0.0848,0.0982,0.1191,0.117,0.0982,0.0821,0.1211,0.102
10/18/2022,4.1473,0.1193,0.0742,0.08,0.0341,0.0542,0.0611,0.0854,0.0102,0.1093,0.105,0.0892,0.0611,0.1162,0.0938,0.1208,0.1054,0.1058,0.1077,0.0761,0.0931,0.1008,0.0742,0.122,0.112,0.1112,0.1081,0.043,0.1185,0.0723,0.0935,0.1262,0.1289,0.1378,0.1227,0.1054,0.117,0.0773,0.0823,-0.2045,-0.0066,0.1181,0.1166,0.1131,0.0873,0.1177,0.0869,0.0754,0.0881
10/17/2022,3.0064,0.0498,0.0853,0.0748,0.0403,-0.0386,0.0014,-0.0461,0.0723,0.0473,0.1013,-0.0231,0.0688,0.0908,0.0723,0.0703,0.0823,0.0593,0.0748,0.0563,0.0448,0.0598,0.1167,0.0873,0.0648,0.0883,0.0578,0.0858,0.1152,0.0838,0.0648,0.1202,0.0923,0.1057,0.1072,0.1237,0.0843,0.1112,0.0643,-0.2095,-0.009,0.0518,0.0573,0.0743,0.0563,0.0863,0.0813,0.1077,0.0923
10/16/2022,4.0138,0.1105,0.0985,0.0694,0.0224,-0.0319,0.083,-0.0012,0.0582,0.1168,0.061,0.069,0.0602,0.0869,0.1129,0.0965,0.071,0.1049,0.0798,0.0953,0.0818,0.1065,0.1045,0.0614,0.0818,0.0885,0.1013,0.0977,0.116,0.0766,0.0929,0.1156,0.1348,0.1268,0.1368,0.1109,0.1077,0.0873,0.1069,-0.079,0.052,0.0774,0.1109,0.116,0.0981,0.0694,0.0981,0.0778,0.0941
10/15/2022,3.5396,0.0971,0.1073,0.0574,0.0097,0.0498,0.0462,-0.0189,0.0578,0.0806,0.0168,0.0338,0.0601,0.0926,0.1087,0.0873,0.0659,0.0587,0.0632,0.0734,0.0784,0.0966,0.09,0.0676,0.0734,0.1189,0.0846,0.077,0.1221,0.0583,0.0828,0.1372,0.1252,0.1029,0.0993,0.1198,0.098,0.0565,0.1158,-0.1106,0.0372,0.0636,0.0431,0.0596,0.1216,0.065,0.1118,0.0779,0.1185
10/14/2022,2.9624,0.1027,0.0941,0.1113,0.0543,0.0044,0.005,-0.0424,0.0614,0.1037,0.0976,0.0634,0.1113,0.075,0.0725,0.0936,0.1042,0.074,0.0921,0.077,0.074,0.1032,0.0553,0.073,0.0699,0.0805,0.0604,0.082,0.0961,0.0458,0.0987,0.1334,0.0856,0.1158,0.1158,0.1012,0.082,0.1047,0.1092,-0.5374,-0.162,0.0709,0.1138,0.083,0.0533,0.0473,0.0896,0.0508,0.1113
10/13/2022,3.7473,0.0671,0.0714,0.0812,0.0301,0.0323,0.0187,0.0569,0.0752,0.0489,0.0306,0.0004,0.0693,0.1101,0.1037,0.0948,0.1148,0.0944,0.0842,0.0952,0.0667,0.0718,0.0689,0.088,0.0531,0.0795,0.0944,0.0667,0.1165,0.0723,0.1059,0.0995,0.1297,0.1233,0.1216,0.1241,0.1033,0.0969,0.0867,-0.0804,0.0513,0.0846,0.1012,0.102,0.0871,0.0689,0.0795,0.1037,0.1012
10/12/2022,3.0069,0.0353,0.0863,0.0548,0.0139,-0.0121,0.0019,0.0823,0.0538,0.0658,0.0194,0.0458,0.0888,0.0693,0.0973,0.0523,0.0883,0.0463,0.0888,0.0708,0.0693,0.0593,0.1042,0.0838,0.0328,0.1197,0.0573,0.0498,0.0993,0.0119,0.0708,0.1157,0.0958,0.0903,0.0973,0.1008,0.0783,0.0798,0.1023,-0.1486,0.0195,0.0623,0.0513,0.0713,0.0558,0.0443,0.0838,0.1008,0.0988
10/11/2022,3.8061,0.0744,0.0782,0.1096,0.004,-0.03,0.0337,0.0413,0.0643,0.0191,0.1054,0.0581,0.0924,0.0895,0.0991,0.0861,0.113,0.0899,0.0929,0.0966,0.1012,0.0861,0.0853,0.0757,0.0656,0.0849,0.1042,0.1117,0.1226,0.0539,0.1075,0.1092,0.1134,0.1323,0.1096,0.1247,0.0937,0.1155,0.1109,-0.195,-0.0022,0.1172,0.0794,0.0908,0.0975,0.1067,0.066,0.1105,0.1096
10/10/2022,3.2136,0.047,0.0891,0.069,0.0236,-0.0693,-0.0262,0.0561,-0.0272,0.093,0.0508,0.1011,0.0843,0.1006,0.0805,0.0791,0.0944,0.0743,0.1092,0.0977,0.0676,0.0982,0.1107,0.0829,0.0552,0.1121,0.093,0.0264,0.1006,0.0082,0.0824,0.1188,0.1044,0.0939,0.1298,0.1102,0.0848,0.1088,0.1078,-0.2151,-0.0116,0.0384,0.07,0.1121,0.1054,0.0997,0.0427,0.0925,0.0566
10/9/2022,3.0509,0.084,0.0454,0.0994,0.0558,-0.0481,0.0043,-0.0422,0.0553,0.0494,0.0286,-0.0026,0.0335,0.1093,0.1102,0.1018,0.0835,0.0489,0.088,0.0924,0.0662,0.0939,0.0776,0.0677,0.1102,0.0662,0.0578,0.0464,0.1172,0.0415,0.0825,0.0885,0.0974,0.1008,0.1117,0.1028,0.0979,0.0647,0.0895,-0.2331,-0.02,0.083,0.1142,0.0855,0.0855,0.0588,0.0979,0.0855,0.1162
10/8/2022,6.0726,0.1214,0.1337,0.1405,0.0901,0.1119,0.1312,0.1341,0.1302,0.1441,0.1029,0.1056,0.1333,0.1322,0.1393,0.1337,0.1233,0.1298,0.1403,0.1312,0.1237,0.1399,0.1455,0.1283,0.1341,0.1414,0.1366,0.1312,0.1395,0.1374,0.1262,0.148,0.1391,0.1412,0.1511,0.1393,0.1343,0.1366,0.1356,-0.09,0.0468,0.1389,0.143,0.137,0.1478,0.1304,0.1273,0.1339,0.1397
10/7/2022,3.2142,0.1011,0.0374,0.0394,0.0494,-0.053,0.0126,-0.0099,0.0298,0.0365,0.0475,-0.0186,0.07,0.093,0.1107,0.1021,0.0671,0.0523,0.0997,0.0628,0.0556,0.0906,0.0753,0.0494,0.0394,0.07,0.0714,0.115,0.1088,0.0288,0.0829,0.1126,0.1231,0.1303,0.1059,0.1044,0.0829,0.0556,0.1135,-0.0516,0.0648,0.0475,0.1178,0.0604,0.0925,0.0638,0.0882,0.1025,0.0829
10/6/2022,3.7916,0.1141,0.1094,0.0543,-0.0038,0.072,0.0665,0.0842,0.0509,0.0518,0.0248,0.0703,0.0779,0.1195,0.1006,0.0964,0.109,0.1111,0.0699,0.069,0.0804,0.0998,0.0817,0.0535,0.0728,0.1044,0.0943,0.0955,0.1208,0.0232,0.085,0.1288,0.1141,0.1132,0.1313,0.1313,0.1014,0.0846,0.1178,-0.1638,0.0124,0.069,0.0644,0.1073,0.0741,0.0678,0.1056,0.0888,0.0842
10/5/2022,5.7614,0.1221,0.1176,0.1096,0.1011,0.0852,0.1015,0.0724,0.0908,0.1425,0.1183,0.1163,0.1221,0.1241,0.14,0.1185,0.1132,0.1129,0.1103,0.1293,0.1179,0.1398,0.1391,0.1042,0.1382,0.1228,0.1253,0.1432,0.1369,0.1364,0.1331,0.1403,0.1425,0.138,0.1389,0.1443,0.1284,0.1326,0.1248,0.0066,0.0919,0.134,0.1176,0.1244,0.1313,0.1114,0.1324,0.1219,0.1154
10/4/2022,3.2587,0.0467,0.0415,0.077,0.0249,-0.051,0.0567,0.0851,-0.0149,0.0718,0.0785,0.0178,0.0567,0.0903,0.1027,0.1008,0.0951,0.0676,0.106,0.0562,0.0548,0.0766,0.1202,0.0519,0.1064,0.0908,0.0714,0.0339,0.1069,0.106,0.0974,0.1031,0.0932,0.0946,0.1117,0.0927,0.0899,0.1008,0.1145,-0.1695,0.0097,0.0808,0.0424,0.0695,0.0984,0.0491,0.0837,0.1088,0.0595
10/3/2022,3.3917,0.0925,0.081,0.1114,0.0459,0.0367,0.057,0.0054,0.0197,0.0727,0.0653,0.0657,0.0883,0.0902,0.0865,0.0768,0.0971,0.1054,0.1072,0.0911,0.0736,0.1021,0.1054,0.0888,0.0455,0.0892,0.081,0.0869,0.1049,0.0432,0.0722,0.1261,0.0943,0.1086,0.128,0.1155,0.0971,0.0777,0.0998,-0.3844,-0.0906,0.0989,0.1077,0.0648,0.1224,0.0823,0.0694,0.08,0.1054
10/2/2022,3.4957,0.0793,0.0928,0.045,0.014,0.0482,0.0126,0.0117,0.0441,0.0986,0.0595,-0.009,0.064,0.0869,0.1176,0.091,0.114,0.0617,0.1063,0.0968,0.1018,0.109,0.0734,0.0784,0.114,0.082,0.0806,0.0568,0.1212,0.1095,0.0946,0.1113,0.1086,0.1194,0.1095,0.1013,0.1059,0.0721,0.0883,-0.2436,-0.0249,0.1162,0.1009,0.0716,0.077,0.0788,0.0937,0.0829,0.0703
10/1/2022,8.6049,0.1832,0.1823,0.1819,0.1855,0.1953,0.1829,0.1779,0.1793,0.1776,0.1869,0.1784,0.1822,0.1742,0.1758,0.1764,0.1797,0.1766,0.1762,0.176,0.1814,0.1746,0.1771,0.1807,0.1796,0.1742,0.1763,0.1816,0.1739,0.1823,0.1787,0.172,0.1711,0.175,0.1754,0.1734,0.1751,0.177,0.1799,0.2072,0.1856,0.18,0.1813,0.1815,0.1762,0.178,0.1739,0.1754,0.1782
9/30/2022,4.6059,0.1144,0.0981,0.0984,0.0794,0.0574,0.0316,0.0927,0.0798,0.0818,0.0642,0.0421,0.1158,0.1253,0.1283,0.1263,0.1127,0.1171,0.1005,0.0991,0.1018,0.1161,0.1001,0.1161,0.1025,0.1208,0.1012,0.1032,0.1208,0.071,0.1144,0.1436,0.112,0.1402,0.1324,0.132,0.1232,0.1192,0.1239,-0.1871,0.0015,0.1127,0.1066,0.093,0.1212,0.1035,0.1012,0.0981,0.0957
9/29/2022,3.9395,0.109,0.0753,0.1151,0.0367,-0.0047,0.0879,0.003,0.0794,0.083,0.0684,0.1086,0.0599,0.0948,0.1001,0.0806,0.1005,0.094,0.0899,0.0822,0.0855,0.1119,0.1167,0.0712,0.124,0.1179,0.0814,0.0485,0.1179,0.0501,0.1029,0.1074,0.1269,0.12,0.1273,0.1094,0.1045,0.1066,0.0798,-0.2062,-0.0074,0.096,0.0526,0.1261,0.0964,0.109,0.0936,0.096,0.1098
9/28/2022,3.6284,0.0631,0.0954,0.095,0.0071,0.0722,0.0591,0.0303,0.0604,0.0775,0.0722,0.0814,0.0456,0.0897,0.0954,0.0705,0.0862,0.0849,0.1011,0.1033,0.0823,0.0906,0.0653,0.0792,0.0915,0.0862,0.0718,0.074,0.1129,0.0526,0.1042,0.1225,0.119,0.1112,0.1046,0.1024,0.0945,0.1007,0.112,-0.2312,-0.0191,0.112,0.0403,0.0941,0.0836,0.1072,0.0731,0.1046,0.0959
9/27/2022,2.8879,0.0614,0.0547,0.0992,0.001,-0.0301,0.0358,0.0031,0.0399,0.0772,0.0394,0.0823,0.0808,0.0675,0.1058,0.1063,0.0583,0.0823,0.0747,0.0557,0.045,0.0516,0.0501,0.0251,0.0849,0.069,0.1053,0.0424,0.1002,0.1002,0.0977,0.1028,0.0844,0.1186,0.1207,0.0874,0.0971,0.0583,0.0496,-0.2456,-0.0258,0.0404,0.0649,0.0501,0.1191,0.045,0.0706,0.0772,0.1063
9/26/2022,8.842,0.1806,0.181,0.1865,0.1869,0.2035,0.1984,0.1989,0.1864,0.1864,0.1893,0.1836,0.1858,0.1836,0.1799,0.1842,0.1856,0.1793,0.1871,0.1795,0.1873,0.1814,0.1747,0.1839,0.1856,0.1816,0.179,0.186,0.1751,0.1945,0.1823,0.1764,0.1753,0.1742,0.1799,0.1786,0.1781,0.1806,0.1761,0.2108,0.1873,0.1867,0.1868,0.1856,0.1772,0.1817,0.1775,0.1856,0.1857
9/25/2022,6.6796,0.1305,0.1344,0.1473,0.1226,0.1049,0.1272,0.1099,0.1379,0.1358,0.1264,0.1154,0.1322,0.1473,0.1416,0.1463,0.1491,0.1508,0.1454,0.1356,0.1418,0.144,0.1541,0.1298,0.1528,0.1547,0.1461,0.1519,0.1487,0.1422,0.1461,0.1583,0.1528,0.1498,0.1557,0.1465,0.1436,0.1368,0.1408,0.083,0.1276,0.1397,0.1281,0.1457,0.1446,0.1344,0.1516,0.1433,0.1445
9/24/2022,6.8281,0.1471,0.1435,0.1361,0.119,0.1376,0.1215,0.1423,0.1259,0.1349,0.1288,0.134,0.1476,0.1506,0.1483,0.1403,0.148,0.1449,0.1444,0.1395,0.1431,0.1534,0.1541,0.1423,0.1435,0.1535,0.1416,0.1442,0.1499,0.143,0.1418,0.1566,0.153,0.1542,0.1533,0.1512,0.1505,0.1425,0.1402,0.1003,0.1357,0.1486,0.1397,0.1428,0.1431,0.1408,0.1432,0.1457,0.142
9/23/2022,6.6059,0.1427,0.1342,0.1413,0.135,0.1205,0.1183,0.1147,0.1091,0.1449,0.149,0.1269,0.1384,0.1462,0.1384,0.149,0.1385,0.1339,0.1492,0.1467,0.1349,0.1406,0.1471,0.1377,0.1421,0.1398,0.1444,0.1253,0.1498,0.1343,0.1375,0.1484,0.1536,0.1467,0.1562,0.1515,0.1417,0.1367,0.1378,0.071,0.122,0.1343,0.1515,0.1467,0.1367,0.1317,0.1466,0.135,0.1474
9/22/2022,3.8802,0.0909,0.083,0.0752,0.0472,0.0381,0.074,0.0736,0.0583,0.0493,0.0245,0.1057,0.0937,0.1143,0.1106,0.0756,0.1185,0.1148,0.0995,0.1057,0.0867,0.1185,0.1226,0.0608,0.1197,0.0933,0.0863,0.0715,0.1106,0.1078,0.104,0.1189,0.1008,0.1317,0.1016,0.1234,0.1098,0.0748,0.0942,-0.3032,-0.0527,0.1049,0.1053,0.0937,0.0896,0.0966,0.0649,0.1065,0.0851
9/21/2022,3.1253,0.0979,0.0935,0.0916,-0.0074,-0.0352,0.0063,-0.0137,0.0346,0.0219,0.0838,-0.001,0.0331,0.0823,0.0809,0.0974,0.0658,0.0999,0.0853,0.0516,0.0906,0.095,0.116,0.0862,0.1004,0.0989,0.1165,0.0151,0.1072,0.017,0.0653,0.1087,0.1189,0.1272,0.0945,0.1121,0.0857,0.0594,0.0628,-0.1846,0.0027,0.074,0.1009,0.0965,0.0472,0.1004,0.0623,0.1048,0.075
9/20/2022,2.7102,0.0233,0.045,0.0498,-0.0259,0.0217,0.0228,0.0069,-0.0222,0.0175,0.018,-0.0142,0.0572,0.1021,0.0566,0.1021,0.0942,0.0921,0.1011,0.0418,0.054,0.0667,0.091,0.0635,0.0535,0.1027,0.0868,0.0603,0.0926,0.0852,0.0958,0.0826,0.1238,0.1138,0.1243,0.0974,0.072,0.0503,0.0778,-0.2513,-0.0285,0.0884,0.0614,0.0418,0.0582,0.0942,0.0937,0.0868,0.0815
9/19/2022,4.1323,0.1036,0.0731,0.1075,0.0549,0.0321,0.0495,0.0831,0.0321,0.0986,0.1044,0.0425,0.0738,0.1052,0.1098,0.0951,0.1075,0.1013,0.0773,0.0955,0.0882,0.0901,0.1156,0.0839,0.1272,0.1098,0.0905,0.0549,0.1168,0.0413,0.0974,0.1303,0.1284,0.1152,0.1253,0.1222,0.1009,0.1226,0.123,-0.1664,0.0112,0.0719,0.0785,0.1137,0.1117,0.0897,0.0963,0.0831,0.1121
9/18/2022,9.242,0.1872,0.1983,0.1898,0.2045,0.214,0.1959,0.2183,0.2186,0.1827,0.2045,0.2059,0.1826,0.1808,0.1925,0.1939,0.1878,0.1877,0.1824,0.1858,0.1929,0.1865,0.197,0.1934,0.1982,0.1842,0.1806,0.2001,0.1826,0.185,0.1874,0.1818,0.1762,0.1847,0.1844,0.178,0.1858,0.1906,0.1888,0.2303,0.1964,0.1932,0.1988,0.187,0.1934,0.1944,0.2001,0.1828,0.1942
9/17/2022,3.5395,0.0752,0.0984,0.0895,0.0052,0.028,0.0329,-0.0006,-0.0158,0.0846,0.0873,0.0123,0.0676,0.1029,0.0953,0.1002,0.1033,0.065,0.0779,0.0596,0.0864,0.1091,0.0846,0.0565,0.0833,0.0788,0.1065,0.0935,0.1078,0.0529,0.0766,0.102,0.1247,0.1314,0.106,0.1136,0.0926,0.0984,0.1011,-0.1438,0.0217,0.1158,0.0529,0.0752,0.0873,0.1011,0.0659,0.0984,0.0904
9/16/2022,4.1766,0.0952,0.0642,0.0845,0.0202,-0.0031,0.0489,0.0619,0.0497,0.1063,0.0734,0.0386,0.1128,0.0879,0.0963,0.0982,0.1124,0.1101,0.0795,0.0871,0.0894,0.0994,0.0837,0.0982,0.0959,0.0887,0.1162,0.0799,0.1219,0.042,0.0917,0.1258,0.1074,0.1108,0.1204,0.1261,0.1173,0.1204,0.1116,0.0027,0.0901,0.0852,0.0925,0.0837,0.1273,0.0715,0.0631,0.0833,0.1063
9/15/2022,2.74,0.0515,0.0304,0.0709,0.0215,-0.0837,-0.0164,-0.0443,0.0694,0.0609,0.0162,-0.0385,0.0878,0.0909,0.1067,0.0804,0.1004,0.102,0.0383,0.0504,0.0925,0.1062,0.0925,0.0241,0.0809,0.0862,0.0815,0.092,0.102,0.0762,0.0815,0.1304,0.0825,0.0867,0.0999,0.123,0.0972,0.0373,0.0457,-0.2038,-0.0063,0.0804,0.0252,0.0993,0.0957,0.0462,0.0709,0.0431,0.0762
9/14/2022,2.6805,0.0454,0.073,0.0959,-0.0051,-0.0264,0.0422,0.0039,0.023,0.0528,0.098,0.0358,0.031,0.0954,0.0645,0.0991,0.0927,0.0746,0.0363,0.0597,0.0438,0.0592,0.0587,0.1023,0.0321,0.1082,0.0933,0.0183,0.1012,0.0193,0.0922,0.1316,0.106,0.1129,0.1177,0.0863,0.0746,0.0507,0.0566,-0.2384,-0.0224,0.0885,0.0789,0.0486,0.047,0.0433,0.0257,0.081,0.0715
9/13/2022,2.5475,0.0696,0.0396,0.0723,0.0353,-0.0613,-0.0122,0.0478,-0.04,0.0162,0.0298,-0.0133,0.0712,0.0909,0.0691,0.0876,0.08,0.1023,0.0527,0.0734,0.0849,0.0489,0.05,0.0647,0.0936,0.0822,0.0609,0.1045,0.0996,0.0816,0.0762,0.0794,0.1018,0.1187,0.0832,0.117,0.074,0.0582,0.0832,-0.2463,-0.0261,0.0473,0.0184,0.0336,0.0805,0.0811,0.0276,0.0762,0.0816
9/12/2022,7.4351,0.1525,0.1531,0.1572,0.154,0.1454,0.1486,0.1546,0.1536,0.1543,0.1577,0.1504,0.1581,0.1601,0.1562,0.1588,0.1573,0.1585,0.1572,0.1571,0.1542,0.1544,0.161,0.1542,0.1548,0.1584,0.1592,0.151,0.1603,0.1474,0.1575,0.1607,0.1624,0.1604,0.1625,0.1593,0.1569,0.1576,0.1601,0.114,0.1421,0.1527,0.1524,0.1609,0.1534,0.1558,0.153,0.1562,0.1576
9/11/2022,6.6353,0.1413,0.1433,0.1369,0.1223,0.1347,0.1196,0.1295,0.1196,0.1401,0.1287,0.1152,0.1282,0.1414,0.1508,0.1451,0.1467,0.1495,0.1465,0.1371,0.1346,0.1411,0.1441,0.1396,0.1338,0.1402,0.1422,0.1293,0.1491,0.1315,0.1375,0.1542,0.1557,0.1525,0.1522,0.1478,0.1474,0.1439,0.135,0.081,0.1267,0.148,0.1413,0.1525,0.1383,0.1443,0.139,0.1399,0.1361
9/10/2022,6.1615,0.1295,0.1253,0.1246,0.1012,0.0762,0.0926,0.1189,0.0957,0.1431,0.1428,0.1018,0.1435,0.1345,0.1349,0.145,0.1295,0.126,0.1363,0.1312,0.1336,0.1303,0.1284,0.1167,0.1339,0.1367,0.1378,0.1247,0.1437,0.1082,0.136,0.1453,0.1384,0.1376,0.1472,0.1384,0.1361,0.1437,0.1325,0.0958,0.1336,0.1181,0.1284,0.1396,0.1222,0.133,0.1444,0.1336,0.131
9/9/2022,6.5021,0.1262,0.1366,0.1352,0.1186,0.1162,0.1099,0.1157,0.1226,0.119,0.1243,0.1178,0.1387,0.1416,0.1405,0.1321,0.1442,0.1387,0.1351,0.1458,0.1348,0.1407,0.1333,0.1316,0.1313,0.1464,0.14,0.127,0.1479,0.1376,0.1397,0.1542,0.1439,0.155,0.1455,0.1466,0.1418,0.1502,0.1361,0.0966,0.134,0.1475,0.1473,0.1337,0.1333,0.1336,0.1399,0.1481,0.1457
9/8/2022,3.9247,0.0738,0.0725,0.0615,0.0273,0.0579,0.0448,-0.011,0.0399,0.1137,0.0843,0.0611,0.0795,0.0978,0.11,0.11,0.0896,0.0729,0.1178,0.0998,0.0835,0.0941,0.088,0.0974,0.1255,0.1247,0.1153,0.1198,0.1145,0.0452,0.1002,0.1072,0.1121,0.1027,0.1194,0.1068,0.1051,0.097,0.0701,-0.18,0.0048,0.0668,0.0864,0.1174,0.1088,0.0994,0.077,0.0921,0.1202
9/7/2022,2.6363,0.0299,0.0449,0.1039,0.0181,-0.0114,0.0487,-0.0071,-0.0007,0.0943,-0.0157,0.0068,0.0261,0.0567,0.0685,0.0959,0.0766,0.0621,0.0733,0.0369,0.0406,0.0932,0.0814,0.0176,0.0728,0.0857,0.068,-0.0087,0.112,0.0878,0.0878,0.1055,0.1146,0.1114,0.1216,0.1044,0.0776,0.0374,0.1082,-0.2403,-0.0233,0.0755,0.0631,0.0867,0.113,0.0401,0.0862,0.0444,0.0642
9/6/2022,2.503,0.0342,0.043,0.0155,-0.0186,-0.023,0.0084,-0.0241,0.032,0.0897,0.0435,0.0919,0.0336,0.082,0.0496,0.1007,0.1024,0.0787,0.0369,0.0694,0.054,0.0551,0.0655,0.0754,0.0809,0.1161,0.1084,0.0353,0.093,0.0144,0.0666,0.0771,0.1194,0.1089,0.1062,0.1144,0.0716,0.0683,0.0919,-0.3816,-0.0893,0.0644,0.1106,0.0567,0.0771,0.0809,0.0353,0.0991,0.0815
9/5/2022,4.1023,0.1191,0.0848,0.1008,0.0513,0.0306,0.0942,0.0685,0.0571,0.0353,0.077,0.0595,0.1098,0.109,0.1168,0.1156,0.1082,0.1078,0.1125,0.0895,0.0977,0.1109,0.093,0.1035,0.1168,0.1218,0.1066,0.0447,0.1148,0.0451,0.0864,0.1402,0.1086,0.1269,0.1222,0.1289,0.1113,0.1129,0.0762,-0.2558,-0.0306,0.1043,0.0848,0.1035,0.102,0.0911,0.0914,0.1035,0.0922
9/4/2022,6.9909,0.1527,0.1495,0.1448,0.1305,0.1354,0.1411,0.1407,0.1325,0.1453,0.1403,0.1343,0.1533,0.1465,0.1551,0.144,0.144,0.1472,0.1547,0.1441,0.1452,0.1549,0.1433,0.1427,0.1456,0.1516,0.1472,0.1421,0.1532,0.139,0.1504,0.1572,0.1514,0.153,0.1559,0.1584,0.1501,0.148,0.1553,0.0899,0.1308,0.1518,0.1572,0.1425,0.1433,0.1447,0.1475,0.1479,0.1548
9/3/2022,7.8052,0.1617,0.1639,0.1629,0.1605,0.1622,0.1622,0.1629,0.163,0.1642,0.1636,0.16,0.1621,0.1631,0.1625,0.1624,0.1622,0.1622,0.1618,0.1639,0.1639,0.164,0.1646,0.1632,0.1643,0.1627,0.1644,0.1604,0.1644,0.1642,0.1635,0.1636,0.1646,0.1646,0.1643,0.1645,0.1641,0.1635,0.163,0.1433,0.1558,0.1629,0.163,0.1634,0.1634,0.1618,0.1643,0.1642,0.164
9/2/2022,2.8437,0.0955,0.0326,0.0708,-0.0215,-0.0241,0.0671,-0.0056,-0.005,0.0455,0.0079,0.028,0.0764,0.0625,0.1038,0.0795,0.0955,0.0496,0.079,0.0656,0.0574,0.0821,0.0816,0.0429,0.0517,0.0671,0.0641,0.0589,0.0924,0.0393,0.0795,0.1197,0.0852,0.1218,0.0888,0.1249,0.0759,0.0378,0.1043,-0.1455,0.0209,0.096,0.0914,0.0532,0.0429,0.0749,0.0661,0.0971,0.0682
9/1/2022,2.3996,0.0743,0.0653,0.0261,-0.0271,-0.101,0.0507,-0.0305,-0.031,0.0154,0.0597,0.0771,0.0681,0.0698,0.0916,0.0407,0.0306,0.0765,0.0535,0.0619,0.0636,0.0479,0.0608,0.0502,0.0468,0.109,0.0871,0.0603,0.1045,0.0642,0.0586,0.1079,0.1202,0.109,0.0843,0.1207,0.0743,0.0323,0.0916,-0.1521,0.0178,0.0474,0.0031,0.0272,0.0911,0.0507,0.0143,0.0939,0.0412
8/31/2022,4.1322,0.1094,0.0963,0.1009,0.0526,0.0305,0.0851,0.0336,0.0947,0.123,0.0568,0.0178,0.0758,0.1156,0.111,0.1106,0.1117,0.097,0.1133,0.099,0.0936,0.0831,0.0963,0.0974,0.0696,0.092,0.1156,0.0665,0.1214,0.0518,0.0924,0.1226,0.1206,0.1361,0.1133,0.1086,0.1079,0.1187,0.1052,-0.1693,0.0098,0.0916,0.0951,0.1021,0.0808,0.0928,0.0847,0.1179,0.0793
8/30/2022,8.7383,0.1806,0.1799,0.1858,0.1881,0.1957,0.1915,0.1879,0.186,0.1878,0.187,0.1865,0.1851,0.1803,0.1785,0.1803,0.1822,0.1757,0.1769,0.1794,0.18,0.1833,0.1751,0.1814,0.1811,0.1787,0.1825,0.1885,0.1753,0.1801,0.18,0.1729,0.1752,0.1771,0.1784,0.1783,0.1797,0.1834,0.1756,0.2102,0.187,0.1755,0.1881,0.1831,0.1804,0.1779,0.1759,0.1842,0.1742
8/29/2022,3.5398,0.0659,0.0507,0.0784,0.0467,0.0578,-0.01,-0.0095,0.0364,0.0382,0.0503,0.0172,0.0601,0.1011,0.0703,0.0779,0.0895,0.1087,0.0672,0.073,0.0801,0.0717,0.1243,0.0819,0.0498,0.1216,0.069,0.0685,0.1127,0.069,0.0935,0.1386,0.0931,0.1154,0.1154,0.1261,0.1078,0.0775,0.0846,-0.0678,0.0572,0.1047,0.1194,0.0734,0.0993,0.0743,0.0538,0.09,0.065
8/28/2022,8.3979,0.1767,0.1722,0.1768,0.1828,0.1859,0.1781,0.1753,0.1782,0.1733,0.1757,0.1821,0.1712,0.1743,0.1712,0.1749,0.1715,0.1733,0.1736,0.1725,0.1742,0.1739,0.1763,0.1726,0.1764,0.1743,0.173,0.1741,0.1724,0.1755,0.172,0.17,0.1731,0.1698,0.1714,0.172,0.1723,0.1726,0.1729,0.1994,0.182,0.1756,0.1737,0.1731,0.1762,0.1723,0.1718,0.1715,0.1739
8/27/2022,3.7173,0.0587,0.066,0.1037,0.0202,-0.0141,0.048,0.0579,0.0485,0.0746,0.0874,0.0202,0.1011,0.1024,0.0797,0.0823,0.0853,0.1093,0.0964,0.0707,0.0951,0.0866,0.12,0.0793,0.0759,0.087,0.0729,0.0472,0.1213,0.1029,0.0917,0.1144,0.1183,0.1161,0.1046,0.1316,0.09,0.0656,0.0922,-0.1116,0.0368,0.0883,0.0476,0.0763,0.126,0.0763,0.0827,0.0742,0.1097
8/26/2022,1.2738,-0.0136,0.012,0.0167,-0.0822,-0.0963,-0.0762,0.0093,-0.0445,0.0106,0.0584,0.0395,0.0368,0.0866,0.0557,0.0543,0.0604,0.0523,0.0019,0.0416,0.0416,0.0348,0.0537,0.0577,0.0987,0.0274,0.086,0.0886,0.0934,0.0355,0.0227,0.0947,0.0759,0.0812,0.1048,0.086,0.0557,0.0241,0.0133,-0.4102,-0.1027,0.0113,0.0147,0.0792,0.0147,0.0819,0.0469,0.0577,0.0812
8/25/2022,1.4667,0.0314,0.021,0.0308,-0.0169,-0.1574,-0.0254,0.0216,0.0086,0.0086,-0.0587,-0.0783,0.0282,0.0791,0.0536,0.0863,0.0242,0.0301,0.0549,0.0726,0.0425,0.0778,0.0373,0.0236,0.0216,0.0562,0.0223,-0.0293,0.0889,0.0014,0.0758,0.0909,0.0968,0.119,0.1007,0.0621,0.0536,0.0687,0.0615,-0.2168,-0.0124,0.0641,-0.0117,0.0889,0.0785,0.0484,0.0654,0.0471,0.0295
8/24/2022,1.3034,0.0501,0.0126,0.0193,-0.1092,-0.0255,0.0033,0.0441,0.0254,-0.0222,-0.0061,-0.0811,-0.0014,0.0917,0.026,0.0756,0.0213,0.0609,0.0595,0.028,0.0408,0.0187,0.0314,0.0006,0.0334,0.0528,0.0743,0.0354,0.0964,0.0468,0.024,0.1044,0.0937,0.1091,0.0816,0.0589,0.0555,0.0642,0.0743,-0.2533,-0.0294,0.0414,0.0026,0.0193,0.0374,0.028,0.014,0.0414,0.0334
8/23/2022,1.4809,-0.0113,0.0793,0.0637,-0.0778,-0.0426,-0.0993,-0.025,0.0291,-0.0328,0.048,0.065,-0.0165,0.0715,0.0454,0.0467,0.0252,0.0545,0.0154,0.0741,0.0187,0.0317,0.0448,0.0246,0.0493,0.0669,0.063,-0.0256,0.0845,0.0702,0.0539,0.0604,0.0858,0.1106,0.0656,0.1113,0.0565,0.0278,0.0728,-0.2626,-0.0338,0.0865,0.0389,0.0206,0.0558,0.0043,0.0598,0.0356,0.0904
8/22/2022,1.4662,0.0295,-0.0117,0.0268,-0.0307,-0.0418,-0.0535,-0.0908,-0.0143,0.0543,-0.0326,0.0262,0.038,0.0556,0.0412,0.0817,0.0399,0.0752,0.0706,0.0732,0.0059,0.0706,0.0674,0.083,0.0125,0.1059,0.0242,-0.028,0.0745,0.0334,0.0497,0.0856,0.1151,0.0824,0.1098,0.0745,0.0667,0.021,0.0981,-0.4235,-0.1089,0.0909,0.0628,0.0856,0.0713,0.0419,-0.0097,0.0811,0.0856
8/21/2022,1.4664,0.0151,0.0549,0.0602,-0.0712,-0.045,-0.0849,-0.0163,-0.0398,-0.0254,-0.0437,-0.062,0.0876,0.0347,0.0863,0.0491,0.0131,0.0295,0.0308,0.0184,0.0628,0.0745,0.0275,-0.0065,0.0131,0.0536,0.0406,-0.0489,0.085,-0.0189,0.0758,0.0948,0.0602,0.0811,0.1026,0.0811,0.0778,0.0164,0.0308,-0.0119,0.0833,0.0863,-0.015,0.0562,0.0484,0.051,0.0876,0.0641,0.0216
8/20/2022,1.466,0.0758,0.0478,0.0471,-0.0489,-0.0424,0.0151,0.0595,-0.0659,-0.0078,0.017,0.0706,-0.0065,0.0504,0.0804,0.0556,0.0445,0.0203,0.0484,0.0236,0.0582,0.0327,0.0072,0.0432,0.0131,0.0941,0.0399,0.0157,0.0817,0.0582,0.0471,0.0667,0.0634,0.0876,0.1177,0.1059,0.0772,0.066,0.0144,-0.3977,-0.0968,0.0896,0.066,0.0242,0.07,0.0353,-0.0045,0.0471,0.0582
8/19/2022,1.3626,0.0333,0.0147,0.0711,-0.0995,-0.1114,0.0452,0.0525,-0.0875,0.0027,-0.0338,0.008,0.0565,0.0684,0.0684,0.0691,0.0844,0.0167,0.0054,0.0459,0.0439,0.0565,0.0704,0.0399,-0.0039,0.0883,0.0711,0.0107,0.0996,-0.0006,0.0472,0.0625,0.0664,0.0731,0.0917,0.1122,0.0724,0.087,0.0791,-0.3166,-0.059,0.0651,-0.0139,0.012,0.0326,0.0319,0.016,0.0246,0.0923
8/18/2022,1.6441,0.0338,0.004,0.023,-0.0418,-0.1594,-0.0799,0.0243,-0.0291,-0.0208,0.0046,0.0675,0.058,0.0815,0.051,0.0573,0.0573,0.0872,0.0777,0.0427,0.0275,0.072,0.0885,0.0186,0.0904,0.0859,0.0955,0.0186,0.091,0.0421,0.0681,0.0974,0.0968,0.0885,0.0815,0.0701,0.0853,0.0573,0.044,-0.339,-0.0694,0.0211,0.0593,0.1037,0.0643,0.0497,-0.0062,0.0306,0.072
8/17/2022,1.9405,0.0406,0.0461,0.0291,0.0224,-0.1157,-0.066,-0.0775,-0.0242,0.017,0.0697,0.0546,0.0988,0.0952,0.0958,0.0939,0.0291,0.0618,0.0364,0.0649,0.0255,0.063,0.0758,0.0443,0.0843,0.0479,0.0624,0.0394,0.0843,0.0273,0.0661,0.0806,0.0794,0.0952,0.0752,0.0824,0.0727,0.0255,0.0891,-0.3419,-0.0708,0.0861,0.0315,0.1055,0.0849,0.0394,0.0727,0.0958,0.0449
8/16/2022,1.8215,0.0437,0.0666,0.0518,-0.0323,-0.1416,-0.0922,-0.0131,-0.0545,-0.0113,0.0777,-0.0391,0.0301,0.0462,0.0888,0.0894,0.0604,0.0419,0.0314,0.0239,0.0734,0.0925,0.0647,0.0882,0.0141,0.0944,0.1006,0.0647,0.0814,0.0172,0.0746,0.0808,0.1179,0.0863,0.1055,0.0789,0.074,0.0715,0.0826,-0.2903,-0.0467,0.0165,0.0066,0.1036,0.0888,0.053,0.0777,0.0542,0.027
8/15/2022,1.6292,0.0603,0.0004,0.0418,-0.013,-0.143,-0.0633,-0.0742,-0.0525,0.0195,0.0048,0.0189,0.0768,0.0469,0.0565,0.0686,0.0577,0.0335,0.0743,0.0666,0.0297,0.0354,0.0112,0.0303,0.096,0.1004,0.0494,0.0507,0.0807,0.0724,0.0781,0.1176,0.0717,0.0781,0.1189,0.11,0.0533,0.0329,0.0144,-0.1686,0.0101,0.0227,-0.0022,0.0724,0.0157,0.0686,0.0259,0.0386,0.0342
8/14/2022,1.718,0.08,0.0743,0.0404,0.0228,0.0134,-0.072,-0.0117,-0.0419,0.0027,-0.0306,0.0341,-0.0042,0.0756,0.0649,0.0479,0.0498,0.0863,0.0856,0.0266,0.0366,0.0498,0.0178,0.0806,0.0234,0.1007,0.0398,0.0737,0.0988,0.0385,0.0479,0.0743,0.0756,0.1001,0.0787,0.0819,0.0668,0.0266,0.0153,-0.3083,-0.0551,0.0015,0.0423,0.0586,0.0831,0.0561,0.0624,0.0718,0.0347
8/13/2022,1.4669,0.0105,0.0027,-0.0097,-0.0646,-0.0973,-0.0444,-0.0241,0.0099,0.0445,0.0059,0.0321,0.0654,0.0798,0.0432,0.0419,0.0798,0.07,0.0615,0.038,0.0569,0.0504,0.0131,0.021,0.0001,0.0687,0.0432,-0.0476,0.0726,-0.0019,0.0621,0.0641,0.0732,0.1046,0.119,0.0739,0.0693,0.0249,0.0138,-0.1914,-0.0005,0.0758,-0.0006,0.0282,0.1007,0.034,0.0739,0.0745,0.0458
8/12/2022,2.1179,0.0643,0.0514,0.0267,0.0361,-0.0916,-0.0757,-0.0327,-0.0151,-0.0233,0.0655,-0.0392,0.079,0.069,0.0655,0.0943,0.0978,0.0814,0.0314,0.0343,0.0367,0.0602,0.1037,0.0914,0.0614,0.0455,0.1067,0.0708,0.102,0.0014,0.062,0.1026,0.1037,0.1173,0.0996,0.0796,0.0678,0.0478,0.0696,-0.3506,-0.0748,0.0726,0.0578,0.0943,0.1002,0.019,0.0496,0.0978,0.1031
8/11/2022,1.7626,0.0251,0.0151,0.0544,-0.0772,-0.1128,-0.0217,-0.0747,-0.0598,0.0513,-0.0292,-0.0385,0.0226,0.0482,0.0974,0.0681,0.0931,0.0569,0.0438,0.0176,0.0768,0.0806,0.0812,0.0369,0.0918,0.0968,0.0301,0.0313,0.1037,0.0257,0.0625,0.1255,0.0943,0.0943,0.1118,0.0931,0.0818,0.0388,0.0419,-0.1973,-0.0033,0.0001,0.0132,0.0993,0.0301,0.0856,0.0082,0.0825,0.0656
8/10/2022,1.6739,0.0699,0.0471,0.037,-0.0282,-0.0136,-0.0263,0.0528,-0.0098,-0.0263,0.0585,0.0648,0.0117,0.073,0.0522,0.025,0.0471,0.0288,0.0231,0.0692,0.0382,0.0623,0.0908,0.0205,0.0598,0.0458,0.0579,-0.0434,0.0914,0.006,0.0503,0.0825,0.1002,0.1135,0.0813,0.1066,0.0667,0.0174,0.0806,-0.3466,-0.0729,0.0686,0.0958,0.0243,0.0319,0.0401,0.0503,0.0572,0.0408
8/9/2022,2.001,0.0431,0.0737,0.0167,-0.0266,-0.038,-0.017,0.0191,0.0101,0.0425,0.0107,-0.065,0.0671,0.0629,0.0737,0.0851,0.0617,0.0743,0.0749,0.0665,0.0311,0.0497,0.0905,0.0953,0.0437,0.0779,0.0569,0.0443,0.0989,-0.035,0.0455,0.0995,0.0719,0.1001,0.0941,0.1043,0.0767,0.0671,0.0263,-0.244,-0.0251,0.0167,0.0083,0.0263,0.0797,0.0779,0.0725,0.0755,0.0389
8/8/2022,4.1917,0.1031,0.0867,0.124,0.0833,0.0277,0.0772,0.0829,0.0886,0.0791,0.0852,0.0943,0.0692,0.1099,0.0943,0.1213,0.0951,0.1084,0.0855,0.0905,0.0985,0.0867,0.1217,0.0905,0.1012,0.0882,0.1168,0.1053,0.1156,0.1137,0.089,0.1107,0.1301,0.1225,0.1175,0.1191,0.1092,0.1073,0.1103,-0.2903,-0.0467,0.1213,0.0962,0.1,0.0753,0.0798,0.073,0.1031,0.1198
8/7/2022,8.6047,0.1816,0.182,0.1829,0.187,0.188,0.1851,0.1831,0.1906,0.18,0.1849,0.1844,0.1791,0.1767,0.1788,0.1759,0.1797,0.1808,0.1765,0.1799,0.1768,0.1795,0.1756,0.1831,0.1817,0.1756,0.1758,0.1768,0.1747,0.1781,0.1747,0.1705,0.1732,0.173,0.1745,0.1734,0.1762,0.1812,0.1792,0.1946,0.1797,0.1823,0.1726,0.1787,0.1759,0.1762,0.1793,0.1798,0.175
8/6/2022,4.68,0.0833,0.0933,0.1288,0.0349,0.0887,0.1039,0.0402,0.0644,0.0664,0.1225,0.0797,0.1209,0.1099,0.1159,0.1142,0.0963,0.0966,0.0883,0.1076,0.1056,0.1192,0.1016,0.092,0.0833,0.1242,0.1109,0.0757,0.1212,0.1009,0.1218,0.1308,0.1162,0.1285,0.1411,0.1265,0.1119,0.0853,0.0956,-0.059,0.0613,0.0933,0.081,0.1311,0.1003,0.1245,0.0883,0.1009,0.1102
8/5/2022,2.3697,0.0242,0.0788,0.0878,0.0107,-0.0039,0.0023,-0.0281,0.0338,0.0496,-0.0022,0.0377,0.094,0.0952,0.1047,0.0411,0.076,0.0315,0.0518,0.0569,0.0417,0.0434,0.0687,0.0619,0.0163,0.1014,0.0625,0.0873,0.1075,0.0738,0.0912,0.1239,0.0805,0.0997,0.107,0.1081,0.08,0.0394,0.0445,-0.358,-0.0783,0.1025,0.0394,0.0963,0.0512,0.0338,0.0878,0.0315,0.0828
8/4/2022,2.2514,0.0689,0.0781,0.0643,0.0201,0.0275,-0.011,-0.0391,-0.0483,0.0896,0.0718,0.077,0.077,0.0684,0.0747,0.0448,0.0528,0.0632,0.0787,0.0264,0.0275,0.0454,0.0931,0.0333,0.1057,0.0534,0.0885,0.1023,0.1029,-0.019,0.0477,0.1224,0.1052,0.0822,0.1,0.0954,0.0638,0.0839,0.1063,-0.4788,-0.1347,0.0597,0.1103,0.0649,0.0891,0.0638,0.0425,0.0304,0.0793
8/3/2022,2.3698,0.0574,0.0805,0.0862,0.0321,-0.0929,0.049,0.0237,-0.0642,0.0259,-0.0034,-0.0383,0.0079,0.0946,0.0659,0.0788,0.0574,0.0957,0.0603,0.0783,0.0659,0.0574,0.1115,0.0158,0.0997,0.1109,0.0721,-0.0197,0.0862,0.0141,0.0648,0.1194,0.0884,0.0862,0.0816,0.1109,0.0659,0.0749,0.0389,-0.1865,0.0018,0.0518,0.1047,0.0743,0.0541,0.0529,0.0141,0.0766,0.0862
8/2/2022,2.4736,0.0274,0.0727,0.0893,0.0009,0.0014,0.0644,-0.0605,-0.0439,0.0976,-0.0163,0.0926,0.0954,0.0976,0.0976,0.0849,0.0517,0.0688,0.0821,0.0849,0.065,0.0943,0.076,0.0163,0.0965,0.0749,0.0727,0.0169,0.1009,-0.0212,0.0606,0.1015,0.0954,0.0838,0.091,0.1059,0.0943,0.0307,0.102,-0.3446,-0.072,0.081,0.0202,0.0904,0.1092,0.0622,0.0473,0.0887,0.0451
8/1/2022,3.1992,0.0495,0.1019,0.0649,0.0543,0.0505,-0.0182,0.0058,-0.023,0.0966,0.0538,0.0788,0.0438,0.0817,0.0663,0.0582,0.1052,0.1052,0.0644,0.0908,0.0711,0.0615,0.0663,0.0985,0.0558,0.1038,0.0827,0.0884,0.1172,0.0971,0.0836,0.1172,0.1148,0.1326,0.0951,0.1235,0.0918,0.0865,0.051,-0.2604,-0.0327,0.1014,0.0519,0.0951,0.0634,0.0851,0.0678,0.0519,0.1067
7/31/2022,7.0053,0.1403,0.1429,0.1477,0.1398,0.1355,0.1409,0.1364,0.1406,0.1549,0.1388,0.1534,0.1416,0.1502,0.147,0.1479,0.1489,0.1489,0.1431,0.1428,0.143,0.1475,0.1509,0.1482,0.1473,0.1479,0.1528,0.1348,0.1545,0.1432,0.1533,0.1548,0.1561,0.156,0.1513,0.1586,0.1505,0.1513,0.1562,0.0867,0.1293,0.1404,0.1401,0.1529,0.1485,0.1538,0.1535,0.1458,0.1545
7/30/2022,6.9466,0.1459,0.15,0.1424,0.1334,0.143,0.1359,0.1282,0.1296,0.1328,0.1397,0.1414,0.1513,0.1477,0.1466,0.1539,0.1432,0.1452,0.1517,0.1436,0.1509,0.1532,0.1435,0.14,0.139,0.153,0.153,0.1475,0.1555,0.1519,0.1471,0.1517,0.154,0.1576,0.1587,0.1567,0.1515,0.1463,0.1493,0.0743,0.1235,0.1385,0.1488,0.1505,0.155,0.1496,0.1378,0.1533,0.1494
7/29/2022,3.4061,0.1083,0.0541,0.0968,0.0647,0.0059,-0.0139,-0.0033,0.0541,0.1152,0.0256,0.0045,0.1037,0.0955,0.0959,0.0601,0.0619,0.0573,0.1079,0.0629,0.0743,0.1092,0.112,0.0739,0.0817,0.1111,0.0739,0.089,0.1051,0.0835,0.0886,0.1244,0.1175,0.1336,0.1258,0.106,0.0932,0.1033,0.0707,-0.2855,-0.0445,0.0968,0.0941,0.1102,0.0743,0.0573,0.0753,0.0959,0.0982
7/28/2022,2.2515,0.0431,0.0799,0.0097,-0.0466,-0.0259,0.0046,-0.0236,0.0109,0.0281,0.0546,-0.0092,0.062,0.0689,0.0741,0.0689,0.0523,0.0494,0.0379,0.0603,0.0373,0.0592,0.0557,0.0747,0.0563,0.0931,0.0937,0.0551,0.0919,0.0908,0.0862,0.1052,0.0931,0.0873,0.0942,0.0902,0.0885,0.0379,0.0804,-0.3283,-0.0644,0.0304,0.1098,0.0546,0.0902,0.0873,0.0718,0.0293,0.1006
7/27/2022,2.5032,0.0364,0.065,0.0435,0.032,0.0204,0.0628,-0.0153,0.0215,0.0402,0.0089,0.0512,0.0677,0.098,0.0474,0.038,0.0743,0.0776,0.0358,0.0353,0.0452,0.0424,0.0551,0.0672,0.0199,0.0892,0.0749,0.0139,0.098,0.0149,0.0694,0.1243,0.0947,0.0903,0.104,0.1183,0.0688,0.0683,0.0479,-0.2388,-0.0226,0.0749,0.0897,0.0991,0.0903,0.0523,0.0457,0.0782,0.087
7/26/2022,2.4287,0.0915,0.077,0.0764,-0.0166,0.0318,0.0279,0.0246,0.0491,0.1071,-0.0099,-0.0278,0.0285,0.0753,0.0491,0.0419,0.0792,0.0781,0.0357,0.0786,0.0708,0.0502,0.0681,0.0285,0.0474,0.1098,0.0513,0.0068,0.0993,0.0352,0.0903,0.0809,0.0993,0.0842,0.1176,0.1009,0.0686,0.0435,0.0892,-0.3757,-0.0865,0.0653,0.1004,0.0987,0.0792,0.077,0.0363,0.1015,0.0931
7/25/2022,3.4509,0.0548,0.0548,0.0639,0.0197,0.0216,0.0839,0.0716,0.0629,0.0839,0.0975,0.0093,0.067,0.0798,0.0957,0.0952,0.0616,0.0739,0.0639,0.0798,0.1034,0.1107,0.1157,0.0589,0.0871,0.1257,0.0889,0.0652,0.108,0.0902,0.0939,0.1184,0.1262,0.0957,0.1194,0.1253,0.0916,0.0861,0.0893,-0.3252,-0.063,0.1075,0.0875,0.083,0.0761,0.0975,0.0734,0.0752,0.0984
7/24/2022,3.3475,0.0555,0.0727,0.0773,-0.0022,0.0164,0.0569,0.0168,0.0727,0.1099,0.0448,0.0741,0.0894,0.0852,0.0722,0.0964,0.0792,0.0857,0.0606,0.0801,0.0834,0.0811,0.0797,0.0941,0.1006,0.1136,0.0783,0.0983,0.1043,0.0317,0.0722,0.1211,0.1257,0.1099,0.1104,0.0964,0.0871,0.0522,0.1025,-0.2469,-0.0264,0.0601,0.0736,0.1192,0.0708,0.1071,0.0662,0.069,0.0685
7/23/2022,7.8201,0.1634,0.1627,0.1626,0.1594,0.1597,0.1599,0.1637,0.1604,0.1626,0.164,0.1625,0.1646,0.1645,0.1639,0.1638,0.1628,0.1638,0.1623,0.1636,0.1635,0.164,0.1636,0.1636,0.1643,0.1631,0.1628,0.1616,0.1642,0.1622,0.1639,0.1654,0.1648,0.165,0.1648,0.1642,0.1644,0.1643,0.163,0.1485,0.1582,0.1636,0.1641,0.1639,0.1649,0.1623,0.1638,0.1639,0.164
7/22/2022,7.1828,0.1502,0.1471,0.1544,0.1486,0.1431,0.1505,0.1371,0.1399,0.1574,0.141,0.1378,0.1467,0.1525,0.1575,0.1527,0.1554,0.1517,0.1551,0.1493,0.1468,0.1538,0.153,0.1483,0.1538,0.1547,0.151,0.1502,0.1553,0.1527,0.1549,0.1553,0.1597,0.1561,0.1577,0.1558,0.1561,0.1557,0.1493,0.0885,0.1302,0.1503,0.1528,0.1557,0.1467,0.1489,0.155,0.1498,0.1567
7/21/2022,3.4952,0.0482,0.0495,0.0626,0.0554,-0.036,0.0369,0.0288,0.0676,0.0414,0.0441,0.0013,0.0829,0.1099,0.0775,0.105,0.0824,0.0811,0.0928,0.1041,0.0689,0.0932,0.0658,0.1108,0.0865,0.1077,0.0869,0.0559,0.1144,0.0712,0.0824,0.1234,0.1342,0.0986,0.1266,0.1167,0.0968,0.0779,0.0599,-0.1039,0.0404,0.0865,0.054,0.118,0.0613,0.0977,0.0667,0.0977,0.0635
7/20/2022,2.8289,0.0513,0.0462,0.0746,-0.0138,0.011,-0.021,0.025,0.0069,-0.0123,0.0301,-0.0252,0.0881,0.0943,0.0819,0.1046,0.0793,0.0793,0.0731,0.0865,0.0395,0.0617,0.0653,0.0824,0.0581,0.0912,0.0979,0.0663,0.1098,0.0193,0.0581,0.1201,0.117,0.1025,0.0855,0.1217,0.0788,0.0782,0.0782,-0.1746,0.0073,0.0576,0.0674,0.0591,0.0875,0.0741,0.0927,0.0576,0.1087
7/19/2022,2.0586,0.0579,0.0389,0.0562,0.0199,-0.1328,-0.0466,-0.0769,0.0401,0.0389,0.0882,0.0544,0.0995,0.1001,0.0615,0.0461,0.0799,0.0639,0.0211,0.0591,0.0758,0.0948,0.0651,0.0817,0.0859,0.1132,0.0728,0.008,0.0924,0.03,0.0657,0.1168,0.071,0.1215,0.1227,0.1043,0.0787,0.0799,0.1037,-0.5721,-0.1783,0.0793,0.0948,0.0484,0.1096,0.0876,0.0253,0.0556,0.055
7/18/2022,2.4441,0.0367,0.0911,0.0989,-0.06,0.02,-0.0495,0.0339,-0.0561,-0.02,0.0883,-0.0072,0.0811,0.0939,0.1,0.0444,0.0678,0.0978,0.06,0.0478,0.06,0.0672,0.0328,0.06,0.0572,0.0694,0.0689,0.0333,0.0944,0.0011,0.0517,0.1044,0.125,0.0911,0.1194,0.09,0.0717,0.0405,0.0722,-0.2273,-0.0173,0.07,0.1078,0.045,0.11,0.0778,0.0694,0.0367,0.0928
7/17/2022,5.1987,0.1042,0.1031,0.1202,0.0608,0.0305,0.1098,0.093,0.0851,0.0972,0.0994,0.0781,0.0893,0.1129,0.1266,0.1028,0.109,0.105,0.102,0.1171,0.126,0.107,0.1188,0.107,0.1255,0.1359,0.1132,0.1154,0.1378,0.0826,0.1129,0.1459,0.1325,0.1246,0.1311,0.1319,0.128,0.13,0.1095,0.024,0.1001,0.0975,0.0916,0.1062,0.1283,0.1176,0.1213,0.1168,0.1336
7/16/2022,2.4884,0.0867,0.0625,0.0278,0.0107,0.0024,-0.0538,0.0256,0.0079,0.041,0.0873,-0.0367,0.025,0.0796,0.0719,0.095,0.0669,0.0834,0.0851,0.0895,0.046,0.0818,0.0856,0.0708,0.0686,0.0708,0.1088,0.0895,0.1027,0.0675,0.0823,0.1248,0.0746,0.084,0.0983,0.1182,0.0741,0.0763,0.1027,-0.4048,-0.1002,0.0619,0.1066,0.0548,0.036,0.0316,0.084,0.0537,0.0796
7/15/2022,1.3625,0.0518,0.0107,0.0339,-0.0676,-0.067,-0.057,-0.0325,0.0313,0.0007,0.0571,0.0094,0.089,0.0565,0.0445,0.0532,0.087,0.0213,0.0114,0.0485,0.012,0.0299,0.0392,0.024,0.0651,0.0432,0.0923,0.0784,0.091,0.0598,0.0691,0.1209,0.0691,0.0731,0.0976,0.0711,0.0718,0.0923,0.0731,-0.5342,-0.1606,0.0651,0.014,0.014,0.0857,0.0412,0.024,0.0611,0.097
7/14/2022,4.9472,0.0986,0.1084,0.1316,0.0577,0.0568,0.1016,0.0635,0.0427,0.1319,0.1142,0.0494,0.1142,0.1114,0.1331,0.1038,0.1019,0.1117,0.0946,0.0961,0.0989,0.108,0.1337,0.1145,0.0946,0.1242,0.1105,0.0653,0.1261,0.1032,0.1077,0.1462,0.1184,0.1432,0.1306,0.1172,0.127,0.1209,0.1261,-0.0777,0.0526,0.0934,0.1312,0.1154,0.1084,0.1129,0.1288,0.1111,0.1316
7/13/2022,3.0808,0.0343,0.0329,0.0491,-0.007,-0.0237,0.0422,0.052,0.0009,0.0024,0.0629,-0.0242,0.0486,0.1047,0.0648,0.0752,0.0958,0.0481,0.0934,0.0781,0.0742,0.0589,0.0579,0.0944,0.1135,0.0712,0.0698,0.025,0.1012,0.0152,0.0924,0.1342,0.0963,0.1042,0.1249,0.0934,0.1027,0.0501,0.0757,0.0302,0.1029,0.0437,0.0437,0.0801,0.1057,0.0919,0.0648,0.0766,0.0555
7/12/2022,2.5178,0.0373,0.045,0.0729,-0.0104,-0.1025,-0.0329,0.006,0.0428,0.0219,-0.0192,0.0724,0.0532,0.0779,0.0779,0.0477,0.0861,0.0389,0.0384,0.0466,0.0554,0.0674,0.0932,0.0724,0.0263,0.0921,0.08,0.0537,0.1086,0.0148,0.0746,0.1151,0.1129,0.1212,0.1228,0.1086,0.0877,0.0828,0.0762,-0.2033,-0.0061,0.0757,0.0921,0.0954,0.0345,0.0526,0.0493,0.0598,0.102
7/11/2022,2.9477,0.0727,0.053,0.0388,0.0484,-0.0127,0.0313,-0.0289,-0.0167,-0.0117,0.0328,-0.0213,0.0606,0.0692,0.0661,0.0489,0.104,0.0823,0.0656,0.054,0.0565,0.0636,0.05,0.052,0.0606,0.0732,0.106,0.105,0.1151,0.0656,0.059,0.1278,0.1222,0.1247,0.1005,0.0959,0.0833,0.0646,0.0904,-0.0496,0.0657,0.0606,0.0333,0.0929,0.098,0.0404,0.0788,0.0949,0.0803
7/10/2022,5.9091,0.1263,0.1198,0.1154,0.0902,0.1154,0.1054,0.0849,0.1173,0.142,0.1253,0.1167,0.1146,0.1336,0.1301,0.1203,0.1284,0.141,0.133,0.1177,0.1263,0.1238,0.1359,0.1349,0.1244,0.1355,0.1376,0.1069,0.1418,0.1376,0.1282,0.1334,0.146,0.1453,0.1458,0.1376,0.1378,0.114,0.1345,-0.0229,0.0782,0.133,0.1399,0.1376,0.1292,0.1382,0.1173,0.1253,0.1286
7/9/2022,7.6277,0.1581,0.16,0.1597,0.1578,0.1481,0.1582,0.1566,0.1553,0.1578,0.1569,0.157,0.1581,0.1619,0.1621,0.1583,0.1581,0.1613,0.1621,0.1612,0.1585,0.1602,0.1629,0.1607,0.1615,0.1629,0.1623,0.1601,0.1619,0.1579,0.1601,0.1633,0.1609,0.1623,0.1622,0.1609,0.1607,0.1595,0.1582,0.1361,0.1524,0.1595,0.1609,0.1597,0.1595,0.1577,0.1571,0.1588,0.1604
7/8/2022,2.9919,0.08,0.0735,0.0279,0.047,-0.0567,-0.0422,-0.0256,0.0204,0.0234,0.087,0.0475,0.0981,0.0991,0.0805,0.0695,0.1056,0.053,0.0565,0.063,0.0445,0.095,0.0495,0.0425,0.0515,0.0915,0.075,0.0735,0.1086,0.0044,0.0745,0.1231,0.1231,0.0996,0.1256,0.1051,0.0815,0.1006,0.0996,-0.1191,0.0332,0.1036,0.091,0.0675,0.0875,0.0665,0.056,0.046,0.0835
7/7/2022,2.3994,0.0631,0.0423,0.0944,0.0126,-0.1145,-0.0478,-0.0126,-0.0523,0.0373,0.0289,0.0216,0.0496,0.0899,0.0978,0.0379,0.0412,0.0339,0.072,0.0698,0.0647,0.0743,0.1129,0.0435,0.0967,0.067,0.1023,0.0743,0.1107,-0.0137,0.0692,0.0843,0.0927,0.1095,0.0989,0.1095,0.067,0.0787,0.0479,-0.1911,-0.0004,0.0664,0.0614,0.1107,0.0541,0.0922,0.0575,0.0429,0.0502
7/6/2022,2.192,0.0354,0.0546,0.0308,0.0331,-0.0215,-0.0244,-0.0813,-0.0262,0.0267,0.0389,0.0418,0.0673,0.054,0.0813,0.065,0.0883,0.0976,0.0406,0.0284,0.065,0.0464,0.0714,0.0871,0.0917,0.0586,0.0836,0.0319,0.0848,-0.018,0.0493,0.0929,0.083,0.0778,0.09,0.1034,0.0894,0.0883,0.0482,-0.2938,-0.0483,0.0952,0.0668,0.0842,0.1127,0.0534,0.0714,0.0563,0.0389
7/5/2022,2.3998,0.025,0.0166,0.0121,-0.0394,-0.0434,0.0619,-0.0316,-0.0361,0.011,0.0423,0.0115,0.0776,0.1017,0.0743,0.0961,0.0726,0.0771,0.0597,0.0737,0.0345,0.0922,0.0793,0.081,0.0463,0.0894,0.0838,0.0883,0.109,0.0703,0.0787,0.0883,0.1073,0.1163,0.0799,0.1135,0.0715,0.072,0.0933,-0.3117,-0.0567,0.0815,0.0927,0.0323,0.1079,0.0726,0.0367,0.0446,0.0423
7/4/2022,4.517,0.1127,0.1116,0.0744,0.0354,-0.0075,0.1015,0.0298,0.0329,0.0991,0.0678,0.1127,0.1144,0.1249,0.1078,0.1061,0.12,0.0873,0.1095,0.0914,0.0834,0.088,0.0956,0.0824,0.089,0.104,0.0942,0.0538,0.1179,0.0998,0.0998,0.1405,0.128,0.113,0.1353,0.1329,0.1155,0.1089,0.0921,-0.0164,0.0812,0.0977,0.1144,0.0883,0.1092,0.113,0.0775,0.1151,0.1311
7/3/2022,4.754,0.0777,0.0901,0.1115,0.0482,0.0979,0.0865,0.1066,0.0988,0.0982,0.1099,0.0858,0.0803,0.1095,0.1313,0.1027,0.1271,0.1209,0.1115,0.1008,0.1209,0.1147,0.0914,0.0787,0.0949,0.1254,0.1021,0.0803,0.1241,0.0823,0.1173,0.1186,0.1147,0.1264,0.1417,0.1371,0.1105,0.0995,0.1313,-0.1571,0.0155,0.0936,0.119,0.0901,0.1235,0.1258,0.13,0.1063,0.1001
7/2/2022,1.7185,0.0561,0.0134,0.0957,-0.0256,-0.1185,-0.0425,0.0071,-0.0846,0.0266,0.0084,-0.0243,-0.008,0.0423,0.0486,0.068,0.0322,0.0856,0.0291,0.0687,0.0454,0.0461,0.0706,0.0831,0.0907,0.0919,0.0624,-0.013,0.0907,0.0863,0.0649,0.0844,0.0894,0.0913,0.0775,0.1114,0.0706,0.0096,0.0913,-0.2397,-0.0231,0.0555,0.0894,0.0473,0.0467,0.0247,-0.0067,0.0611,0.0404
7/1/2022,2.7252,0.0854,0.0865,0.0738,-0.0143,-0.009,0,-0.058,0.067,0.0221,0.0058,0.0116,0.067,0.0596,0.0564,0.0548,0.0991,0.0411,0.0385,0.0923,0.0701,0.0828,0.0659,0.0475,0.0696,0.0622,0.1108,0.0997,0.1055,0.0738,0.0612,0.1329,0.0902,0.1144,0.0918,0.087,0.096,0.0527,0.0485,-0.1793,0.0052,0.0823,0.029,0.0422,0.0686,0.0886,0.0949,0.1039,0.0475
6/30/2022,2.37,0.0237,0.0383,0.0101,-0.0456,-0.0073,-0.0692,-0.0259,-0.0355,0.027,0.0687,0.0496,0.0963,0.0884,0.0873,0.0974,0.0715,0.0321,0.0344,0.049,0.0558,0.0867,0.058,0.0265,0.1059,0.0586,0.0766,0.0563,0.0997,0.0524,0.0743,0.0839,0.1014,0.0878,0.116,0.1205,0.0816,0.0687,0.0304,-0.1538,0.017,0.0659,0.0676,0.0918,0.0507,0.0338,0.0507,0.0462,0.0687
6/29/2022,2.133,0.0423,0.0675,0.0323,-0.0352,-0.0105,0.0329,0.0059,-0.0434,-0.0152,0.0505,0.0904,0.1004,0.0505,0.0986,0.064,0.0816,0.0393,0.0781,0.0611,0.0294,0.0546,0.0569,0.0722,0.0393,0.0834,0.0986,0.0869,0.0886,-0.0011,0.0828,0.108,0.0687,0.1191,0.1086,0.1015,0.0816,0.1027,0.0253,-0.3581,-0.0783,0.0646,0.0734,0.0399,0.0259,0.0288,0.0282,0.064,0.0464
6/28/2022,3.4063,0.1019,0.0569,0.0413,-0.0194,-0.0658,-0.0061,0.0339,0.0128,0.0624,0.1005,0.0261,0.1134,0.0844,0.1024,0.0688,0.0945,0.0743,0.0844,0.0725,0.0748,0.0679,0.0932,0.1079,0.0982,0.0941,0.1166,0.0863,0.1157,0.0206,0.0867,0.1125,0.1129,0.0945,0.1308,0.1203,0.089,0.106,0.101,-0.1884,0.0009,0.1024,0.0711,0.101,0.0766,0.0886,0.0955,0.0936,0.0968
6/27/2022,3.4361,0.0932,0.0841,0.0576,0.0015,0.0466,-0.0008,-0.015,0.0507,0.0165,0.0923,0.0421,0.0462,0.0841,0.0818,0.0868,0.0795,0.0968,0.0695,0.0968,0.079,0.095,0.0868,0.079,0.0617,0.0882,0.0882,0.0603,0.1032,0.085,0.079,0.0982,0.1247,0.1315,0.1302,0.095,0.1069,0.0863,0.0713,-0.1569,0.0156,0.1114,0.0927,0.0936,0.0827,0.0535,0.0836,0.1028,0.0973
6/26/2022,6.0726,0.1329,0.1337,0.1152,0.0907,0.0739,0.1192,0.1058,0.098,0.1206,0.1059,0.1347,0.1372,0.1343,0.13,0.136,0.1241,0.1322,0.1314,0.1372,0.1341,0.1405,0.1218,0.1139,0.1241,0.1422,0.1424,0.1071,0.1451,0.1331,0.1277,0.1387,0.1374,0.1364,0.1383,0.1422,0.1362,0.1216,0.1418,0.1081,0.1393,0.1295,0.115,0.1196,0.1418,0.1252,0.1254,0.127,0.1241
6/25/2022,7.0498,0.1465,0.15,0.1444,0.1378,0.1331,0.1446,0.1502,0.1379,0.1532,0.1439,0.1441,0.1539,0.1504,0.1477,0.1447,0.1542,0.1532,0.1477,0.1534,0.1452,0.1526,0.155,0.149,0.1428,0.1495,0.1534,0.1488,0.1542,0.1384,0.1527,0.1517,0.1558,0.1571,0.1594,0.152,0.1507,0.1554,0.1558,0.0619,0.1177,0.154,0.1423,0.1526,0.1548,0.1531,0.142,0.1439,0.1571
6/24/2022,7.4943,0.1563,0.1569,0.161,0.1466,0.1456,0.1573,0.1507,0.1517,0.1486,0.1551,0.1582,0.1534,0.1597,0.1591,0.1595,0.1598,0.1573,0.1573,0.1567,0.1548,0.1601,0.1599,0.1596,0.1586,0.1594,0.1568,0.1551,0.1599,0.1515,0.1563,0.1612,0.1598,0.1611,0.1624,0.1622,0.1601,0.157,0.1562,0.1229,0.1462,0.1533,0.1618,0.1616,0.157,0.1546,0.1564,0.159,0.1587
6/23/2022,2.9179,0.0808,0.0701,0.0833,-0.0407,-0.0869,0.0432,0.0676,-0.0315,0.0223,0.0701,0.0864,0.0528,0.1052,0.065,0.1047,0.0986,0.0859,0.0508,0.094,0.0549,0.0833,0.0737,0.0513,0.0432,0.1128,0.0996,0.002,0.0981,0.0975,0.0604,0.0945,0.1108,0.1306,0.1011,0.0965,0.0869,0.1011,0.093,-0.237,-0.0218,0.0594,0.1052,0.0543,0.0782,0.0533,0.0584,0.066,0.0889
6/22/2022,2.4435,0.0889,0.0694,0.0905,-0.0367,0.0144,-0.0417,0.0589,0.0294,0.0244,0.0711,0.0655,0.015,0.0933,0.1,0.0533,0.0844,0.0928,0.0978,0.0783,0.0778,0.0644,0.1105,0.0967,0.0467,0.11,0.0511,0.0505,0.1055,0.0655,0.0639,0.0805,0.1005,0.0972,0.0989,0.0894,0.0917,0.0505,0.0778,-0.5746,-0.1794,0.0555,0.1139,0.0655,0.1017,0.0944,0.0839,0.0417,0.0628
6/21/2022,2.5919,0.1001,0.0937,0.0228,0.0434,0.038,-0.0075,0.025,-0.0491,0.025,-0.0194,0.0509,0.0336,0.072,0.1007,0.1001,0.0634,0.038,0.0807,0.0536,0.0839,0.0812,0.1045,0.0942,0.0834,0.0547,0.0764,0.0937,0.1018,0.0823,0.0866,0.1288,0.0872,0.1153,0.0899,0.1131,0.0861,0.0482,0.0569,-0.4088,-0.102,0.0823,0.0812,0.032,0.0947,0.0882,0.0509,0.0455,0.0947
6/20/2022,4.31,0.1176,0.0829,0.0648,0.0825,-0.0031,0.0951,0.0829,0.0478,0.0427,0.1172,0.101,0.1154,0.0947,0.0918,0.1231,0.1102,0.0829,0.1117,0.1143,0.0811,0.1209,0.1301,0.0718,0.0755,0.0988,0.1194,0.07,0.1191,0.0877,0.1073,0.1154,0.1054,0.1098,0.1187,0.1169,0.1194,0.1058,0.0829,-0.1002,0.0421,0.1021,0.0866,0.0921,0.122,0.0763,0.0748,0.0799,0.1028
6/19/2022,2.9917,0.0585,0.055,0.059,0.0154,-0.0772,-0.0141,0.074,-0.0437,0.0164,0.0805,0.078,0.081,0.094,0.09,0.0725,0.072,0.094,0.0675,0.0725,0.0525,0.1046,0.058,0.1041,0.0565,0.1031,0.0665,0.0139,0.1111,0.061,0.078,0.1181,0.0885,0.09,0.0986,0.1241,0.086,0.0695,0.1031,-0.0921,0.0458,0.0575,0.0735,0.045,0.0445,0.09,0.037,0.088,0.07
6/18/2022,7.8791,0.1649,0.1638,0.1643,0.1628,0.1608,0.164,0.1623,0.1634,0.1626,0.1637,0.1637,0.1634,0.1647,0.1643,0.165,0.1651,0.1652,0.164,0.1648,0.1641,0.164,0.1651,0.1646,0.1635,0.1648,0.1651,0.1651,0.1654,0.1646,0.1648,0.1657,0.1647,0.1654,0.1651,0.1649,0.1645,0.1646,0.164,0.1585,0.1629,0.1642,0.1646,0.1645,0.1644,0.1641,0.1638,0.1642,0.1651
6/17/2022,7.2426,0.1534,0.1549,0.1503,0.1477,0.1481,0.1424,0.1374,0.1355,0.1577,0.1519,0.1476,0.1465,0.1519,0.152,0.1544,0.1512,0.1518,0.1525,0.1519,0.1511,0.1554,0.1571,0.151,0.1507,0.1539,0.1502,0.1549,0.1563,0.1439,0.1555,0.1601,0.1611,0.1583,0.1573,0.1593,0.1546,0.152,0.1514,0.1067,0.1387,0.1532,0.1511,0.153,0.1526,0.1511,0.1544,0.1513,0.1573
6/16/2022,3.0362,0.052,0.0872,0.0649,0.0317,-0.0522,0.0282,-0.0294,0.0451,0.0485,0.0207,0.0222,0.0302,0.0972,0.1091,0.0887,0.0699,0.0808,0.0932,0.0575,0.0823,0.0833,0.0733,0.0937,0.115,0.0932,0.0624,0.0823,0.1106,0.0158,0.0877,0.116,0.1225,0.1011,0.0982,0.0962,0.0937,0.0515,0.0485,-0.2083,-0.0084,0.0962,0.0699,0.1031,0.0619,0.0783,0.0813,0.0997,0.0897
6/15/2022,2.8582,0.0242,0.0525,0.0962,-0.0339,0.0345,0.0176,0.0104,0.0001,0.0335,-0.0015,0.0525,0.033,0.0931,0.0741,0.0613,0.0962,0.0772,0.0957,0.0916,0.0443,0.0875,0.0685,0.087,0.052,0.0787,0.0715,0.105,0.1009,0.1014,0.0911,0.1173,0.1029,0.1291,0.1137,0.0854,0.1014,0.0546,0.0813,-0.2841,-0.0438,0.0268,0.1147,0.0659,0.0952,0.0489,0.0674,0.0865,0.0988
6/14/2022,3.0211,0.0771,0.0835,0.0581,-0.0041,-0.0838,-0.0036,-0.0434,0.0651,0.0626,0.0088,0.0546,0.0945,0.0646,0.1114,0.0686,0.095,0.0676,0.083,0.089,0.079,0.0955,0.0935,0.1044,0.094,0.1089,0.0726,0.0507,0.1019,0.0606,0.0815,0.1318,0.0995,0.1079,0.1014,0.1243,0.0925,0.1104,0.1124,-0.3061,-0.0541,0.0751,0.0895,0.0576,0.079,0.0556,0.1104,0.0492,0.0935
6/13/2022,2.3697,0.0862,0.0726,0.0282,-0.0417,-0.058,0.0451,-0.0146,0.0124,0.0124,-0.027,0.0327,0.0794,0.0619,0.0805,0.0839,0.0428,0.0963,0.049,0.0839,0.0282,0.0974,0.0439,0.0794,0.0405,0.0704,0.0546,0,0.1053,0.0558,0.0558,0.1199,0.1154,0.0901,0.0777,0.1053,0.0749,0.058,0.0681,-0.1968,-0.003,0.0152,0.0558,0.1075,0.1064,0.0372,0.0377,0.0732,0.0698
6/12/2022,6.7832,0.1448,0.1491,0.1417,0.1167,0.1097,0.1367,0.1317,0.1423,0.1429,0.1315,0.1394,0.1435,0.1445,0.1431,0.1401,0.1418,0.1484,0.1392,0.1434,0.1416,0.1494,0.1544,0.149,0.1411,0.1416,0.1532,0.1393,0.1504,0.1364,0.1444,0.159,0.1545,0.1578,0.1526,0.1526,0.1459,0.144,0.1524,0.0571,0.1155,0.1425,0.1376,0.1461,0.1471,0.1388,0.1457,0.1488,0.1539
6/11/2022,8.6942,0.1837,0.1772,0.1783,0.1837,0.1985,0.1925,0.1831,0.1932,0.1902,0.188,0.1905,0.1825,0.1778,0.1792,0.1798,0.1808,0.1812,0.1813,0.1834,0.1771,0.1802,0.1826,0.1857,0.1777,0.1742,0.1804,0.1855,0.1759,0.1813,0.1771,0.175,0.1722,0.1748,0.1731,0.1726,0.1774,0.1742,0.1796,0.2038,0.184,0.1833,0.1748,0.1735,0.1803,0.1794,0.1817,0.1768,0.1751
6/10/2022,3.0954,0.0754,0.0975,0.0794,0.046,-0.0683,0.0539,-0.0173,-0.0001,0.0328,0.0857,0.0391,0.0995,0.075,0.1122,0.0553,0.0642,0.0789,0.1,0.0931,0.0965,0.0779,0.0833,0.0818,0.0676,0.1186,0.1142,0.0602,0.099,0.0151,0.0897,0.1348,0.1215,0.1049,0.124,0.123,0.0838,0.049,0.0632,-0.3603,-0.0794,0.0857,0.0499,0.0956,0.1088,0.0936,0.1093,0.0936,0.0882
6/9/2022,2.8289,0.0286,0.0927,0.0596,-0.0474,-0.0521,0.0658,0.0513,-0.0029,0.0938,-0.006,-0.0267,0.087,0.0612,0.0777,0.0503,0.0493,0.0643,0.0689,0.0591,0.0622,0.0922,0.0927,0.0457,0.0622,0.0751,0.0927,0.0203,0.0994,0.0493,0.0855,0.1119,0.0855,0.13,0.1062,0.1201,0.0803,0.1,0.0896,-0.0921,0.0459,0.0374,0.0586,0.0477,0.0669,0.0436,0.0751,0.057,0.1134
6/8/2022,2.6217,0.0344,0.0225,0.0473,-0.0243,-0.0517,0.0327,-0.0157,0.0623,0.0032,0.0849,0.0709,0.0252,0.1,0.0559,0.0672,0.0967,0.0602,0.0763,0.0742,0.0521,0.0548,0.1118,0.0354,0.0946,0.0629,0.1005,0.0102,0.0914,0.065,0.0656,0.1193,0.0994,0.114,0.1091,0.0946,0.0736,0.0494,0.0833,-0.1985,-0.0038,0.0457,0.0742,0.1021,0.0446,0.058,0.0295,0.1027,0.058
6/7/2022,4.7397,0.1031,0.1057,0.1217,0.0754,0.0545,0.0477,0.1063,0.0578,0.1226,0.0949,0.0852,0.0806,0.123,0.1044,0.1171,0.1158,0.1151,0.0972,0.1015,0.0962,0.0959,0.1249,0.1008,0.1165,0.1256,0.109,0.1197,0.1233,0.0584,0.1067,0.139,0.1269,0.1432,0.1406,0.1344,0.1119,0.0891,0.1093,-0.1118,0.0366,0.0953,0.1259,0.0975,0.1174,0.0995,0.079,0.0881,0.1112
6/6/2022,2.9179,0.0371,0.0894,0.062,-0.026,-0.0132,0.0655,0.0376,0.0005,0.0035,0.0874,-0.027,0.0696,0.064,0.0869,0.0676,0.0645,0.0864,0.0645,0.0645,0.0848,0.0681,0.1128,0.0294,0.0477,0.0793,0.0818,0.1067,0.0935,0.033,0.0696,0.0996,0.1057,0.1204,0.1169,0.1179,0.0833,0.0742,0.1026,-0.2325,-0.0197,0.094,0.0549,0.0935,0.0767,0.0528,0.1062,0.092,0.0879
6/5/2022,1.4068,0.046,-0.014,0.0592,-0.0793,-0.0687,-0.1083,-0.0483,-0.0773,0.0196,0.0599,-0.0318,-0.0061,0.0421,0.0889,0.0276,0.0249,0.0348,0.0315,0.0678,0.0533,0.0625,0.0355,0.0651,0.0869,0.0513,0.073,0.0585,0.075,0.0203,0.0526,0.0895,0.0579,0.0988,0.0829,0.0836,0.0552,0.0526,0.0144,-0.2913,-0.0472,0.079,0.0493,0.0869,0.0612,0.0394,0.0559,0.0361,0.1001
6/4/2022,1.7182,0.0316,0.0379,0.0366,0.0153,-0.1499,0.0065,0.0272,-0.0934,0.0109,0.0203,-0.008,0.0863,0.0618,0.0555,0.0599,0.0197,0.0649,0.0894,0.0762,0.0404,0.0863,0.0894,0.0084,0.0768,0.0517,0.0592,0.0247,0.1032,0.0586,0.0592,0.0724,0.0712,0.0888,0.1007,0.1082,0.0592,0.0894,0.0316,-0.2689,-0.0367,-0.0017,0.0737,0.0153,0.0762,0.0197,0.0115,0.075,0.026
6/3/2022,2.8733,0.0949,0.0411,0.0354,0.0282,-0.0497,0.0036,0.0518,0.0026,0.0088,0.058,0.0057,0.0775,0.0657,0.0687,0.0836,0.0529,0.0969,0.0693,0.0913,0.0641,0.0559,0.0949,0.0831,0.0964,0.078,0.0764,0.0226,0.1,0.0908,0.0908,0.1087,0.1251,0.1092,0.0949,0.0893,0.078,0.0657,0.0964,-0.18,0.0048,0.0329,0.0841,0.1057,0.0472,0.059,0.0529,0.099,0.0611
6/2/2022,2.5771,0.0696,0.0674,0.0517,0.0159,-0.0139,0.0273,-0.0291,0.0555,0.0609,0.0327,-0.0324,0.0756,0.0615,0.1016,0.1005,0.0593,0.0718,0.0734,0.0794,0.0761,0.0848,0.0918,0.0593,0.0761,0.0962,0.1097,0.1124,0.0902,0.0463,0.0745,0.1151,0.1249,0.1217,0.0907,0.1227,0.0962,0.0853,0.1092,-0.46,-0.1259,0.0479,0.0105,0.1103,0.0349,0.036,0.0658,0.0566,0.0891
6/1/2022,3.0361,0.0768,0.0406,0.052,0.0182,-0.0398,0.0158,-0.0269,-0.0061,-0.0095,0.1011,0.0704,0.0431,0.1046,0.0778,0.1046,0.0783,0.0704,0.0967,0.0599,0.0828,0.0684,0.1096,0.1091,0.0406,0.0738,0.0748,0.0694,0.117,-0.0001,0.0897,0.1339,0.1141,0.0977,0.1126,0.1021,0.0892,0.0808,0.0689,-0.1068,0.039,0.0465,0.0818,0.0932,0.0614,0.0843,0.049,0.0649,0.0604
5/31/2022,2.0436,0.0315,0.0845,0.0636,0.0285,0.0178,-0.0114,-0.0144,-0.0037,0.0207,-0.0281,-0.0192,0.0827,0.0618,0.0672,0.0344,0.0857,0.0797,0.0219,0.0243,0.0678,0.0994,0.0857,0.0374,0.0469,0.0684,0.0487,-0.0144,0.091,0.01,0.0511,0.0994,0.0791,0.1119,0.1047,0.0809,0.0773,0.0666,0.0755,-0.3555,-0.0771,0.0755,0.0773,0.0624,0.0553,0.0517,0.0952,0.097,0.0469
5/30/2022,5.0359,0.1124,0.1098,0.1032,0.0534,0.0851,0.0733,0.0531,0.0463,0.084,0.1166,0.1278,0.0884,0.1175,0.1275,0.116,0.1151,0.1015,0.1118,0.0976,0.1086,0.1095,0.1035,0.1183,0.1266,0.1258,0.124,0.1349,0.1317,0.0899,0.1258,0.1252,0.1258,0.1308,0.1302,0.1222,0.1136,0.1293,0.1264,-0.0728,0.0549,0.1314,0.1299,0.0985,0.1136,0.1127,0.0997,0.1006,0.1249
5/29/2022,4.2507,0.0714,0.0819,0.0692,0.0497,0.0707,0.0384,0.0913,0.0568,0.0658,0.0714,0.0366,0.0932,0.1052,0.0917,0.0951,0.0853,0.1029,0.1007,0.1033,0.1018,0.1194,0.0804,0.1198,0.0808,0.0947,0.0924,0.1067,0.1224,0.0861,0.0898,0.1123,0.128,0.1292,0.1127,0.1258,0.1146,0.0951,0.1059,-0.1413,0.0229,0.1116,0.1183,0.0864,0.1284,0.0973,0.1164,0.1014,0.1108
5/28/2022,2.9915,0.0309,0.0545,0.1031,0.0109,-0.0126,-0.0322,-0.0186,-0.0377,0.0029,0.0289,0.0259,0.05,0.077,0.0745,0.0545,0.0845,0.056,0.083,0.0705,0.081,0.0845,0.1051,0.082,0.0845,0.0635,0.1116,0.064,0.0971,0.0129,0.075,0.1086,0.1306,0.0945,0.1066,0.1156,0.0865,0.092,0.0545,0.0349,0.1051,0.054,0.095,0.06,0.0675,0.0445,0.0304,0.0595,0.0845
5/27/2022,8.5158,0.175,0.1754,0.1751,0.1864,0.1871,0.1816,0.1857,0.1792,0.1801,0.1766,0.1733,0.1726,0.177,0.1769,0.1733,0.1751,0.1791,0.174,0.1756,0.1752,0.1767,0.1736,0.1782,0.1753,0.1773,0.1762,0.1791,0.172,0.1758,0.175,0.1714,0.174,0.1739,0.1706,0.1724,0.1756,0.1792,0.1729,0.2113,0.1875,0.1779,0.1734,0.1751,0.1736,0.1776,0.1802,0.1781,0.1776
5/26/2022,7.9967,0.1666,0.1666,0.1666,0.1666,0.1666,0.1666,0.1666,0.1666,0.1666,0.1666,0.1666,0.1666,0.1666,0.1666,0.1666,0.1666,0.1666,0.1666,0.1666,0.1666,0.1666,0.1666,0.1666,0.1666,0.1666,0.1666,0.1666,0.1666,0.1666,0.1666,0.1666,0.1666,0.1666,0.1666,0.1666,0.1666,0.1666,0.1666,0.1665,0.1666,0.1666,0.1666,0.1666,0.1666,0.1666,0.1666,0.1666,0.1666
5/25/2022,2.473,0.0849,0.0827,0.0351,-0.0583,-0.0246,0.0429,-0.0085,-0.0251,-0.0312,-0.0174,0.0058,0.0959,0.0821,0.0495,0.0373,0.0622,0.0788,0.0307,0.0683,0.0677,0.0976,0.0346,0.0722,0.0213,0.0805,0.06,0.0539,0.0959,0.0246,0.07,0.107,0.1147,0.0992,0.0821,0.0771,0.0865,0.0887,0.0976,-0.0907,0.0465,0.0959,0.0412,0.0904,0.06,0.0572,0.0197,0.0882,0.0423
5/24/2022,2.6807,0.0438,0.023,0.0842,-0.003,-0.0184,-0.0482,-0.0057,0.0156,0.0613,0.0895,0.0512,0.0177,0.0826,0.1076,0.0933,0.0528,0.0645,0.0635,0.0832,0.0534,0.0778,0.08,0.0465,0.0996,0.0699,0.0613,0.0986,0.1135,0.0486,0.0555,0.1156,0.1023,0.1183,0.0911,0.106,0.0746,0.048,0.0582,-0.2424,-0.0243,0.0433,0.0135,0.1151,0.1028,0.0608,0.0672,0.1002,0.0672
5/23/2022,3.0659,0.0522,0.0453,0.0418,0.0177,-0.0583,0.0103,0.027,0.0236,-0.007,0.104,-0.0238,0.0379,0.1114,0.0986,0.0739,0.0596,0.0749,0.0808,0.0576,0.0961,0.0961,0.101,0.0838,0.0561,0.1158,0.0793,0.101,0.1168,0.0912,0.0774,0.1282,0.1213,0.1104,0.1297,0.0996,0.0927,0.0473,0.1144,-0.2181,-0.013,0.0927,0.0423,0.0882,0.0502,0.0635,0.1079,0.0857,0.0808
5/22/2022,5.065,0.1256,0.1006,0.0939,0.0496,0.088,0.0918,0.1138,0.0686,0.0977,0.0695,0.1059,0.1036,0.1247,0.1112,0.1235,0.1247,0.1317,0.1253,0.1047,0.12,0.1329,0.1268,0.0977,0.0907,0.1103,0.1306,0.0775,0.1291,0.1141,0.1244,0.1285,0.118,0.1235,0.135,0.1238,0.1191,0.1338,0.1086,-0.123,0.0314,0.1329,0.1332,0.1226,0.127,0.1062,0.0977,0.1229,0.1153
5/21/2022,8.5756,0.1824,0.1757,0.1771,0.1882,0.1913,0.1792,0.1794,0.1799,0.1819,0.1831,0.184,0.1819,0.1766,0.1783,0.1791,0.1782,0.1788,0.1801,0.1786,0.1782,0.1767,0.1762,0.1751,0.1817,0.1739,0.1792,0.1849,0.1729,0.1768,0.1773,0.1736,0.1743,0.1737,0.1716,0.1745,0.1758,0.1751,0.1733,0.2048,0.1845,0.1736,0.1796,0.173,0.173,0.1797,0.174,0.1779,0.1769
5/20/2022,5.3022,0.1329,0.1267,0.1324,0.0636,0.1057,0.1076,0.1057,0.1168,0.0844,0.1324,0.1052,0.1257,0.1332,0.1356,0.1211,0.1313,0.1106,0.1159,0.1292,0.1254,0.1084,0.1114,0.1354,0.1189,0.1262,0.1089,0.0892,0.1308,0.0954,0.11,0.1354,0.1243,0.1346,0.1429,0.14,0.1259,0.1165,0.1049,-0.1427,0.0222,0.093,0.1079,0.1054,0.14,0.1151,0.0944,0.1278,0.1386
5/19/2022,8.4867,0.174,0.1783,0.178,0.1846,0.1789,0.1815,0.1826,0.1799,0.179,0.1755,0.1782,0.1793,0.1727,0.1728,0.1732,0.175,0.176,0.1754,0.1759,0.1785,0.1763,0.1741,0.1783,0.1738,0.175,0.1728,0.1799,0.173,0.1734,0.1744,0.1745,0.1747,0.1722,0.1717,0.1716,0.1728,0.1742,0.1722,0.2084,0.1861,0.1771,0.1753,0.1715,0.1786,0.1744,0.18,0.1768,0.1743
5/18/2022,4.1767,0.1055,0.1066,0.1005,0.0325,0.0543,0.0344,0.0271,0.0657,0.0462,0.0971,0.1024,0.0791,0.1066,0.1063,0.0994,0.1005,0.1063,0.12,0.1051,0.0906,0.1066,0.1158,0.0646,0.0898,0.1246,0.1193,0.1021,0.1162,0.0986,0.1013,0.1388,0.112,0.112,0.133,0.1162,0.099,0.1242,0.0879,-0.2222,-0.0149,0.0653,0.0818,0.1227,0.086,0.0956,0.1242,0.0753,0.1147
5/17/2022,2.9771,0.0903,0.0672,0.0968,0.0009,-0.0066,-0.0157,0.0175,0.0326,0.0396,0.0526,0.0391,0.0396,0.0642,0.0984,0.1019,0.0562,0.0466,0.1024,0.0883,0.0446,0.0582,0.0712,0.0336,0.0331,0.0893,0.0747,0.0717,0.1064,0.0768,0.0642,0.1169,0.0958,0.1049,0.1295,0.122,0.0783,0.0778,0.0918,-0.2556,-0.0305,0.0486,0.0893,0.0662,0.1019,0.0994,0.1069,0.1069,0.0913
5/16/2022,4.2064,0.0688,0.0828,0.1189,0.0161,0.0551,0.0866,0.0699,0.0817,0.0612,0.0946,0.0331,0.0783,0.1143,0.0927,0.0904,0.0931,0.1196,0.0847,0.1075,0.1056,0.112,0.101,0.1158,0.1166,0.0965,0.0866,0.087,0.1227,0.106,0.1026,0.139,0.1352,0.1352,0.1155,0.1173,0.1185,0.101,0.0749,-0.2125,-0.0103,0.0897,0.1143,0.0726,0.1196,0.0919,0.1052,0.1041,0.0934
5/15/2022,7.0942,0.152,0.1489,0.1538,0.1301,0.1282,0.1458,0.129,0.1496,0.1421,0.138,0.1363,0.1454,0.1565,0.1475,0.1559,0.1492,0.1498,0.1488,0.1454,0.1538,0.1506,0.1557,0.1487,0.148,0.1512,0.1572,0.154,0.1554,0.1439,0.1488,0.1522,0.156,0.1535,0.1569,0.1563,0.1519,0.1453,0.152,0.1103,0.1403,0.1509,0.1505,0.1489,0.1486,0.1465,0.153,0.1494,0.1521
5/14/2022,9.2123,0.1924,0.1903,0.1954,0.2153,0.2247,0.2085,0.1996,0.1981,0.1947,0.2056,0.1829,0.1913,0.1868,0.1804,0.1896,0.1884,0.1929,0.1817,0.1913,0.1921,0.189,0.1842,0.1942,0.1967,0.1816,0.1882,0.1901,0.184,0.1989,0.183,0.181,0.1777,0.1819,0.1801,0.1858,0.183,0.1941,0.1838,0.237,0.1995,0.1941,0.1922,0.1881,0.1796,0.1845,0.1961,0.1954,0.1865
5/13/2022,4.7837,0.1088,0.1091,0.1281,0.0949,0.0879,0.0731,0.0959,0.1023,0.0535,0.094,0.1033,0.131,0.1049,0.1052,0.1014,0.0982,0.1274,0.0962,0.1146,0.1204,0.1261,0.0998,0.1007,0.0814,0.1081,0.1326,0.1207,0.1261,0.0917,0.112,0.1242,0.1146,0.1181,0.1409,0.1213,0.1149,0.1268,0.1049,-0.2214,-0.0145,0.1216,0.1342,0.0917,0.1155,0.1184,0.1065,0.111,0.1056
5/12/2022,4.4429,0.1162,0.0788,0.1048,0.0194,0.0678,0.045,0.0141,0.0532,0.0713,0.1154,0.0898,0.1151,0.1041,0.1197,0.1254,0.0888,0.0962,0.0874,0.0834,0.0891,0.1062,0.0806,0.1247,0.0863,0.109,0.1236,0.1211,0.1293,0.1076,0.1115,0.1258,0.1183,0.1411,0.1382,0.1151,0.1197,0.1041,0.1286,-0.159,0.0146,0.1172,0.0738,0.087,0.1293,0.1034,0.0767,0.093,0.1311
5/11/2022,4.0287,0.061,0.0884,0.0694,0.0408,0.0312,0.0169,0.0011,0.015,0.0396,0.0952,0.0372,0.1103,0.1075,0.1158,0.0872,0.0872,0.0884,0.0853,0.0714,0.0995,0.1107,0.1051,0.059,0.1059,0.0992,0.0916,0.0503,0.117,0.0618,0.0817,0.1238,0.1321,0.1373,0.1349,0.1222,0.1099,0.1123,0.1127,-0.0383,0.071,0.1194,0.094,0.0757,0.0872,0.0714,0.1214,0.1067,0.1043
5/10/2022,4.3246,0.074,0.0961,0.099,0.084,0.0575,0.0402,0.0487,0.0957,0.0755,0.0674,0.0818,0.1185,0.1259,0.0994,0.1226,0.0924,0.0873,0.0865,0.1009,0.1057,0.1049,0.1156,0.0972,0.099,0.1266,0.1057,0.0726,0.1266,0.0924,0.1159,0.1119,0.1211,0.1306,0.1185,0.1237,0.12,0.1068,0.1049,-0.2412,-0.0238,0.1215,0.1001,0.127,0.0825,0.1075,0.088,0.1189,0.091
5/9/2022,7.2428,0.1458,0.1478,0.1484,0.1391,0.138,0.1371,0.1516,0.1477,0.1447,0.1477,0.1403,0.1577,0.1562,0.1539,0.1501,0.1506,0.1548,0.1535,0.1533,0.1523,0.1574,0.1498,0.1556,0.151,0.158,0.1502,0.1552,0.1577,0.1526,0.1555,0.1583,0.1608,0.1612,0.1564,0.1604,0.1537,0.1533,0.1496,0.123,0.1463,0.1498,0.1494,0.1489,0.1566,0.1491,0.1484,0.1542,0.1498
5/8/2022,9.6122,0.1952,0.1994,0.2076,0.2208,0.2374,0.2231,0.2241,0.2208,0.2039,0.2015,0.2047,0.1999,0.1849,0.1896,0.2033,0.1955,0.1881,0.2044,0.2031,0.1918,0.1967,0.2017,0.187,0.1946,0.1833,0.1929,0.1952,0.1839,0.1871,0.1979,0.1912,0.186,0.1883,0.1792,0.1804,0.1926,0.1987,0.1965,0.3045,0.231,0.1939,0.2121,0.192,0.1899,0.1871,0.1888,0.1902,0.1904
5/7/2022,4.7249,0.1251,0.1041,0.1188,0.0478,0.0468,0.0622,0.0465,0.0641,0.0684,0.0537,0.0867,0.11,0.1012,0.1293,0.1257,0.1107,0.1143,0.0845,0.1113,0.0943,0.1139,0.1254,0.1149,0.0998,0.1035,0.1107,0.1087,0.1297,0.0956,0.0992,0.1329,0.1159,0.1156,0.1195,0.1169,0.108,0.1185,0.1156,-0.0477,0.0666,0.1215,0.0972,0.093,0.1211,0.0956,0.0897,0.1143,0.1238
5/6/2022,4.3395,0.1143,0.0997,0.1121,0.077,0.0287,0.081,0.0836,0.0781,0.1074,0.0448,0.1143,0.0968,0.1151,0.1037,0.1147,0.0898,0.0997,0.0766,0.085,0.1099,0.1162,0.1019,0.0795,0.0806,0.1085,0.1088,0.0861,0.1151,0.0949,0.0989,0.1231,0.1059,0.1352,0.1132,0.1169,0.1183,0.0891,0.1055,-0.2528,-0.0292,0.1022,0.0682,0.1209,0.129,0.1158,0.1235,0.1132,0.1187
5/5/2022,4.2804,0.1072,0.1146,0.1142,0.0499,0.0547,0.0528,0.0227,0.0413,0.0647,0.1157,0.0469,0.0941,0.1124,0.0938,0.1016,0.1094,0.1012,0.0841,0.1072,0.0774,0.0915,0.1109,0.1105,0.1231,0.1027,0.1042,0.0517,0.1183,0.1012,0.0997,0.1306,0.1269,0.1157,0.1302,0.1362,0.1157,0.1042,0.0908,-0.2041,-0.0064,0.109,0.1109,0.128,0.1086,0.0826,0.0956,0.1161,0.1101
5/4/2022,5.5691,0.1214,0.1086,0.1253,0.1052,0.0658,0.0976,0.1151,0.0911,0.11,0.0845,0.0969,0.1263,0.129,0.1212,0.1348,0.109,0.1154,0.1142,0.1326,0.1127,0.1251,0.138,0.1064,0.1353,0.1173,0.1241,0.1266,0.136,0.1159,0.1173,0.1317,0.1295,0.1441,0.1307,0.1448,0.1338,0.137,0.1231,0.0028,0.0901,0.1095,0.1125,0.1283,0.1173,0.1154,0.1071,0.1142,0.1385
5/3/2022,3.6588,0.0668,0.0794,0.0616,0.0542,-0.0135,0.0091,0.0269,0.0052,0.0243,0.0998,0.0707,0.1068,0.1033,0.118,0.0942,0.0703,0.1137,0.079,0.082,0.0911,0.1007,0.1076,0.0729,0.0586,0.1076,0.1198,0.1159,0.1081,0.0625,0.0855,0.1228,0.1324,0.1172,0.1311,0.0968,0.0985,0.102,0.0698,-0.2391,-0.0228,0.105,0.0803,0.1198,0.115,0.0872,0.0911,0.0937,0.0759
5/2/2022,3.8657,0.0679,0.103,0.0939,0.0406,-0.0045,0.0786,0.0381,0.0563,0.0972,0.0484,0.0228,0.0546,0.1125,0.0778,0.1187,0.0728,0.0922,0.1047,0.0679,0.084,0.0774,0.1075,0.0935,0.1055,0.1299,0.0976,0.0497,0.1096,0.043,0.0894,0.1249,0.115,0.1352,0.1344,0.1013,0.1104,0.1142,0.1183,-0.167,0.0109,0.1129,0.0583,0.1055,0.0918,0.0989,0.0666,0.0782,0.1253
5/1/2022,3.3028,0.0535,0.0652,0.045,0.0535,-0.0358,-0.0175,0.0145,0.0361,0.1159,0.0892,0.0384,0.0413,0.1126,0.1033,0.0995,0.0553,0.0553,0.0666,0.0553,0.0699,0.099,0.0887,0.1042,0.0812,0.1075,0.1009,0.0967,0.1009,0.0168,0.0732,0.108,0.0967,0.1136,0.0976,0.0971,0.0981,0.0694,0.0976,-0.1657,0.0115,0.0821,0.1103,0.1098,0.1164,0.0521,0.0845,0.0535,0.084
4/30/2022,3.3028,0.0544,0.0849,0.108,-0.0189,0.0661,0.0229,0.022,0.0746,0.0516,0.0131,0.0939,0.1056,0.0971,0.1037,0.1033,0.0821,0.0638,0.099,0.092,0.0755,0.1033,0.0568,0.0384,0.1075,0.0943,0.0746,0.0957,0.1169,0.0239,0.0995,0.1371,0.099,0.1216,0.1136,0.092,0.0967,0.0953,0.1009,-0.3681,-0.083,0.0807,0.1159,0.0953,0.0863,0.076,0.0483,0.0873,0.1023
4/29/2022,3.2139,0.0738,0.059,0.0528,0.0111,0.0494,-0.0071,-0.0023,0.0374,0.0757,0.002,-0.0104,0.0686,0.0882,0.0781,0.0834,0.1064,0.1035,0.0647,0.0537,0.0724,0.0619,0.0997,0.0355,0.1126,0.0772,0.1145,0.0709,0.1121,0.0039,0.1016,0.1255,0.0997,0.1068,0.0973,0.1159,0.0815,0.0465,0.0958,-0.078,0.0524,0.0848,0.036,0.0949,0.1078,0.0786,0.047,0.0901,0.081
4/28/2022,4.34,0.0968,0.1121,0.111,0.0312,0.0228,0.0752,0.062,0.0173,0.0393,0.073,0.0832,0.0975,0.1099,0.0876,0.1154,0.1227,0.0847,0.1041,0.1041,0.1041,0.107,0.0953,0.1074,0.103,0.1074,0.114,0.1187,0.1293,0.0843,0.1114,0.1224,0.1282,0.1151,0.1151,0.1345,0.118,0.0752,0.1151,-0.127,0.0295,0.1041,0.1063,0.0774,0.0784,0.081,0.1136,0.0989,0.1224
4/27/2022,7.8792,0.1644,0.1643,0.1638,0.1638,0.1626,0.1645,0.164,0.1644,0.1632,0.1626,0.1648,0.1638,0.1644,0.1647,0.1641,0.1649,0.1645,0.1639,0.1648,0.1643,0.164,0.1648,0.1648,0.1647,0.1642,0.1645,0.1653,0.1649,0.165,0.1649,0.1652,0.1653,0.1649,0.1655,0.1654,0.1649,0.1648,0.1647,0.1519,0.1598,0.1643,0.1651,0.1653,0.1637,0.1649,0.1642,0.1652,0.1652
4/26/2022,5.1689,0.0911,0.1236,0.1202,0.0812,0.0823,0.0735,0.1033,0.0543,0.1304,0.1044,0.1222,0.0999,0.1211,0.1134,0.1081,0.1301,0.1316,0.1089,0.1234,0.1265,0.1171,0.1137,0.1157,0.1151,0.1355,0.1174,0.0933,0.1364,0.1211,0.1132,0.129,0.1313,0.1344,0.1217,0.144,0.1194,0.127,0.1217,-0.1302,0.0281,0.1038,0.1166,0.127,0.1134,0.0987,0.1239,0.1004,0.1307
4/25/2022,10.8267,0.2385,0.243,0.2376,0.2427,0.2331,0.2727,0.2698,0.2792,0.2342,0.2108,0.2447,0.2009,0.2156,0.2017,0.2215,0.2257,0.2345,0.2127,0.2305,0.2125,0.2125,0.1955,0.2274,0.2427,0.1992,0.2195,0.2017,0.2062,0.2393,0.2246,0.191,0.189,0.2077,0.193,0.1961,0.2133,0.1992,0.2051,0.4289,0.2891,0.2009,0.2065,0.2119,0.2062,0.2156,0.2209,0.2062,0.2156
4/24/2022,5.1688,0.1049,0.1259,0.1177,0.0701,0.0217,0.0871,0.1018,0.0588,0.097,0.0984,0.0747,0.0979,0.1253,0.1256,0.1016,0.0996,0.127,0.1231,0.1092,0.1228,0.1089,0.1052,0.1168,0.1296,0.1333,0.1242,0.0999,0.1287,0.1219,0.1126,0.1287,0.1228,0.1415,0.1287,0.1432,0.12,0.1248,0.1033,-0.03,0.0748,0.1267,0.1072,0.129,0.1211,0.1251,0.1137,0.1052,0.1117
4/23/2022,3.2434,0.0734,0.0501,0.1096,0.0539,0.034,0.0497,0.0211,0.0801,0.0444,0.0506,0.0891,0.0554,0.0811,0.0739,0.0811,0.0996,0.0996,0.0568,0.0882,0.0834,0.0763,0.1086,0.1034,0.1143,0.1148,0.1124,0.1067,0.1129,0.0287,0.0744,0.1162,0.1091,0.1319,0.1296,0.1253,0.1044,0.0554,0.0858,-0.5042,-0.1466,0.0863,0.0654,0.1153,0.0544,0.0744,0.1124,0.0906,0.1101
4/22/2022,6.6356,0.1364,0.1294,0.1487,0.1305,0.1024,0.1143,0.1081,0.1117,0.1499,0.131,0.1465,0.1346,0.1507,0.1433,0.1456,0.1466,0.1478,0.1496,0.1342,0.1478,0.1406,0.1409,0.1295,0.1355,0.1424,0.1429,0.1219,0.1506,0.1435,0.142,0.1557,0.1446,0.1548,0.1512,0.1454,0.1491,0.1327,0.1514,0.096,0.1337,0.1436,0.13,0.15,0.1424,0.142,0.139,0.1371,0.138
4/21/2022,5.939,0.131,0.1125,0.1417,0.0846,0.1083,0.129,0.0966,0.1065,0.1211,0.1114,0.1279,0.1254,0.1316,0.1327,0.1236,0.1279,0.1207,0.1386,0.1174,0.1312,0.1399,0.1184,0.1217,0.1259,0.1325,0.1347,0.1055,0.1428,0.1092,0.1333,0.1481,0.143,0.1446,0.1489,0.1376,0.137,0.116,0.1236,0.0356,0.1055,0.1271,0.1162,0.1279,0.1444,0.1193,0.1186,0.1248,0.1372
4/20/2022,5.3168,0.1256,0.1074,0.0985,0.0593,0.1103,0.0545,0.1176,0.0953,0.1157,0.0891,0.1133,0.0923,0.1355,0.1192,0.1173,0.1243,0.1186,0.105,0.1157,0.1264,0.1259,0.1184,0.1253,0.1114,0.1361,0.1296,0.0921,0.1288,0.1211,0.1093,0.1428,0.1304,0.1457,0.1449,0.1369,0.1219,0.1245,0.1323,-0.0717,0.0554,0.1299,0.1286,0.1071,0.1181,0.102,0.1127,0.1074,0.109
4/19/2022,4.5174,0.1176,0.1085,0.0907,0.0852,0.0685,0.0806,0.0288,0.0949,0.1228,0.113,0.1196,0.0806,0.1172,0.0967,0.1127,0.1047,0.0974,0.1033,0.1095,0.1057,0.0925,0.1022,0.0998,0.0768,0.1127,0.1245,0.1099,0.12,0.0664,0.0967,0.1311,0.1231,0.135,0.1203,0.1315,0.1137,0.1075,0.1134,-0.1783,0.0056,0.0786,0.104,0.0827,0.0911,0.1162,0.0817,0.1047,0.096
4/18/2022,2.4291,0.0569,0.0235,0.0747,-0.0005,0.0374,0.0486,-0.0634,0.0525,-0.0005,0.033,-0.0389,0.0341,0.0842,0.1048,0.0803,0.0675,0.0837,0.0502,0.0814,0.0842,0.0881,0.0636,0.0976,0.0825,0.0948,0.0692,0.0714,0.0965,-0.0172,0.0792,0.1032,0.0792,0.1054,0.0876,0.0764,0.0948,0.0413,0.0954,-0.384,-0.0904,0.0218,0.0937,0.0931,0.0692,0.087,0.0352,0.0954,0.1054
4/17/2022,2.4591,0.0603,0.0924,0.0353,0.0226,-0.076,-0.009,0.0664,-0.0289,-0.0289,-0.004,0.0797,0.0957,0.0941,0.0974,0.0935,0.0642,0.0725,0.0486,0.0431,0.0653,0.0575,0.0448,0.098,0.0453,0.0581,0.047,0.0315,0.0968,0.0509,0.0658,0.1118,0.0968,0.1085,0.0913,0.1179,0.0802,0.037,0.052,-0.1578,0.0152,0.0215,0.0143,0.109,0.0531,0.0292,0.0891,0.0392,0.0708
4/16/2022,2.3255,0.0804,0.0515,0.073,0.0225,0.0475,-0.0144,0.0191,0.022,-0.0263,-0.0081,-0.0388,0.0628,0.0515,0.0918,0.0929,0.0906,0.0889,0.0969,0.0384,0.0623,0.0884,0.1128,0.0254,0.0668,0.1128,0.0742,0.0475,0.094,0.0679,0.0628,0.0884,0.0991,0.1207,0.1224,0.1071,0.0679,0.0651,0.0963,-0.5192,-0.1536,0.0549,0.0447,0.1065,0.0776,0.0679,0.0674,0.0458,0.1094
4/15/2022,4.7689,0.0814,0.1027,0.0852,0.0956,0.0526,0.0655,0.0571,0.0387,0.0626,0.1014,0.063,0.1211,0.1302,0.1302,0.1056,0.1263,0.1182,0.1066,0.1124,0.1001,0.1137,0.1308,0.0762,0.1046,0.1298,0.1224,0.0982,0.1311,0.0739,0.1001,0.1418,0.1321,0.1334,0.1276,0.1353,0.1201,0.0943,0.1114,-0.1076,0.0386,0.1263,0.0966,0.1059,0.1195,0.1027,0.1143,0.115,0.1243
4/14/2022,5.924,0.1156,0.1303,0.1094,0.0973,0.1179,0.1245,0.1318,0.0861,0.1048,0.1368,0.0865,0.1152,0.1328,0.1291,0.1374,0.1181,0.126,0.115,0.1305,0.1237,0.1212,0.132,0.1241,0.1264,0.1297,0.1359,0.1214,0.1413,0.1077,0.1384,0.1453,0.1395,0.1337,0.1359,0.1482,0.1393,0.1291,0.1328,0.0363,0.1058,0.1322,0.1075,0.1451,0.1216,0.131,0.1316,0.1233,0.1389
4/13/2022,5.2132,0.107,0.1048,0.0925,0.0772,0.0647,0.0981,0.116,0.0577,0.1274,0.0725,0.0928,0.1079,0.1126,0.1332,0.1073,0.0998,0.1316,0.0976,0.1042,0.1134,0.1157,0.1279,0.0906,0.107,0.1352,0.109,0.1338,0.1271,0.0836,0.1081,0.1218,0.129,0.1299,0.1421,0.1421,0.1193,0.102,0.119,-0.0047,0.0867,0.1263,0.1221,0.129,0.1299,0.1254,0.1132,0.1087,0.1151
4/12/2022,5.8205,0.1386,0.1128,0.1076,0.0976,0.0566,0.091,0.0743,0.1244,0.125,0.1309,0.0982,0.1329,0.125,0.1331,0.1233,0.1364,0.1263,0.1287,0.1246,0.1159,0.1414,0.1379,0.1386,0.1292,0.1216,0.1412,0.1076,0.1394,0.1111,0.122,0.1442,0.1327,0.1383,0.1488,0.1329,0.1285,0.1218,0.1259,0.034,0.1047,0.1296,0.1344,0.132,0.1296,0.1292,0.1178,0.1248,0.1181
4/11/2022,4.9468,0.1142,0.1007,0.1099,0.0855,0.0335,0.1099,0.1105,0.0879,0.1322,0.0992,0.079,0.0851,0.1056,0.12,0.0989,0.0967,0.1215,0.1294,0.1175,0.1126,0.1206,0.0971,0.1001,0.0894,0.1108,0.1169,0.0961,0.1248,0.069,0.119,0.1254,0.1187,0.1383,0.1288,0.1407,0.1163,0.127,0.094,-0.0662,0.0579,0.109,0.0943,0.1261,0.0967,0.1074,0.0998,0.1071,0.1319
4/10/2022,8.7236,0.1827,0.1764,0.1861,0.1964,0.1837,0.1927,0.1785,0.1822,0.1835,0.1817,0.1915,0.1782,0.1761,0.1803,0.1782,0.1793,0.1788,0.1842,0.1769,0.1819,0.1767,0.1797,0.1855,0.1792,0.173,0.1746,0.1876,0.1754,0.1832,0.1802,0.1761,0.1719,0.1732,0.1722,0.1746,0.1763,0.1799,0.1809,0.2276,0.1951,0.1811,0.1801,0.1801,0.1796,0.1845,0.1865,0.1791,0.1804
4/9/2022,11.2709,0.2406,0.2386,0.2036,0.2435,0.2514,0.2651,0.2517,0.2671,0.2164,0.2383,0.2592,0.252,0.2095,0.2216,0.2131,0.2462,0.2386,0.2491,0.2314,0.2144,0.237,0.2233,0.2321,0.2118,0.2314,0.2033,0.2131,0.1997,0.2412,0.2282,0.1955,0.22,0.2141,0.2164,0.2131,0.2102,0.234,0.2046,0.5032,0.3238,0.204,0.2079,0.218,0.2095,0.235,0.2085,0.2452,0.2354
4/8/2022,6.5022,0.1457,0.1384,0.1255,0.1193,0.1031,0.109,0.1129,0.1384,0.1363,0.144,0.1428,0.127,0.1472,0.1446,0.146,0.1357,0.133,0.1402,0.1357,0.1457,0.1379,0.1399,0.1406,0.1461,0.1445,0.1415,0.1517,0.1466,0.1325,0.1399,0.1536,0.1541,0.143,0.1545,0.1497,0.1454,0.1372,0.1509,0.0149,0.0958,0.1466,0.1384,0.1333,0.141,0.1443,0.1355,0.1369,0.1354
4/7/2022,7.3459,0.1572,0.1533,0.1572,0.142,0.1481,0.1476,0.1384,0.1418,0.1585,0.1502,0.1484,0.157,0.159,0.1541,0.1536,0.1537,0.1518,0.1539,0.1541,0.1563,0.1574,0.1542,0.1493,0.1526,0.1595,0.1582,0.1506,0.1584,0.155,0.1528,0.1566,0.1615,0.1565,0.157,0.1592,0.155,0.1535,0.1556,0.1163,0.1431,0.1538,0.1548,0.154,0.1537,0.1581,0.1573,0.1558,0.1599
4/6/2022,9.0942,0.1812,0.1942,0.1853,0.2021,0.1988,0.1901,0.1872,0.1975,0.1829,0.2021,0.1924,0.1847,0.1831,0.1818,0.1801,0.1887,0.1879,0.1922,0.1918,0.1908,0.1795,0.1821,0.1852,0.1841,0.1777,0.1865,0.2022,0.1795,0.1895,0.1818,0.1784,0.1772,0.1778,0.1813,0.179,0.183,0.1799,0.1806,0.2856,0.2222,0.1856,0.1967,0.1867,0.1785,0.1899,0.1969,0.1834,0.1885
4/5/2022,10.6192,0.223,0.2282,0.1957,0.2335,0.2327,0.2379,0.2154,0.2376,0.2447,0.2314,0.2073,0.2164,0.2049,0.2156,0.2136,0.2054,0.2198,0.1997,0.2196,0.2209,0.1963,0.1971,0.2335,0.1971,0.1923,0.213,0.2198,0.1934,0.2515,0.207,0.1971,0.2049,0.1931,0.1868,0.1931,0.2081,0.2122,0.202,0.5134,0.3286,0.2143,0.2416,0.1934,0.2049,0.2049,0.2057,0.2151,0.1957
4/4/2022,10.6782,0.2127,0.2299,0.2371,0.2695,0.2735,0.254,0.2154,0.258,0.2047,0.2449,0.2559,0.2007,0.2026,0.2007,0.2253,0.2141,0.2293,0.2301,0.2272,0.2093,0.2165,0.2117,0.209,0.2178,0.2036,0.2076,0.2149,0.2039,0.2486,0.2076,0.2066,0.1969,0.1908,0.2031,0.2044,0.2034,0.2259,0.2259,0.3233,0.2398,0.2047,0.2344,0.232,0.1993,0.2068,0.2111,0.2127,0.221
4/3/2022,12.7963,0.2952,0.2775,0.288,0.3369,0.3561,0.3456,0.276,0.3235,0.336,0.2496,0.242,0.2218,0.253,0.2588,0.2708,0.2482,0.277,0.2827,0.2827,0.2549,0.2616,0.2578,0.2607,0.2645,0.2237,0.265,0.3144,0.2266,0.2597,0.2314,0.2223,0.2089,0.2108,0.2103,0.2065,0.2444,0.2319,0.2626,0.4665,0.3067,0.2861,0.2832,0.2146,0.2573,0.23,0.2655,0.2305,0.2165
4/2/2022,13.3447,0.2736,0.249,0.2276,0.2912,0.4334,0.2939,0.3607,0.265,0.25,0.2928,0.3339,0.2602,0.2271,0.2297,0.2752,0.2912,0.257,0.2709,0.2495,0.2687,0.2575,0.25,0.2634,0.2778,0.257,0.2794,0.2399,0.2228,0.35,0.2394,0.2244,0.2447,0.2287,0.2153,0.21,0.2602,0.2955,0.2538,0.6997,0.4155,0.2404,0.2939,0.2479,0.2618,0.2522,0.2949,0.2474,0.2206
4/1/2022,9.0642,0.1935,0.1907,0.19,0.1952,0.1952,0.2046,0.2032,0.189,0.1942,0.1975,0.2009,0.1944,0.1807,0.1895,0.1908,0.1809,0.1799,0.1811,0.184,0.1852,0.1811,0.1867,0.195,0.1885,0.1849,0.1829,0.1818,0.1803,0.1972,0.1851,0.1753,0.1835,0.1808,0.1829,0.1761,0.1814,0.1866,0.1821,0.2288,0.1957,0.1898,0.184,0.1799,0.1925,0.1927,0.1885,0.1904,0.1892
3/31/2022,9.2271,0.1892,0.1986,0.1841,0.2026,0.2074,0.2062,0.2064,0.2112,0.1857,0.2003,0.196,0.1917,0.1845,0.1926,0.1916,0.1964,0.193,0.193,0.1854,0.1858,0.1864,0.1886,0.1935,0.1858,0.1873,0.184,0.2069,0.1804,0.1875,0.1836,0.1776,0.1775,0.177,0.1766,0.1845,0.1886,0.1953,0.1913,0.2505,0.2058,0.1954,0.1878,0.1888,0.1955,0.1912,0.1842,0.1917,0.1821
3/30/2022,6.9908,0.1472,0.1403,0.1393,0.1375,0.1275,0.1378,0.1299,0.1253,0.1326,0.1378,0.137,0.1416,0.1471,0.1523,0.1478,0.1446,0.1448,0.1438,0.1514,0.1505,0.1446,0.1456,0.1473,0.1409,0.1497,0.1489,0.1491,0.1559,0.1467,0.1456,0.1539,0.1502,0.1552,0.1511,0.1583,0.1501,0.1554,0.1558,0.1382,0.1534,0.1411,0.1465,0.1448,0.1538,0.142,0.1551,0.1433,0.1522
3/29/2022,6.65,0.1451,0.1425,0.1295,0.1208,0.1233,0.1359,0.1093,0.1355,0.1241,0.1445,0.1359,0.1412,0.147,0.1382,0.1386,0.1391,0.1439,0.1422,0.1371,0.1426,0.138,0.139,0.1447,0.1359,0.1479,0.138,0.146,0.1501,0.1301,0.138,0.1578,0.1564,0.1493,0.1495,0.1448,0.1437,0.1383,0.136,0.0674,0.1203,0.1509,0.1524,0.1441,0.1538,0.1418,0.1318,0.1352,0.1525
3/28/2022,8.0567,0.1674,0.1676,0.1678,0.1683,0.1694,0.1689,0.1687,0.1682,0.1686,0.1685,0.1683,0.1673,0.1676,0.1674,0.1677,0.1678,0.1673,0.168,0.1678,0.1675,0.1676,0.1677,0.1682,0.1676,0.1677,0.1673,0.1676,0.1673,0.1676,0.1675,0.1674,0.1674,0.1672,0.1675,0.1674,0.1677,0.1677,0.1675,0.1703,0.1684,0.1674,0.1682,0.1681,0.1672,0.1679,0.1674,0.1679,0.1679
3/27/2022,5.8206,0.1379,0.1255,0.1187,0.0884,0.0645,0.0969,0.0961,0.1024,0.0954,0.1035,0.1089,0.1076,0.1377,0.1205,0.134,0.1274,0.1329,0.1318,0.1181,0.1294,0.1318,0.1277,0.137,0.1093,0.132,0.1333,0.1152,0.1444,0.1146,0.1216,0.1477,0.1457,0.1475,0.1412,0.1388,0.1348,0.1263,0.1209,0.0603,0.117,0.1222,0.1109,0.1139,0.1272,0.1394,0.1357,0.1157,0.1309
3/26/2022,6.7981,0.1382,0.1414,0.1468,0.1325,0.1102,0.122,0.1278,0.1309,0.1371,0.1491,0.1468,0.1436,0.1512,0.1533,0.1472,0.144,0.1495,0.1513,0.1447,0.1388,0.1496,0.1412,0.1375,0.15,0.1443,0.154,0.1359,0.1514,0.1509,0.1418,0.1491,0.158,0.1521,0.1539,0.1512,0.1492,0.1458,0.1443,0.0647,0.1191,0.1378,0.1317,0.1421,0.155,0.1515,0.1372,0.1466,0.1458
3/25/2022,5.6872,0.1051,0.1257,0.1412,0.1035,0.1156,0.1109,0.0742,0.1102,0.092,0.1077,0.0959,0.1079,0.1218,0.1211,0.119,0.1359,0.1292,0.1352,0.129,0.1218,0.1264,0.1294,0.1232,0.1225,0.1389,0.1243,0.1269,0.1366,0.1033,0.1334,0.1493,0.1364,0.144,0.1447,0.1468,0.1294,0.1211,0.1223,-0.0347,0.0727,0.1093,0.1366,0.1352,0.119,0.1327,0.1042,0.1237,0.1267
3/24/2022,8.9454,0.1804,0.1842,0.1786,0.2024,0.2015,0.1981,0.1875,0.2006,0.2003,0.1983,0.1906,0.1818,0.1832,0.1853,0.1869,0.1883,0.1863,0.1796,0.1864,0.1842,0.1863,0.1776,0.1798,0.1813,0.178,0.1838,0.1841,0.1767,0.189,0.1814,0.1791,0.1803,0.1779,0.1767,0.1812,0.1798,0.1792,0.1813,0.2347,0.1984,0.1861,0.1887,0.1843,0.1884,0.1794,0.1778,0.1833,0.1863
3/23/2022,6.5908,0.1424,0.135,0.1317,0.1155,0.103,0.1307,0.1149,0.1302,0.1368,0.1338,0.1219,0.1498,0.1475,0.1464,0.1427,0.1331,0.1381,0.1375,0.1327,0.143,0.1441,0.1468,0.1489,0.1462,0.1543,0.1407,0.1443,0.1479,0.1273,0.1451,0.1568,0.146,0.1486,0.1548,0.1536,0.1483,0.1423,0.1358,0.0576,0.1158,0.14,0.1341,0.1378,0.1516,0.1364,0.1419,0.1338,0.1433
3/22/2022,7.405,0.1559,0.1514,0.1572,0.1435,0.1426,0.149,0.1455,0.1485,0.1469,0.1495,0.1527,0.158,0.1548,0.1562,0.1557,0.1551,0.1595,0.1586,0.1541,0.1536,0.1581,0.1592,0.1528,0.157,0.1599,0.1541,0.1497,0.1585,0.147,0.1574,0.1623,0.158,0.1596,0.1601,0.158,0.1588,0.1529,0.1589,0.1491,0.1585,0.151,0.1516,0.154,0.1538,0.1536,0.151,0.1535,0.1583
3/21/2022,6.5316,0.1369,0.1294,0.128,0.1069,0.1264,0.1182,0.1164,0.1072,0.1232,0.1396,0.1154,0.1445,0.1374,0.1383,0.1342,0.1426,0.1488,0.1454,0.1358,0.132,0.1461,0.1308,0.1441,0.127,0.149,0.1483,0.1433,0.1455,0.1317,0.1394,0.1555,0.1457,0.1463,0.1479,0.1493,0.1432,0.1438,0.1369,0.0926,0.1321,0.1473,0.142,0.1361,0.1441,0.1327,0.1454,0.1373,0.1416
3/20/2022,9.4047,0.1886,0.1957,0.1994,0.2026,0.2272,0.217,0.2181,0.2202,0.2168,0.1938,0.2092,0.1949,0.1886,0.1925,0.1936,0.1905,0.1972,0.1976,0.1876,0.1877,0.1943,0.1884,0.205,0.1855,0.192,0.1816,0.1911,0.1845,0.1886,0.1884,0.1807,0.1852,0.1827,0.1776,0.1841,0.1887,0.1915,0.1855,0.2513,0.2062,0.2035,0.191,0.1914,0.1974,0.191,0.1991,0.1851,0.1945
3/19/2022,5.8206,0.1305,0.1078,0.1139,0.1035,0.1091,0.1146,0.0767,0.0808,0.1115,0.129,0.117,0.1311,0.1368,0.142,0.117,0.1346,0.1287,0.1246,0.1176,0.12,0.1253,0.1213,0.1344,0.117,0.1416,0.1207,0.0954,0.1407,0.1078,0.1353,0.142,0.1427,0.1449,0.1362,0.1375,0.1355,0.1399,0.1364,0.0124,0.0947,0.1146,0.1253,0.1412,0.1287,0.1133,0.1335,0.1202,0.1353
3/18/2022,6.8867,0.1516,0.1455,0.1496,0.1422,0.1189,0.1266,0.1329,0.1415,0.1434,0.1366,0.1437,0.1427,0.1475,0.146,0.1471,0.1462,0.1446,0.1512,0.1433,0.1467,0.1431,0.1556,0.1368,0.1411,0.152,0.144,0.1356,0.1541,0.1363,0.1489,0.1491,0.1521,0.1566,0.1529,0.1506,0.1494,0.1416,0.1456,0.1021,0.1365,0.1402,0.1423,0.1482,0.1525,0.1417,0.1366,0.142,0.1514
3/17/2022,5.0948,0.1231,0.0897,0.1237,0.0644,0.0839,0.0807,0.0978,0.0926,0.0725,0.0781,0.0769,0.0906,0.1184,0.1071,0.1321,0.1243,0.1141,0.103,0.1167,0.1048,0.1039,0.1213,0.1086,0.1016,0.1373,0.1161,0.1248,0.137,0.0876,0.1248,0.1359,0.1344,0.1379,0.142,0.1417,0.1193,0.1025,0.0993,-0.0839,0.0497,0.1283,0.1222,0.1196,0.135,0.124,0.0937,0.1013,0.1344
3/16/2022,6.4572,0.1272,0.1421,0.1324,0.1138,0.0991,0.1372,0.1199,0.1094,0.1263,0.1378,0.135,0.1472,0.1443,0.1372,0.1403,0.1478,0.1355,0.1375,0.1321,0.14,0.1333,0.1378,0.1455,0.1276,0.136,0.1403,0.1182,0.1448,0.1352,0.1341,0.1543,0.1539,0.1474,0.1437,0.1429,0.1415,0.1494,0.1471,0.0627,0.1181,0.138,0.1321,0.1284,0.1344,0.1462,0.1298,0.1486,0.1438
3/15/2022,7.5978,0.1612,0.157,0.1596,0.1541,0.1501,0.1526,0.1549,0.1588,0.1615,0.1562,0.1586,0.1616,0.1609,0.161,0.162,0.1605,0.16,0.1612,0.1581,0.1609,0.1585,0.1616,0.1575,0.1578,0.1592,0.1597,0.162,0.1624,0.1575,0.1605,0.1624,0.163,0.1626,0.1618,0.1611,0.16,0.1574,0.1578,0.1168,0.1434,0.1618,0.1604,0.1624,0.1584,0.1595,0.1584,0.1617,0.1614
3/14/2022,10.0268,0.207,0.2141,0.2159,0.2372,0.2135,0.2096,0.2313,0.252,0.19,0.2244,0.2202,0.2068,0.1906,0.1985,0.2106,0.1944,0.1948,0.2013,0.2111,0.2094,0.1961,0.193,0.2222,0.1882,0.205,0.2054,0.1985,0.193,0.2036,0.2007,0.1794,0.192,0.1916,0.1835,0.1934,0.1944,0.2048,0.2068,0.3243,0.2403,0.2192,0.2194,0.1952,0.2062,0.2027,0.2196,0.2094,0.2062
3/13/2022,11.0786,0.2329,0.2464,0.203,0.2787,0.2766,0.2556,0.3006,0.247,0.2492,0.2399,0.2498,0.2424,0.2215,0.2128,0.2267,0.2165,0.223,0.2344,0.2215,0.2387,0.2347,0.2381,0.2421,0.2276,0.203,0.2055,0.2344,0.2061,0.2159,0.2233,0.207,0.2085,0.2132,0.2156,0.2147,0.2159,0.215,0.2325,0.3018,0.2298,0.2353,0.2076,0.2193,0.2292,0.2101,0.2384,0.2227,0.2141
3/12/2022,11.3454,0.2168,0.2416,0.2506,0.2469,0.2566,0.2433,0.2413,0.3005,0.2061,0.25,0.258,0.2349,0.2102,0.2269,0.2366,0.2155,0.2232,0.2088,0.2152,0.2362,0.2342,0.2376,0.256,0.2513,0.2199,0.2242,0.2577,0.2085,0.2653,0.2172,0.2005,0.1914,0.2051,0.1981,0.2209,0.2152,0.25,0.2132,0.3977,0.2745,0.2506,0.2372,0.2045,0.2486,0.2393,0.2219,0.2433,0.2423
3/11/2022,7.7755,0.1628,0.1628,0.161,0.1596,0.1618,0.1595,0.163,0.1613,0.164,0.1598,0.1631,0.1609,0.1621,0.163,0.1625,0.1633,0.1631,0.1635,0.1635,0.1633,0.1627,0.1624,0.1611,0.1608,0.1633,0.1642,0.1608,0.1639,0.1633,0.1629,0.1644,0.1649,0.1632,0.1639,0.1637,0.1627,0.1611,0.1625,0.144,0.1561,0.1629,0.1603,0.1616,0.1628,0.1626,0.1637,0.1616,0.1642
3/10/2022,6.7089,0.1472,0.139,0.1322,0.1146,0.1273,0.1239,0.1177,0.1165,0.1199,0.1243,0.1175,0.1465,0.1505,0.1447,0.1495,0.1402,0.1483,0.1366,0.1437,0.1467,0.1383,0.1526,0.1339,0.1379,0.1424,0.1381,0.1265,0.1527,0.1447,0.1461,0.1513,0.1545,0.1548,0.1503,0.153,0.1443,0.1348,0.1369,0.1542,0.1608,0.1394,0.1303,0.1381,0.1432,0.1362,0.1372,0.1477,0.1419
3/9/2022,8.8421,0.1786,0.1862,0.1817,0.2011,0.19,0.1849,0.186,0.196,0.1818,0.1857,0.1998,0.1894,0.1822,0.1786,0.1771,0.1823,0.1821,0.1775,0.1863,0.1796,0.1769,0.1747,0.1806,0.1843,0.1748,0.1783,0.1757,0.1766,0.187,0.1779,0.1771,0.1742,0.1793,0.1799,0.1737,0.1794,0.1766,0.1776,0.2605,0.2105,0.1793,0.1857,0.1841,0.1832,0.1795,0.1869,0.1769,0.184
3/8/2022,9.7307,0.1945,0.1899,0.2089,0.2179,0.2494,0.238,0.2115,0.2047,0.2214,0.2245,0.1945,0.2013,0.1866,0.1888,0.1907,0.2011,0.1983,0.2058,0.2008,0.1987,0.194,0.1926,0.2006,0.2046,0.1999,0.1916,0.1893,0.1857,0.1914,0.1999,0.1814,0.1857,0.1897,0.1805,0.1869,0.1931,0.1886,0.2037,0.3277,0.2419,0.2092,0.194,0.1859,0.1859,0.1952,0.206,0.2053,0.1931
3/7/2022,11.5967,0.2145,0.2472,0.2418,0.3127,0.2976,0.2397,0.3051,0.2979,0.2609,0.2185,0.2213,0.2087,0.231,0.2217,0.2393,0.2239,0.2336,0.2332,0.2382,0.2339,0.2206,0.226,0.2447,0.23,0.2271,0.2221,0.2631,0.2059,0.2285,0.2296,0.2005,0.1983,0.2005,0.2235,0.1976,0.2156,0.2462,0.2415,0.4862,0.3158,0.2321,0.2127,0.2361,0.2332,0.2123,0.2595,0.2422,0.2246
3/6/2022,11.241,0.2328,0.2338,0.2163,0.2898,0.3018,0.2866,0.274,0.2561,0.2649,0.2458,0.2866,0.2399,0.2302,0.227,0.225,0.2234,0.2159,0.2211,0.2279,0.2451,0.2052,0.2043,0.2496,0.2036,0.2331,0.213,0.2172,0.2107,0.2555,0.2305,0.19,0.1945,0.1984,0.2176,0.2095,0.215,0.2198,0.2422,0.3392,0.2472,0.2522,0.2195,0.2159,0.213,0.2192,0.2295,0.2107,0.2409
3/5/2022,9.2861,0.2022,0.1838,0.1992,0.2085,0.2118,0.2086,0.1884,0.2083,0.1951,0.204,0.1961,0.188,0.1898,0.1927,0.1934,0.1959,0.1867,0.1969,0.1894,0.1952,0.1812,0.1907,0.1878,0.1921,0.1822,0.188,0.1866,0.184,0.2024,0.1925,0.1772,0.1845,0.1797,0.1825,0.1822,0.1881,0.1914,0.1899,0.2608,0.2106,0.1999,0.191,0.1804,0.1793,0.199,0.2014,0.1836,0.1831
3/4/2022,9.4789,0.186,0.1964,0.1921,0.2137,0.2319,0.2085,0.1971,0.2113,0.1871,0.1896,0.2025,0.2017,0.1921,0.1985,0.1928,0.1967,0.1923,0.2022,0.1899,0.193,0.1955,0.1925,0.2011,0.1967,0.1812,0.188,0.192,0.1854,0.1982,0.188,0.1798,0.1863,0.1791,0.1797,0.1829,0.1896,0.2032,0.2014,0.2957,0.2269,0.2062,0.2082,0.1974,0.1807,0.1928,0.184,0.1955,0.1955
3/3/2022,9.3752,0.1909,0.201,0.1825,0.2105,0.2046,0.216,0.2075,0.217,0.2164,0.2043,0.195,0.2017,0.1916,0.1939,0.196,0.1844,0.1949,0.1841,0.1975,0.1906,0.1873,0.1834,0.19,0.2037,0.1884,0.1927,0.2059,0.1829,0.1884,0.1899,0.1774,0.1829,0.1777,0.1803,0.1801,0.1883,0.187,0.1936,0.2586,0.2096,0.2034,0.1975,0.1955,0.1938,0.185,0.1885,0.1928,0.1902
3/2/2022,9.0045,0.1851,0.1901,0.1863,0.2001,0.2036,0.1976,0.1864,0.197,0.1835,0.1801,0.2022,0.1909,0.1805,0.1795,0.1848,0.1787,0.1854,0.1874,0.183,0.1858,0.1809,0.1891,0.1809,0.1803,0.1836,0.1775,0.1811,0.1783,0.1965,0.1802,0.1746,0.175,0.1791,0.1792,0.1809,0.1806,0.1783,0.1846,0.2643,0.2122,0.1913,0.1825,0.1897,0.1844,0.189,0.1893,0.1906,0.1825
3/1/2022,8.9454,0.1813,0.1924,0.1869,0.2022,0.1984,0.194,0.1965,0.1853,0.1878,0.194,0.1869,0.1796,0.1841,0.1812,0.1804,0.1791,0.1859,0.1863,0.1828,0.1826,0.188,0.1836,0.189,0.1838,0.1857,0.1792,0.1968,0.1785,0.1932,0.1804,0.1793,0.1809,0.1805,0.1739,0.1797,0.1798,0.1788,0.1866,0.2386,0.2003,0.1795,0.1841,0.1806,0.1778,0.1849,0.1886,0.1887,0.1769
2/28/2022,11.019,0.2162,0.2482,0.2431,0.2699,0.2373,0.2799,0.2334,0.282,0.2023,0.2219,0.2246,0.2403,0.2243,0.2165,0.2129,0.2364,0.2056,0.208,0.2171,0.2322,0.2213,0.2385,0.2089,0.196,0.2204,0.2298,0.1999,0.2008,0.2129,0.2271,0.212,0.1935,0.1884,0.1935,0.2101,0.2162,0.2264,0.2138,0.5048,0.3246,0.24,0.2086,0.2098,0.2056,0.2092,0.2249,0.2092,0.2207
2/27/2022,8.1607,0.1701,0.1693,0.1687,0.1732,0.1703,0.1702,0.1699,0.173,0.1698,0.169,0.1707,0.1699,0.1689,0.1696,0.169,0.1699,0.1694,0.17,0.1697,0.1699,0.1689,0.1696,0.1695,0.1694,0.17,0.1687,0.1692,0.1685,0.1715,0.1691,0.1684,0.168,0.1691,0.169,0.1683,0.1688,0.1687,0.1697,0.1866,0.176,0.1685,0.1687,0.169,0.1689,0.1702,0.1698,0.1687,0.1694
2/26/2022,8.5461,0.1804,0.1811,0.1783,0.189,0.186,0.1777,0.189,0.1888,0.1779,0.1736,0.185,0.1738,0.1775,0.1744,0.178,0.1778,0.1739,0.1757,0.1787,0.1759,0.1778,0.1737,0.1761,0.1788,0.1721,0.1762,0.1726,0.1745,0.1833,0.175,0.173,0.172,0.173,0.1714,0.1755,0.1746,0.1732,0.1759,0.2119,0.1878,0.1795,0.172,0.1799,0.1753,0.1755,0.1765,0.1741,0.1724
2/25/2022,7.583,0.1588,0.1597,0.1561,0.1512,0.1467,0.1588,0.1544,0.1559,0.1599,0.1602,0.1563,0.1573,0.1595,0.162,0.1584,0.159,0.1602,0.1597,0.1605,0.1589,0.1596,0.1568,0.1581,0.1587,0.1589,0.1607,0.1605,0.1622,0.1537,0.1597,0.164,0.1624,0.1601,0.1622,0.1607,0.1612,0.1578,0.1578,0.1316,0.1503,0.1553,0.1554,0.1616,0.1592,0.1596,0.1593,0.1609,0.1612
2/24/2022,8.2198,0.1697,0.1696,0.1699,0.1749,0.1777,0.1753,0.1715,0.1726,0.1734,0.1729,0.17,0.1695,0.1694,0.1703,0.1694,0.1712,0.17,0.1706,0.1715,0.1718,0.1692,0.172,0.1713,0.1697,0.1702,0.1704,0.1709,0.1697,0.1741,0.1705,0.1699,0.1694,0.169,0.17,0.1685,0.1703,0.1718,0.1692,0.1859,0.1756,0.1692,0.169,0.1712,0.17,0.1717,0.1711,0.1694,0.1694
2/23/2022,9.5826,0.2065,0.2023,0.2043,0.219,0.201,0.2005,0.2346,0.1978,0.219,0.1958,0.2061,0.204,0.1874,0.1847,0.1945,0.2015,0.2045,0.1953,0.2032,0.2021,0.1996,0.194,0.2105,0.2023,0.189,0.1864,0.1928,0.1868,0.2045,0.1879,0.1925,0.1888,0.1887,0.1782,0.1876,0.1876,0.1974,0.1906,0.2749,0.2172,0.2027,0.1983,0.183,0.188,0.2031,0.198,0.192,0.1961
2/22/2022,7.6572,0.162,0.1619,0.1586,0.1563,0.156,0.1555,0.1591,0.1562,0.1625,0.162,0.1565,0.1591,0.1619,0.1599,0.1606,0.1599,0.1613,0.1622,0.1608,0.1594,0.159,0.1606,0.1598,0.1604,0.1617,0.1614,0.162,0.1627,0.1551,0.1595,0.1611,0.1641,0.1642,0.162,0.1615,0.1618,0.1605,0.1617,0.1285,0.1489,0.1581,0.1628,0.162,0.1626,0.1591,0.1621,0.1592,0.1631
2/21/2022,7.8051,0.1623,0.1618,0.1632,0.1601,0.1599,0.1626,0.1592,0.1585,0.1627,0.1629,0.1631,0.1622,0.1627,0.163,0.1641,0.1635,0.1624,0.1629,0.1637,0.1628,0.1635,0.1644,0.1614,0.1621,0.1641,0.1624,0.161,0.1643,0.1613,0.1631,0.1652,0.1637,0.1638,0.1649,0.1639,0.1641,0.1642,0.1635,0.1555,0.1614,0.1614,0.1633,0.1639,0.1635,0.1619,0.1633,0.1642,0.1622
2/20/2022,9.7603,0.194,0.1984,0.1906,0.2369,0.207,0.2277,0.2179,0.2325,0.1955,0.1969,0.2024,0.2093,0.1866,0.2013,0.2008,0.1929,0.2028,0.208,0.1938,0.2091,0.2013,0.1862,0.2153,0.1862,0.2022,0.1878,0.2096,0.1857,0.2043,0.1961,0.1901,0.1839,0.1906,0.1806,0.1823,0.1917,0.1968,0.1964,0.3087,0.233,0.21,0.208,0.2061,0.1984,0.2059,0.1883,0.2089,0.2015
2/19/2022,11.4637,0.2224,0.2533,0.2522,0.3073,0.2449,0.2681,0.2328,0.2744,0.255,0.2477,0.2176,0.2152,0.2294,0.229,0.2204,0.2075,0.2242,0.21,0.2505,0.2262,0.2276,0.2082,0.2636,0.2311,0.2065,0.2072,0.2758,0.2096,0.2158,0.2172,0.1968,0.2235,0.1989,0.2006,0.2062,0.2224,0.2093,0.2339,0.523,0.333,0.2176,0.2266,0.237,0.2491,0.2456,0.2366,0.2107,0.2422
2/18/2022,5.8207,0.1338,0.1111,0.1218,0.1074,0.098,0.0995,0.0793,0.1172,0.1355,0.1329,0.1242,0.108,0.1309,0.1409,0.1233,0.1139,0.1259,0.1296,0.1303,0.1202,0.1353,0.1318,0.1128,0.1253,0.1255,0.1375,0.1218,0.1381,0.1043,0.1231,0.1451,0.1344,0.1427,0.1505,0.1464,0.129,0.1412,0.1165,0,0.0888,0.1325,0.1117,0.1429,0.127,0.1242,0.1072,0.1196,0.1218
2/17/2022,5.9095,0.1123,0.1217,0.1251,0.1069,0.0761,0.1167,0.082,0.1167,0.1384,0.1297,0.1182,0.129,0.1242,0.1422,0.1192,0.1292,0.1357,0.1336,0.1364,0.1361,0.1355,0.1186,0.1092,0.114,0.1435,0.1315,0.0998,0.1376,0.123,0.1251,0.1462,0.1514,0.1401,0.1401,0.133,0.1378,0.1265,0.119,0.0142,0.0955,0.1318,0.1098,0.1322,0.1157,0.1391,0.1435,0.1372,0.1292
2/16/2022,8.25,0.1712,0.172,0.1702,0.1725,0.173,0.1766,0.1772,0.1739,0.1717,0.1711,0.1753,0.1704,0.1717,0.1702,0.1712,0.1701,0.1722,0.1716,0.1717,0.1717,0.1697,0.1719,0.1707,0.1718,0.1702,0.1692,0.1748,0.1693,0.1726,0.1709,0.1687,0.17,0.1692,0.1702,0.1693,0.1709,0.1713,0.1698,0.1891,0.1772,0.1705,0.1725,0.1697,0.1706,0.1724,0.1698,0.1716,0.1706
2/15/2022,10.9452,0.2288,0.2229,0.2117,0.2444,0.2488,0.2471,0.2798,0.2391,0.2291,0.2306,0.2636,0.2023,0.2023,0.2094,0.2303,0.2318,0.2259,0.2023,0.2353,0.2338,0.2061,0.2097,0.2385,0.2038,0.2032,0.1973,0.2144,0.2079,0.2656,0.2238,0.1999,0.1941,0.2052,0.1905,0.1938,0.2144,0.2238,0.2338,0.464,0.3055,0.215,0.2267,0.2147,0.2005,0.2238,0.202,0.2297,0.2182
2/14/2022,14.2628,0.3333,0.2562,0.2781,0.3257,0.4397,0.3189,0.394,0.4115,0.312,0.3508,0.3627,0.3308,0.2612,0.2399,0.2994,0.2662,0.2637,0.2587,0.2675,0.2756,0.2888,0.2274,0.2619,0.2431,0.2669,0.2481,0.3157,0.245,0.2756,0.2738,0.2305,0.2475,0.223,0.2331,0.2462,0.2619,0.2606,0.2475,0.7341,0.4316,0.327,0.2594,0.2287,0.2518,0.255,0.3301,0.2963,0.3063
2/13/2022,10.5749,0.2357,0.2043,0.2099,0.2599,0.289,0.265,0.2182,0.2725,0.2092,0.2285,0.2068,0.2122,0.2048,0.1983,0.1994,0.2231,0.1973,0.2035,0.222,0.2097,0.2104,0.1978,0.2184,0.2243,0.194,0.195,0.2192,0.1958,0.2027,0.2048,0.1927,0.2022,0.1852,0.196,0.1898,0.2032,0.2055,0.2153,0.4939,0.3194,0.1983,0.2171,0.2156,0.1932,0.2084,0.1989,0.212,0.1965
2/12/2022,9.02,0.1942,0.1815,0.1894,0.1983,0.2128,0.2074,0.2021,0.2077,0.1777,0.1853,0.1917,0.1825,0.183,0.1836,0.1827,0.1878,0.1803,0.1828,0.1871,0.1852,0.1787,0.1786,0.194,0.1794,0.1873,0.189,0.1899,0.1776,0.1914,0.1854,0.1824,0.1743,0.1792,0.1773,0.1827,0.1798,0.183,0.1778,0.2415,0.2016,0.189,0.1892,0.1847,0.1859,0.1911,0.1842,0.1837,0.1782
2/11/2022,10.0269,0.206,0.2054,0.2011,0.2319,0.2196,0.2102,0.2329,0.2287,0.2214,0.2208,0.2143,0.1912,0.192,0.2106,0.1961,0.1983,0.2015,0.1969,0.2155,0.2029,0.1995,0.1952,0.1948,0.1928,0.2048,0.2082,0.1902,0.1926,0.2327,0.1977,0.1849,0.192,0.1969,0.1908,0.1882,0.2007,0.2036,0.1916,0.3796,0.2661,0.1959,0.2177,0.2052,0.1906,0.2135,0.2036,0.2125,0.1877
2/10/2022,8.3973,0.1762,0.1722,0.1743,0.1767,0.1762,0.1797,0.1811,0.1807,0.1715,0.177,0.1734,0.1764,0.1718,0.1734,0.1754,0.1746,0.1716,0.1764,0.1761,0.1732,0.1749,0.1706,0.1723,0.1738,0.1743,0.1747,0.1747,0.1722,0.174,0.1737,0.1698,0.1712,0.1723,0.173,0.1712,0.1726,0.1754,0.1728,0.2034,0.1838,0.1764,0.1718,0.1754,0.1741,0.1741,0.1733,0.1727,0.1709
2/9/2022,9.1382,0.1816,0.196,0.194,0.1941,0.2244,0.1972,0.2059,0.206,0.1942,0.199,0.1979,0.1909,0.1825,0.1905,0.1906,0.1875,0.1837,0.1928,0.1897,0.1859,0.1833,0.194,0.187,0.1827,0.18,0.1792,0.1985,0.179,0.1993,0.1833,0.1776,0.1802,0.1779,0.1839,0.1779,0.1831,0.1878,0.1808,0.2468,0.2041,0.1947,0.186,0.1939,0.1817,0.1844,0.1851,0.1812,0.1804
2/8/2022,8.8269,0.1841,0.1888,0.1799,0.1936,0.1855,0.1905,0.1901,0.1959,0.1803,0.1775,0.1897,0.1769,0.1797,0.1777,0.1827,0.1847,0.1827,0.1782,0.1798,0.1787,0.1776,0.1776,0.189,0.183,0.1801,0.1828,0.1921,0.1778,0.1808,0.1842,0.1797,0.173,0.1782,0.1787,0.1759,0.1805,0.1776,0.1842,0.2457,0.2036,0.1879,0.1786,0.1864,0.1767,0.1801,0.1759,0.1773,0.1849
2/7/2022,11.1969,0.2082,0.2264,0.2434,0.2565,0.2658,0.2936,0.3061,0.228,0.2319,0.2603,0.2456,0.2284,0.2268,0.2156,0.222,0.2191,0.2434,0.2364,0.2245,0.245,0.2284,0.2424,0.2044,0.2523,0.1993,0.2252,0.2229,0.199,0.267,0.2095,0.2108,0.2105,0.1919,0.1919,0.1977,0.2085,0.222,0.2197,0.367,0.2602,0.252,0.2319,0.2146,0.2364,0.2165,0.2229,0.228,0.237
2/6/2022,12.7524,0.2907,0.2969,0.2769,0.3634,0.3116,0.3349,0.2565,0.2646,0.3149,0.3278,0.2755,0.2703,0.2513,0.2684,0.2565,0.2503,0.2327,0.2498,0.2598,0.2522,0.247,0.2546,0.295,0.2137,0.209,0.2679,0.2992,0.2175,0.3045,0.2684,0.2071,0.2332,0.2037,0.2256,0.2256,0.2494,0.2422,0.2579,0.3899,0.2709,0.2674,0.2855,0.275,0.2256,0.2859,0.2251,0.2707,0.2299
2/5/2022,12.4704,0.2556,0.274,0.2248,0.3455,0.3754,0.354,0.2668,0.2954,0.2601,0.2686,0.3392,0.2494,0.2427,0.2208,0.2525,0.2753,0.2682,0.2538,0.2503,0.2431,0.2306,0.2109,0.2498,0.2328,0.2136,0.2136,0.2234,0.2266,0.2829,0.2284,0.2212,0.2212,0.2145,0.2279,0.219,0.2449,0.2637,0.2234,0.4589,0.3031,0.248,0.269,0.2413,0.2373,0.2668,0.2722,0.2605,0.2494
2/4/2022,8.25,0.1708,0.1718,0.1725,0.1749,0.1748,0.1758,0.1773,0.1739,0.1718,0.1709,0.1745,0.1723,0.1702,0.172,0.1721,0.1723,0.1726,0.1698,0.1708,0.1726,0.1705,0.1717,0.1708,0.1734,0.1712,0.1693,0.1714,0.1701,0.1726,0.1706,0.1698,0.17,0.1703,0.17,0.1687,0.1706,0.1729,0.1714,0.1804,0.1731,0.1711,0.1717,0.1697,0.1724,0.1722,0.1695,0.1708,0.1701
2/3/2022,11.5965,0.2469,0.2231,0.2659,0.2972,0.2918,0.2533,0.3159,0.2767,0.2177,0.23,0.2818,0.2289,0.2073,0.2113,0.2163,0.2382,0.2206,0.2476,0.2393,0.239,0.2411,0.2433,0.2354,0.2141,0.2328,0.2364,0.2735,0.2084,0.258,0.23,0.1897,0.2026,0.2016,0.1944,0.2145,0.2217,0.2512,0.2282,0.4398,0.2942,0.2364,0.2116,0.2278,0.2123,0.2487,0.2465,0.2386,0.2149
2/2/2022,10.1749,0.2121,0.2167,0.1997,0.2487,0.2626,0.2082,0.2091,0.2247,0.2132,0.2006,0.2406,0.2239,0.2041,0.2123,0.2006,0.2056,0.2099,0.2073,0.2191,0.2169,0.2126,0.193,0.1982,0.2169,0.2108,0.1921,0.2082,0.1884,0.2293,0.2045,0.2015,0.1891,0.1947,0.1995,0.2015,0.1991,0.2099,0.2084,0.3031,0.2304,0.1991,0.2097,0.22,0.1912,0.2099,0.2204,0.1993,0.1982
2/1/2022,11.5676,0.212,0.2402,0.2619,0.2687,0.3322,0.2444,0.2869,0.2619,0.2662,0.2145,0.2573,0.2466,0.2077,0.2409,0.2187,0.2523,0.2266,0.2402,0.2309,0.2362,0.2109,0.2252,0.2562,0.2102,0.2209,0.2259,0.2223,0.2077,0.2273,0.2177,0.2109,0.1948,0.2091,0.2055,0.2145,0.2284,0.2441,0.2259,0.4332,0.2911,0.2619,0.2334,0.2548,0.2223,0.2359,0.2405,0.2473,0.2434
1/31/2022,1.5994,0.0502,0.0476,0.0188,-0.0068,-0.0721,-0.0081,-0.0273,-0.0554,-0.0625,0.0559,0.0265,0.0355,0.0662,0.0547,0.0431,0.0188,0.0291,0.0559,0.0611,0.0643,0.0796,0.0521,0.031,0.0636,0.0719,0.0687,-0.0279,0.0847,-0.0081,0.0547,0.0662,0.0995,0.0835,0.0732,0.0751,0.0854,0.0905,0.0284,-0.2138,-0.011,0.054,-0.001,0.0489,0.0444,0.0476,0.0463,0.0841,0.0323
1/30/2022,11.5967,0.2418,0.2203,0.235,0.2857,0.2868,0.2843,0.267,0.2825,0.2555,0.2908,0.289,0.2616,0.2145,0.231,0.2343,0.2422,0.2476,0.2253,0.2368,0.2296,0.2418,0.2458,0.2587,0.2508,0.2113,0.208,0.2487,0.2145,0.2724,0.2411,0.1951,0.2037,0.208,0.2199,0.2138,0.2213,0.2289,0.2174,0.342,0.2485,0.2181,0.2627,0.2512,0.2005,0.2264,0.2246,0.2357,0.2242
1/29/2022,11.0191,0.2195,0.2228,0.2403,0.2769,0.2397,0.2648,0.24,0.2859,0.2394,0.221,0.2835,0.2123,0.2023,0.2261,0.224,0.2071,0.215,0.2298,0.2147,0.24,0.2159,0.2189,0.218,0.2255,0.199,0.199,0.2512,0.202,0.2086,0.2304,0.1972,0.2126,0.1966,0.1947,0.199,0.2053,0.2331,0.2304,0.3846,0.2684,0.2388,0.2198,0.2213,0.2388,0.2382,0.2304,0.2216,0.2147
1/28/2022,12.0412,0.2657,0.256,0.2386,0.2984,0.2798,0.277,0.2685,0.2568,0.2095,0.2479,0.2515,0.262,0.2196,0.2503,0.2309,0.2503,0.2305,0.2208,0.2641,0.2249,0.222,0.237,0.2164,0.2564,0.2168,0.2301,0.2709,0.2152,0.2871,0.2531,0.2156,0.2164,0.2184,0.2075,0.2241,0.2245,0.2475,0.2641,0.5551,0.348,0.2511,0.2471,0.2495,0.2479,0.2232,0.2362,0.2236,0.2333
1/27/2022,11.2267,0.2267,0.2528,0.2306,0.2764,0.277,0.2435,0.2402,0.2522,0.2325,0.2125,0.2322,0.2373,0.2286,0.2202,0.2251,0.2157,0.206,0.2309,0.2438,0.2409,0.2264,0.2302,0.2548,0.2196,0.196,0.2299,0.2406,0.2076,0.2257,0.2241,0.1886,0.1967,0.1999,0.2115,0.2147,0.2225,0.2383,0.2047,0.4975,0.3211,0.2235,0.2147,0.2254,0.1996,0.2167,0.2444,0.2273,0.1996
1/26/2022,11.2714,0.2216,0.236,0.2236,0.2756,0.2684,0.273,0.307,0.2681,0.2174,0.2569,0.2838,0.2406,0.2066,0.2098,0.2383,0.2442,0.2102,0.2357,0.2291,0.2151,0.2193,0.2308,0.2416,0.2112,0.2147,0.2069,0.2272,0.2095,0.2157,0.2174,0.2108,0.2115,0.2134,0.1955,0.2164,0.2233,0.2249,0.217,0.383,0.2677,0.2511,0.2004,0.2445,0.2337,0.2305,0.2511,0.2298,0.2115
1/25/2022,11.5966,0.2659,0.2613,0.2429,0.2703,0.3073,0.2562,0.231,0.2987,0.2685,0.2444,0.2357,0.2239,0.2084,0.2177,0.2508,0.2116,0.2246,0.249,0.226,0.2508,0.2343,0.2195,0.2573,0.2627,0.2224,0.2185,0.2605,0.2149,0.2267,0.2217,0.2141,0.2098,0.2188,0.2055,0.207,0.2264,0.253,0.2102,0.4479,0.298,0.2192,0.2102,0.2087,0.2314,0.249,0.2465,0.2141,0.2433
1/24/2022,14.0994,0.2484,0.3204,0.2905,0.3466,0.4656,0.4113,0.3283,0.3064,0.2502,0.2624,0.3277,0.2386,0.2759,0.2899,0.238,0.3015,0.2752,0.2496,0.307,0.2673,0.2417,0.3143,0.3173,0.299,0.235,0.2789,0.31,0.2478,0.3271,0.2935,0.2252,0.2203,0.2399,0.2112,0.2203,0.246,0.3057,0.2423,0.7858,0.4557,0.2362,0.3033,0.2264,0.2484,0.2856,0.274,0.2752,0.2325
1/23/2022,12.6484,0.2271,0.2885,0.2903,0.2806,0.3331,0.3586,0.348,0.3433,0.2187,0.2531,0.229,0.2764,0.2555,0.2652,0.2355,0.2713,0.2271,0.228,0.2508,0.2596,0.2238,0.2345,0.2387,0.2624,0.2359,0.2327,0.2722,0.2238,0.2987,0.2369,0.2215,0.2145,0.2243,0.2197,0.2252,0.2303,0.2294,0.2262,0.6087,0.3731,0.2768,0.2513,0.2317,0.2303,0.2815,0.2276,0.2578,0.2192
1/22/2022,10.8857,0.2062,0.2163,0.212,0.2558,0.3009,0.2241,0.261,0.2732,0.2206,0.2175,0.2426,0.1981,0.2177,0.199,0.2048,0.2082,0.2068,0.227,0.2203,0.2342,0.2258,0.2273,0.2293,0.205,0.1935,0.2235,0.2581,0.2065,0.218,0.2261,0.1912,0.2143,0.1872,0.1938,0.2042,0.2079,0.2045,0.2198,0.4303,0.2897,0.2356,0.2278,0.2232,0.2325,0.2157,0.2169,0.2004,0.2313
1/21/2022,11.0935,0.2428,0.2199,0.2406,0.2477,0.3049,0.2613,0.2919,0.2527,0.2078,0.2474,0.2607,0.2387,0.2267,0.2285,0.2273,0.2378,0.214,0.231,0.21,0.2397,0.2168,0.2384,0.2366,0.2199,0.1967,0.2013,0.2394,0.1979,0.2592,0.2261,0.2137,0.197,0.2103,0.1998,0.2047,0.2214,0.2421,0.2087,0.3008,0.2293,0.2066,0.2428,0.2205,0.2149,0.2366,0.2483,0.2032,0.2291
1/20/2022,9.0348,0.1906,0.1924,0.1824,0.2088,0.1957,0.2011,0.2004,0.2098,0.1876,0.1926,0.1866,0.1883,0.1782,0.1799,0.1827,0.1911,0.1872,0.1923,0.1819,0.1878,0.1869,0.1906,0.1936,0.1772,0.1784,0.1833,0.1913,0.1796,0.1877,0.1821,0.1814,0.1798,0.1792,0.1775,0.1771,0.1831,0.1913,0.1786,0.2403,0.201,0.1908,0.1834,0.1787,0.1889,0.1886,0.1792,0.1865,0.1813
1/19/2022,11.5525,0.2381,0.231,0.215,0.2843,0.2942,0.3006,0.3073,0.3031,0.2416,0.2157,0.2715,0.2462,0.2317,0.2139,0.2146,0.2427,0.2125,0.2395,0.2281,0.2363,0.2331,0.2047,0.2164,0.2327,0.2239,0.2423,0.2654,0.2153,0.2697,0.2324,0.2075,0.2136,0.2029,0.2178,0.2107,0.2207,0.237,0.2285,0.374,0.2635,0.259,0.2047,0.2288,0.2228,0.2477,0.2384,0.243,0.2281
1/18/2022,13.5222,0.2953,0.2556,0.2396,0.3627,0.3368,0.3362,0.2694,0.271,0.2252,0.2727,0.3102,0.2893,0.2561,0.2368,0.2489,0.2451,0.2893,0.2589,0.2484,0.2556,0.2407,0.2401,0.3091,0.2749,0.218,0.2727,0.223,0.2224,0.3014,0.2528,0.2081,0.2374,0.2401,0.2362,0.2506,0.2616,0.2589,0.271,0.8398,0.4809,0.2423,0.2854,0.2876,0.297,0.2611,0.3075,0.2429,0.2556
1/17/2022,11.2564,0.2279,0.2165,0.2259,0.293,0.2445,0.2976,0.2305,0.2777,0.2556,0.2214,0.2884,0.2204,0.2253,0.2266,0.2214,0.208,0.2171,0.2266,0.2337,0.2171,0.2263,0.2009,0.2487,0.2331,0.2113,0.2331,0.2279,0.211,0.2503,0.2276,0.2129,0.1989,0.208,0.21,0.2171,0.2149,0.2103,0.2298,0.4171,0.2836,0.2341,0.2139,0.2383,0.2132,0.2295,0.2507,0.209,0.2197
1/16/2022,11.6413,0.242,0.257,0.2508,0.2897,0.2541,0.2759,0.2541,0.2453,0.2395,0.2362,0.3047,0.246,0.21,0.2155,0.2333,0.2333,0.2399,0.2431,0.2399,0.2242,0.2464,0.2155,0.2096,0.2253,0.2122,0.2329,0.269,0.2089,0.245,0.2399,0.1998,0.1976,0.2009,0.2067,0.1987,0.2267,0.2551,0.2457,0.4566,0.302,0.2573,0.2264,0.2453,0.2541,0.2424,0.2246,0.2213,0.2409
1/15/2022,10.5899,0.2242,0.2141,0.2216,0.2526,0.2946,0.233,0.2589,0.2565,0.2198,0.2482,0.24,0.2169,0.2104,0.2055,0.2257,0.2208,0.2226,0.2117,0.227,0.2133,0.2019,0.1926,0.1993,0.2363,0.211,0.2089,0.2097,0.1975,0.2319,0.2208,0.2058,0.1856,0.2029,0.2065,0.1918,0.2097,0.213,0.2231,0.2788,0.219,0.2208,0.2091,0.1998,0.2117,0.2265,0.2239,0.2275,0.2071
1/14/2022,9.923,0.2147,0.2115,0.2159,0.2357,0.2359,0.2165,0.243,0.2271,0.2255,0.2128,0.2397,0.2051,0.1921,0.1942,0.2057,0.2122,0.1996,0.1972,0.2032,0.2028,0.2086,0.2132,0.2011,0.2024,0.203,0.2022,0.2084,0.1863,0.2221,0.1982,0.1911,0.1886,0.1951,0.1936,0.1834,0.1982,0.2074,0.1919,0.241,0.2014,0.209,0.2028,0.1928,0.1919,0.2078,0.1957,0.1976,0.1978
1/13/2022,9.7306,0.189,0.2058,0.2122,0.2349,0.2243,0.204,0.2117,0.2106,0.1866,0.2087,0.2035,0.2146,0.1947,0.1886,0.1907,0.2065,0.2032,0.2092,0.208,0.2053,0.2011,0.1925,0.2117,0.2002,0.1838,0.1952,0.2124,0.1897,0.212,0.1904,0.1876,0.1876,0.1821,0.1926,0.1905,0.1961,0.2028,0.1954,0.2913,0.2248,0.1916,0.1963,0.1944,0.2047,0.2089,0.204,0.1914,0.1874
1/12/2022,10.1453,0.2203,0.222,0.2203,0.2445,0.2145,0.2385,0.2349,0.2456,0.2306,0.195,0.2059,0.2143,0.2044,0.2038,0.2134,0.1984,0.2051,0.2199,0.2128,0.1984,0.2143,0.2136,0.2081,0.2066,0.189,0.2117,0.1988,0.1892,0.2261,0.2096,0.189,0.1821,0.1935,0.1885,0.1853,0.1961,0.2066,0.1907,0.341,0.2481,0.2098,0.1937,0.1954,0.2096,0.195,0.1958,0.2076,0.2079
1/11/2022,8.2051,0.1703,0.17,0.1696,0.1746,0.1714,0.1724,0.1715,0.1732,0.1715,0.1726,0.1718,0.1723,0.1691,0.1695,0.1703,0.1701,0.1693,0.1711,0.1706,0.1706,0.1709,0.1688,0.1715,0.171,0.1689,0.1705,0.1705,0.1693,0.1711,0.1699,0.1699,0.1694,0.1685,0.1685,0.169,0.1696,0.1704,0.1691,0.1898,0.1775,0.1703,0.1687,0.1714,0.1707,0.1709,0.1689,0.1695,0.1688
1/10/2022,6.65,0.1447,0.1422,0.1433,0.1174,0.1223,0.1379,0.116,0.1213,0.1314,0.1471,0.126,0.1383,0.1483,0.1401,0.1409,0.1425,0.1359,0.1483,0.1405,0.1448,0.147,0.1367,0.1289,0.1526,0.139,0.1409,0.1363,0.1522,0.1483,0.147,0.154,0.1488,0.1456,0.1506,0.1537,0.1495,0.1394,0.1349,0.0518,0.113,0.1471,0.147,0.1471,0.1343,0.148,0.1337,0.1459,0.1475
1/9/2022,6.7391,0.1344,0.1401,0.1485,0.1158,0.1229,0.1433,0.1359,0.1223,0.1496,0.1508,0.1272,0.1336,0.1461,0.1496,0.1445,0.1367,0.1436,0.135,0.1423,0.1373,0.144,0.1396,0.1465,0.1339,0.1413,0.1517,0.1258,0.1501,0.1256,0.1397,0.1585,0.1467,0.1498,0.1523,0.1501,0.1507,0.1397,0.149,0.109,0.1397,0.1495,0.1343,0.1401,0.1372,0.1418,0.1452,0.1481,0.1397
1/8/2022,7.6569,0.1575,0.1584,0.1585,0.1527,0.1583,0.1587,0.1587,0.1594,0.1567,0.1556,0.16,0.1598,0.1598,0.1624,0.1596,0.1618,0.1593,0.1587,0.1604,0.1597,0.1613,0.1589,0.1598,0.1575,0.1597,0.1598,0.1563,0.1617,0.1593,0.1598,0.1611,0.1617,0.1631,0.1629,0.1619,0.1611,0.1613,0.1596,0.1511,0.1594,0.1626,0.1604,0.162,0.1601,0.1604,0.1579,0.1595,0.1607
1/7/2022,10.6342,0.2236,0.2278,0.2165,0.2697,0.271,0.2494,0.2789,0.2623,0.2222,0.2101,0.2307,0.208,0.2149,0.2009,0.202,0.2191,0.2301,0.2209,0.2151,0.2151,0.1999,0.2207,0.2112,0.2133,0.2188,0.2191,0.2067,0.1962,0.2078,0.2059,0.193,0.1922,0.1993,0.1922,0.2043,0.2078,0.2201,0.2222,0.3504,0.2524,0.2107,0.2059,0.208,0.2088,0.2201,0.2381,0.2278,0.193
1/6/2022,8.7533,0.1796,0.1806,0.1829,0.1909,0.2055,0.1911,0.1969,0.1878,0.1849,0.1917,0.1809,0.1832,0.1785,0.1815,0.1764,0.1774,0.1805,0.181,0.1772,0.1829,0.1783,0.1768,0.1853,0.1777,0.1771,0.1783,0.1798,0.1762,0.1895,0.1771,0.1761,0.1772,0.1735,0.175,0.1745,0.178,0.1812,0.1778,0.2078,0.1859,0.1811,0.1865,0.1786,0.1822,0.1841,0.1862,0.1829,0.1772
1/5/2022,8.5308,0.1735,0.1812,0.1756,0.1857,0.1849,0.1782,0.1868,0.1848,0.1749,0.1847,0.1824,0.177,0.1765,0.1779,0.179,0.1732,0.1738,0.1746,0.1766,0.177,0.1771,0.1748,0.173,0.1745,0.1734,0.1757,0.1836,0.1721,0.1829,0.1752,0.1714,0.1733,0.1734,0.1722,0.1746,0.1757,0.1752,0.1777,0.2031,0.1837,0.1738,0.1758,0.1783,0.1788,0.1768,0.1786,0.1739,0.1739
1/4/2022,6.1169,0.1288,0.1153,0.1428,0.1028,0.1064,0.1247,0.1267,0.1083,0.1373,0.1397,0.1365,0.1362,0.1444,0.1286,0.1448,0.1307,0.1237,0.1224,0.1377,0.1267,0.1266,0.1337,0.1318,0.1386,0.1281,0.1322,0.1098,0.142,0.1147,0.1292,0.1379,0.1426,0.1392,0.1475,0.1467,0.1428,0.1371,0.125,-0.0091,0.0846,0.139,0.1365,0.1358,0.1484,0.1305,0.1205,0.1264,0.1343
1/3/2022,6.591,0.1378,0.133,0.1357,0.1224,0.1271,0.13,0.1389,0.1369,0.1374,0.1378,0.1479,0.1385,0.1426,0.1441,0.1352,0.139,0.1395,0.1472,0.1369,0.1462,0.1407,0.1429,0.1326,0.1286,0.1398,0.1468,0.1282,0.1514,0.1402,0.146,0.1567,0.1471,0.1488,0.1557,0.1455,0.1436,0.151,0.135,0.0233,0.0997,0.1429,0.1337,0.146,0.1368,0.1448,0.1509,0.143,0.1352
1/2/2022,7.435,0.1586,0.1563,0.1584,0.153,0.1523,0.1533,0.152,0.1512,0.1559,0.1474,0.159,0.1532,0.1566,0.1549,0.1546,0.1545,0.1581,0.1538,0.1564,0.1558,0.159,0.159,0.1579,0.1539,0.1597,0.1566,0.1565,0.1599,0.1575,0.1563,0.1606,0.1578,0.161,0.1614,0.161,0.1567,0.1527,0.1584,0.1065,0.1386,0.1527,0.1532,0.161,0.1533,0.1561,0.1538,0.1596,0.159
1/1/2022,7.1832,0.1546,0.1462,0.1452,0.1426,0.1368,0.1356,0.141,0.1475,0.1408,0.1547,0.1355,0.1566,0.1516,0.1498,0.1518,0.1556,0.1564,0.1517,0.1514,0.1548,0.1551,0.1496,0.1466,0.1462,0.1509,0.1506,0.1483,0.1558,0.1508,0.1492,0.1545,0.1559,0.1553,0.16,0.1596,0.156,0.15,0.1516,0.1085,0.1395,0.1495,0.1486,0.1573,0.1538,0.15,0.155,0.1565,0.1583
12/31/2021,8.433,0.1749,0.1736,0.1763,0.1818,0.1874,0.1788,0.177,0.1817,0.1816,0.1738,0.1729,0.177,0.1739,0.1755,0.172,0.1726,0.1755,0.1761,0.175,0.1736,0.1759,0.1711,0.1763,0.1756,0.174,0.1743,0.1789,0.172,0.1811,0.1749,0.171,0.1721,0.1716,0.1732,0.172,0.174,0.1748,0.1759,0.1884,0.1768,0.1757,0.1763,0.1709,0.1732,0.1772,0.1717,0.1769,0.1762
12/30/2021,5.3681,0.1177,0.1272,0.0964,0.0627,0.1017,0.0632,0.0672,0.1138,0.0948,0.129,0.1159,0.0993,0.1359,0.1232,0.1303,0.1138,0.1151,0.134,0.1293,0.1198,0.1161,0.1109,0.1006,0.1338,0.1303,0.1246,0.1159,0.1319,0.0798,0.119,0.1459,0.1309,0.1396,0.144,0.143,0.1214,0.1222,0.103,-0.0757,0.0535,0.1164,0.1198,0.1174,0.1082,0.1319,0.1277,0.1359,0.1298
12/29/2021,5.1573,0.1007,0.1007,0.0913,0.0956,0.107,0.0845,0.0444,0.1021,0.0965,0.0922,0.0615,0.1107,0.1266,0.122,0.1163,0.1155,0.1203,0.1266,0.1232,0.1163,0.1141,0.1351,0.0874,0.1235,0.1095,0.1326,0.1058,0.1337,0.1075,0.1277,0.1453,0.1218,0.136,0.1232,0.1326,0.1192,0.1033,0.13,-0.068,0.0571,0.0984,0.1306,0.1237,0.0982,0.128,0.12,0.1215,0.1055
12/28/2021,5.1572,0.1118,0.1067,0.1317,0.1038,0.0979,0.0876,0.082,0.0731,0.0638,0.1124,0.1266,0.1175,0.1246,0.1095,0.1078,0.1306,0.1092,0.095,0.1152,0.1129,0.1075,0.109,0.1317,0.1203,0.1385,0.1118,0.1047,0.1326,0.0928,0.1064,0.1357,0.1414,0.1365,0.1291,0.1226,0.1269,0.1138,0.1132,-0.1157,0.0348,0.1038,0.0999,0.1212,0.1394,0.1115,0.1149,0.1249,0.1283
12/27/2021,7.2008,0.1498,0.1555,0.148,0.1485,0.127,0.1513,0.1484,0.1482,0.1529,0.1396,0.1404,0.1566,0.1564,0.1564,0.155,0.1542,0.1502,0.153,0.1487,0.1512,0.1526,0.1495,0.1457,0.1478,0.1583,0.1524,0.148,0.1579,0.154,0.1548,0.1589,0.1547,0.1552,0.155,0.1538,0.1528,0.1495,0.1477,0.1123,0.1413,0.146,0.1441,0.1537,0.1522,0.1504,0.1564,0.1517,0.1528
12/26/2021,8.4975,0.1791,0.1737,0.1801,0.18,0.1849,0.1809,0.1779,0.1786,0.1833,0.1767,0.1743,0.176,0.1737,0.1726,0.1734,0.1733,0.1752,0.1756,0.1783,0.1785,0.173,0.1778,0.177,0.1782,0.1746,0.1724,0.1727,0.1733,0.1759,0.174,0.1717,0.1717,0.1728,0.174,0.1721,0.1733,0.1788,0.174,0.2174,0.1903,0.1766,0.1767,0.1775,0.1736,0.1775,0.1802,0.1725,0.1718
12/25/2021,7.1034,0.1534,0.1432,0.144,0.1443,0.1417,0.13,0.1495,0.1418,0.137,0.1481,0.1528,0.1429,0.1558,0.1482,0.1486,0.1464,0.1514,0.1513,0.1487,0.1469,0.1477,0.1475,0.1551,0.1444,0.1518,0.1538,0.1511,0.1541,0.1377,0.1483,0.1521,0.1583,0.155,0.1546,0.1559,0.1517,0.1515,0.148,0.1269,0.1481,0.149,0.1427,0.146,0.1516,0.1519,0.1468,0.1495,0.1463
12/24/2021,6.2594,0.1451,0.1333,0.1315,0.1235,0.1059,0.1134,0.1273,0.1066,0.1343,0.1406,0.1421,0.1338,0.144,0.134,0.1268,0.1439,0.128,0.1355,0.1313,0.128,0.1305,0.128,0.1218,0.1277,0.1449,0.1474,0.1287,0.1482,0.1129,0.1306,0.1454,0.1482,0.1458,0.1489,0.1454,0.1418,0.1364,0.1376,-0.007,0.0856,0.136,0.1501,0.1322,0.1374,0.1447,0.1428,0.1266,0.1319
12/23/2021,7.0222,0.152,0.1491,0.1545,0.134,0.1435,0.1459,0.1505,0.1458,0.1375,0.1432,0.1323,0.1487,0.1545,0.1455,0.1478,0.1481,0.1445,0.1482,0.1499,0.1452,0.1487,0.1535,0.1528,0.1486,0.1514,0.1489,0.1488,0.1564,0.1411,0.1497,0.1602,0.1582,0.1592,0.1565,0.1508,0.1514,0.1426,0.1487,0.0581,0.116,0.1513,0.1488,0.1556,0.1536,0.1451,0.142,0.15,0.1535
12/22/2021,6.8928,0.1385,0.1475,0.1526,0.1405,0.1225,0.1332,0.1334,0.1432,0.1485,0.1291,0.1503,0.1423,0.145,0.1499,0.147,0.1471,0.1519,0.1424,0.1512,0.1437,0.1485,0.1489,0.1495,0.1493,0.1502,0.145,0.1498,0.1515,0.1309,0.1439,0.1528,0.1532,0.1513,0.1511,0.1514,0.1506,0.1534,0.1536,0.0581,0.116,0.1398,0.1342,0.1516,0.1533,0.1481,0.142,0.1517,0.1533
12/21/2021,8.9684,0.187,0.1874,0.1792,0.2018,0.2049,0.1846,0.1929,0.2046,0.1872,0.1956,0.1919,0.1781,0.1854,0.1805,0.1801,0.1785,0.1806,0.1786,0.1815,0.1873,0.1791,0.1896,0.1857,0.1834,0.1824,0.187,0.1816,0.1798,0.1941,0.1825,0.1824,0.1807,0.1794,0.1774,0.1808,0.1825,0.1903,0.1776,0.2382,0.2001,0.1928,0.1926,0.1878,0.1867,0.1818,0.1866,0.1788,0.179
12/20/2021,10.5251,0.2129,0.2197,0.2247,0.2553,0.2237,0.2412,0.2121,0.2591,0.228,0.2146,0.248,0.2174,0.1982,0.202,0.2237,0.2275,0.2258,0.225,0.2091,0.2232,0.2169,0.2265,0.2278,0.226,0.2104,0.201,0.1952,0.1985,0.2455,0.2048,0.2076,0.2023,0.2005,0.1922,0.1957,0.2048,0.2086,0.2051,0.2875,0.2231,0.2192,0.2328,0.2275,0.2126,0.2227,0.2091,0.2222,0.2078
12/19/2021,9.8116,0.215,0.1989,0.2167,0.2212,0.212,0.2072,0.219,0.2265,0.2306,0.2109,0.2154,0.1904,0.2025,0.1938,0.206,0.1958,0.1976,0.1937,0.2049,0.1995,0.1897,0.1866,0.2141,0.1937,0.1904,0.1911,0.2047,0.188,0.2174,0.1996,0.1864,0.1842,0.1891,0.1895,0.1928,0.1928,0.2101,0.2071,0.3155,0.2362,0.2034,0.1931,0.188,0.1868,0.2118,0.1915,0.2009,0.1995
12/18/2021,11.174,0.2178,0.2378,0.2489,0.2527,0.2787,0.2574,0.3028,0.2536,0.2425,0.2663,0.2584,0.2121,0.2029,0.2232,0.2343,0.2044,0.2203,0.2282,0.2349,0.2267,0.2114,0.2371,0.2276,0.234,0.2136,0.2324,0.199,0.2102,0.2622,0.2305,0.1883,0.1936,0.1911,0.1981,0.2133,0.2159,0.2381,0.2232,0.3921,0.2719,0.2228,0.2384,0.2213,0.2117,0.2241,0.2108,0.2219,0.2355
12/17/2021,10.3958,0.2076,0.2242,0.2304,0.2218,0.2627,0.2654,0.2208,0.2395,0.2316,0.2177,0.2287,0.2215,0.1966,0.2031,0.2206,0.216,0.2002,0.2129,0.2206,0.2,0.1969,0.2117,0.2198,0.1973,0.1959,0.1969,0.2158,0.1976,0.24,0.2012,0.1971,0.187,0.198,0.1933,0.1954,0.206,0.1973,0.2021,0.3729,0.263,0.1978,0.1969,0.2234,0.2189,0.2057,0.1985,0.2172,0.2103
12/16/2021,9.3742,0.1999,0.1885,0.1822,0.2044,0.1962,0.199,0.1979,0.2143,0.1854,0.1885,0.2165,0.1896,0.1933,0.1848,0.1871,0.198,0.1968,0.1965,0.1911,0.1891,0.1829,0.1929,0.1962,0.188,0.1807,0.1889,0.2001,0.1837,0.1952,0.1873,0.1873,0.1785,0.1825,0.1815,0.1851,0.1911,0.1833,0.1976,0.3173,0.237,0.1866,0.181,0.1999,0.1998,0.1969,0.1928,0.1963,0.1847
12/15/2021,10.2173,0.1995,0.2137,0.2239,0.231,0.2562,0.2263,0.2367,0.248,0.1946,0.2425,0.2035,0.2097,0.1913,0.1995,0.2095,0.2052,0.2081,0.2223,0.2188,0.201,0.1966,0.1911,0.1939,0.2097,0.2015,0.2115,0.221,0.1899,0.2181,0.1997,0.1871,0.197,0.2001,0.184,0.1864,0.1982,0.2006,0.2059,0.3357,0.2456,0.2254,0.211,0.207,0.1979,0.2092,0.2159,0.2197,0.2163
12/14/2021,10.2499,0.1959,0.2274,0.2076,0.2508,0.2634,0.2263,0.2148,0.2078,0.1977,0.2249,0.2432,0.2042,0.2015,0.1995,0.2078,0.2054,0.2063,0.2173,0.211,0.2193,0.1957,0.2168,0.2288,0.2015,0.1946,0.2128,0.2119,0.1892,0.2148,0.2117,0.2027,0.1986,0.1957,0.1984,0.1966,0.1964,0.2162,0.1912,0.3522,0.2533,0.2252,0.1982,0.2144,0.1941,0.2085,0.2092,0.1984,0.1907
12/13/2021,10.266,0.2263,0.2172,0.2256,0.2482,0.2251,0.2507,0.248,0.2473,0.2206,0.2138,0.2539,0.2093,0.2118,0.1961,0.2102,0.2111,0.2131,0.2038,0.222,0.2147,0.2075,0.1939,0.1977,0.2018,0.2002,0.1984,0.2093,0.1943,0.224,0.2079,0.1959,0.1857,0.192,0.1961,0.1988,0.2027,0.1977,0.2109,0.2481,0.2047,0.2269,0.2186,0.2122,0.2161,0.2213,0.2292,0.1988,0.2065
12/12/2021,9.9577,0.2003,0.2158,0.2072,0.2211,0.214,0.2393,0.235,0.2416,0.2115,0.2105,0.2113,0.2009,0.2013,0.1962,0.1956,0.1976,0.2043,0.1906,0.209,0.2109,0.1937,0.2082,0.1929,0.2152,0.1923,0.1904,0.2315,0.1919,0.224,0.2072,0.1868,0.1964,0.1978,0.1898,0.187,0.1968,0.1984,0.1949,0.2959,0.227,0.1951,0.206,0.186,0.2138,0.1976,0.2158,0.1998,0.2115
12/11/2021,9.3255,0.1916,0.1944,0.1914,0.221,0.2071,0.2075,0.2063,0.2185,0.2005,0.1964,0.1904,0.1824,0.1936,0.1868,0.1891,0.1936,0.1952,0.1883,0.1913,0.1987,0.1941,0.1793,0.1905,0.1981,0.1846,0.1852,0.2101,0.1815,0.1855,0.1876,0.1793,0.1872,0.1846,0.1824,0.1787,0.1851,0.184,0.1835,0.2786,0.2189,0.2006,0.1888,0.1803,0.1883,0.199,0.1881,0.1974,0.1801
12/10/2021,10.5902,0.2275,0.2374,0.2042,0.2555,0.2705,0.2646,0.2555,0.2146,0.1998,0.2034,0.2612,0.2185,0.2084,0.2029,0.2192,0.2159,0.2094,0.2066,0.2107,0.2169,0.1998,0.2104,0.2366,0.2081,0.2125,0.2104,0.1936,0.2011,0.226,0.2218,0.199,0.1954,0.1993,0.1983,0.204,0.2066,0.2022,0.2211,0.3826,0.2675,0.2182,0.2343,0.1921,0.2084,0.2237,0.1954,0.198,0.2211
12/9/2021,12.7305,0.2703,0.2916,0.2461,0.3105,0.3876,0.3578,0.2584,0.2807,0.2518,0.2348,0.2807,0.2301,0.232,0.2409,0.2764,0.2357,0.267,0.2854,0.2362,0.2731,0.2267,0.2646,0.2632,0.2144,0.2286,0.2665,0.2324,0.2253,0.2646,0.2461,0.2144,0.2381,0.2244,0.2267,0.2391,0.2485,0.2476,0.2698,0.5795,0.3594,0.2802,0.2267,0.2428,0.2504,0.2338,0.292,0.2381,0.2395
12/8/2021,12.0496,0.2788,0.2667,0.2659,0.2942,0.3477,0.2537,0.2659,0.2845,0.2327,0.2525,0.2331,0.2618,0.2392,0.2513,0.2157,0.2501,0.2432,0.229,0.2266,0.2428,0.2302,0.2116,0.2331,0.2748,0.2355,0.2428,0.2242,0.2072,0.227,0.2509,0.2132,0.214,0.2177,0.2059,0.2234,0.2193,0.2464,0.2509,0.5046,0.3244,0.2315,0.2643,0.2477,0.2136,0.2635,0.2513,0.2254,0.2598
12/7/2021,10.9466,0.2067,0.2091,0.205,0.2392,0.2887,0.2262,0.2848,0.2365,0.2339,0.2342,0.2406,0.2191,0.2014,0.2165,0.2056,0.2371,0.2194,0.2365,0.2185,0.2244,0.2244,0.2017,0.2471,0.2403,0.2171,0.2194,0.2009,0.1982,0.258,0.2082,0.2085,0.1911,0.2014,0.2053,0.195,0.2179,0.1997,0.2309,0.4202,0.285,0.2138,0.2197,0.2344,0.2303,0.2406,0.2288,0.2209,0.2044
12/6/2021,11.3522,0.2146,0.2347,0.2116,0.2632,0.3242,0.2294,0.2646,0.2833,0.2847,0.2357,0.2843,0.233,0.2113,0.226,0.2361,0.2381,0.2465,0.2461,0.229,0.2216,0.2304,0.2196,0.2441,0.2511,0.2277,0.2113,0.2766,0.2002,0.226,0.2357,0.1918,0.2119,0.2196,0.2119,0.2066,0.2156,0.2163,0.2039,0.4009,0.276,0.2076,0.2273,0.1995,0.2106,0.2206,0.2424,0.2072,0.2418
12/5/2021,10.8495,0.2225,0.2211,0.2043,0.2801,0.2855,0.2222,0.2402,0.2499,0.2368,0.239,0.2681,0.208,0.2068,0.2188,0.2031,0.2009,0.2333,0.2353,0.2177,0.2134,0.206,0.2003,0.2459,0.2,0.1983,0.2202,0.2031,0.202,0.2333,0.2217,0.196,0.1886,0.1903,0.2074,0.1895,0.2083,0.2331,0.2248,0.4291,0.2892,0.2328,0.2299,0.1997,0.2151,0.2197,0.2,0.2291,0.2291
12/4/2021,7.866,0.1648,0.1637,0.1636,0.1624,0.1619,0.1634,0.1636,0.1626,0.162,0.1629,0.1637,0.1644,0.164,0.1641,0.1639,0.1646,0.1635,0.1644,0.1642,0.164,0.1651,0.1636,0.1644,0.1631,0.1641,0.1646,0.1642,0.165,0.1621,0.1645,0.1651,0.1648,0.1646,0.1646,0.1649,0.1645,0.1649,0.1648,0.1601,0.1636,0.1645,0.1634,0.1639,0.1636,0.1648,0.1635,0.164,0.164
12/3/2021,9.9579,0.2074,0.2101,0.1896,0.2113,0.2673,0.2483,0.2113,0.2174,0.2113,0.2144,0.1939,0.2137,0.1943,0.2003,0.2025,0.1919,0.209,0.1992,0.2048,0.2037,0.1947,0.2058,0.197,0.2138,0.1843,0.1929,0.1872,0.1906,0.1982,0.1998,0.1792,0.1855,0.1835,0.1835,0.1864,0.1943,0.2086,0.2123,0.3782,0.2654,0.1925,0.2103,0.1958,0.1939,0.209,0.215,0.2109,0.1876
12/2/2021,11.5794,0.2429,0.2179,0.2404,0.2658,0.2916,0.2758,0.2819,0.3048,0.2501,0.2712,0.2164,0.2161,0.23,0.2114,0.215,0.2472,0.2451,0.2368,0.2426,0.2533,0.21,0.254,0.2483,0.235,0.2121,0.23,0.249,0.2114,0.2368,0.2368,0.205,0.2214,0.2017,0.21,0.2085,0.2243,0.2196,0.2232,0.3812,0.2668,0.2576,0.2565,0.2383,0.2358,0.2458,0.2264,0.2501,0.2275
12/1/2021,10.7195,0.2007,0.2083,0.2409,0.2387,0.2605,0.2504,0.2494,0.2504,0.2257,0.2494,0.2534,0.2382,0.217,0.2175,0.2039,0.2009,0.202,0.2077,0.2129,0.2058,0.2012,0.2265,0.2066,0.211,0.2069,0.2124,0.2504,0.1966,0.2453,0.2213,0.1838,0.1906,0.1947,0.1928,0.1969,0.2061,0.2028,0.2189,0.3923,0.272,0.2401,0.2183,0.2216,0.211,0.2099,0.2251,0.2045,0.2262
11/30/2021,10.8169,0.2301,0.2281,0.1988,0.2416,0.2413,0.2757,0.2467,0.2622,0.2019,0.2286,0.2317,0.2224,0.2134,0.2137,0.2016,0.2084,0.2188,0.2117,0.2337,0.2058,0.214,0.2278,0.2241,0.1968,0.2095,0.1965,0.2517,0.2053,0.2436,0.2058,0.2027,0.2134,0.1968,0.1892,0.1988,0.2039,0.1988,0.2024,0.4572,0.3023,0.2106,0.227,0.2072,0.2303,0.2072,0.2219,0.2247,0.2312
11/29/2021,11.4499,0.2488,0.2553,0.2253,0.2674,0.2639,0.2681,0.2788,0.2812,0.2339,0.2846,0.2753,0.2267,0.2046,0.2108,0.2136,0.2322,0.2143,0.2364,0.2288,0.2198,0.2357,0.2398,0.2412,0.2184,0.2205,0.2267,0.2446,0.2088,0.2543,0.2232,0.2132,0.2032,0.2022,0.2019,0.2205,0.2122,0.2408,0.2395,0.4237,0.2867,0.2364,0.2198,0.2146,0.2395,0.2533,0.2153,0.2188,0.2253
11/28/2021,10.0226,0.1946,0.211,0.2081,0.2132,0.2249,0.2324,0.2233,0.2057,0.214,0.1968,0.2158,0.2055,0.2015,0.2035,0.2085,0.1932,0.1992,0.1976,0.1952,0.2019,0.1899,0.2008,0.2152,0.1966,0.2033,0.2069,0.2118,0.1924,0.1948,0.1948,0.1982,0.1966,0.1879,0.1818,0.183,0.1982,0.213,0.2126,0.3745,0.2637,0.2156,0.2158,0.2156,0.1913,0.2118,0.1984,0.2114,0.2008
11/27/2021,9.5198,0.2042,0.1989,0.2089,0.2021,0.2117,0.2079,0.2302,0.2113,0.187,0.2033,0.2065,0.208,0.1928,0.1984,0.1848,0.1848,0.2001,0.2048,0.2009,0.2034,0.1978,0.1986,0.1899,0.1864,0.1835,0.2001,0.1962,0.1841,0.2054,0.189,0.1808,0.1848,0.1878,0.1779,0.1841,0.1873,0.2012,0.2013,0.2566,0.2087,0.1916,0.2074,0.1835,0.1922,0.2039,0.1995,0.1937,0.1965
11/26/2021,10.7688,0.2403,0.2422,0.2165,0.2517,0.273,0.2677,0.2705,0.2802,0.1971,0.2331,0.2054,0.2104,0.2176,0.2118,0.2226,0.2218,0.1993,0.2359,0.2342,0.2184,0.2204,0.2079,0.1991,0.2301,0.2063,0.2002,0.2151,0.2016,0.2265,0.2123,0.1971,0.1924,0.1966,0.2043,0.1991,0.2093,0.2359,0.2063,0.3964,0.2739,0.2021,0.2082,0.1966,0.2276,0.2101,0.2262,0.201,0.2165
11/25/2021,10.5905,0.2286,0.2141,0.2369,0.2594,0.2806,0.2348,0.2444,0.2224,0.2177,0.2356,0.2361,0.2047,0.2141,0.197,0.2244,0.2268,0.2273,0.2027,0.211,0.2148,0.1988,0.1913,0.2239,0.2027,0.1983,0.2135,0.2483,0.1941,0.2216,0.2208,0.184,0.1892,0.1915,0.1856,0.2016,0.213,0.2249,0.2278,0.374,0.2635,0.2237,0.2084,0.2006,0.2099,0.2016,0.2024,0.2252,0.2169
11/24/2021,11.7093,0.2357,0.2334,0.2249,0.2995,0.3069,0.2638,0.2409,0.2924,0.2561,0.2216,0.2549,0.2427,0.2423,0.2123,0.2357,0.2505,0.2401,0.2123,0.2349,0.2572,0.2286,0.2323,0.2683,0.2101,0.2279,0.2397,0.2817,0.219,0.2349,0.223,0.2056,0.216,0.1937,0.2212,0.2227,0.2286,0.2516,0.206,0.4868,0.3161,0.2427,0.2494,0.2242,0.2078,0.2516,0.2112,0.2234,0.2271
11/23/2021,10.9473,0.2171,0.2415,0.2082,0.2445,0.2654,0.2554,0.291,0.2621,0.2474,0.2224,0.2471,0.2121,0.2162,0.2129,0.2106,0.238,0.2067,0.2091,0.2165,0.2392,0.2165,0.2135,0.2147,0.2212,0.2017,0.2118,0.2498,0.2059,0.2474,0.2227,0.1882,0.1885,0.1885,0.1967,0.1994,0.2165,0.2141,0.2094,0.4744,0.3104,0.2085,0.1947,0.2118,0.2126,0.2176,0.2165,0.2318,0.1991
11/22/2021,9.9252,0.1923,0.2015,0.199,0.2314,0.245,0.2086,0.198,0.2104,0.2333,0.2181,0.1979,0.1965,0.2004,0.2059,0.1907,0.1898,0.2059,0.1923,0.2084,0.2119,0.2069,0.1932,0.2054,0.1857,0.2059,0.2032,0.224,0.189,0.2094,0.2007,0.1925,0.1963,0.1927,0.1848,0.1902,0.1917,0.1982,0.2011,0.3424,0.2487,0.2123,0.2098,0.1873,0.2077,0.2029,0.2098,0.193,0.2031
11/21/2021,7.055,0.1455,0.1476,0.1519,0.1307,0.1331,0.1353,0.1366,0.1457,0.1333,0.1427,0.1318,0.1444,0.1479,0.1559,0.1447,0.1512,0.1457,0.1552,0.1488,0.1535,0.1536,0.1554,0.1443,0.1557,0.1518,0.1507,0.1445,0.1531,0.1427,0.1484,0.1591,0.1596,0.1542,0.1524,0.1589,0.1505,0.1528,0.1514,0.1074,0.139,0.1455,0.1408,0.1553,0.1439,0.1521,0.1495,0.1448,0.1561
11/20/2021,8.4821,0.1742,0.1759,0.1727,0.1807,0.1911,0.1765,0.1809,0.1804,0.1726,0.1765,0.1809,0.1747,0.1763,0.1734,0.1778,0.1774,0.1733,0.1764,0.178,0.1748,0.1728,0.1771,0.1783,0.1749,0.1746,0.1726,0.1778,0.1717,0.1764,0.177,0.1705,0.1737,0.1721,0.1713,0.1737,0.1746,0.1761,0.1753,0.2036,0.1839,0.1783,0.1793,0.1739,0.1766,0.1759,0.1778,0.1747,0.1731
11/19/2021,9.3902,0.2016,0.1907,0.2034,0.2194,0.2099,0.2153,0.189,0.1957,0.2009,0.2035,0.2127,0.1991,0.1909,0.1929,0.1956,0.1932,0.1889,0.2016,0.1975,0.1952,0.1868,0.1961,0.2018,0.2034,0.1949,0.1929,0.1884,0.1815,0.2086,0.1858,0.1847,0.1888,0.1874,0.1785,0.187,0.1915,0.197,0.1854,0.2341,0.1982,0.1885,0.182,0.1924,0.1959,0.1975,0.1909,0.1861,0.1871
11/18/2021,10.0065,0.2194,0.196,0.2112,0.2154,0.2335,0.2507,0.2467,0.2273,0.2263,0.2261,0.2285,0.2204,0.1974,0.21,0.21,0.1905,0.1946,0.1982,0.2054,0.207,0.1962,0.2118,0.212,0.1881,0.1853,0.1879,0.1934,0.1881,0.2325,0.1958,0.1811,0.1857,0.1823,0.1813,0.1855,0.1938,0.1958,0.194,0.3465,0.2506,0.1889,0.2206,0.1879,0.1958,0.2054,0.1932,0.204,0.2084
11/17/2021,10.2176,0.2181,0.2148,0.2137,0.2472,0.2314,0.2403,0.2166,0.2303,0.2418,0.2374,0.2401,0.1935,0.1933,0.1993,0.215,0.1966,0.2148,0.2044,0.219,0.2148,0.2055,0.2019,0.2212,0.1962,0.1877,0.2126,0.2301,0.1895,0.2265,0.2123,0.1895,0.1873,0.1935,0.2004,0.1915,0.1962,0.2092,0.1955,0.288,0.2233,0.211,0.227,0.2066,0.2033,0.2077,0.2035,0.2019,0.2163
11/16/2021,10.023,0.1928,0.1972,0.2148,0.2211,0.2702,0.2275,0.228,0.2371,0.2249,0.2047,0.2219,0.2146,0.2043,0.1964,0.1942,0.2055,0.1905,0.2049,0.2013,0.211,0.1958,0.1877,0.215,0.2164,0.1863,0.2015,0.215,0.1924,0.2225,0.2063,0.1824,0.1837,0.1972,0.1895,0.1893,0.1926,0.1972,0.2027,0.3163,0.2365,0.2019,0.1871,0.2104,0.214,0.2002,0.2114,0.2041,0.2047
11/15/2021,8.758,0.1836,0.1855,0.1799,0.1968,0.1952,0.1836,0.1987,0.1924,0.19,0.1799,0.1955,0.1841,0.1788,0.1795,0.1817,0.1758,0.1848,0.184,0.1779,0.1798,0.1808,0.1822,0.1869,0.1846,0.1823,0.1806,0.1823,0.1772,0.1923,0.1785,0.172,0.1757,0.1745,0.1774,0.1773,0.1789,0.1757,0.181,0.1761,0.1711,0.1839,0.1882,0.1848,0.1808,0.1802,0.1848,0.1836,0.1768
11/14/2021,9.1796,0.1827,0.1859,0.1879,0.1951,0.2211,0.1957,0.2015,0.193,0.1918,0.1983,0.1937,0.1834,0.1835,0.1891,0.1938,0.1943,0.1938,0.189,0.1861,0.1829,0.1833,0.1901,0.1923,0.1859,0.1862,0.1919,0.2016,0.1793,0.1833,0.1887,0.1779,0.1767,0.1798,0.1792,0.1793,0.1821,0.1923,0.1834,0.2686,0.2143,0.196,0.1825,0.1952,0.1809,0.188,0.1947,0.1943,0.1892
11/13/2021,7.6063,0.158,0.1582,0.1615,0.1541,0.1546,0.1585,0.151,0.154,0.1624,0.1575,0.1592,0.1557,0.1595,0.1582,0.159,0.1596,0.1579,0.1604,0.1612,0.1573,0.1599,0.1581,0.1581,0.1561,0.162,0.1581,0.1625,0.1616,0.1567,0.1592,0.1606,0.1611,0.1636,0.1604,0.1624,0.16,0.1589,0.1573,0.1482,0.158,0.1565,0.1561,0.1586,0.1589,0.1574,0.158,0.1591,0.1611
11/12/2021,7.8821,0.1641,0.1646,0.1646,0.1619,0.1638,0.1635,0.1635,0.1639,0.165,0.1643,0.1626,0.1638,0.1651,0.1648,0.1645,0.1648,0.1652,0.1645,0.1646,0.1647,0.1652,0.1651,0.1648,0.1649,0.1648,0.1651,0.1631,0.1651,0.1644,0.1641,0.1659,0.1655,0.1654,0.1656,0.1653,0.165,0.1638,0.164,0.1531,0.1603,0.1648,0.1643,0.1648,0.1641,0.1648,0.1646,0.1652,0.1652
11/11/2021,8.8707,0.1803,0.1903,0.1798,0.1901,0.2074,0.186,0.1819,0.19,0.1789,0.1896,0.1877,0.1888,0.183,0.1814,0.1796,0.1798,0.1826,0.1806,0.185,0.1834,0.1797,0.1813,0.1797,0.1833,0.1752,0.1763,0.1872,0.1766,0.1898,0.1826,0.1784,0.1772,0.18,0.1751,0.1777,0.1806,0.1809,0.1825,0.2546,0.2077,0.1809,0.1822,0.1807,0.1866,0.1789,0.1832,0.1792,0.1864
11/10/2021,9.4874,0.1903,0.201,0.1961,0.2013,0.2332,0.2073,0.1914,0.205,0.2016,0.205,0.2013,0.2049,0.1885,0.1934,0.1992,0.1951,0.1943,0.203,0.1957,0.1966,0.1878,0.1899,0.2062,0.1997,0.1969,0.1978,0.2116,0.186,0.2015,0.1969,0.1796,0.1804,0.1851,0.185,0.1897,0.1888,0.1839,0.1958,0.2654,0.2128,0.1928,0.1936,0.1885,0.1945,0.1945,0.201,0.1878,0.1897
11/9/2021,9.8768,0.2036,0.1943,0.1884,0.2271,0.229,0.2355,0.2016,0.2203,0.201,0.211,0.21,0.2008,0.1965,0.1946,0.1978,0.2123,0.2117,0.1896,0.2076,0.1954,0.2025,0.2119,0.2183,0.2053,0.186,0.2065,0.2048,0.1858,0.2256,0.1971,0.1809,0.1877,0.1931,0.1928,0.1903,0.1967,0.1873,0.2113,0.3564,0.2552,0.1926,0.213,0.1851,0.1866,0.1935,0.1914,0.1973,0.1937
11/8/2021,9.5525,0.203,0.2035,0.1994,0.2129,0.2267,0.2275,0.2042,0.2062,0.191,0.2024,0.2153,0.1901,0.1839,0.196,0.1881,0.1853,0.199,0.2021,0.203,0.1886,0.1938,0.1906,0.1952,0.1839,0.1867,0.198,0.2162,0.1879,0.1955,0.1976,0.1825,0.1805,0.1873,0.1853,0.183,0.1878,0.2013,0.1952,0.2957,0.2269,0.1867,0.2072,0.1943,0.1856,0.1875,0.1878,0.2036,0.2007
11/7/2021,10.7037,0.2078,0.2348,0.2402,0.2721,0.247,0.2413,0.2516,0.2353,0.2424,0.2286,0.2694,0.1986,0.2083,0.2048,0.198,0.2156,0.208,0.2183,0.2291,0.2172,0.2132,0.2042,0.214,0.2359,0.2029,0.2224,0.2291,0.1972,0.2259,0.2216,0.184,0.2015,0.2007,0.1907,0.1891,0.207,0.2099,0.2248,0.3657,0.2596,0.2402,0.2153,0.1975,0.2094,0.2045,0.2286,0.217,0.2234
11/6/2021,8.1737,0.1703,0.1711,0.1696,0.1735,0.1752,0.1736,0.1741,0.1712,0.1716,0.1712,0.1719,0.1688,0.1686,0.169,0.1688,0.17,0.1701,0.1688,0.1699,0.1691,0.1687,0.169,0.1714,0.1703,0.1702,0.169,0.169,0.1689,0.1726,0.17,0.1685,0.1693,0.1692,0.1679,0.1689,0.1694,0.1694,0.1701,0.1752,0.1707,0.1703,0.1691,0.169,0.1699,0.1705,0.1713,0.1694,0.1701
11/5/2021,8.0927,0.1678,0.1682,0.1684,0.1692,0.1686,0.1697,0.1691,0.1696,0.1678,0.1692,0.1692,0.169,0.1681,0.1683,0.1682,0.168,0.1679,0.169,0.1683,0.1688,0.1678,0.168,0.1687,0.1676,0.1685,0.1679,0.168,0.1676,0.1686,0.1681,0.1682,0.168,0.1678,0.1678,0.1681,0.1682,0.1681,0.1681,0.1764,0.1712,0.1685,0.1686,0.1681,0.1679,0.1682,0.1689,0.1687,0.1687
11/4/2021,6.4708,0.1446,0.1428,0.1347,0.1252,0.1145,0.1283,0.1327,0.1135,0.1318,0.1425,0.111,0.1362,0.1387,0.1398,0.1419,0.1465,0.1346,0.1398,0.1364,0.1291,0.1368,0.1431,0.1456,0.1358,0.1433,0.1329,0.1417,0.1462,0.144,0.137,0.1482,0.1459,0.1528,0.143,0.1434,0.1469,0.1382,0.146,0.0355,0.1054,0.1495,0.1266,0.1315,0.1509,0.1284,0.1341,0.1307,0.1428
11/3/2021,6.0653,0.1289,0.1166,0.1247,0.1199,0.1177,0.0895,0.1307,0.1111,0.1303,0.1208,0.0966,0.121,0.133,0.1435,0.1284,0.1299,0.1315,0.122,0.1295,0.1241,0.144,0.1349,0.1247,0.1173,0.1328,0.1287,0.139,0.1413,0.1357,0.1346,0.1361,0.1465,0.1435,0.1508,0.1421,0.1369,0.139,0.1241,0.0379,0.1066,0.1166,0.1253,0.1349,0.1287,0.1295,0.1171,0.1243,0.1427
11/2/2021,4.7195,0.1175,0.0866,0.0945,0.0663,0.0722,0.0906,0.0433,0.0807,0.0722,0.0968,0.0761,0.0955,0.1112,0.1086,0.1211,0.0971,0.1066,0.1073,0.0932,0.1079,0.0951,0.127,0.0948,0.0978,0.1024,0.1017,0.1148,0.123,0.1076,0.1093,0.1237,0.1381,0.1158,0.1352,0.1214,0.1181,0.0847,0.128,-0.078,0.0524,0.0886,0.1001,0.1066,0.1017,0.103,0.1188,0.1109,0.1316
11/1/2021,4.0871,0.1174,0.0908,0.1236,0.0242,0.0278,0.0344,0.0919,0.0293,0.0638,0.0422,0.1111,0.1131,0.0904,0.124,0.0958,0.0782,0.079,0.1138,0.0998,0.0802,0.1115,0.097,0.0739,0.0794,0.0998,0.0994,0.0446,0.1193,0.0661,0.09,0.1185,0.1295,0.1365,0.1322,0.1342,0.1127,0.1017,0.1189,-0.1668,0.011,0.1134,0.0935,0.0728,0.0892,0.0994,0.1166,0.0771,0.0849
10/31/2021,3.8435,0.1056,0.1093,0.0594,0.0682,0.0486,-0.0029,0.0283,0.0158,0.0578,0.0677,0.0187,0.0806,0.1093,0.0968,0.1126,0.0989,0.0823,0.116,0.1018,0.0952,0.0968,0.0773,0.0528,0.0806,0.0993,0.1135,0.0765,0.1126,0.0648,0.1064,0.1139,0.1218,0.1359,0.1118,0.1214,0.0956,0.081,0.0744,-0.1442,0.0215,0.0586,0.0906,0.0731,0.0977,0.1135,0.1189,0.1085,0.0989
10/30/2021,4.2327,0.0989,0.068,0.1109,0.054,0.0736,0.0356,0.0604,0.0378,0.0868,0.1068,0.0906,0.0977,0.0913,0.1203,0.0887,0.0947,0.0812,0.1218,0.0981,0.0774,0.109,0.0815,0.1162,0.1233,0.1083,0.0913,0.0427,0.1184,0.1056,0.1124,0.1429,0.1166,0.1158,0.1354,0.1154,0.1132,0.106,0.0872,-0.1749,0.0072,0.071,0.1053,0.1019,0.0992,0.0774,0.1015,0.1098,0.0985
10/29/2021,4.6223,0.1076,0.1015,0.1177,0.0488,0.0383,0.0643,0.0839,0.0667,0.1086,0.0538,0.0356,0.1032,0.1241,0.1197,0.1217,0.1011,0.1086,0.0988,0.0876,0.1143,0.1238,0.1011,0.0978,0.1221,0.1133,0.0964,0.0981,0.1238,0.0913,0.0964,0.1201,0.1123,0.1173,0.1271,0.113,0.1126,0.091,0.1251,-0.1016,0.0414,0.0856,0.1292,0.1248,0.1187,0.1059,0.1241,0.1025,0.1032
10/28/2021,4.9629,0.1257,0.0932,0.1184,0.0446,0.0771,0.0789,0.1102,0.068,0.1211,0.0634,0.0537,0.0895,0.1281,0.1065,0.1311,0.1068,0.1278,0.1141,0.0941,0.1205,0.1005,0.1181,0.1153,0.0916,0.1251,0.1333,0.1117,0.1257,0.074,0.1205,0.1342,0.1287,0.1418,0.1439,0.1284,0.1162,0.1287,0.1263,-0.1048,0.0399,0.105,0.1135,0.132,0.1323,0.0916,0.0859,0.0944,0.1363
10/27/2021,5.628,0.1012,0.1081,0.1361,0.0765,0.114,0.073,0.1093,0.1195,0.1078,0.1133,0.1335,0.1102,0.1372,0.1237,0.1266,0.1104,0.1154,0.1316,0.1102,0.1159,0.1261,0.138,0.1214,0.1292,0.1391,0.133,0.1209,0.1358,0.0922,0.1346,0.1332,0.1313,0.1358,0.1308,0.1311,0.1354,0.1237,0.1266,-0.0408,0.0698,0.1178,0.101,0.1287,0.1185,0.1354,0.1354,0.1368,0.1337
10/26/2021,5.1899,0.1248,0.1107,0.1327,0.0753,0.0677,0.0588,0.0621,0.1136,0.1105,0.1268,0.12,0.1327,0.1228,0.1231,0.1037,0.1124,0.1189,0.1026,0.1093,0.1262,0.1116,0.1136,0.1105,0.1009,0.1273,0.1096,0.0944,0.1282,0.1147,0.1133,0.1422,0.1349,0.1248,0.127,0.1254,0.1237,0.113,0.1307,-0.1025,0.041,0.1178,0.093,0.1338,0.1332,0.1127,0.0956,0.129,0.1358
10/25/2021,4.4599,0.0934,0.1086,0.0994,0.0672,0.0424,0.0824,0.0778,0.0329,0.0615,0.0612,0.0622,0.093,0.1051,0.1012,0.0838,0.0817,0.1097,0.1026,0.0852,0.1097,0.1238,0.1015,0.11,0.121,0.1345,0.1026,0.0983,0.1274,0.0725,0.0976,0.1309,0.1224,0.1192,0.1203,0.1277,0.1037,0.1058,0.1079,-0.1029,0.0408,0.0757,0.0987,0.126,0.1217,0.0906,0.1221,0.0884,0.1107
10/24/2021,3.9576,0.0826,0.1008,0.1141,0.0333,0.0163,0.0134,0.0143,0.0911,0.0951,0.0672,0.0349,0.0721,0.0911,0.1,0.1117,0.1133,0.0692,0.0878,0.0919,0.0713,0.0935,0.1141,0.0535,0.0983,0.1008,0.1149,0.0975,0.1109,0.0502,0.1076,0.1093,0.1024,0.1331,0.1355,0.1117,0.0971,0.0911,0.0907,-0.0546,0.0633,0.0717,0.0498,0.125,0.0814,0.1101,0.0632,0.0826,0.0814
10/23/2021,4.0548,0.0688,0.1087,0.1134,0.0763,0.0597,0.0266,0.0156,0.0933,0.0897,0.0491,0.0124,0.0724,0.1126,0.1229,0.1177,0.0917,0.0956,0.0732,0.0925,0.0858,0.1205,0.0862,0.0818,0.0799,0.1099,0.1237,0.0641,0.1122,0.04,0.1067,0.1189,0.1075,0.1308,0.1209,0.1284,0.1099,0.1237,0.1252,-0.2155,-0.0118,0.0704,0.1162,0.102,0.0901,0.1055,0.1087,0.0984,0.1225
10/22/2021,6.114,0.1306,0.1378,0.1284,0.0948,0.1091,0.0926,0.1007,0.0993,0.1308,0.1184,0.0997,0.1308,0.1437,0.1322,0.1389,0.1395,0.1399,0.138,0.1355,0.128,0.1254,0.1486,0.1308,0.1455,0.1401,0.1406,0.1312,0.1467,0.1278,0.1288,0.1489,0.141,0.1459,0.1512,0.1374,0.1376,0.1322,0.1446,-0.0074,0.0854,0.135,0.1184,0.144,0.1273,0.1331,0.1231,0.1437,0.1384
10/21/2021,4.2165,0.0902,0.0823,0.0838,0.0615,-0.0255,0.0622,0.08,0.0384,0.0899,0.074,0.0747,0.1095,0.1076,0.1065,0.0989,0.1224,0.1145,0.0778,0.0831,0.105,0.1137,0.0857,0.1216,0.1092,0.1114,0.1266,0.1023,0.1137,0.1186,0.1073,0.1126,0.1035,0.1398,0.1379,0.1243,0.1058,0.1027,0.08,-0.1854,0.0023,0.0683,0.0993,0.1201,0.1228,0.0827,0.0645,0.0891,0.0993
10/20/2021,3.8759,0.0648,0.0768,0.0636,0.0013,-0.0103,-0.0057,0.0792,0.0434,0.0277,0.111,0.0949,0.0941,0.1131,0.0792,0.0739,0.1172,0.0681,0.0916,0.0743,0.0949,0.1114,0.1209,0.0648,0.1027,0.1114,0.0945,0.0561,0.1184,0.0524,0.0891,0.1032,0.1238,0.1089,0.1283,0.1155,0.0961,0.1205,0.0735,-0.0883,0.0476,0.1159,0.1102,0.1114,0.0813,0.0677,0.0652,0.0961,0.1242
10/19/2021,3.9082,0.1163,0.0779,0.1192,0.0361,0.0505,0.0353,0.0267,0.0251,0.0329,0.0918,0.0893,0.1163,0.0947,0.0967,0.1172,0.1061,0.1045,0.1032,0.091,0.0754,0.0816,0.127,0.0914,0.0701,0.1282,0.0803,0.1061,0.1098,0.0623,0.1102,0.1041,0.1069,0.1225,0.1032,0.1024,0.1094,0.0775,0.0959,-0.1962,-0.0028,0.0623,0.1032,0.1082,0.0971,0.1028,0.0648,0.0975,0.0762
10/18/2021,4.9299,0.0967,0.0829,0.1043,0.0647,0.0193,0.0684,0.1007,0.0426,0.1329,0.1228,0.1053,0.1154,0.1246,0.1323,0.1301,0.1228,0.1261,0.0958,0.1068,0.1068,0.1295,0.1277,0.1188,0.1283,0.1304,0.1114,0.0902,0.1338,0.1126,0.1228,0.1191,0.1175,0.1304,0.1301,0.1375,0.1218,0.0951,0.1277,-0.1554,0.0163,0.1215,0.085,0.1225,0.0958,0.0958,0.1301,0.0988,0.1335
10/17/2021,5.076,0.088,0.126,0.0974,0.0962,0.0769,0.0968,0.088,0.1111,0.1152,0.1237,0.0845,0.1108,0.1061,0.1225,0.1041,0.1015,0.1181,0.1301,0.1237,0.1044,0.1059,0.119,0.0962,0.1383,0.1146,0.1167,0.0743,0.1307,0.117,0.1073,0.1406,0.1319,0.1295,0.1447,0.1316,0.1175,0.107,0.0971,-0.0775,0.0527,0.107,0.0912,0.1105,0.0956,0.1301,0.1029,0.1053,0.1132
10/16/2021,4.5083,0.0713,0.0947,0.0783,0.0644,0.0871,0.0888,0.0661,0.0378,0.0633,0.0679,0.0584,0.0804,0.0961,0.1286,0.0895,0.0916,0.0937,0.1146,0.1094,0.1063,0.116,0.0965,0.1234,0.1087,0.1279,0.0996,0.0556,0.1241,0.0762,0.1091,0.1391,0.1384,0.1119,0.1359,0.1255,0.1167,0.1174,0.122,-0.1344,0.0261,0.1003,0.1251,0.1035,0.086,0.1094,0.1101,0.1199,0.13
10/15/2021,4.7357,0.0903,0.1014,0.1252,0.0926,0.0749,0.0965,0.0906,0.0576,0.0834,0.0589,0.1004,0.0932,0.1122,0.0971,0.0981,0.1197,0.0935,0.1259,0.1157,0.1141,0.0997,0.1056,0.0838,0.1291,0.1131,0.1252,0.1226,0.1239,0.0916,0.118,0.1295,0.1148,0.12,0.12,0.1216,0.1184,0.1295,0.1138,-0.2023,-0.0056,0.1281,0.0766,0.09,0.1298,0.1226,0.1148,0.1278,0.1324
10/14/2021,5.2384,0.1164,0.125,0.1321,0.0935,0.0717,0.1001,0.0609,0.0534,0.1344,0.1123,0.1272,0.1172,0.1217,0.1357,0.1192,0.1103,0.125,0.1161,0.1123,0.1167,0.1156,0.1048,0.1128,0.1117,0.1341,0.1125,0.1355,0.1299,0.083,0.1194,0.1247,0.1432,0.1446,0.1255,0.1391,0.1208,0.1189,0.1134,-0.0958,0.0441,0.099,0.086,0.102,0.1391,0.1299,0.1095,0.1161,0.1178
10/13/2021,5.0762,0.0909,0.1278,0.112,0.0728,0.0509,0.0491,0.064,0.074,0.0883,0.0953,0.0582,0.0971,0.1307,0.133,0.1325,0.1006,0.0962,0.098,0.1091,0.1219,0.1135,0.126,0.086,0.1132,0.1392,0.1254,0.1038,0.1325,0.0705,0.1114,0.1453,0.1178,0.1336,0.1237,0.1421,0.1216,0.1155,0.1313,0.0521,0.1132,0.0956,0.0892,0.1041,0.0956,0.1117,0.1105,0.1292,0.1202
10/12/2021,6.3091,0.1283,0.1225,0.1303,0.1131,0.0882,0.1078,0.1092,0.1151,0.13,0.129,0.112,0.145,0.1398,0.146,0.1389,0.1278,0.1383,0.1252,0.1281,0.1367,0.1303,0.1268,0.1296,0.1327,0.1457,0.1427,0.1362,0.1491,0.1362,0.141,0.1479,0.1427,0.1421,0.153,0.1479,0.1433,0.1479,0.1366,0.0677,0.1205,0.1425,0.1176,0.1428,0.1361,0.1293,0.1405,0.1366,0.1325
10/11/2021,5.0275,0.0864,0.1236,0.0888,0.0802,0.0213,0.1078,0.1185,0.1075,0.0831,0.0739,0.0864,0.1298,0.1239,0.1173,0.101,0.1176,0.0962,0.1129,0.1063,0.1111,0.12,0.1245,0.1126,0.128,0.1188,0.1313,0.1173,0.1337,0.0733,0.1105,0.1295,0.1253,0.1426,0.1212,0.1414,0.1233,0.0941,0.1036,-0.0595,0.0611,0.1248,0.0929,0.1343,0.1141,0.1093,0.0879,0.1152,0.1028
10/10/2021,4.1193,0.1015,0.1073,0.0852,0.0165,0.0312,0.0821,0.0425,0.0615,0.0499,0.0871,0.103,0.1003,0.1174,0.0883,0.0991,0.1085,0.0856,0.0914,0.1096,0.0918,0.1019,0.1003,0.0696,0.1088,0.1088,0.1085,0.1267,0.1123,0.0786,0.1123,0.1162,0.1119,0.1104,0.1259,0.1348,0.1123,0.0972,0.0918,-0.1942,-0.0018,0.0607,0.0972,0.0925,0.0832,0.1046,0.0693,0.0918,0.1279
10/9/2021,5.1896,0.1074,0.095,0.1015,0.0958,0.0239,0.0517,0.1017,0.054,0.1121,0.1155,0.1217,0.0987,0.129,0.122,0.1299,0.1223,0.1166,0.0978,0.1107,0.1228,0.1169,0.1186,0.1321,0.1141,0.1088,0.1175,0.1037,0.1273,0.0824,0.1296,0.1408,0.1338,0.1343,0.1296,0.1425,0.1287,0.1138,0.1234,-0.0563,0.0626,0.1026,0.1318,0.136,0.1231,0.1043,0.115,0.1082,0.1343
10/8/2021,4.3136,0.1165,0.0911,0.0841,0.0288,0.0509,0.045,0.0941,0.0926,0.0896,0.1011,0.0992,0.0834,0.104,0.0937,0.0859,0.0808,0.1224,0.0896,0.1117,0.0819,0.0918,0.0907,0.0959,0.073,0.1228,0.0988,0.0513,0.1283,0.0701,0.1165,0.1136,0.1335,0.1372,0.1199,0.132,0.1158,0.0911,0.1206,-0.1748,0.0072,0.1147,0.1117,0.0793,0.1276,0.0933,0.1176,0.0981,0.0896
10/7/2021,4.8005,0.095,0.1164,0.1043,0.0512,0.0985,0.1059,0.1155,0.0979,0.0608,0.0857,0.12,0.127,0.1132,0.1241,0.1212,0.1225,0.0995,0.0976,0.1113,0.1068,0.1059,0.1036,0.1036,0.1084,0.1248,0.1132,0.0662,0.128,0.0892,0.1075,0.1353,0.1344,0.1388,0.1392,0.1411,0.1241,0.0896,0.1238,-0.1926,-0.0011,0.086,0.0886,0.1292,0.1094,0.1129,0.0915,0.1161,0.1094
10/6/2021,5.3522,0.132,0.106,0.1275,0.1055,0.0883,0.0878,0.0663,0.0878,0.1373,0.0774,0.0899,0.1182,0.1129,0.1227,0.1076,0.1105,0.1243,0.1349,0.1119,0.1129,0.1111,0.1219,0.1338,0.1156,0.1397,0.1349,0.1164,0.1349,0.1108,0.1158,0.1349,0.1365,0.1428,0.128,0.1309,0.1214,0.1336,0.1307,-0.0884,0.0476,0.1269,0.1068,0.1267,0.1293,0.1052,0.1124,0.1187,0.1116
10/5/2021,5.1251,0.0899,0.1178,0.1002,0.0775,0.0531,0.0557,0.0738,0.0718,0.0732,0.1296,0.0764,0.0928,0.1348,0.1043,0.1325,0.1106,0.1028,0.1092,0.1054,0.112,0.1046,0.0997,0.0916,0.0931,0.1146,0.121,0.0893,0.133,0.1247,0.1095,0.148,0.1437,0.123,0.1273,0.1256,0.1195,0.0985,0.1158,0.1151,0.1426,0.1043,0.1103,0.1037,0.1028,0.1057,0.0994,0.1005,0.1348
10/4/2021,4.33,0.0841,0.0999,0.1204,0.0852,0.0705,0.0408,0.0962,0.0775,0.0599,0.0569,0.0639,0.094,0.098,0.0958,0.1131,0.1079,0.1127,0.0771,0.1039,0.1017,0.1076,0.1219,0.1109,0.1017,0.1032,0.1237,0.0514,0.1138,0.0668,0.0903,0.1263,0.1391,0.1223,0.1087,0.112,0.101,0.1171,0.1252,-0.1308,0.0278,0.0867,0.0632,0.0841,0.1314,0.0863,0.112,0.0834,0.0834
10/3/2021,4.7191,0.1148,0.1161,0.0981,0.0532,-0.001,0.0817,0.066,0.0682,0.0771,0.1142,0.1063,0.084,0.1017,0.0971,0.1109,0.0876,0.0974,0.102,0.1093,0.1138,0.1152,0.1125,0.0938,0.0856,0.1194,0.0942,0.0597,0.1332,0.084,0.1194,0.1335,0.1217,0.1253,0.1263,0.1362,0.1096,0.1135,0.0886,-0.0165,0.0811,0.1132,0.0906,0.123,0.0896,0.1119,0.1247,0.1106,0.1207
10/2/2021,4.3302,0.1149,0.0977,0.1179,0.0283,0.0569,0.0606,0.0331,0.0312,0.0713,0.0459,0.0742,0.0819,0.1046,0.123,0.1109,0.0881,0.1024,0.0933,0.0977,0.1087,0.1043,0.087,0.1142,0.076,0.1105,0.0991,0.112,0.119,0.0434,0.1142,0.112,0.1399,0.1307,0.1355,0.134,0.116,0.0947,0.0922,-0.0973,0.0434,0.1072,0.0834,0.1267,0.1164,0.0889,0.0679,0.0863,0.13
10/1/2021,4.2814,0.0994,0.099,0.1031,0.0652,0.044,0.0414,0.0086,0.093,0.0317,0.1194,0.1031,0.1031,0.0982,0.1232,0.1008,0.0971,0.1105,0.1064,0.0982,0.0823,0.0971,0.1302,0.0622,0.1016,0.1276,0.1079,0.0875,0.1239,0.0897,0.1053,0.1302,0.1068,0.1083,0.1206,0.1079,0.1023,0.093,0.0956,-0.1735,0.0078,0.0741,0.1057,0.1302,0.1317,0.1046,0.0741,0.1016,0.0997
9/30/2021,4.1682,0.1011,0.0785,0.0601,0.0594,0.0038,0.0644,0.0084,0.008,0.11,0.0437,0.0942,0.1054,0.1023,0.0939,0.0946,0.1038,0.1123,0.1188,0.1027,0.1111,0.0927,0.1054,0.0701,0.0686,0.1054,0.1,0.0954,0.1176,0.1073,0.1011,0.1065,0.1046,0.1157,0.1115,0.1214,0.1103,0.1172,0.0816,-0.0747,0.054,0.0896,0.1107,0.1188,0.0919,0.0797,0.0644,0.1149,0.11
9/29/2021,3.3085,0.0517,0.0977,0.047,0.0484,0.0672,-0.0102,-0.0177,0.0466,0.0344,0.0114,0.017,0.0799,0.0728,0.1146,0.1104,0.0738,0.0681,0.1094,0.0836,0.0677,0.062,0.0874,0.0517,0.1015,0.1113,0.1071,0.0939,0.1188,0.0297,0.0888,0.1141,0.1244,0.1216,0.0954,0.0996,0.0991,0.1029,0.0977,-0.2785,-0.0412,0.0616,0.0864,0.1198,0.1155,0.0602,0.085,0.1038,0.1151
9/28/2021,4.0544,0.1083,0.1031,0.0807,0.0313,0.0538,0.0045,0.0175,0.0807,0.1201,0.0586,0.0968,0.0905,0.1043,0.0972,0.0775,0.0759,0.1142,0.0672,0.0984,0.0704,0.085,0.1276,0.0838,0.0653,0.1106,0.1099,0.0597,0.1154,0.0558,0.1,0.1158,0.1205,0.1087,0.1039,0.1043,0.113,0.0728,0.1102,-0.1066,0.0391,0.0933,0.1083,0.126,0.0724,0.0846,0.1138,0.1031,0.1071
9/27/2021,4.5894,0.0906,0.1114,0.1097,0.0657,0.0742,0.0255,0.0408,0.0429,0.0654,0.122,0.095,0.0824,0.1049,0.1186,0.1053,0.0893,0.0845,0.1182,0.1005,0.1039,0.1087,0.1216,0.1049,0.123,0.0974,0.1043,0.1274,0.1264,0.1182,0.0995,0.1401,0.1237,0.1234,0.1292,0.1329,0.1097,0.0995,0.1257,-0.1281,0.029,0.0838,0.1029,0.1223,0.1087,0.1107,0.0903,0.1039,0.0995
9/26/2021,3.9897,0.0772,0.0885,0.0716,0.0552,0.005,0.048,0.0419,0.0107,0.0496,0.0431,0.0604,0.0857,0.0981,0.1157,0.0981,0.0909,0.1069,0.0869,0.0929,0.1097,0.1213,0.0961,0.054,0.1242,0.1181,0.1209,0.1033,0.1242,0.0383,0.1033,0.1274,0.1374,0.1234,0.1113,0.1294,0.1037,0.1001,0.0937,-0.1343,0.0261,0.0588,0.0708,0.1045,0.1085,0.0893,0.1145,0.0792,0.1061
9/25/2021,3.6817,0.0781,0.0721,0.1023,-0.0039,-0.019,0.0747,0.0432,0.0293,0.0742,0.0833,0.0121,0.0803,0.1192,0.0911,0.0708,0.1032,0.0954,0.0609,0.0656,0.1045,0.076,0.0967,0.0704,0.0535,0.101,0.0937,0.0267,0.1218,0.1066,0.101,0.1123,0.1135,0.1166,0.1166,0.1071,0.1075,0.0604,0.0842,-0.0809,0.0511,0.111,0.0488,0.1187,0.1101,0.1006,0.0876,0.0626,0.0691
9/24/2021,3.3733,0.0908,0.0991,0.1074,0.0279,-0.0485,-0.0082,0.0126,0.0422,0.0778,0.0852,0.0279,0.0556,0.095,0.0875,0.0838,0.1084,0.0764,0.0677,0.0737,0.0626,0.0727,0.0996,0.1079,0.057,0.0931,0.1167,0.0408,0.1135,0.0857,0.082,0.1074,0.0977,0.1223,0.1227,0.1056,0.0922,0.0922,0.0718,-0.1475,0.02,0.0714,0.0922,0.088,0.0584,0.0612,0.0894,0.0718,0.0626
9/23/2021,3.8762,0.111,0.0887,0.1003,0.0656,0.0182,0.0813,0.0285,-0.0004,0.0961,0.0953,0.0582,0.0904,0.1114,0.1056,0.1003,0.1139,0.0772,0.1168,0.1081,0.071,0.09,0.0739,0.0978,0.0834,0.111,0.1027,0.1238,0.1102,0.0508,0.0854,0.137,0.1184,0.1139,0.1283,0.1118,0.1032,0.0883,0.123,-0.2823,-0.043,0.0673,0.0611,0.1052,0.0875,0.0945,0.1143,0.0743,0.1069
9/22/2021,3.86,0.0921,0.0541,0.1079,0.0512,0.0114,0.0218,0.069,0.0073,0.0934,0.0532,0.1104,0.1215,0.1058,0.1137,0.0955,0.0731,0.117,0.0872,0.0946,0.0694,0.0814,0.083,0.0582,0.0607,0.124,0.1224,0.0756,0.1079,0.0743,0.0801,0.1,0.1249,0.1306,0.112,0.1046,0.0942,0.107,0.117,-0.2,-0.0045,0.095,0.0632,0.0801,0.1182,0.093,0.1013,0.1095,0.0967
9/21/2021,4.5248,0.117,0.1149,0.1187,0.0805,0.084,0.1003,0.0739,0.1013,0.0885,0.0888,0.0478,0.1215,0.1142,0.1052,0.1159,0.1086,0.1072,0.0847,0.084,0.117,0.1055,0.126,0.0805,0.1104,0.1302,0.1305,0.117,0.1267,0.06,0.109,0.1392,0.1131,0.127,0.1316,0.1305,0.1058,0.1277,0.0947,-0.3318,-0.0661,0.1041,0.1173,0.1038,0.1076,0.0972,0.1173,0.1222,0.1138
9/20/2021,4.2816,0.0975,0.0655,0.0707,0.0759,0.0001,0.041,0.0484,0.0607,0.1224,0.1053,0.044,0.1258,0.0986,0.1124,0.1202,0.1083,0.0852,0.1176,0.0834,0.0886,0.1094,0.1127,0.1232,0.0841,0.1302,0.1142,0.0503,0.1209,0.0916,0.0953,0.1306,0.1206,0.1079,0.1232,0.1135,0.1183,0.1183,0.0897,-0.097,0.0436,0.0852,0.07,0.0875,0.1254,0.0916,0.0744,0.0942,0.0811
9/19/2021,4.6383,0.0856,0.1132,0.084,0.086,-0.0014,0.0863,0.0823,0.0393,0.0483,0.0591,0.093,0.1142,0.1156,0.1287,0.1078,0.0998,0.0927,0.1062,0.1119,0.1105,0.0944,0.0998,0.0809,0.1136,0.1294,0.1233,0.0762,0.1206,0.1041,0.0947,0.122,0.1183,0.126,0.1394,0.1206,0.1088,0.1206,0.0883,-0.0199,0.0796,0.0883,0.0907,0.0867,0.1119,0.1041,0.1095,0.1257,0.1176
9/18/2021,3.9246,0.0599,0.0574,0.1027,0.0481,-0.0412,0.0632,0.0094,0.0297,0.0318,0.0464,0.0905,0.1035,0.0839,0.0876,0.1002,0.0827,0.1129,0.1141,0.0864,0.1027,0.0831,0.1169,0.0546,0.0627,0.1002,0.0892,0.0391,0.1165,0.0795,0.097,0.1072,0.1308,0.1328,0.1194,0.1186,0.1088,0.0868,0.0868,0.0161,0.0964,0.1112,0.0623,0.1121,0.0978,0.0823,0.0721,0.0713,0.1011
9/17/2021,3.5678,0.055,0.0705,0.0466,0.0151,0.0443,0.0528,0.0009,0.0098,0.0253,0.0306,0.0944,0.0971,0.0802,0.0944,0.0811,0.0692,0.0758,0.1024,0.0736,0.0949,0.1059,0.0993,0.0435,0.0541,0.1161,0.0913,0.0554,0.1144,0.043,0.0851,0.1263,0.1082,0.1077,0.109,0.1254,0.1086,0.0918,0.0869,-0.0584,0.0616,0.0656,0.0851,0.1046,0.1082,0.0833,0.0749,0.0687,0.0882
9/16/2021,3.7948,0.1154,0.0885,0.1015,0.0081,-0.0419,0.0153,0.0855,0.0149,0.0842,0.0935,0.0826,0.1023,0.083,0.0939,0.0864,0.0763,0.1149,0.0952,0.0788,0.0784,0.1179,0.1103,0.1107,0.1086,0.1229,0.1213,0.0691,0.1166,0.0552,0.0851,0.1292,0.0998,0.1027,0.1208,0.1242,0.0948,0.0918,0.067,-0.1994,-0.0042,0.0994,0.0447,0.1128,0.1053,0.0628,0.0985,0.0821,0.088
9/15/2021,3.8113,0.085,0.0913,0.0511,0.0531,0.0268,-0.0034,0.0067,0.0544,0.0276,0.108,0.08,0.0678,0.1135,0.0795,0.0929,0.1084,0.098,0.1009,0.0858,0.0758,0.0749,0.0984,0.08,0.0707,0.0992,0.1097,0.0821,0.1118,0.1063,0.1043,0.1177,0.1223,0.1189,0.1135,0.1311,0.1059,0.0611,0.0946,-0.1666,0.0111,0.0913,0.0883,0.0733,0.0946,0.0791,0.1164,0.0963,0.1218
9/14/2021,3.4382,0.1074,0.0672,0.1074,0.0608,-0.0418,0.0681,0.0622,0.0262,0.0987,0.054,-0.0126,0.0973,0.1142,0.1001,0.1051,0.0882,0.1101,0.0686,0.0841,0.0773,0.0791,0.0982,0.101,0.0923,0.0827,0.0704,0.0649,0.1019,0.054,0.0982,0.1274,0.1087,0.1101,0.1124,0.1096,0.0896,0.0727,0.1147,-0.3909,-0.0937,0.1055,0.1005,0.0914,0.0891,0.0992,0.1078,0.0864,0.1124
9/13/2021,3.8761,0.0722,0.0656,0.1102,0.0355,-0.0432,0.0157,0.0318,0.0318,0.0384,0.0883,0.0343,0.0755,0.0821,0.0834,0.1164,0.1032,0.0735,0.1077,0.0957,0.0677,0.1023,0.1184,0.0743,0.1122,0.0908,0.106,0.0607,0.1139,0.0285,0.0879,0.1296,0.1098,0.1341,0.13,0.1329,0.1073,0.078,0.0862,-0.0608,0.0605,0.0764,0.0842,0.1027,0.125,0.1056,0.0619,0.1139,0.118
9/12/2021,4.5899,0.1005,0.1189,0.1278,0.0586,0.0841,0.0292,0.076,0.0933,0.1087,0.078,0.0869,0.1077,0.1271,0.0937,0.0974,0.0845,0.1162,0.0913,0.1032,0.0913,0.0985,0.1343,0.1196,0.1268,0.1186,0.1015,0.0835,0.1176,0.107,0.1203,0.1292,0.1237,0.1353,0.1312,0.1216,0.1101,0.1131,0.106,-0.2118,-0.01,0.0817,0.1182,0.1196,0.0841,0.0961,0.1206,0.0872,0.1319
9/11/2021,3.9572,0.0882,0.0992,0.1004,0.043,0.0207,0.0353,-0.006,0.0195,0.0231,0.1064,0.1004,0.0603,0.0854,0.1186,0.0797,0.1008,0.0939,0.087,0.0842,0.0765,0.106,0.1149,0.1117,0.1153,0.1149,0.1012,0.0539,0.1157,0.0628,0.0939,0.1089,0.1141,0.1347,0.1355,0.1093,0.1044,0.0773,0.0834,-0.0866,0.0484,0.0563,0.0656,0.1101,0.0806,0.1028,0.1218,0.0797,0.104
9/10/2021,3.4058,0.1023,0.0991,0.1065,0.0463,-0.0272,-0.0001,0.0771,0.0729,0.0798,0.0408,0.0803,0.0876,0.0771,0.0886,0.0762,0.1088,0.0757,0.089,0.0716,0.0872,0.1069,0.0798,0.0385,0.1203,0.1193,0.1023,0.0573,0.1005,0.0936,0.0863,0.1102,0.1272,0.1033,0.0978,0.1235,0.1033,0.0564,0.1083,-0.3689,-0.0834,0.0509,0.1193,0.0798,0.0941,0.0941,0.0863,0.0683,0.0909
9/9/2021,3.8601,0.071,0.0814,0.0516,0.0495,0.0491,0.0702,0.0706,0.0305,0.0586,0.0375,0.0752,0.0971,0.1149,0.1186,0.1079,0.1042,0.0756,0.0772,0.0984,0.0901,0.0967,0.0777,0.0801,0.1211,0.1211,0.0793,0.0748,0.1137,0.1091,0.1083,0.1099,0.1298,0.1335,0.1315,0.1108,0.1112,0.0694,0.0822,-0.2553,-0.0303,0.0888,0.1265,0.0793,0.0959,0.0868,0.0955,0.0897,0.0938
9/8/2021,4.0217,0.1157,0.0712,0.1205,0.0394,-0.031,0.025,0.0875,0.0175,0.0374,0.0935,0.0776,0.0974,0.0967,0.0899,0.1173,0.0939,0.0827,0.0931,0.0986,0.0811,0.1173,0.072,0.0994,0.0644,0.1237,0.1193,0.064,0.1193,0.0943,0.101,0.1237,0.136,0.1086,0.1038,0.1281,0.0967,0.1022,0.1185,-0.1463,0.0206,0.0616,0.0959,0.0947,0.0986,0.0676,0.0947,0.1173,0.1197
9/7/2021,4.1359,0.1099,0.0724,0.0851,0.0689,0.0716,0.0662,0.1006,0.0797,0.123,0.0357,0.1149,0.0844,0.1153,0.1184,0.0963,0.0925,0.0975,0.1079,0.0944,0.1033,0.1215,0.128,0.0685,0.0724,0.0909,0.1238,0.113,0.1272,0.0712,0.1037,0.133,0.1385,0.1296,0.1215,0.1238,0.1072,0.1207,0.1203,-0.4169,-0.1058,0.0801,0.1037,0.0882,0.1292,0.1102,0.1021,0.084,0.1083
9/6/2021,3.8112,0.0988,0.064,0.0963,-0.0017,0.0527,0.0883,0.0075,0.028,0.0498,0.023,0.111,0.0783,0.0867,0.0837,0.0917,0.0816,0.0716,0.1118,0.077,0.0808,0.108,0.1202,0.0934,0.067,0.0837,0.0825,0.0351,0.1084,0.0934,0.0896,0.1118,0.1193,0.1097,0.1114,0.1298,0.103,0.0963,0.1076,-0.1029,0.0408,0.0858,0.1089,0.0774,0.0921,0.0908,0.0867,0.0762,0.1043
9/5/2021,3.179,0.0669,0.0833,0.0553,-0.0233,0.0187,-0.0165,0.0592,-0.0296,0.0394,0.1006,0.0375,0.0958,0.103,0.1112,0.1054,0.0751,0.0804,0.0842,0.064,0.0736,0.0789,0.0659,0.0423,0.1011,0.0915,0.0693,0.0471,0.1117,0.0693,0.0953,0.1016,0.131,0.1252,0.1011,0.1059,0.0943,0.0751,0.0669,-0.1311,0.0276,0.062,0.0283,0.0601,0.0519,0.0611,0.0866,0.0645,0.1103
9/4/2021,3.0329,0.0619,0.0996,0.0857,-0.0226,0.0286,0.0316,0.0037,0.0276,0.1085,0.0773,0.0355,0.0703,0.0643,0.0693,0.0927,0.0867,0.0872,0.0936,0.0941,0.0753,0.1051,0.1175,0.038,0.0763,0.1006,0.0614,0.0018,0.1085,0.0246,0.0877,0.1051,0.1051,0.1254,0.0902,0.1165,0.0792,0.0619,0.0638,-0.3044,-0.0532,0.0907,0.0326,0.1046,0.1125,0.0872,0.0306,0.0792,0.1135
9/3/2021,3.4383,0.0444,0.0499,0.0704,0.0339,-0.0372,0.0376,-0.0067,0.0544,0.0727,0.0595,0.0905,0.0572,0.0791,0.0887,0.0818,0.101,0.1055,0.0786,0.09,0.0608,0.1042,0.0718,0.0622,0.0622,0.1055,0.1042,0.0581,0.1156,0.0107,0.0914,0.1343,0.1201,0.1033,0.1252,0.1023,0.0946,0.0599,0.0978,-0.1655,0.0116,0.0827,0.0987,0.1092,0.0832,0.0855,0.1055,0.0946,0.0973
9/2/2021,2.4976,0.0792,0.0863,0.05,-0.0512,-0.032,-0.0204,-0.0056,0.0253,0.0924,-0.0045,0.0236,0.0891,0.0924,0.0484,0.0544,0.0726,0.0621,0.0808,0.083,0.0775,0.0489,0.0979,0.0676,0.0335,0.1138,0.0858,0.0764,0.1094,0.0726,0.0737,0.0781,0.1254,0.0962,0.1056,0.0792,0.0869,0.0627,0.1034,-0.3641,-0.0811,0.0511,0.0588,0.1001,0.0869,0.0528,0.0181,0.0869,0.0676
9/1/2021,3.8108,0.0804,0.0728,0.0892,0.0326,0.0196,0.0444,0.0921,0.0117,0.1101,0.0402,0.0498,0.0569,0.1202,0.1084,0.0908,0.103,0.1051,0.0657,0.09,0.0816,0.0779,0.1143,0.0557,0.0774,0.1038,0.1164,0.0766,0.1063,0.072,0.0921,0.1105,0.1143,0.1277,0.1327,0.1122,0.0992,0.0707,0.1168,-0.1223,0.0317,0.0531,0.0485,0.1022,0.0691,0.0917,0.0804,0.0946,0.1206
8/31/2021,3.114,0.0655,0.0753,0.0733,0.0382,0.0616,0.003,-0.0268,0.0533,0.0826,0.0015,0.0885,0.1115,0.0831,0.1031,0.11,0.0694,0.0587,0.0865,0.0558,0.0709,0.1085,0.0597,0.0631,0.1061,0.1031,0.1071,0.1007,0.1168,0.0137,0.0758,0.132,0.1217,0.1031,0.1242,0.1027,0.0978,0.0875,0.1066,-0.3293,-0.0649,0.0616,0.0274,0.1168,0.0567,0.0895,0.0382,0.0558,0.067
8/30/2021,3.6492,0.0527,0.0779,0.0866,0.044,0.0609,0.007,0.0283,0.0488,0.0183,0.1101,0.0923,0.0614,0.0949,0.0731,0.1018,0.0823,0.1053,0.0753,0.0971,0.0857,0.0953,0.084,0.0766,0.1014,0.0883,0.1158,0.0727,0.1127,0.0575,0.0827,0.1253,0.1084,0.1306,0.1105,0.1284,0.1036,0.1001,0.1018,-0.245,-0.0255,0.1101,0.0592,0.1105,0.0805,0.0692,0.0818,0.1049,0.104
8/29/2021,2.7895,0.0453,0.0291,0.0593,-0.0084,-0.0464,0.0036,0.0182,0.0051,0.101,0.0823,0.0229,0.075,0.0875,0.1026,0.0989,0.0989,0.0442,0.0781,0.0557,0.0703,0.0546,0.0958,0.088,0.0546,0.0802,0.0666,0.089,0.0984,0.0572,0.0755,0.0859,0.1286,0.0958,0.1135,0.1234,0.0958,0.0989,0.0812,-0.3104,-0.0561,0.1073,0.038,0.0677,0.0656,0.0625,0.0885,0.0411,0.0791
8/28/2021,3.6326,0.0588,0.0741,0.1125,0.0094,-0.0246,0.0042,0.0562,0.0693,0.0557,0.0776,0.0863,0.116,0.1173,0.085,0.0741,0.0619,0.0754,0.1081,0.0702,0.0876,0.1147,0.0605,0.0994,0.057,0.1081,0.109,0.078,0.1169,0.0675,0.0863,0.1029,0.0985,0.106,0.1134,0.0968,0.0977,0.0614,0.0745,-0.1174,0.0341,0.1134,0.0784,0.0736,0.1029,0.0723,0.0719,0.1047,0.075
8/27/2021,1.7192,0.0059,0.0498,0.0379,-0.0839,-0.0161,-0.045,-0.0268,0.0304,0.0976,0.048,-0.0802,0.0838,0.0969,0.0768,0.0586,0.0329,0.058,0.0448,0.0618,0.0561,0.075,0.0253,0.0549,0.0059,0.0668,0.063,-0.0192,0.0875,-0.0262,0.0417,0.0794,0.0756,0.0976,0.0951,0.0819,0.0725,0.0373,0.0655,-0.1986,-0.0039,0.0147,0.0863,0.0109,0.0184,0.0222,0.0894,0.0354,0.0775
8/26/2021,1.4433,0.0559,0.0375,0.0532,-0.0543,0.0087,-0.1081,-0.0969,-0.0602,0.01,-0.0458,0.0047,0.0165,0.0585,0.0408,0.0539,0.0703,0.0231,0.0486,0.067,0.029,0.0755,0.0106,0.0395,0.065,0.0782,0.0703,0.0323,0.0913,0.0618,0.0742,0.1136,0.1109,0.1122,0.067,0.1122,0.0716,0.0808,0.0309,-0.3603,-0.0794,0.029,-0.0084,0.0886,0.0775,0.0473,0.0205,0.0178,0.1004
8/25/2021,1.8652,0.0513,0.0213,0.0771,-0.0419,-0.0211,0.0366,0.0593,0.0133,-0.018,0.0661,-0.0542,0.0722,0.0648,0.0384,0.0262,0.0569,0.0286,0.0256,0.0452,0.063,0.0937,0.0697,0.071,0.0219,0.0569,0.1035,-0.0143,0.098,-0.0395,0.0703,0.1084,0.1084,0.1096,0.0851,0.0753,0.0593,0.0409,0.0225,-0.3248,-0.0628,0.0446,0.0973,0.0796,0.047,0.082,0.0464,0.0728,0.0317
8/24/2021,1.427,-0.0042,0.0589,0.0247,-0.0404,-0.0213,-0.0765,0.0135,-0.0614,-0.0713,-0.0187,-0.0029,0.0832,0.0608,0.0674,0.0457,0.072,0.0641,0.0135,0.0477,0.0339,0.0214,0.0122,0.0792,0.0214,0.1036,0.0569,0.0648,0.0924,-0.0253,0.0273,0.1075,0.1082,0.0786,0.1141,0.0668,0.07,0.0477,0.0681,-0.3083,-0.0551,0.0582,0.0319,0.0089,0.0207,0.0786,0.0142,0.0832,0.0911
8/23/2021,1.4434,-0.011,0.0126,0.0637,-0.0038,-0.0077,0.0237,0.0441,0.008,0.0401,-0.0287,-0.0746,0.0185,0.0768,0.0664,0.0506,0.0185,0.0604,0.0375,0.0493,0.067,0.0637,0.1024,0.0723,0.0736,0.0841,0.0552,0.0932,0.0801,0.0814,0.0755,0.1162,0.1181,0.086,0.0801,0.0631,0.0631,0.0532,0.067,-0.734,-0.2538,0.0106,0.0821,0.0559,0.0959,0.0178,0.0886,0.0906,0.05
8/22/2021,1.4277,0.0549,0.0004,0.0931,0.0115,-0.1442,-0.0009,0.024,-0.0778,0.0201,0.0477,0.0819,0.0714,0.0543,0.0313,0.0727,0.0477,0.0385,0.0497,0.0556,0.005,0.0543,0.0365,0.026,0.0063,0.0484,0.0543,-0.0423,0.0917,0.0175,0.0418,0.0904,0.1009,0.0917,0.0898,0.1023,0.0549,0.0254,0.0595,-0.367,-0.0825,0.0135,0.03,0.0937,0.0201,0.0339,0.0714,0.076,0.0523
8/21/2021,1.4273,-0.0049,0.0063,0.0937,-0.066,-0.0739,-0.0627,-0.0239,-0.0042,-0.0529,0.0168,-0.0318,0.0451,0.0904,0.0865,0.0234,0.0773,0.0129,0.0622,0.0746,0.0582,0.0293,0.0858,0.0129,0.0129,0.0825,0.0832,0.0733,0.0812,0.0654,0.0635,0.1049,0.0687,0.0871,0.1036,0.1042,0.0766,0.0582,0.0865,-0.3921,-0.0942,0.0832,0.0424,0.0227,0.0438,0.0326,0.0004,0.0201,0.0615
8/20/2021,1.4758,0.0721,0.0225,0.0682,-0.0271,-0.0539,0.0355,-0.0447,-0.0617,-0.0395,0.0695,-0.0643,0.0518,0.044,0.027,0.0277,0.059,0.0851,0.0336,0.0701,0.0264,0.0851,0.0773,0.0251,0.0551,0.0434,0.0877,-0.0121,0.0897,-0.0362,0.0486,0.0942,0.0786,0.1145,0.0969,0.0975,0.0825,0.089,0.059,-0.4062,-0.1008,0.0075,0.0518,0.0642,0.0727,0.0277,0.0721,0.0649,0.0447
8/19/2021,1.4435,-0.0143,-0.0025,0.0611,-0.091,-0.0241,-0.1028,0.0349,-0.011,-0.015,0.0401,-0.0667,0.0316,0.0382,0.0532,0.0893,0.0106,0.0755,0.0434,0.0427,0.0618,0.05,0.0395,0.0657,0.0519,0.0696,0.0329,-0.0038,0.0985,-0.0405,0.0703,0.1031,0.1188,0.1116,0.1031,0.0959,0.0742,0.0362,0.0388,-0.3362,-0.0681,0.0768,0.0401,0.0762,0.0244,0.0447,0.0821,0.0368,0.0959
8/18/2021,1.6056,0.0452,0.049,0.0528,0.0017,-0.0942,0.0132,-0.0763,-0.0354,0.0528,0.0049,0.01,0.0279,0.0771,0.0963,0.0631,0.0337,0.0612,0.0138,0.0752,0.033,0.0938,0.097,-0.0021,0.0644,0.097,0.0663,0.0113,0.0925,-0.0009,0.0612,0.0746,0.0746,0.0835,0.1046,0.0791,0.0663,0.0158,0.0784,-0.4175,-0.1061,0.056,0.0816,0.1002,0.0177,0.0592,0.0541,0.0279,0.0701
8/17/2021,1.4267,-0.0088,0.0641,0.0904,-0.0772,-0.02,-0.0785,-0.0095,-0.0516,-0.0437,0.0247,-0.0693,0.0878,0.0378,0.0838,0.028,0.0707,0.0188,0.005,0.0687,0.0411,0.0635,0.0109,0.0227,0.0549,0.0622,0.0687,0.0654,0.0891,0.0207,0.0359,0.0917,0.0766,0.0687,0.1174,0.0891,0.053,0.0746,0.0115,-0.3276,-0.0641,0.0549,0.0608,0.0773,0.076,0.0168,0.0924,0.0135,0.0878
8/16/2021,1.4757,0.029,0.0401,0.0929,-0.0506,-0.0493,-0.0421,-0.0584,-0.0963,0.0884,0.0349,0.0708,0.0864,0.0375,0.0257,0.0355,0.0499,0.0603,0.044,0.0538,0.0629,0.0668,0.0884,0.0545,0.0342,0.0616,0.0466,0.0016,0.0858,-0.0519,0.0734,0.0858,0.0812,0.0949,0.0649,0.0688,0.0838,0.0858,0.0394,-0.4164,-0.1056,-0.003,0.0127,0.0603,0.0434,0.0584,0.0779,0.0708,0.0962
8/15/2021,1.2656,0.0495,0.0185,0.0353,-0.0832,-0.0684,-0.0744,0.0252,-0.0529,0.0879,-0.0448,-0.0623,0.0266,0.0832,0.0299,0.071,0.0259,0.0111,0.0017,0.0064,0.0603,0.0374,0.0502,0.0643,0.0407,0.0394,0.0906,0.0084,0.0926,0.0515,0.0475,0.0643,0.1027,0.0939,0.1067,0.0852,0.0576,0.0576,0.0677,-0.2493,-0.0275,0.0145,0.0145,0.0488,0.0421,-0.0004,0.0347,0.005,0.0784
8/14/2021,1.5896,0.0545,0.0295,0.0859,-0.043,0.0211,-0.0148,-0.0013,0.0385,0.059,0.0218,0.0596,0.0532,0.0885,0.0276,0.0673,0.0436,0.0667,0.0205,0.059,0.059,0.0269,0.0359,0.0885,0.0506,0.0833,0.0654,0.0051,0.0917,-0.0039,0.0718,0.1237,0.0942,0.0801,0.1199,0.1026,0.0718,0.0904,0.034,-0.6423,-0.211,0.0769,0.0974,0.0513,0.0314,0.0301,0.0154,0.0269,0.0853
8/13/2021,1.427,0.0161,0.0523,0.0359,-0.0055,-0.0667,-0.0121,-0.0285,0.0069,-0.0174,-0.0516,0.0668,0.0733,0.0878,0.0654,0.0207,0.0792,0.0661,0.0286,0.0234,0.0569,0.0806,0.0687,0.0635,0.0135,0.0792,0.0267,0.0569,0.076,0.0602,0.0411,0.1029,0.0799,0.0806,0.0746,0.1049,0.053,0.0865,0.074,-0.5435,-0.1649,0.0687,0.0582,0.0089,0.0109,0.0424,0.0648,0.0707,0.0904
8/12/2021,1.4438,0.0106,0.0565,0.0152,-0.0195,-0.1618,0.0441,0.0467,0.0349,0.0087,-0.0235,-0.0687,-0.0071,0.0467,0.0526,0.0664,0.0736,0.048,0.0827,0.0067,0.0277,0.0336,0.0657,0.0172,0.0545,0.0939,0.0401,-0.0051,0.0932,0.0742,0.0598,0.086,0.1149,0.0703,0.0841,0.09,0.0578,0.0742,0.0585,-0.3362,-0.0681,0.01,0.0545,0.0677,0.0395,0.0749,0.0067,0.0218,0.0696
8/11/2021,3.2272,0.0769,0.0564,0.1132,0.0311,-0.0662,0.0335,0.0669,0.0607,0.0564,0.0598,0.0283,0.0898,0.0994,0.0703,0.1008,0.0712,0.0688,0.1099,0.0578,0.0793,0.065,0.1103,0.1022,0.0421,0.1228,0.0731,0.0793,0.0994,0.0726,0.0946,0.0989,0.0965,0.1237,0.1228,0.1032,0.0927,0.0703,0.0851,-0.2436,-0.0249,0.0497,0.0287,0.0746,0.075,0.0913,0.0683,0.1032,0.086
8/10/2021,2.676,0.0517,0.024,0.0394,-0.0016,0.0389,-0.0101,-0.0617,0.0538,0.0176,0.0628,0.0937,0.0341,0.1012,0.1054,0.0724,0.0394,0.0714,0.0389,0.0416,0.0586,0.1054,0.1102,0.0975,0.082,0.0959,0.074,0.0107,0.0969,0.0378,0.0623,0.1188,0.106,0.1251,0.082,0.0975,0.0916,0.0639,0.0996,-0.2068,-0.0077,0.0469,0.0133,0.0368,0.0815,0.0868,0.0719,0.0607,0.0639
8/9/2021,1.6053,-0.0047,0.0567,0.0605,0.0036,-0.0073,-0.0591,-0.0827,-0.0591,0.0324,0.0362,-0.0565,0.0266,0.0548,0.033,0.0381,0.0829,0.0516,0.088,0.0522,0.0222,0.0867,0.0253,0.0452,0.0957,0.0541,0.0356,0.0912,0.0823,0.0829,0.0644,0.1078,0.072,0.1136,0.1123,0.0861,0.0803,0.0669,0.0637,-0.4624,-0.127,0.0893,-0.0041,0.0784,0.1021,0.0528,0.0394,0.0465,0.0548
8/8/2021,3.0656,0.0739,0.0389,0.0398,-0.0357,-0.0021,0.0078,0.0083,0.0754,0.0783,0.0344,-0.0228,0.1089,0.0714,0.0922,0.0843,0.0581,0.0769,0.1055,0.0951,0.0867,0.1104,0.1193,0.0517,0.0936,0.0877,0.1055,0.0319,0.0966,0.0433,0.0611,0.1134,0.1139,0.0996,0.1104,0.102,0.0907,0.0877,0.0685,-0.1489,0.0193,0.0601,0.0527,0.0976,0.069,0.069,0.0665,0.0542,0.0635
8/7/2021,3.7301,0.106,0.1099,0.0676,0.033,-0.0344,0.0018,0.0484,0.0386,0.0467,0.0633,0.03,0.0586,0.1133,0.1039,0.089,0.0659,0.0723,0.0668,0.0945,0.0757,0.0975,0.1137,0.0548,0.1223,0.0979,0.103,0.1009,0.1218,0.0625,0.1086,0.1056,0.1359,0.1223,0.1291,0.1137,0.1018,0.1001,0.1052,-0.102,0.0412,0.0539,0.0621,0.0911,0.0685,0.1124,0.1099,0.065,0.0804
8/6/2021,2.8218,0.0605,0.0942,0.0874,0.0274,-0.0575,-0.0441,0.0315,-0.012,0.1082,0.0662,0.0165,0.0947,0.075,0.0595,0.1056,0.0678,0.0662,0.0636,0.06,0.0564,0.0885,0.0968,0.06,0.061,0.1164,0.1019,0.1066,0.0921,0.0507,0.0569,0.133,0.0823,0.1092,0.0942,0.1107,0.0895,0.0812,0.0843,-0.2961,-0.0494,0.0294,0.0952,0.0931,0.0605,0.0538,0.0367,0.09,0.0662
8/5/2021,2.8058,0.0337,0.0913,0.0971,-0.0188,-0.0801,0.001,-0.012,0.0586,-0.0063,0.0306,0.0997,0.1075,0.0877,0.0862,0.0934,0.0742,0.041,0.0441,0.0903,0.0451,0.0623,0.068,0.1002,0.0482,0.1184,0.0612,0.0378,0.1095,0.0565,0.0617,0.1236,0.1064,0.1059,0.0898,0.1168,0.0955,0.056,0.0545,-0.2483,-0.0271,0.0555,0.0877,0.1142,0.1152,0.0888,0.0467,0.0571,0.0794
8/4/2021,2.7409,0.0972,0.041,0.0399,0.0357,0.0147,0.0383,-0.0563,-0.0274,0.0825,0.0157,0.0851,0.102,0.0589,0.1041,0.0552,0.041,0.0615,0.0546,0.0762,0.0715,0.0778,0.0815,0.0562,0.0862,0.0967,0.072,0.0473,0.1109,0.0836,0.0641,0.0993,0.0915,0.1004,0.102,0.1057,0.092,0.0904,0.0836,-0.3277,-0.0642,0.0778,0.0773,0.0594,0.0988,0.072,0.0972,0.0541,0.0636
8/3/2021,2.9841,0.0418,0.0563,0.0553,-0.0254,-0.0305,0.0648,0.0784,-0.0029,0.0754,-0.0054,0.0127,0.0879,0.1115,0.0689,0.0884,0.0724,0.0984,0.0844,0.0914,0.0804,0.0784,0.0583,0.0899,0.0368,0.0729,0.0694,0.1055,0.0959,0.0538,0.0804,0.1085,0.105,0.1075,0.1245,0.126,0.0819,0.0784,0.0674,-0.2714,-0.0378,0.0528,0.0794,0.0744,0.115,0.0638,0.0939,0.0553,0.114
8/2/2021,3.1949,0.0912,0.0951,0.0581,0.0451,-0.0645,-0.0058,0.0595,0.0364,0.109,0.0067,0.0441,0.0662,0.1037,0.0922,0.0989,0.0499,0.0754,0.0864,0.0499,0.06,0.0855,0.0768,0.0893,0.0931,0.1047,0.071,0.0662,0.1133,0.0917,0.0975,0.1037,0.1023,0.1297,0.1124,0.1061,0.0956,0.073,0.109,-0.2241,-0.0158,0.0643,0.0389,0.0931,0.0975,0.0499,0.0427,0.0917,0.0783
8/1/2021,2.4163,0.0667,0.0148,0.0611,-0.0355,-0.0517,-0.0662,-0.0494,0.0271,0.0952,0.0282,-0.0204,0.0578,0.0617,0.103,0.0449,0.0706,0.0472,0.0963,0.0539,0.0522,0.0662,0.0583,0.0466,0.0489,0.0757,0.0662,0.0265,0.1047,0.0477,0.0684,0.1047,0.1186,0.0913,0.1153,0.1214,0.0723,0.0924,0.0438,-0.209,-0.0087,0.0706,0.0706,0.0645,0.0963,0.0829,0.0511,0.0824,0.0891
7/31/2021,3.2925,0.057,0.0645,0.1111,0.0579,0.0075,0.0523,0.0626,0.016,0.081,0.1045,0.0118,0.1003,0.0749,0.0946,0.1092,0.0871,0.0782,0.0782,0.0711,0.0589,0.1088,0.0848,0.0923,0.0669,0.121,0.1045,0.1064,0.1121,0.0283,0.0843,0.1318,0.0946,0.1083,0.096,0.1243,0.1069,0.1116,0.0527,-0.3773,-0.0873,0.065,0.0363,0.073,0.1135,0.0932,0.0871,0.0975,0.0772
7/30/2021,1.8647,0.0434,0.0814,0.063,0.0133,0.0133,0.0022,0.0133,-0.0217,0.0746,-0.0082,0.0679,0.0108,0.0789,0.0783,0.0544,0.0937,0.0434,0.0495,0.0685,0.0734,0.0746,0.0605,0.0697,0.0765,0.1065,0.0654,0.0961,0.0814,0.0875,0.0667,0.0667,0.1102,0.0703,0.0943,0.0912,0.0648,0.0881,0.0986,-0.6326,-0.2065,0.0207,0.0513,0.036,0.0409,0.0145,0.0569,0.0243,0.0967
7/29/2021,2.4485,0.0973,0.0257,0.0501,0.0173,-0.0532,0.0168,0.0234,-0.0193,0.0007,0.0262,-0.0454,0.0129,0.0651,0.064,0.0495,0.0468,0.0545,0.0373,0.0323,0.0545,0.0451,0.0429,0.0806,0.0928,0.1067,0.0512,0.0484,0.1034,0.0468,0.0551,0.0806,0.0817,0.1006,0.0967,0.0806,0.0706,0.105,0.084,-0.0646,0.0587,0.0762,0.0923,0.0706,0.0917,0.0407,0.0451,0.0573,0.0512
7/28/2021,1.8972,0.0635,0.0782,0.044,-0.0274,-0.1409,0.0477,0.0226,-0.0872,-0.0176,-0.0109,0.0385,0.0904,0.0709,0.0562,0.0269,0.0556,0.0837,0.0818,0.0568,0.0208,0.0287,0.0629,0.0233,0.0464,0.0574,0.0684,0.0715,0.0886,-0.0195,0.0641,0.0727,0.1154,0.1056,0.1038,0.0733,0.0861,0.0721,0.0721,-0.3076,-0.0548,0.044,0.1063,0.0245,0.0928,0.0519,0.0983,0.0684,0.0269
7/27/2021,2.0755,0.0091,0.0707,0.0115,-0.046,-0.1147,-0.0466,0.012,0.0547,-0.0057,-0.0282,0.0132,0.015,0.0618,0.0962,0.047,0.0784,0.0511,0.0837,0.0523,0.0683,0.0387,0.0523,0.06,0.0885,0.1009,0.0618,0.0535,0.0831,0.0387,0.0547,0.1021,0.0825,0.1139,0.1157,0.0831,0.0784,0.0914,0.0766,-0.2594,-0.0323,0.0932,0.0126,0.0938,0.0618,0.0748,0.0571,0.0559,0.0583
7/26/2021,2.1892,0.0173,0.0522,0.0743,-0.0321,-0.1285,-0.0135,-0.0419,0.0551,-0.0268,0.0894,0.033,0.0557,0.069,0.0481,0.0383,0.0882,0.0859,0.0876,0.0592,0.0557,0.0609,0.1039,0.0109,0.1068,0.0661,0.1068,0.0539,0.0935,-0.0239,0.0621,0.0865,0.115,0.0975,0.0772,0.1028,0.0882,0.0359,0.0876,-0.3202,-0.0606,0.0754,0.112,0.0348,0.0464,0.0481,0.0731,0.0888,0.0935
7/25/2021,2.6109,0.0804,0.0756,0.0783,-0.0392,-0.0785,-0.0333,-0.0634,-0.0559,-0.0268,0.0616,-0.0268,0.1004,0.0891,0.0831,0.061,0.0627,0.0848,0.0998,0.067,0.0777,0.0508,0.0605,0.0573,0.0508,0.1031,0.074,0.0341,0.0945,-0.0182,0.0891,0.123,0.0788,0.1262,0.1149,0.0794,0.0853,0.095,0.0831,-0.1607,0.0138,0.0718,0.0842,0.1095,0.0993,0.0562,0.0858,0.0896,0.0821
7/24/2021,2.0763,0.0357,0.0263,0.018,0.0328,-0.1082,-0.0756,0.002,-0.046,-0.0436,-0.033,0.0719,0.0974,0.06,0.0897,0.0825,0.0535,0.0583,0.0843,0.0778,0.0683,0.0713,0.0322,0.0032,0.0476,0.0968,0.0488,-0.0051,0.0855,0.0594,0.0434,0.0902,0.1205,0.1122,0.1128,0.0956,0.0814,0.0962,0.0695,-0.2424,-0.0243,0.0837,0.0381,0.0748,0.0974,0.0731,0.0529,0.0429,0.0665
7/23/2021,1.8811,0.0131,0.0467,0.0461,-0.0248,-0.0964,0.0002,0.0051,-0.004,-0.0297,0.0437,-0.0108,0.0168,0.0425,0.0896,0.0437,0.0945,0.051,0.0406,0.0345,0.0418,0.0639,0.1073,0.0425,0.0626,0.103,0.0376,0.0639,0.092,0.0443,0.0522,0.0828,0.1067,0.0951,0.0712,0.0718,0.0608,0.0204,0.0522,-0.2267,-0.017,-0.0004,0.07,0.059,0.0798,0.0455,0.0461,0.0779,0.0724
7/22/2021,2.3675,0.0749,0.0405,0.0292,0.036,-0.0992,-0.0389,0.058,-0.0637,0.0078,0.0135,0.094,0.0473,0.0844,0.0523,0.0399,0.0974,0.1002,0.0377,0.045,0.0782,0.0659,0.0777,0.0794,0.0991,0.0946,0.1092,0.0968,0.1047,0.0461,0.0675,0.1087,0.1143,0.0901,0.0833,0.1058,0.0692,0.0309,0.0456,-0.3586,-0.0786,0.1019,0.0146,0.0861,0.0816,0.0512,0.0861,0.0495,0.1103
7/21/2021,2.465,0.0831,0.0499,0.0632,-0.0232,0.0399,-0.0343,0.0526,0.0001,-0.0343,0.0947,-0.0093,0.0189,0.0637,0.0864,0.0742,0.0482,0.0399,0.0565,0.0726,0.0654,0.0991,0.0621,0.0532,0.0499,0.1019,0.077,-0.0055,0.1058,0.0477,0.0903,0.1091,0.0947,0.1108,0.1041,0.0975,0.0814,0.0875,0.0543,-0.3118,-0.0567,0.1025,0.0709,0.0521,0.0942,0.0604,0.0648,0.0521,0.1074
7/20/2021,2.6109,0.0632,0.0874,0.06,0.0309,-0.0818,0.0621,0.0427,-0.0133,0.0416,-0.0036,0.0082,0.1004,0.0971,0.0691,0.0821,0.0761,0.0519,0.0546,0.0799,0.06,0.0907,0.053,0.0384,0.0901,0.1085,0.0583,0.0998,0.1117,0.0939,0.0907,0.1322,0.1025,0.1058,0.1031,0.1101,0.095,0.0966,0.0788,-0.466,-0.1287,0.0934,0.1004,0.0788,0.0842,0.0524,0.0325,0.0508,0.0853
7/19/2021,2.6761,0.04,0.032,0.0517,-0.0372,-0.0431,-0.0303,0.0038,0.0538,0.0666,-0.0101,-0.0165,0.0554,0.0809,0.1038,0.0447,0.0416,0.0783,0.0644,0.0836,0.0506,0.0703,0.1145,0.0581,0.0847,0.106,0.1006,-0.0096,0.1129,0.0032,0.0857,0.0991,0.0841,0.1214,0.1017,0.1076,0.0868,0.0841,0.0405,-0.1019,0.0413,0.0927,0.0762,0.0368,0.1012,0.0495,0.0442,0.0607,0.1097
7/18/2021,2.5952,0.0645,0.0359,0.0483,-0.049,0.0478,-0.0382,0.0283,0.0451,0.0737,0.0423,-0.0095,0.0159,0.1029,0.0499,0.1007,0.0537,0.0975,0.0451,0.0867,0.0542,0.0737,0.1153,0.0926,0.0337,0.0715,0.0645,0.0056,0.0975,0.0413,0.064,0.0942,0.104,0.0959,0.0818,0.0986,0.0905,0.058,0.0748,-0.1867,0.0017,0.0294,0.0142,0.078,0.1083,0.0791,0.0521,0.1029,0.0629
7/17/2021,2.8218,0.0486,0.0812,0.0429,-0.0027,-0.0089,-0.0161,0.0067,0.0004,0.0144,0.032,0.0336,0.0222,0.0745,0.1014,0.0843,0.0647,0.0968,0.0414,0.0434,0.0952,0.0999,0.089,0.0667,0.0414,0.1175,0.1113,0.0817,0.1004,0.0051,0.0792,0.1278,0.1144,0.089,0.1076,0.1242,0.0916,0.0678,0.0465,-0.1457,0.0208,0.1045,0.0455,0.0579,0.0605,0.0802,0.0294,0.0605,0.0911
7/16/2021,3.2761,0.0396,0.0878,0.1071,0.0339,-0.036,-0.0289,0.0505,-0.0128,0.0911,0.0505,0.0632,0.084,0.1105,0.1024,0.1086,0.0901,0.0712,0.0953,0.0717,0.058,0.0755,0.0882,0.0996,0.0679,0.0906,0.1119,0.0599,0.1001,0.0325,0.0679,0.1242,0.1265,0.1199,0.1298,0.1062,0.0977,0.0802,0.0835,-0.2484,-0.0271,0.0679,0.0727,0.0509,0.0722,0.0968,0.11,0.0944,0.0868
7/15/2021,2.9516,0.0536,0.0596,0.0869,-0.0363,0.0172,-0.0262,0.0026,0.0228,0.0728,0.0526,0.0935,0.0975,0.0728,0.0768,0.0839,0.0723,0.0778,0.1041,0.096,0.0692,0.0753,0.0788,0.0445,0.1126,0.0642,0.0647,0.0914,0.102,0.0324,0.0975,0.095,0.101,0.1167,0.1076,0.0894,0.1026,0.0995,0.0672,-0.2632,-0.034,0.0662,0.0622,0.045,0.0526,0.0591,0.096,0.0763,0.0995
7/14/2021,2.9192,0.0351,0.0371,0.0879,0.0386,0.0437,-0.0112,0.0554,0.0346,0.1037,-0.0035,0.0244,0.0239,0.1006,0.095,0.0889,0.1062,0.0717,0.0808,0.0874,0.0473,0.0808,0.0717,0.0752,0.0574,0.0661,0.0584,0.0991,0.0935,0.0315,0.0711,0.1179,0.1133,0.1169,0.096,0.1159,0.0981,0.0549,0.092,-0.3449,-0.0722,0.0493,0.1184,0.0722,0.0935,0.1021,0.1072,0.0752,0.061
7/13/2021,3.0815,0.0939,0.0496,0.0786,-0.0325,-0.0837,0.0624,-0.0276,-0.0173,0.085,0.0496,-0.0079,0.0826,0.0939,0.0968,0.0732,0.0958,0.0555,0.054,0.0678,0.0599,0.0762,0.1042,0.0649,0.0575,0.1096,0.0737,0.0934,0.0968,0.0693,0.0988,0.1194,0.119,0.1072,0.1017,0.1047,0.0929,0.1067,0.1012,-0.1371,0.0248,0.0865,0.0683,0.0585,0.0771,0.0447,0.0678,0.0771,0.087
7/12/2021,3.4383,0.0832,0.059,0.0549,0.0513,0.0645,0.0471,-0.0231,-0.0053,0.0617,0.0946,0.0517,0.0937,0.1001,0.1101,0.0804,0.1046,0.0659,0.0992,0.0992,0.0722,0.1051,0.0704,0.0398,0.0663,0.0823,0.111,0.054,0.1156,0.0841,0.095,0.122,0.0992,0.0982,0.1329,0.1169,0.1001,0.0627,0.1087,-0.2547,-0.0301,0.1042,0.1124,0.0709,0.1124,0.0526,0.0476,0.0777,0.116
7/11/2021,2.514,0.0816,0.018,0.0822,-0.0467,-0.0149,0.0493,-0.0248,-0.0254,0.0158,0.0229,0.0163,0.0273,0.0739,0.0641,0.0915,0.0438,0.0526,0.0504,0.035,0.041,0.0877,0.0899,0.0147,0.0707,0.0761,0.0547,0.035,0.0893,-0.0089,0.0558,0.0778,0.0948,0.1063,0.1135,0.0783,0.0877,0.0712,0.0696,0.0264,0.1012,0.0816,0.0087,0.0685,0.0515,0.0569,0.0597,0.0899,0.0515
7/10/2021,1.9624,0.0405,0.0574,0.0749,-0.061,-0.0283,-0.0634,0.0532,-0.07,0.0332,-0.0042,-0.0597,0.0459,0.064,0.0526,0.0489,0.09,0.0833,0.0477,0.0646,0.0622,0.061,0.0556,0.0858,0.0701,0.1117,0.0435,0.0634,0.0803,-0.0332,0.0381,0.087,0.093,0.0833,0.0852,0.0936,0.0737,0.0344,0.0236,-0.2589,-0.032,0.0296,0.0912,0.087,0.0646,0.0785,0.0815,0.0701,0.0689
7/9/2021,2.4163,0.0494,0.0137,0.0394,-0.0567,0.0114,0.0092,0.0148,-0.0561,0.0829,0.0678,-0.017,0.0181,0.1052,0.0762,0.0589,0.031,0.0606,0.0343,0.0863,0.0578,0.0628,0.0835,0.0678,0.0902,0.0511,0.1069,0.0271,0.0902,0.0081,0.0544,0.1242,0.0779,0.0935,0.1069,0.1002,0.0913,0.0416,0.0511,-0.171,0.009,0.074,0.0695,0.0974,0.0891,0.0433,0.0181,0.0606,0.1103
7/8/2021,2.4977,0.0929,0.0308,0.0385,-0.054,-0.0364,0.066,-0.0265,0.0192,0.0803,0.0621,0.0247,0.0583,0.0929,0.0577,0.055,0.0786,0.0429,0.0671,0.044,0.0357,0.1017,0.0352,0.022,0.1056,0.0962,0.1045,0.083,0.1006,0.0764,0.0588,0.105,0.0924,0.0814,0.1061,0.0962,0.088,0.0825,0.0792,-0.2069,-0.0078,0.0423,0.0192,0.0423,0.0341,0.0429,0.0748,0.0561,0.0561
7/7/2021,3.341,0.0753,0.0884,0.0749,0.0241,0.0553,-0.0253,0.0069,-0.0071,0.0441,0.0264,0.0735,0.1038,0.0954,0.1084,0.1108,0.0562,0.1098,0.1089,0.066,0.0628,0.0646,0.0688,0.0875,0.0646,0.0763,0.0637,0.0646,0.1191,0.067,0.0712,0.1047,0.1215,0.0931,0.1131,0.1243,0.0879,0.114,0.0847,-0.1748,0.0073,0.0726,0.0996,0.0861,0.0618,0.0758,0.0921,0.1084,0.0628
7/6/2021,2.6759,0.0208,0.0953,0.0639,-0.0309,0.0192,-0.0537,-0.0548,0.0165,0.008,-0.0058,0.0213,0.0708,0.0591,0.1065,0.0453,0.0916,0.0799,0.0847,0.0692,0.073,0.0884,0.0527,0.0298,0.074,0.066,0.0911,-0.001,0.1065,0.0943,0.0538,0.1267,0.0964,0.1257,0.1177,0.0996,0.0799,0.0708,0.0778,-0.1299,0.0282,0.0352,0.0623,0.0714,0.0394,0.0932,0.1038,0.0458,0.0964
7/5/2021,3.4054,0.1005,0.0431,0.044,0.0049,0.0532,-0.0038,0.0844,0.027,0.0922,0.0086,0.0853,0.061,0.0725,0.1134,0.0601,0.0674,0.0757,0.0826,0.061,0.0817,0.0932,0.0615,0.0389,0.0564,0.117,0.0941,0.0371,0.1046,0.0706,0.0697,0.0936,0.1198,0.1143,0.1083,0.1207,0.0964,0.1111,0.0872,-0.1237,0.0311,0.0569,0.0817,0.078,0.1239,0.1069,0.0573,0.1088,0.0752
7/4/2021,3.9732,0.1135,0.089,0.066,0.033,0.0467,0.0507,0.0422,0.0563,0.0873,0.1091,0.0209,0.0761,0.1139,0.0833,0.1135,0.0966,0.0753,0.0809,0.0906,0.1067,0.1087,0.0865,0.0636,0.1018,0.0849,0.1079,0.1131,0.1264,0.1131,0.0857,0.1087,0.1332,0.1268,0.1039,0.103,0.0962,0.0962,0.0712,-0.2069,-0.0078,0.1071,0.0857,0.126,0.1167,0.0966,0.0753,0.0946,0.1034
7/3/2021,2.7571,0.0555,0.0844,0.0975,-0.0478,0.023,-0.0252,-0.0032,0.0602,0.1074,0.0576,-0.0189,0.0623,0.0676,0.0781,0.0807,0.0644,0.0503,0.1022,0.0849,0.0864,0.0576,0.1137,0.0681,0.0634,0.087,0.0922,0.1017,0.1132,0.0225,0.0597,0.0906,0.088,0.0838,0.1263,0.1132,0.087,0.0859,0.0749,-0.3734,-0.0855,0.0828,0.0849,0.0503,0.0786,0.0927,0.0277,0.1053,0.0975
7/2/2021,3.1137,0.0445,0.0504,0.0426,0.001,-0.0669,0.0308,0.0113,-0.0068,0.0914,0.0523,0.025,0.0567,0.0875,0.0631,0.0675,0.0655,0.0895,0.0577,0.0958,0.0714,0.086,0.1105,0.0743,0.0562,0.1183,0.0655,0.0059,0.0983,0.0367,0.0787,0.1031,0.0919,0.1134,0.0934,0.1183,0.0812,0.0631,0.065,0.0534,0.1138,0.0362,0.0777,0.045,0.0865,0.0675,0.0929,0.0846,0.066
7/1/2021,2.6921,0.0945,0.0234,0.0271,-0.0032,-0.0897,0.0648,0.0419,0.0594,0.1104,0.0987,-0.0297,0.0409,0.0823,0.0817,0.1051,0.0589,0.0807,0.0727,0.0494,0.0594,0.1014,0.1146,0.0621,0.0366,0.0679,0.0557,-0.0005,0.103,0.0308,0.0796,0.0902,0.1285,0.1253,0.086,0.1152,0.0807,0.035,0.0886,-0.3273,-0.0639,0.0977,0.1088,0.0748,0.0849,0.0584,0.0361,0.0833,0.1099
6/30/2021,3.3733,0.088,0.0718,0.0982,-0.0207,-0.0693,-0.0235,0.0131,0.0357,0.1162,0.038,-0.0041,0.0473,0.0741,0.1139,0.1042,0.0838,0.0996,0.1028,0.0644,0.0894,0.076,0.0677,0.0686,0.0626,0.0714,0.0996,0.0181,0.1098,0.0552,0.0815,0.1371,0.131,0.1098,0.1306,0.1042,0.101,0.0815,0.0663,0.0181,0.0973,0.064,0.0487,0.0801,0.069,0.0552,0.0727,0.0603,0.113
6/29/2021,2.4008,0.0496,0.0222,0.02,-0.0304,-0.0388,-0.0265,-0.0254,0.0418,0.0138,0.0088,0.0211,0.0088,0.0631,0.0631,0.0384,0.0771,0.0491,0.0575,0.0844,0.0653,0.076,0.0564,0.0877,0.0838,0.1079,0.0625,0.0832,0.0995,-0.0069,0.0468,0.1011,0.0765,0.0899,0.0877,0.1202,0.0793,0.0961,0.0939,-0.1987,-0.0039,0.0771,0.0978,0.0575,0.0967,0.0894,0.0267,0.0547,0.0989
6/28/2021,3.2111,0.0905,0.0958,0.0666,0.0177,0.0355,-0.0311,0.0575,0.0101,0.1149,0.0254,0.0201,0.0623,0.0886,0.0838,0.0695,0.0824,0.1001,0.102,0.0891,0.0881,0.102,0.0824,0.0493,0.0838,0.091,0.0972,0.0235,0.1082,0.0738,0.1011,0.1351,0.0924,0.0905,0.1111,0.1202,0.09,0.0517,0.0656,-0.1771,0.0062,0.0465,0.057,0.0656,0.0776,0.0953,0.0369,0.0805,0.0848
6/27/2021,3.876,0.1011,0.1032,0.0755,0.0029,-0.0424,0.0879,-0.0127,0.038,0.1118,0.031,0.0355,0.0524,0.1089,0.0908,0.1085,0.1106,0.1085,0.0928,0.09,0.0867,0.0801,0.1271,0.0809,0.0801,0.0867,0.1172,0.0413,0.1209,0.0953,0.1077,0.1221,0.1168,0.1357,0.1275,0.1065,0.0986,0.097,0.0895,-0.0844,0.0495,0.0689,0.1011,0.0689,0.0928,0.0788,0.099,0.0842,0.1052
6/26/2021,3.1304,0.0327,0.0512,0.098,0.0011,0.0396,0.0512,0.0551,0.0347,0.0849,0.0678,0.0732,0.0678,0.1107,0.1087,0.1073,0.0849,0.1063,0.08,0.0688,0.0537,0.0766,0.0683,0.1029,0.1019,0.0907,0.0926,0.1004,0.1048,0.0995,0.097,0.1287,0.1082,0.1058,0.1097,0.118,0.0907,0.0464,0.081,-0.485,-0.1376,0.098,0.1058,0.0766,0.0483,0.1024,0.0605,0.0508,0.1097
6/25/2021,3.1951,0.0408,0.0797,0.0653,0.0225,-0.0688,-0.0212,-0.0255,0.0187,0.0903,0.0489,0.0408,0.0739,0.097,0.1114,0.0883,0.1008,0.0586,0.0552,0.0975,0.0749,0.0922,0.0807,0.0994,0.096,0.1037,0.1004,0.0417,0.1153,0.0537,0.0662,0.1109,0.1249,0.1215,0.1085,0.1061,0.0807,0.0864,0.0855,-0.2071,-0.0078,0.0773,0.0485,0.0643,0.1148,0.084,0.0999,0.11,0.0883
6/24/2021,2.8221,0.0346,0.0274,0.0947,-0.0021,-0.0436,-0.042,0.0305,0.0046,0.105,0.0232,0.0828,0.0729,0.0994,0.0797,0.0988,0.0569,0.0641,0.0574,0.0942,0.06,0.0776,0.1066,0.0274,0.0486,0.1066,0.0704,0.0937,0.0978,0.0724,0.0647,0.118,0.1019,0.1061,0.089,0.0859,0.0792,0.0377,0.0828,-0.2043,-0.0065,0.0978,0.016,0.0786,0.1123,0.0527,0.0724,0.088,0.0502
6/23/2021,2.8381,0.067,0.0655,0.0521,-0.013,-0.0987,0.033,-0.0434,0.0325,0.0139,0.0861,-0.0155,0.0392,0.0825,0.1063,0.0676,0.0815,0.0433,0.0975,0.0701,0.0634,0.0929,0.0944,0.0541,0.0686,0.0686,0.1068,0.0417,0.0959,0.0929,0.0727,0.0856,0.1135,0.0929,0.1083,0.1006,0.0768,0.098,0.1001,-0.2275,-0.0173,0.1016,0.1016,0.1021,0.0856,0.0929,0.0676,0.0872,0.049
6/22/2021,3.6816,0.0669,0.0738,0.047,-0.0031,0.0298,-0.0009,0.0712,0.0384,0.0112,0.0907,0.0915,0.0885,0.101,0.1002,0.114,0.0721,0.0859,0.1079,0.0876,0.0989,0.0881,0.0682,0.0734,0.0501,0.1269,0.1097,0.0911,0.1157,0.0626,0.1002,0.1183,0.101,0.1287,0.1148,0.1291,0.0989,0.0937,0.082,-0.1324,0.027,0.1028,0.1153,0.0609,0.0643,0.0596,0.0647,0.1114,0.0829
6/21/2021,3.1949,0.085,0.0523,0.0331,0.0441,0.0095,-0.0332,0.0057,0.0437,0.0268,0.0456,0.1037,0.096,0.108,0.0768,0.0595,0.096,0.0715,0.0922,0.0677,0.0485,0.1124,0.1095,0.0413,0.1076,0.0783,0.0658,0.0182,0.1071,0.0648,0.096,0.1037,0.0903,0.1104,0.1229,0.1056,0.0879,0.0465,0.1052,-0.1262,0.0299,0.0826,0.0408,0.047,0.085,0.0672,0.0475,0.1018,0.1133
6/20/2021,2.5784,0.0788,0.0837,0.0387,-0.041,-0.1066,0.0344,0.0631,-0.0513,0.0387,-0.0187,0.0647,0.1043,0.0561,0.1016,0.0799,0.0729,0.0919,0.0398,0.0582,0.0506,0.0544,0.0929,0.0328,0.0273,0.1049,0.0973,0.0355,0.1103,0.055,0.0669,0.0962,0.113,0.0951,0.0853,0.1211,0.0853,0.0382,0.0577,-0.2096,-0.009,0.0935,0.0322,0.1011,0.1038,0.0344,0.0577,0.0702,0.0951
6/19/2021,3.438,0.1078,0.0503,0.085,0.0024,0.0335,0.0558,0.0763,0.0718,0.0535,0.1037,0.0718,0.0508,0.1033,0.106,0.1115,0.0905,0.0987,0.0914,0.0928,0.0713,0.1128,0.0649,0.09,0.0586,0.09,0.0782,0.0321,0.1028,0.1078,0.0713,0.0969,0.1051,0.1142,0.1297,0.0941,0.0909,0.111,0.1005,-0.3984,-0.0972,0.0941,0.096,0.1197,0.0855,0.0695,0.1014,0.1074,0.0809
6/18/2021,2.8542,0.0874,0.0313,0.0987,0.0411,0.0164,-0.0428,-0.0443,-0.0206,0.1034,0.0849,-0.0011,0.0746,0.0977,0.0977,0.0524,0.0617,0.1049,0.0746,0.0838,0.073,0.0663,0.0432,0.0463,0.0586,0.089,0.1132,0.0524,0.1018,0.0735,0.0921,0.1023,0.1116,0.127,0.1059,0.0993,0.0967,0.0951,0.0658,-0.3392,-0.0695,0.0699,0.1003,0.0761,0.0962,0.0396,0.107,0.0545,0.1044
6/17/2021,2.6599,0.0519,0.0652,0.0492,-0.0186,0.0513,0.0486,0.0422,-0.0384,-0.0202,-0.0106,-0.0037,0.0887,0.0668,0.0567,0.0924,0.0545,0.0935,0.062,0.0818,0.0524,0.0502,0.0839,0.0636,0.0882,0.1143,0.0572,0.0956,0.1085,0.0316,0.0705,0.0978,0.1074,0.117,0.0962,0.1111,0.0807,0.0412,0.0786,-0.2305,-0.0188,0.0401,0.0887,0.0641,0.1117,0.0641,0.0497,0.0631,0.0684
6/16/2021,3.3247,0.0652,0.0671,0.0582,0.0161,-0.0082,0.0591,0.0147,0.0503,0.018,0.1045,0.0114,0.0479,0.0998,0.111,0.0877,0.1035,0.0615,0.0886,0.0755,0.076,0.0792,0.0825,0.0863,0.0432,0.112,0.0942,0.0629,0.1152,0.0222,0.0746,0.1078,0.1064,0.1129,0.0951,0.1241,0.1003,0.0661,0.0895,-0.1355,0.0256,0.09,0.105,0.0867,0.0545,0.0984,0.0615,0.0895,0.0666
6/15/2021,3.4545,0.0717,0.0921,0.0939,0.0158,-0.0415,0.0839,0.0053,0.0512,0.0862,0.0344,0.078,0.0567,0.1135,0.1121,0.0726,0.0653,0.1026,0.1089,0.0726,0.0585,0.0826,0.0926,0.0585,0.1067,0.0912,0.068,0.0353,0.118,0.0367,0.0812,0.0948,0.0985,0.1185,0.108,0.1148,0.0871,0.0685,0.1071,-0.0698,0.0563,0.0553,0.0971,0.0776,0.0558,0.0589,0.0585,0.0585,0.1044
6/14/2021,3.6817,0.1023,0.0531,0.1166,0.009,0.0721,0.0846,0.0375,0.0285,0.0682,0.0971,0.0267,0.0898,0.1174,0.111,0.0704,0.1097,0.0997,0.0915,0.0691,0.0652,0.1101,0.1205,0.0924,0.0626,0.1015,0.0889,0.0635,0.1144,0.092,0.1053,0.1088,0.1088,0.1131,0.1304,0.0976,0.0898,0.0842,0.0712,-0.2891,-0.0461,0.095,0.1166,0.1066,0.0976,0.0963,0.054,0.092,0.0842
6/13/2021,4.1033,0.1074,0.0833,0.0653,0.0802,0.0798,0.0447,0.0482,0.0607,0.0595,0.0907,0.0396,0.0587,0.1133,0.1016,0.1211,0.0794,0.1129,0.0794,0.1125,0.0794,0.0911,0.1137,0.0759,0.0848,0.1,0.1152,0.0572,0.1269,0.0712,0.1031,0.1328,0.132,0.1121,0.1121,0.1176,0.1024,0.1133,0.0766,-0.1322,0.0271,0.1211,0.0755,0.0696,0.1168,0.0938,0.0981,0.0922,0.0856
6/12/2021,3.7464,0.0705,0.0752,0.0799,0.0284,0.0033,0.0544,-0.0167,-0.0111,0.0914,0.0267,0.0807,0.0612,0.0897,0.0846,0.0995,0.079,0.0837,0.0969,0.0833,0.0875,0.1016,0.0718,0.1012,0.0625,0.0841,0.0948,0.0616,0.1156,0.0863,0.0961,0.1118,0.119,0.1114,0.1007,0.1122,0.099,0.0722,0.0812,-0.0192,0.0799,0.0982,0.1114,0.0901,0.1046,0.0663,0.0892,0.1114,0.0833
6/11/2021,3.0489,0.1003,0.0835,0.0939,0.0513,-0.0556,0.0602,-0.0022,0.0122,0.0206,0.0756,0.0884,0.0929,0.1073,0.1077,0.0726,0.0939,0.0647,0.0696,0.0889,0.0914,0.0706,0.1023,0.032,0.0934,0.0949,0.0766,0.0865,0.0978,0.0444,0.0701,0.1226,0.0959,0.1305,0.0988,0.0983,0.0909,0.0988,0.0949,-0.3281,-0.0643,0.033,0.0681,0.0543,0.0538,0.0805,0.0899,0.0518,0.0934
6/10/2021,2.8866,0.0935,0.0787,0.0618,-0.0108,-0.0946,0.0404,-0.0471,-0.0005,0.0726,0.0721,-0.0159,0.0496,0.09,0.0797,0.0767,0.0562,0.0572,0.0603,0.0889,0.07,0.0741,0.0864,0.0792,0.0296,0.1155,0.0946,0.1084,0.1155,0.003,0.069,0.0879,0.1196,0.1299,0.1232,0.092,0.0869,0.0716,0.0537,-0.1749,0.0072,0.0741,0.0946,0.0613,0.1135,0.0547,0.0925,0.0537,0.091
6/9/2021,3.0015,0.0917,0.0537,0.0802,0.0497,-0.0003,0.0482,0.0717,0.0442,-0.0128,0.0807,-0.0248,0.0347,0.0717,0.0737,0.1067,0.0762,0.1037,0.0712,0.0802,0.0467,0.1052,0.0812,0.0432,0.1067,0.0842,0.1072,0.0847,0.1062,0.0292,0.0657,0.1047,0.1077,0.1137,0.1177,0.0892,0.0847,0.0507,0.0702,-0.2502,-0.028,0.0827,0.0827,0.0567,0.0952,0.0717,0.0632,0.0722,0.0562
6/8/2021,3.4544,0.0885,0.0803,0.0758,0.0417,-0.0402,0.0698,0.0112,0.0408,0.0762,0.0476,0.0394,0.0771,0.098,0.1112,0.0898,0.073,0.1008,0.0744,0.0589,0.0676,0.0644,0.0653,0.108,0.0648,0.1021,0.113,0.0462,0.1044,0.043,0.0921,0.1185,0.1162,0.1253,0.1267,0.1185,0.0994,0.0876,0.1108,-0.1987,-0.0039,0.0594,0.0458,0.0808,0.1021,0.0798,0.0994,0.1121,0.0894
6/7/2021,3.1627,0.0772,0.0423,0.0878,0.0104,-0.0094,0.0781,0.0003,0.0123,0.0694,0.0748,0.0486,0.0786,0.0951,0.0719,0.1106,0.0772,0.0583,0.0738,0.0878,0.0646,0.0864,0.0946,0.0617,0.0917,0.1226,0.0622,0.0864,0.1028,0.053,0.0631,0.1072,0.1168,0.096,0.1009,0.1135,0.1038,0.0554,0.0762,-0.3257,-0.0632,0.098,0.1057,0.0699,0.098,0.096,0.1014,0.0927,0.0859
6/6/2021,3.9083,0.1155,0.1032,0.1143,0.0435,0.003,0.0132,-0.006,0.0652,0.0402,0.0333,0.0541,0.0967,0.0828,0.1069,0.1147,0.0971,0.1127,0.0897,0.0689,0.082,0.1098,0.093,0.0758,0.118,0.1147,0.1241,0.0722,0.1155,0.0844,0.0869,0.1106,0.1143,0.1143,0.102,0.12,0.1041,0.1163,0.118,-0.1153,0.035,0.0906,0.0582,0.0775,0.0881,0.0689,0.0595,0.1159,0.1049
6/5/2021,2.822,0.0823,0.0745,0.0476,0.0144,0.0579,-0.0467,0.0434,-0.0156,-0.0084,0.0745,0.0704,0.0543,0.103,0.1045,0.0771,0.0424,0.076,0.0445,0.0885,0.0476,0.0502,0.1019,0.0616,0.0414,0.1092,0.0895,0.0548,0.0973,0.0372,0.0854,0.1009,0.1232,0.1014,0.105,0.103,0.0823,0.1097,0.074,-0.3032,-0.0527,0.0843,0.1092,0.0439,0.0709,0.0678,0.0962,0.0652,0.0802
6/4/2021,3.6327,0.0763,0.0688,0.0662,0.0269,0.0247,0.0557,0.0946,-0.0058,0.0212,0.0964,-0.0019,0.1025,0.0968,0.1086,0.1012,0.0736,0.0688,0.0819,0.1033,0.0929,0.0684,0.1103,0.0933,0.0964,0.0911,0.1182,0.1169,0.1068,0.0828,0.0815,0.1169,0.109,0.1099,0.1243,0.1007,0.1033,0.1099,0.1047,-0.2272,-0.0172,0.0907,0.078,0.0916,0.0706,0.0841,0.0614,0.085,0.1186
6/3/2021,2.7409,0.0915,0.0904,0.0525,0.031,-0.0022,0.0299,0.0031,-0.0043,-0.0137,0.072,-0.0053,0.0988,0.1036,0.0594,0.0757,0.0888,0.051,0.082,0.0762,0.0846,0.1046,0.102,0.0694,0.0667,0.0578,0.0778,0.001,0.0909,-0.01,0.0652,0.1093,0.1193,0.0841,0.1199,0.122,0.083,0.1004,0.0873,-0.2998,-0.0511,0.0652,0.0441,0.0652,0.1078,0.0631,0.0746,0.092,0.0641
6/2/2021,2.9029,0.0428,0.0535,0.081,-0.0438,0.0046,0.0076,-0.0423,-0.0199,0.1035,0.0056,0.0923,0.0561,0.1045,0.0586,0.077,0.0703,0.0948,0.0489,0.0923,0.0443,0.0703,0.08,0.0296,0.0719,0.0678,0.0657,0.0138,0.0963,0.0601,0.0836,0.1131,0.0897,0.1024,0.1162,0.1259,0.0917,0.1086,0.0938,-0.1596,0.0143,0.0887,0.0606,0.1116,0.0535,0.0678,0.0724,0.0973,0.0841
6/1/2021,3.3728,0.045,0.0755,0.0908,0.0607,-0.0203,-0.0115,0.0584,0.0556,0.1047,0.0195,0.1033,0.0917,0.0838,0.107,0.0801,0.0598,0.0862,0.0528,0.0612,0.0575,0.0963,0.0593,0.0894,0.0834,0.1144,0.0889,0.0144,0.1037,0.063,0.0945,0.107,0.1121,0.101,0.1273,0.0991,0.1061,0.1,0.0547,-0.1472,0.0201,0.0417,0.1144,0.0741,0.0579,0.0658,0.0871,0.1028,0.0797
5/31/2021,3.0492,0.0365,0.0756,0.0577,0.0132,-0.0329,-0.016,-0.0269,0.0731,-0.0091,0.0949,-0.0264,0.0469,0.0706,0.0736,0.0582,0.0771,0.0795,0.1058,0.0617,0.0622,0.0592,0.078,0.031,0.1127,0.0667,0.0919,0.0597,0.1132,0.0558,0.0741,0.1177,0.1201,0.1077,0.1246,0.1097,0.0904,0.086,0.0766,-0.1,0.0422,0.0434,0.1122,0.0508,0.0696,0.0949,0.0954,0.0865,0.1038
5/30/2021,4.0872,0.0868,0.063,0.1088,0.0368,0.0414,0.0598,0.0638,0.0152,0.0951,0.0896,0.0454,0.0747,0.1193,0.0998,0.0771,0.0739,0.0724,0.0943,0.0735,0.081,0.0802,0.0998,0.0931,0.0735,0.0986,0.1236,0.0998,0.1275,0.1158,0.0978,0.1389,0.1295,0.1303,0.1138,0.1252,0.1142,0.0966,0.1044,-0.1118,0.0366,0.0872,0.0532,0.1201,0.0849,0.0763,0.0998,0.1123,0.0943
5/29/2021,3.6327,0.061,0.0645,0.1051,0.0361,-0.0574,0.0833,-0.0172,0.0562,0.0492,0.0531,-0.0041,0.0614,0.0798,0.1042,0.116,0.0994,0.1016,0.1051,0.0693,0.0627,0.1169,0.1208,0.1077,0.0514,0.0793,0.1042,0.0308,0.1081,0.0431,0.0784,0.1243,0.0981,0.0985,0.1047,0.1199,0.092,0.1025,0.0688,-0.0709,0.0557,0.1121,0.1234,0.1007,0.1156,0.1051,0.0557,0.0693,0.0872
5/28/2021,3.1461,0.0744,0.072,0.1094,0.0099,-0.026,0.0434,0.0783,0.0021,0.1002,0.0065,-0.0187,0.0798,0.0749,0.1007,0.0812,0.1084,0.0541,0.0482,0.0502,0.0545,0.0594,0.0749,0.0846,0.0613,0.0885,0.0696,0.006,0.1041,0.1011,0.0793,0.1016,0.1274,0.1278,0.1138,0.0963,0.0837,0.0638,0.1108,-0.0971,0.0435,0.0861,0.0245,0.0502,0.0628,0.0715,0.0817,0.0672,0.0982
5/27/2021,3.73,0.1103,0.1022,0.0539,0.0539,0.0185,0.0791,0.0757,0.0236,0.1206,0.0672,0.004,0.068,0.0817,0.1018,0.106,0.103,0.0702,0.1035,0.0855,0.1065,0.0996,0.1214,0.0847,0.1227,0.0787,0.0796,0.0838,0.1231,0.0399,0.0787,0.1048,0.1073,0.124,0.1005,0.1137,0.0983,0.0706,0.106,-0.2519,-0.0288,0.0954,0.0813,0.115,0.1231,0.0804,0.0569,0.1052,0.0808
5/26/2021,5.0273,0.0992,0.0989,0.128,0.0668,0.0353,0.0727,0.0825,0.0707,0.1256,0.1108,0.0724,0.1155,0.1069,0.1096,0.0983,0.123,0.1245,0.1001,0.1054,0.1001,0.128,0.1155,0.1022,0.1063,0.1277,0.1048,0.1176,0.1346,0.1087,0.12,0.1271,0.1262,0.1331,0.1259,0.1387,0.1221,0.1016,0.1349,-0.0872,0.0481,0.117,0.1007,0.1206,0.1277,0.1138,0.1274,0.1185,0.1194
5/25/2021,6.2763,0.1358,0.1391,0.1187,0.1268,0.0822,0.1331,0.1039,0.1124,0.1265,0.1155,0.1022,0.1365,0.1358,0.1408,0.1398,0.1332,0.1432,0.1291,0.1384,0.1381,0.1329,0.1291,0.1396,0.1412,0.1334,0.1286,0.1132,0.1484,0.1087,0.1332,0.1477,0.1406,0.1408,0.1505,0.1439,0.137,0.1443,0.1272,0.1104,0.1404,0.1267,0.1368,0.1481,0.1346,0.1239,0.1236,0.1289,0.1315
5/24/2021,6.2598,0.1279,0.1413,0.1218,0.124,0.08,0.1035,0.1117,0.1317,0.1235,0.1155,0.1393,0.139,0.1395,0.144,0.1414,0.1371,0.1345,0.1362,0.1397,0.1333,0.1296,0.1287,0.1369,0.1498,0.1477,0.1404,0.1482,0.1447,0.1101,0.134,0.1416,0.1402,0.1536,0.1496,0.148,0.1369,0.1359,0.1435,-0.0033,0.0873,0.1385,0.1326,0.1313,0.1407,0.1317,0.1258,0.1439,0.147
5/23/2021,6.4382,0.1407,0.1262,0.1487,0.129,0.1276,0.1284,0.107,0.1095,0.1114,0.1169,0.1236,0.1464,0.1448,0.1495,0.1446,0.14,0.1311,0.1329,0.135,0.1407,0.14,0.1365,0.134,0.1357,0.1429,0.1434,0.1258,0.1509,0.1436,0.1404,0.1412,0.1411,0.1443,0.1451,0.1434,0.1428,0.1496,0.1484,0.0116,0.0943,0.1476,0.1443,0.1393,0.1454,0.1306,0.1476,0.1482,0.1462
5/22/2021,6.3737,0.1288,0.1441,0.1315,0.111,0.0982,0.1078,0.105,0.1169,0.1322,0.1284,0.1044,0.146,0.1411,0.1341,0.1301,0.1343,0.1468,0.1447,0.1426,0.1366,0.1476,0.1367,0.1337,0.139,0.1382,0.1387,0.1161,0.1449,0.1322,0.1337,0.1558,0.1499,0.1475,0.1504,0.1413,0.1445,0.1283,0.1291,0.0923,0.1319,0.1262,0.1275,0.1491,0.135,0.131,0.1231,0.1366,0.1488
5/21/2021,5.5789,0.1059,0.1134,0.1129,0.0916,0.081,0.1083,0.0652,0.0902,0.1059,0.0945,0.1011,0.1197,0.1342,0.1156,0.1347,0.1318,0.1265,0.1337,0.1127,0.1078,0.1362,0.1105,0.1337,0.1316,0.1221,0.1391,0.1366,0.1359,0.1027,0.1253,0.1434,0.1265,0.1311,0.1466,0.1473,0.127,0.1156,0.1122,0.0338,0.1046,0.1313,0.1042,0.1335,0.1141,0.11,0.1008,0.1149,0.1216
5/20/2021,3.9083,0.075,0.0758,0.0897,0.0419,-0.0015,0.0055,0.0689,0.0521,0.0812,0.0591,0.0578,0.0762,0.1143,0.1143,0.0812,0.0897,0.1155,0.1172,0.091,0.082,0.0758,0.0758,0.1073,0.1127,0.1,0.1241,0.0652,0.1082,0.0836,0.1098,0.1188,0.1253,0.1323,0.1253,0.1253,0.1061,0.066,0.1176,-0.1438,0.0217,0.0664,0.0615,0.0791,0.0685,0.0648,0.0983,0.1012,0.1245
5/19/2021,5.2058,0.113,0.1211,0.1203,0.0937,0.0426,0.0999,0.0887,0.0719,0.1303,0.0943,0.0943,0.122,0.1284,0.1186,0.1312,0.1292,0.1329,0.1085,0.1259,0.1234,0.1315,0.1161,0.1167,0.1133,0.1225,0.1083,0.0879,0.1337,0.0728,0.122,0.1404,0.144,0.1331,0.1267,0.1278,0.1211,0.1222,0.1301,-0.1594,0.0144,0.1197,0.1362,0.1113,0.1253,0.1069,0.1234,0.1292,0.1384
5/18/2021,5.1246,0.0982,0.0968,0.0896,0.0695,0.0856,0.0476,0.0701,0.0936,0.108,0.0859,0.0873,0.0956,0.123,0.131,0.1112,0.1184,0.1273,0.1077,0.1235,0.1166,0.1339,0.1112,0.1169,0.0985,0.1095,0.1089,0.0818,0.1281,0.0841,0.1212,0.1408,0.1394,0.1313,0.1299,0.1235,0.1166,0.1322,0.131,0.0069,0.0921,0.1069,0.0988,0.1118,0.102,0.1304,0.1258,0.0988,0.1258
5/17/2021,5.0437,0.0904,0.1244,0.1217,0.096,0.0623,0.0502,0.0682,0.0738,0.0928,0.1256,0.1253,0.0848,0.1072,0.1031,0.1291,0.1226,0.1197,0.1155,0.1037,0.1117,0.133,0.1078,0.0913,0.1002,0.1179,0.1149,0.1149,0.1244,0.1262,0.1253,0.1392,0.1433,0.1247,0.1365,0.1368,0.1276,0.1167,0.1002,-0.0772,0.0528,0.088,0.096,0.0999,0.1312,0.1161,0.117,0.1007,0.1102
5/16/2021,4.0869,0.0614,0.0966,0.0927,0.0759,0.0739,0.088,0.0407,0.045,0.0477,0.0371,0.0336,0.0665,0.1025,0.0911,0.0763,0.0716,0.0892,0.1146,0.0947,0.0911,0.108,0.1158,0.0665,0.1001,0.117,0.0868,0.0485,0.1228,0.0579,0.1009,0.106,0.1099,0.1342,0.1279,0.1178,0.1146,0.1131,0.0939,-0.0932,0.0454,0.0998,0.0884,0.1068,0.0861,0.1115,0.1193,0.0786,0.1123
5/15/2021,2.9516,0.0369,0.0879,0.0632,0.0243,-0.0388,0.0243,-0.0206,0.0596,0.0571,0.0379,-0.0095,0.0904,0.1056,0.102,0.0642,0.0864,0.0516,0.044,0.0672,0.0516,0.0793,0.1066,0.0627,0.1015,0.1192,0.0975,0.1071,0.0975,0.0273,0.0591,0.1243,0.1177,0.1061,0.1076,0.0965,0.093,0.0541,0.093,-0.2739,-0.039,0.0778,0.0798,0.1142,0.0571,0.0718,0.0697,0.092,0.0667
5/14/2021,3.3895,0.0791,0.0712,0.1072,-0.0145,-0.0076,0.0629,0.0417,0.0473,0.0108,0.0449,-0.0118,0.1035,0.1113,0.0911,0.0957,0.097,0.0551,0.0662,0.0615,0.0592,0.0828,0.1192,0.0855,0.1173,0.1164,0.1067,0.0768,0.109,0.0597,0.1003,0.1086,0.0906,0.1123,0.0966,0.127,0.086,0.0671,0.0597,-0.1835,0.0032,0.1136,0.0717,0.0883,0.1003,0.0952,0.0408,0.0943,0.0722
5/13/2021,4.8651,0.0908,0.1093,0.0867,0.0632,0.0149,0.1059,0.1156,0.0761,0.0952,0.093,0.0889,0.0858,0.108,0.0986,0.1222,0.0917,0.0999,0.1225,0.1102,0.1215,0.1234,0.0983,0.1134,0.1231,0.1222,0.1209,0.0717,0.1243,0.0667,0.1096,0.1294,0.1215,0.1435,0.1228,0.1287,0.1209,0.0939,0.1027,-0.0163,0.0813,0.1046,0.0776,0.1316,0.1018,0.0955,0.12,0.108,0.124
5/12/2021,5.8221,0.1137,0.1233,0.1103,0.0822,0.1122,0.1203,0.1153,0.1072,0.1063,0.1362,0.1314,0.1272,0.131,0.1203,0.1166,0.1244,0.1397,0.1403,0.1301,0.1161,0.1251,0.114,0.1181,0.1429,0.1401,0.1331,0.1198,0.1366,0.1331,0.1296,0.1519,0.1431,0.1357,0.1423,0.1405,0.1366,0.1281,0.1151,-0.0277,0.0759,0.1177,0.1031,0.1209,0.1449,0.1296,0.1068,0.1286,0.1325
5/11/2021,4.8814,0.1043,0.1105,0.1137,0.0578,0.0793,0.0734,0.1009,0.1031,0.075,0.0809,0.0937,0.1214,0.1183,0.1208,0.109,0.118,0.0996,0.0912,0.1084,0.0996,0.1099,0.1108,0.1202,0.0828,0.1258,0.1096,0.0956,0.1317,0.1233,0.1165,0.1339,0.1364,0.119,0.1411,0.1389,0.1268,0.1202,0.1199,-0.0893,0.0472,0.0937,0.0859,0.0896,0.0943,0.0968,0.0871,0.108,0.1268
5/10/2021,4.7027,0.0964,0.0931,0.1077,0.0552,0.0404,0.0796,0.0493,0.0641,0.0622,0.107,0.1156,0.0988,0.1245,0.1103,0.107,0.1152,0.1264,0.0971,0.0968,0.0882,0.1241,0.1119,0.1264,0.1317,0.1195,0.105,0.0908,0.1192,0.0885,0.0964,0.1192,0.1353,0.1199,0.1363,0.1218,0.1228,0.106,0.0928,-0.0455,0.0676,0.0786,0.1086,0.1149,0.0902,0.0918,0.0777,0.0918,0.1245
5/9/2021,3.3571,0.0845,0.0942,0.1049,0.0325,-0.0102,-0.0218,0.0111,-0.0056,0.0218,0.0492,0.0274,0.052,0.0905,0.1114,0.0947,0.0891,0.0896,0.0738,0.0984,0.0594,0.0752,0.0715,0.111,0.1035,0.117,0.0956,0.071,0.111,0.0877,0.0729,0.1035,0.1281,0.1258,0.0938,0.0975,0.1003,0.0576,0.1156,-0.1957,-0.0025,0.1114,0.0752,0.0701,0.0603,0.1026,0.0877,0.0548,0.1077
5/8/2021,4.2977,0.0926,0.0697,0.1259,0.023,0.0064,0.0182,0.0193,0.0352,0.1119,0.0941,0.0741,0.0845,0.1059,0.1019,0.0993,0.0793,0.0952,0.1034,0.0793,0.0797,0.1074,0.1311,0.11,0.0767,0.1319,0.0952,0.1089,0.1156,0.0834,0.1093,0.1352,0.1089,0.1137,0.1315,0.1108,0.1185,0.0926,0.1137,-0.0072,0.0855,0.07,0.0726,0.0923,0.113,0.0771,0.1022,0.1041,0.0948
5/7/2021,4.7192,0.1138,0.086,0.1102,0.0322,0.0794,0.0371,0.0381,0.0315,0.0764,0.0912,0.0495,0.104,0.1247,0.0984,0.128,0.0886,0.1076,0.0932,0.0981,0.0968,0.1227,0.0902,0.1007,0.1158,0.1316,0.1227,0.0971,0.1247,0.1056,0.1024,0.1352,0.123,0.1152,0.1407,0.1303,0.1096,0.1034,0.1073,0.0535,0.1138,0.0892,0.0797,0.0869,0.1079,0.0866,0.0945,0.1276,0.1165
5/6/2021,3.6166,0.0474,0.0812,0.1154,0.0369,-0.0196,0.0545,0.0755,0.0601,0.1066,0.0694,0.0689,0.1163,0.0847,0.0878,0.1044,0.0667,0.0786,0.0904,0.0597,0.0847,0.1106,0.1035,0.0584,0.0663,0.0816,0.0711,0.0343,0.1123,0.0882,0.0772,0.0957,0.097,0.1316,0.1057,0.1014,0.0913,0.0904,0.0974,-0.105,0.0398,0.0597,0.0483,0.1123,0.0825,0.0895,0.0558,0.0838,0.0663
5/5/2021,4.1033,0.1031,0.0864,0.0665,0.0786,0.0825,0.033,0.0821,0.0938,0.0533,0.0463,0.065,0.1039,0.0903,0.1059,0.1094,0.1121,0.1067,0.0774,0.0755,0.0852,0.1035,0.0755,0.072,0.0864,0.1051,0.1246,0.0833,0.123,0.0891,0.095,0.1152,0.1156,0.1371,0.1203,0.1125,0.0969,0.0821,0.1129,-0.1859,0.0021,0.0615,0.1144,0.0969,0.1156,0.0907,0.0685,0.1164,0.116
5/4/2021,5.3678,0.1169,0.1277,0.1261,0.0882,0.0427,0.0661,0.1103,0.1077,0.1024,0.1038,0.1006,0.1061,0.1201,0.1364,0.1182,0.1311,0.1185,0.1138,0.1138,0.1167,0.1259,0.1309,0.1225,0.1053,0.1203,0.1103,0.1032,0.1353,0.1122,0.1109,0.1456,0.1469,0.1353,0.1456,0.1264,0.1259,0.1259,0.1114,-0.0712,0.0556,0.1253,0.109,0.1067,0.1306,0.1056,0.1269,0.133,0.1393
5/3/2021,5.8871,0.1098,0.1168,0.1379,0.1181,0.0815,0.1094,0.1187,0.1176,0.1337,0.1242,0.0868,0.1265,0.1337,0.1229,0.1329,0.1191,0.1181,0.14,0.117,0.1303,0.1324,0.1153,0.1234,0.1244,0.1409,0.1348,0.1073,0.1377,0.1081,0.1242,0.1419,0.1498,0.1398,0.1403,0.136,0.1312,0.135,0.1413,-0.0392,0.0706,0.1422,0.1466,0.1219,0.1434,0.1403,0.1293,0.1329,0.1403
5/2/2021,6.9252,0.1526,0.1518,0.1505,0.1383,0.1266,0.1309,0.1489,0.1436,0.1336,0.136,0.1512,0.1473,0.1452,0.1434,0.1497,0.1467,0.1428,0.1442,0.1422,0.1509,0.1532,0.1512,0.1432,0.1438,0.1546,0.1459,0.1329,0.1515,0.1346,0.1452,0.1557,0.1506,0.1538,0.1562,0.1559,0.1499,0.1423,0.1489,0.0701,0.1216,0.1416,0.1565,0.1467,0.1422,0.1517,0.1479,0.1532,0.1479
5/1/2021,7.2333,0.1559,0.1496,0.1488,0.1357,0.1489,0.1446,0.1417,0.1399,0.1429,0.1405,0.1397,0.1572,0.1541,0.1562,0.1574,0.1518,0.1526,0.1553,0.1523,0.1559,0.1508,0.1556,0.1475,0.1519,0.154,0.1542,0.1573,0.1588,0.1509,0.1554,0.1617,0.1549,0.1567,0.1565,0.1543,0.1533,0.1523,0.1526,0.098,0.1346,0.1525,0.1592,0.1516,0.1588,0.1494,0.1555,0.1565,0.1575
4/30/2021,7.0063,0.1427,0.1488,0.1447,0.1258,0.119,0.1394,0.136,0.1316,0.1513,0.1414,0.1329,0.1444,0.1513,0.1494,0.1485,0.1461,0.151,0.1453,0.1443,0.1512,0.1527,0.1526,0.1483,0.1445,0.1475,0.1451,0.1393,0.1551,0.1536,0.1524,0.1598,0.1537,0.158,0.1518,0.1545,0.1537,0.1553,0.1543,0.1037,0.1372,0.1429,0.1511,0.1445,0.1503,0.1479,0.1494,0.1547,0.1473
4/29/2021,5.741,0.1278,0.1206,0.1201,0.0765,0.0725,0.1009,0.1176,0.0962,0.0869,0.1323,0.0838,0.1283,0.1382,0.1303,0.1326,0.121,0.1222,0.1156,0.1181,0.1296,0.1362,0.1359,0.1039,0.1111,0.1206,0.131,0.1344,0.138,0.1204,0.1283,0.1328,0.1296,0.1418,0.1371,0.1416,0.1278,0.1269,0.1181,0.0313,0.1035,0.114,0.1443,0.128,0.1226,0.114,0.1368,0.1339,0.126
4/28/2021,5.6924,0.1286,0.1304,0.1337,0.1094,0.1147,0.0965,0.0732,0.1242,0.0896,0.1187,0.1161,0.1251,0.1284,0.1321,0.1284,0.1145,0.1214,0.1087,0.1113,0.1203,0.1394,0.1318,0.1099,0.1362,0.1447,0.1196,0.1411,0.1406,0.0884,0.1279,0.1514,0.1496,0.1482,0.1323,0.139,0.1325,0.1261,0.1231,-0.0728,0.0549,0.1348,0.106,0.1247,0.1113,0.1374,0.1136,0.139,0.1364
4/27/2021,4.8977,0.1158,0.1062,0.1251,0.0525,0.0624,0.0379,0.1043,0.0447,0.0879,0.0599,0.086,0.0823,0.1325,0.1077,0.1223,0.1015,0.109,0.1208,0.0962,0.1052,0.1077,0.135,0.1307,0.1335,0.1121,0.1034,0.0866,0.1223,0.0665,0.1217,0.1285,0.122,0.1406,0.1428,0.1304,0.1142,0.1322,0.1025,0.0013,0.0895,0.0997,0.0829,0.1056,0.1139,0.0978,0.0993,0.0981,0.1167
4/26/2021,4.3952,0.0953,0.0845,0.1065,0.0391,-0.0121,0.016,0.0751,0.0686,0.0582,0.0553,0.0668,0.0823,0.1075,0.0975,0.0863,0.1176,0.1097,0.1205,0.0809,0.0942,0.0946,0.1047,0.1,0.0993,0.1223,0.1245,0.0773,0.1227,0.0967,0.0985,0.1238,0.1212,0.1378,0.1349,0.1349,0.1068,0.0978,0.0985,-0.028,0.0758,0.0812,0.1285,0.0993,0.1075,0.0791,0.0805,0.113,0.1122
4/25/2021,3.7951,0.0506,0.1027,0.1145,0.0287,0.0502,0.0262,-0.0011,0.075,0.0552,0.0931,0.0279,0.0573,0.0813,0.1154,0.0977,0.0826,0.096,0.0952,0.0788,0.0695,0.1036,0.0758,0.0973,0.0683,0.0893,0.1217,0.0481,0.1175,0.0641,0.1112,0.1402,0.1057,0.1292,0.117,0.1166,0.1091,0.0767,0.1032,-0.1667,0.011,0.1049,0.0578,0.1162,0.0636,0.1095,0.1103,0.0901,0.107
4/24/2021,5.076,0.0915,0.1269,0.119,0.0813,0.0605,0.0988,0.0494,0.093,0.1181,0.079,0.0716,0.0906,0.1208,0.1129,0.1126,0.1175,0.1032,0.1082,0.1102,0.0991,0.1167,0.1006,0.1316,0.0968,0.1295,0.1339,0.1292,0.1345,0.0854,0.1184,0.1436,0.1275,0.1292,0.1228,0.1354,0.1234,0.1289,0.1164,-0.0891,0.0473,0.1316,0.1117,0.112,0.1097,0.1158,0.1313,0.1149,0.1228
4/23/2021,4.4598,0.1047,0.0831,0.1132,0.0799,0.0559,0.1012,0.0516,0.0721,0.0467,0.0481,0.0329,0.0916,0.1157,0.1168,0.0998,0.1235,0.1125,0.11,0.0913,0.1083,0.1168,0.0944,0.1015,0.1313,0.1047,0.1249,0.0559,0.1298,0.0484,0.1153,0.1323,0.1277,0.1175,0.1252,0.1256,0.104,0.1001,0.0952,-0.185,0.0025,0.1061,0.1252,0.1136,0.1316,0.1086,0.1224,0.1252,0.1001
4/22/2021,5.2388,0.1073,0.1297,0.0946,0.0844,0.046,0.051,0.0601,0.1131,0.1333,0.112,0.1112,0.1067,0.1225,0.1297,0.1288,0.1197,0.1125,0.1324,0.1192,0.0993,0.1338,0.1399,0.1205,0.117,0.1178,0.1319,0.1103,0.1379,0.1078,0.1181,0.1258,0.133,0.1266,0.133,0.133,0.1205,0.1117,0.12,-0.1103,0.0374,0.1156,0.1327,0.1236,0.1101,0.1131,0.1225,0.1112,0.1308
4/21/2021,5.2708,0.0976,0.1113,0.0922,0.075,0.0711,0.0706,0.0848,0.1003,0.108,0.1058,0.084,0.1178,0.1257,0.1091,0.1345,0.1208,0.1189,0.1033,0.1118,0.1023,0.1195,0.1156,0.1208,0.1017,0.1301,0.1091,0.1159,0.1342,0.1257,0.1271,0.1484,0.1238,0.1257,0.1347,0.1301,0.1192,0.1173,0.1167,-0.0549,0.0632,0.1309,0.1334,0.1214,0.1399,0.1099,0.1219,0.1178,0.1268
4/20/2021,5.741,0.1278,0.1337,0.131,0.0804,0.065,0.1249,0.1206,0.1183,0.128,0.1317,0.1224,0.103,0.1206,0.119,0.1249,0.1312,0.1244,0.1362,0.1298,0.1256,0.1183,0.1335,0.114,0.1079,0.1287,0.1353,0.0919,0.1368,0.1181,0.1335,0.1452,0.1348,0.1359,0.1393,0.1335,0.135,0.1418,0.1353,-0.0911,0.0463,0.1208,0.1441,0.1366,0.1323,0.126,0.1332,0.1314,0.1441
4/19/2021,7.233,0.1564,0.1487,0.1553,0.1486,0.1302,0.1363,0.1415,0.1362,0.1476,0.1456,0.143,0.1545,0.1571,0.1565,0.1559,0.1551,0.1569,0.1487,0.1516,0.1559,0.1552,0.1573,0.1484,0.1509,0.1582,0.1577,0.1589,0.1567,0.1508,0.1559,0.1558,0.1607,0.1599,0.1549,0.1545,0.153,0.1581,0.1526,0.1058,0.1383,0.1461,0.1519,0.1482,0.1483,0.1519,0.1522,0.156,0.1532
4/18/2021,8.2061,0.1694,0.1712,0.1697,0.1735,0.1732,0.1734,0.1703,0.1734,0.1712,0.1729,0.1717,0.1717,0.1698,0.1706,0.1704,0.1716,0.1704,0.17,0.1707,0.171,0.1704,0.1713,0.1692,0.1698,0.1693,0.1706,0.1692,0.1694,0.1718,0.1699,0.169,0.1698,0.1683,0.1684,0.1684,0.1693,0.1697,0.169,0.1848,0.1751,0.1713,0.1722,0.1702,0.1716,0.1698,0.1719,0.1712,0.1691
4/17/2021,8.0115,0.167,0.167,0.1669,0.1671,0.167,0.1671,0.1669,0.167,0.167,0.167,0.1671,0.1668,0.1669,0.1668,0.1669,0.1669,0.1668,0.1669,0.1669,0.1669,0.1668,0.1669,0.1669,0.1669,0.1669,0.1668,0.167,0.1668,0.1668,0.1669,0.1669,0.1668,0.1668,0.1668,0.1668,0.1669,0.1668,0.1669,0.1671,0.1669,0.167,0.167,0.1668,0.1669,0.1668,0.1669,0.1669,0.1669
4/16/2021,6.2115,0.1372,0.1302,0.1336,0.1273,0.0926,0.0973,0.1254,0.1075,0.1101,0.1364,0.0962,0.1237,0.1434,0.1379,0.1407,0.1429,0.125,0.1228,0.1339,0.1271,0.1388,0.1393,0.132,0.1339,0.1389,0.1461,0.1413,0.1481,0.1105,0.1316,0.1431,0.1524,0.1416,0.1456,0.1511,0.1352,0.1329,0.1282,0.0546,0.1144,0.1355,0.1148,0.1402,0.1447,0.1223,0.1273,0.1275,0.1484
4/15/2021,6.8601,0.1407,0.1441,0.135,0.1289,0.1419,0.1458,0.1432,0.1371,0.1526,0.1326,0.1374,0.1468,0.148,0.1481,0.1504,0.1424,0.1464,0.15,0.1402,0.1481,0.1419,0.1443,0.1447,0.1542,0.1525,0.1496,0.1509,0.1539,0.128,0.1512,0.1522,0.156,0.1488,0.1542,0.1513,0.1464,0.1427,0.1409,0.0642,0.1188,0.1382,0.1391,0.1495,0.1523,0.1434,0.1386,0.1501,0.1425
4/14/2021,8.2225,0.1704,0.1702,0.1692,0.174,0.1767,0.1755,0.1743,0.1709,0.1725,0.174,0.1704,0.1729,0.1711,0.1697,0.1705,0.1702,0.1711,0.1714,0.1717,0.1705,0.1706,0.1702,0.1703,0.1718,0.1705,0.1703,0.1708,0.1692,0.1731,0.1713,0.1685,0.1691,0.1701,0.1696,0.1684,0.1704,0.17,0.1694,0.1794,0.1726,0.1719,0.1711,0.172,0.1689,0.1718,0.1713,0.1715,0.1712
4/13/2021,8.2064,0.17,0.1705,0.1697,0.1722,0.1752,0.1717,0.1737,0.1746,0.1711,0.1722,0.1709,0.1708,0.1703,0.1699,0.1693,0.1698,0.1704,0.1704,0.1715,0.1711,0.1712,0.1691,0.171,0.1696,0.1699,0.1692,0.1725,0.1691,0.1734,0.1699,0.17,0.1684,0.1682,0.1694,0.1684,0.1695,0.1714,0.1696,0.1868,0.1761,0.1697,0.1691,0.1693,0.1689,0.1718,0.1697,0.17,0.1699
4/12/2021,7.0707,0.1536,0.1426,0.1541,0.1399,0.1314,0.1354,0.1466,0.1307,0.1517,0.1393,0.1425,0.1405,0.1474,0.1546,0.1548,0.1494,0.1527,0.1504,0.145,0.145,0.1542,0.1493,0.1525,0.1537,0.1559,0.1551,0.1545,0.1533,0.1379,0.1512,0.154,0.1579,0.1567,0.1525,0.1583,0.1539,0.1514,0.1566,0.08,0.1262,0.1426,0.1493,0.1499,0.1577,0.1543,0.142,0.151,0.1512
4/11/2021,6.1306,0.1272,0.1347,0.1377,0.1016,0.0844,0.1263,0.1061,0.128,0.1111,0.1283,0.1424,0.1409,0.1334,0.145,0.1429,0.1233,0.1282,0.1356,0.1369,0.1278,0.1379,0.1483,0.136,0.1237,0.1498,0.1321,0.1328,0.1442,0.108,0.1308,0.1411,0.1517,0.145,0.1411,0.1454,0.1412,0.1392,0.1416,-0.0434,0.0686,0.1242,0.1433,0.1375,0.1396,0.1349,0.1181,0.1401,0.136
4/10/2021,5.7087,0.1312,0.127,0.1415,0.1014,0.1128,0.0817,0.1275,0.0979,0.1245,0.1346,0.1273,0.1293,0.1284,0.1362,0.1261,0.1357,0.1334,0.1268,0.1332,0.1316,0.125,0.1231,0.1353,0.1316,0.1362,0.1305,0.1098,0.1376,0.1142,0.124,0.1341,0.1321,0.146,0.1334,0.1442,0.1259,0.1163,0.133,-0.162,0.0132,0.1284,0.1438,0.1222,0.1373,0.1165,0.1252,0.1227,0.141
4/9/2021,4.6547,0.0897,0.088,0.1175,0.0636,0.0663,0.084,0.0747,0.0998,0.0797,0.1008,0.0446,0.0723,0.1004,0.1275,0.0971,0.1259,0.0874,0.0927,0.1088,0.1141,0.0994,0.1058,0.1088,0.0954,0.1222,0.1105,0.0767,0.1312,0.1208,0.1165,0.1242,0.1372,0.1386,0.1356,0.1382,0.1175,0.0974,0.0907,-0.1592,0.0145,0.1272,0.0793,0.1325,0.1068,0.1222,0.1001,0.1085,0.1212
4/8/2021,6.9248,0.1428,0.1382,0.1428,0.1336,0.1313,0.1223,0.123,0.1465,0.1299,0.1441,0.1488,0.1459,0.1532,0.1477,0.1459,0.1532,0.1523,0.1434,0.1505,0.1493,0.1465,0.1405,0.1442,0.1488,0.1458,0.1456,0.146,0.1522,0.1502,0.1482,0.1542,0.149,0.1584,0.1534,0.153,0.1524,0.1495,0.1538,0.0957,0.1335,0.1475,0.1387,0.1502,0.142,0.1448,0.1391,0.144,0.1529
4/7/2021,7.0385,0.1462,0.1447,0.1535,0.1307,0.1438,0.141,0.1359,0.146,0.1342,0.1502,0.1396,0.1472,0.1482,0.146,0.1494,0.1449,0.1461,0.1491,0.1505,0.1527,0.1494,0.1493,0.1444,0.1517,0.1515,0.1471,0.1459,0.1557,0.1365,0.1494,0.1551,0.1563,0.1521,0.1516,0.1525,0.152,0.1471,0.1479,0.1002,0.1356,0.1436,0.1526,0.1546,0.1575,0.1527,0.1521,0.1456,0.1486
4/6/2021,6.2274,0.1349,0.1231,0.144,0.1133,0.0906,0.1108,0.1287,0.0922,0.1252,0.1231,0.1257,0.1316,0.1302,0.1333,0.141,0.1236,0.1434,0.1326,0.1279,0.1362,0.1434,0.1333,0.1323,0.1447,0.1399,0.1362,0.1227,0.144,0.1365,0.1376,0.1502,0.1371,0.1491,0.1385,0.1422,0.1408,0.1392,0.1438,0.0174,0.097,0.1429,0.1236,0.131,0.1348,0.1337,0.142,0.1461,0.136
4/5/2021,6.5196,0.1359,0.1285,0.1305,0.124,0.1067,0.1237,0.1175,0.1064,0.1203,0.1273,0.1103,0.1301,0.1424,0.1501,0.1351,0.1382,0.1381,0.1411,0.1449,0.131,0.1433,0.1418,0.1345,0.1501,0.1403,0.148,0.1199,0.1504,0.1317,0.1436,0.1439,0.1436,0.1465,0.1448,0.1464,0.1412,0.1416,0.1479,0.1256,0.1475,0.1442,0.1486,0.1311,0.1316,0.1311,0.1382,0.1365,0.1436
4/4/2021,6.1789,0.1239,0.1399,0.1426,0.092,0.0905,0.1239,0.1086,0.1302,0.1441,0.133,0.1251,0.12,0.1304,0.1319,0.1322,0.1397,0.1233,0.1328,0.1246,0.1415,0.1357,0.1379,0.1292,0.1313,0.1293,0.1388,0.1472,0.1455,0.1206,0.1333,0.1423,0.1434,0.1465,0.1381,0.1403,0.1421,0.1392,0.1408,0.0169,0.0968,0.1375,0.1352,0.1394,0.1272,0.1235,0.1308,0.1255,0.1344
4/3/2021,4.2168,0.1099,0.0827,0.1235,0.0709,-0.0267,0.0755,0.0187,0.021,0.0634,0.08,0.0657,0.0732,0.1069,0.1145,0.122,0.1084,0.0993,0.1107,0.1073,0.1141,0.1126,0.125,0.0823,0.0706,0.1012,0.1039,0.1145,0.1145,0.0395,0.0918,0.1421,0.1073,0.1307,0.1133,0.1292,0.1042,0.1126,0.1016,-0.1106,0.0372,0.0865,0.1111,0.0744,0.1235,0.0808,0.0694,0.1148,0.0918
4/2/2021,3.6009,0.0923,0.0782,0.102,0.0558,-0.0216,0.0417,0.0571,0.0831,0.0276,0.0545,0.095,0.098,0.1174,0.0712,0.0989,0.0637,0.1086,0.0994,0.0686,0.0774,0.1086,0.0703,0.0774,0.1011,0.0848,0.1192,0.0743,0.1095,0.073,0.102,0.1249,0.1341,0.106,0.1271,0.1073,0.0998,0.0813,0.0897,-0.3585,-0.0785,0.0954,0.1249,0.1095,0.1046,0.0888,0.0998,0.0677,0.0879
4/1/2021,3.9896,0.0564,0.0808,0.0756,0.0371,-0.017,0.0937,0.0756,0.0207,0.1101,0.1057,0.0628,0.1073,0.1013,0.1037,0.0925,0.0989,0.1125,0.0997,0.1037,0.078,0.0957,0.1266,0.0564,0.1254,0.0845,0.0837,0.0885,0.1141,0.1025,0.1129,0.123,0.1141,0.137,0.1061,0.1021,0.1021,0.0969,0.1129,-0.2205,-0.0141,0.0877,0.0516,0.0853,0.0941,0.1153,0.078,0.1081,0.1205
3/31/2021,3.5676,0.0461,0.1059,0.0439,0.0669,0.0594,-0.0177,0.0541,0.0395,0.0439,0.0616,0.0625,0.0563,0.1113,0.0993,0.0935,0.07,0.0909,0.0927,0.0922,0.0731,0.0731,0.1033,0.0714,0.1068,0.0851,0.098,0.1117,0.1206,0.039,0.0767,0.1068,0.1228,0.1059,0.0993,0.1082,0.0878,0.1184,0.0975,-0.1745,0.0074,0.109,0.0909,0.0997,0.0723,0.0576,0.0585,0.0944,0.0745
3/30/2021,4.5571,0.1202,0.1123,0.0861,0.0885,0.0166,0.0878,0.0982,0.0283,0.0737,0.0823,0.0424,0.1171,0.1064,0.1085,0.1229,0.0988,0.0992,0.1064,0.1133,0.114,0.1061,0.084,0.0847,0.105,0.1298,0.1291,0.0954,0.1192,0.104,0.1143,0.1288,0.1133,0.1415,0.1257,0.126,0.1164,0.1264,0.1044,-0.1553,0.0163,0.1181,0.0837,0.0858,0.1257,0.1105,0.0882,0.0868,0.1202
3/29/2021,5.3033,0.1319,0.1087,0.1292,0.0628,0.0661,0.0995,0.0801,0.1003,0.1335,0.0858,0.0882,0.1176,0.1268,0.1249,0.1332,0.1011,0.1206,0.1003,0.1154,0.103,0.1203,0.1054,0.1019,0.1394,0.1405,0.1295,0.1038,0.1378,0.0852,0.1262,0.1478,0.1346,0.1348,0.1424,0.1281,0.1295,0.12,0.1192,-0.053,0.0641,0.1157,0.1284,0.116,0.113,0.109,0.0995,0.1057,0.1295
3/28/2021,7.1844,0.1483,0.1517,0.1496,0.1346,0.1407,0.1508,0.1355,0.1512,0.1482,0.1408,0.1361,0.154,0.1514,0.1538,0.1554,0.1519,0.1497,0.1498,0.1539,0.1482,0.1539,0.1481,0.1479,0.1447,0.1539,0.1544,0.1442,0.1572,0.1541,0.1504,0.16,0.1607,0.1583,0.1561,0.1569,0.1561,0.1503,0.1561,0.1152,0.1427,0.1528,0.1443,0.1491,0.1561,0.1491,0.1466,0.1535,0.1561
3/27/2021,7.5091,0.1544,0.1536,0.1582,0.1518,0.1424,0.152,0.1544,0.1551,0.1598,0.1506,0.1562,0.1587,0.1577,0.1613,0.1583,0.1557,0.1567,0.1588,0.1574,0.159,0.1564,0.158,0.1537,0.1547,0.1602,0.1601,0.1586,0.1606,0.1525,0.1563,0.1601,0.1616,0.1593,0.1623,0.1615,0.1591,0.156,0.158,0.1347,0.1518,0.1536,0.1573,0.1594,0.1608,0.1553,0.1561,0.1586,0.1604
3/26/2021,7.8327,0.1622,0.1629,0.1638,0.1609,0.1595,0.161,0.1603,0.16,0.1649,0.1642,0.1628,0.1648,0.1635,0.1633,0.1629,0.1647,0.1632,0.1633,0.1634,0.1627,0.1639,0.1643,0.1628,0.164,0.1648,0.1644,0.1644,0.1645,0.1629,0.1631,0.1651,0.165,0.1654,0.1643,0.1642,0.1638,0.1634,0.1642,0.1526,0.1601,0.1638,0.162,0.1644,0.164,0.1644,0.1642,0.1642,0.1642
3/25/2021,6.8113,0.1434,0.1393,0.1446,0.12,0.1131,0.1365,0.1158,0.1197,0.1361,0.1424,0.1473,0.1362,0.1457,0.1435,0.1486,0.1403,0.145,0.1453,0.1465,0.1404,0.1488,0.1392,0.1476,0.1541,0.1461,0.148,0.1541,0.1519,0.1425,0.1446,0.157,0.1526,0.1542,0.1569,0.1555,0.1486,0.1378,0.1411,0.1072,0.1389,0.1534,0.136,0.1414,0.1381,0.1475,0.1399,0.1393,0.1393
3/24/2021,8.0603,0.1675,0.168,0.1679,0.1686,0.1694,0.168,0.1691,0.168,0.1679,0.168,0.1684,0.1683,0.1674,0.1674,0.1681,0.1677,0.1681,0.168,0.168,0.1675,0.1675,0.1673,0.1681,0.1678,0.1672,0.1675,0.1685,0.1674,0.1679,0.1675,0.1671,0.1674,0.1673,0.1674,0.1674,0.1676,0.1676,0.1675,0.1716,0.169,0.1679,0.1676,0.1674,0.1679,0.1681,0.1679,0.168,0.1676
3/23/2021,7.866,0.1636,0.1643,0.1649,0.1617,0.1601,0.1632,0.1643,0.1635,0.1635,0.1622,0.1622,0.1642,0.1644,0.1646,0.1639,0.1636,0.1641,0.1635,0.1635,0.1637,0.1641,0.165,0.1638,0.1643,0.1654,0.1647,0.1652,0.1649,0.1638,0.1639,0.1649,0.1655,0.1647,0.1651,0.1649,0.1649,0.1643,0.1638,0.1565,0.1619,0.164,0.1633,0.1647,0.1647,0.1646,0.1651,0.1649,0.1641
3/22/2021,9.2119,0.2001,0.1954,0.1876,0.2117,0.1921,0.2132,0.1977,0.214,0.1904,0.1914,0.2042,0.1801,0.1835,0.1804,0.1922,0.1879,0.181,0.1812,0.1919,0.1936,0.1806,0.1822,0.1947,0.1805,0.1908,0.1884,0.1983,0.184,0.2005,0.1875,0.1755,0.1754,0.1798,0.185,0.1833,0.1853,0.1825,0.1904,0.2914,0.2249,0.1828,0.1816,0.1933,0.1782,0.1847,0.1848,0.1954,0.1805
3/21/2021,9.9253,0.2036,0.2065,0.1977,0.2341,0.2167,0.235,0.2279,0.2271,0.1998,0.2212,0.2362,0.1907,0.1913,0.1919,0.2,0.1977,0.2111,0.2113,0.2009,0.2117,0.1927,0.198,0.2036,0.1936,0.2029,0.1925,0.2046,0.1873,0.2031,0.2031,0.1942,0.1898,0.19,0.1963,0.1907,0.198,0.1942,0.2036,0.3337,0.2447,0.2021,0.2009,0.2063,0.1942,0.1965,0.204,0.1927,0.1996
3/20/2021,9.7955,0.1949,0.2022,0.1909,0.2284,0.218,0.2107,0.2405,0.2178,0.2239,0.2121,0.2349,0.2015,0.1961,0.2019,0.2042,0.2096,0.1936,0.2069,0.1974,0.1945,0.2067,0.1846,0.2134,0.1954,0.1936,0.1958,0.2042,0.1862,0.2117,0.1988,0.1823,0.1907,0.1886,0.1819,0.1898,0.1923,0.2114,0.1916,0.2844,0.2216,0.1938,0.1945,0.1943,0.1896,0.2017,0.2155,0.1965,0.2046
3/19/2021,9.6006,0.202,0.1988,0.187,0.2225,0.2491,0.2177,0.2331,0.2208,0.2097,0.19,0.2126,0.1907,0.1958,0.1881,0.1977,0.2048,0.1947,0.2068,0.1995,0.1899,0.2,0.1827,0.1982,0.2004,0.1956,0.1876,0.1968,0.1832,0.2161,0.1992,0.1876,0.1932,0.1916,0.1889,0.1852,0.1915,0.1876,0.1864,0.2383,0.2001,0.1952,0.2072,0.2028,0.2054,0.1979,0.1865,0.1936,0.1905
3/18/2021,7.0869,0.1489,0.1511,0.1448,0.1331,0.1283,0.139,0.1344,0.1422,0.1545,0.1537,0.1488,0.1523,0.1511,0.1513,0.1511,0.1503,0.147,0.155,0.1466,0.145,0.147,0.1483,0.1515,0.143,0.1518,0.1529,0.1516,0.1544,0.1354,0.1523,0.1525,0.1561,0.1583,0.16,0.1555,0.1511,0.1512,0.1557,0.1,0.1355,0.1475,0.1407,0.1469,0.1564,0.149,0.1509,0.1496,0.1533
3/17/2021,7.3628,0.1519,0.1502,0.1546,0.1426,0.1529,0.153,0.1413,0.1507,0.1492,0.1518,0.1519,0.1547,0.1544,0.1583,0.1592,0.1537,0.1585,0.1508,0.1566,0.1567,0.1564,0.1525,0.1516,0.1511,0.1592,0.1576,0.1588,0.1576,0.1518,0.1569,0.1583,0.1618,0.1592,0.1604,0.1589,0.1558,0.151,0.1549,0.1136,0.1419,0.1549,0.1525,0.1522,0.155,0.1585,0.1568,0.1539,0.1567
3/16/2021,7.2817,0.1555,0.1475,0.1541,0.1463,0.1486,0.1409,0.1357,0.1457,0.1575,0.142,0.143,0.1467,0.1559,0.153,0.1557,0.1496,0.1537,0.1526,0.1562,0.1537,0.1517,0.1503,0.1512,0.157,0.1519,0.151,0.1436,0.1574,0.1514,0.1523,0.157,0.1557,0.1614,0.1588,0.16,0.1548,0.1491,0.1529,0.1449,0.1565,0.1472,0.1521,0.1546,0.156,0.1517,0.1486,0.1535,0.1552
3/15/2021,9.6007,0.1902,0.2105,0.2001,0.2101,0.2273,0.2121,0.1955,0.2011,0.1929,0.2181,0.2067,0.2004,0.1924,0.192,0.188,0.2052,0.1905,0.1955,0.2001,0.2019,0.1988,0.1907,0.1977,0.1825,0.1977,0.1838,0.1987,0.1878,0.1948,0.1929,0.1854,0.1844,0.1921,0.1803,0.1808,0.1883,0.1844,0.196,0.3233,0.2398,0.2016,0.2113,0.187,0.2008,0.199,0.2052,0.1961,0.1889
3/14/2021,8.2547,0.1722,0.1723,0.1716,0.177,0.1725,0.177,0.1752,0.1731,0.174,0.1703,0.1767,0.1726,0.1713,0.1711,0.1702,0.1701,0.1724,0.172,0.1725,0.1707,0.1723,0.1719,0.1731,0.1719,0.1716,0.17,0.1707,0.17,0.175,0.1717,0.1687,0.1704,0.1687,0.1695,0.1707,0.171,0.1727,0.1709,0.1758,0.1709,0.1729,0.1735,0.1699,0.1721,0.1729,0.1701,0.1717,0.1693
3/13/2021,8.8545,0.182,0.19,0.1797,0.1929,0.1878,0.1911,0.2015,0.1845,0.1835,0.1862,0.1983,0.1797,0.1832,0.1776,0.1816,0.1829,0.184,0.1807,0.1868,0.1821,0.1852,0.1749,0.1819,0.179,0.1783,0.1821,0.1857,0.1754,0.1954,0.184,0.1727,0.1757,0.1733,0.1783,0.1743,0.1797,0.1877,0.1797,0.2424,0.202,0.1844,0.1827,0.1817,0.1785,0.1823,0.1775,0.1824,0.1812
3/12/2021,7.9629,0.1659,0.166,0.166,0.1654,0.1654,0.1656,0.1651,0.1659,0.1656,0.1656,0.1662,0.166,0.1661,0.1661,0.166,0.1661,0.166,0.1657,0.1661,0.1659,0.1662,0.1661,0.1658,0.1659,0.1663,0.1661,0.1655,0.1662,0.1654,0.1659,0.1662,0.1661,0.1662,0.1661,0.1663,0.166,0.1659,0.1661,0.1642,0.1655,0.1659,0.1657,0.1661,0.1662,0.166,0.1661,0.1661,0.1661
3/11/2021,8.1248,0.1682,0.1699,0.1684,0.1702,0.1712,0.1699,0.1688,0.1701,0.1701,0.1708,0.1691,0.1682,0.1687,0.1682,0.1682,0.1696,0.1696,0.1684,0.1697,0.1696,0.1686,0.1695,0.1691,0.1693,0.1686,0.1687,0.1695,0.1684,0.1696,0.1687,0.1686,0.1683,0.1683,0.1681,0.168,0.1685,0.1694,0.1688,0.1773,0.1716,0.1693,0.1688,0.168,0.1696,0.1688,0.1689,0.1691,0.1685
3/10/2021,8.6276,0.1766,0.1822,0.1839,0.1827,0.1967,0.1858,0.1839,0.1833,0.1811,0.1851,0.1775,0.1768,0.1736,0.1801,0.1811,0.1813,0.1751,0.1819,0.1809,0.1761,0.1744,0.1751,0.1843,0.1809,0.1733,0.1785,0.1753,0.1753,0.178,0.1795,0.1713,0.1761,0.1728,0.1721,0.1748,0.176,0.1825,0.1771,0.2108,0.1873,0.1772,0.1731,0.1822,0.1809,0.1805,0.1769,0.179,0.1767
3/9/2021,10.2007,0.2129,0.2072,0.2043,0.2241,0.2281,0.2257,0.219,0.2378,0.1911,0.2301,0.2232,0.2215,0.2065,0.1937,0.2135,0.1984,0.2164,0.1942,0.2168,0.2065,0.2146,0.2179,0.2113,0.2096,0.1871,0.1915,0.2074,0.1946,0.2153,0.2096,0.1825,0.183,0.1959,0.1973,0.1948,0.1992,0.2129,0.2074,0.3757,0.2642,0.2028,0.2067,0.2146,0.1942,0.2144,0.214,0.1955,0.2157
3/8/2021,9.5358,0.208,0.2041,0.2088,0.2152,0.2091,0.2127,0.219,0.2101,0.2075,0.214,0.2258,0.1998,0.196,0.1883,0.2014,0.1948,0.1966,0.1945,0.1928,0.1946,0.1937,0.198,0.1928,0.2051,0.1888,0.1828,0.2015,0.1857,0.2037,0.1903,0.1763,0.1843,0.1911,0.1843,0.1868,0.1926,0.1851,0.1845,0.2758,0.2176,0.1843,0.2104,0.1842,0.1854,0.19,0.1986,0.1857,0.1833
3/7/2021,10.4771,0.2276,0.2167,0.2271,0.2563,0.2729,0.2152,0.2209,0.2296,0.2467,0.24,0.2197,0.207,0.2145,0.2164,0.2244,0.2056,0.215,0.2056,0.2108,0.2023,0.2197,0.1964,0.2063,0.206,0.1989,0.2021,0.2387,0.1974,0.2033,0.2078,0.2056,0.1927,0.1949,0.1927,0.189,0.2048,0.2214,0.1959,0.3691,0.2612,0.2177,0.2204,0.1956,0.2234,0.2068,0.2219,0.2132,0.1999
3/6/2021,9.7954,0.2096,0.2099,0.2112,0.2065,0.2236,0.2385,0.2387,0.2292,0.213,0.2171,0.2139,0.2153,0.1984,0.2022,0.2078,0.2099,0.2011,0.2008,0.1923,0.2083,0.201,0.2087,0.1905,0.1954,0.1934,0.1958,0.1963,0.1891,0.2072,0.1979,0.1932,0.1834,0.194,0.1943,0.188,0.1923,0.194,0.2008,0.2451,0.2033,0.1902,0.1918,0.2037,0.1925,0.2046,0.2119,0.192,0.1977
3/5/2021,8.9359,0.1911,0.1795,0.183,0.2049,0.1918,0.1997,0.1843,0.2044,0.1882,0.1986,0.1803,0.1888,0.1828,0.179,0.1845,0.186,0.1804,0.19,0.1888,0.1832,0.1835,0.1858,0.1792,0.1863,0.1835,0.1802,0.1926,0.1795,0.187,0.1832,0.1798,0.1783,0.1771,0.1796,0.1782,0.1805,0.1873,0.1879,0.1987,0.1816,0.1889,0.1894,0.1807,0.1896,0.1886,0.1893,0.1858,0.1845
3/4/2021,8.2222,0.1726,0.1712,0.1701,0.1756,0.1772,0.1707,0.1709,0.1738,0.17,0.1737,0.1722,0.1728,0.1696,0.1714,0.1696,0.172,0.1711,0.17,0.171,0.1699,0.1692,0.1698,0.1725,0.1719,0.1702,0.1709,0.1707,0.1699,0.1737,0.1708,0.1692,0.1698,0.1691,0.1697,0.1685,0.1704,0.17,0.1719,0.1785,0.1722,0.171,0.1709,0.1719,0.1717,0.1699,0.1707,0.1707,0.1711
3/3/2021,6.9248,0.1504,0.1441,0.1462,0.1405,0.1373,0.143,0.1438,0.1432,0.154,0.1511,0.1428,0.1425,0.1511,0.149,0.1437,0.1475,0.1461,0.1434,0.1437,0.1444,0.1505,0.1429,0.1473,0.1398,0.156,0.1513,0.1399,0.1527,0.1501,0.1479,0.1597,0.1536,0.1536,0.1542,0.1563,0.1481,0.153,0.1424,0.0409,0.108,0.1447,0.144,0.1504,0.152,0.1469,0.1376,0.1416,0.1516
3/2/2021,5.9195,0.1392,0.1292,0.1373,0.1161,0.1217,0.1184,0.0764,0.0916,0.1396,0.1132,0.1259,0.1396,0.1315,0.1313,0.1296,0.1234,0.123,0.1377,0.1236,0.1271,0.123,0.1303,0.1103,0.1119,0.1388,0.1278,0.1355,0.1448,0.133,0.1292,0.1525,0.1365,0.1357,0.1459,0.1417,0.1315,0.129,0.1365,-0.0237,0.0778,0.1109,0.1188,0.1224,0.138,0.118,0.1311,0.1248,0.1321
3/1/2021,9.0659,0.1854,0.1899,0.1849,0.1998,0.189,0.196,0.1966,0.2057,0.1816,0.1827,0.1919,0.1915,0.1886,0.1812,0.1882,0.1895,0.1895,0.1804,0.1883,0.1868,0.1855,0.1921,0.1944,0.1935,0.1824,0.1825,0.1942,0.1804,0.1913,0.1812,0.1788,0.1835,0.18,0.1835,0.1765,0.1811,0.1821,0.1799,0.2545,0.2077,0.1957,0.1853,0.1814,0.1831,0.186,0.1922,0.1912,0.1784
2/28/2021,9.3734,0.2007,0.1941,0.1965,0.218,0.2264,0.1925,0.2058,0.1985,0.1998,0.1903,0.2139,0.197,0.1843,0.1878,0.1987,0.1833,0.1844,0.1918,0.1913,0.1921,0.1952,0.1998,0.1928,0.1976,0.1947,0.1886,0.2091,0.1808,0.2095,0.1875,0.1779,0.1779,0.1775,0.1819,0.186,0.1897,0.183,0.188,0.2822,0.2206,0.1841,0.1819,0.1807,0.1893,0.1957,0.1943,0.1866,0.1933
2/27/2021,7.9304,0.1653,0.165,0.1652,0.1642,0.1634,0.1645,0.1648,0.1652,0.1641,0.1643,0.1641,0.1651,0.1652,0.1658,0.1658,0.1654,0.1657,0.1652,0.165,0.1654,0.1652,0.1652,0.1654,0.1652,0.1654,0.1658,0.1658,0.1659,0.1654,0.1652,0.1662,0.1661,0.1657,0.1661,0.1657,0.1657,0.1651,0.1658,0.1637,0.1653,0.1649,0.166,0.1652,0.165,0.165,0.1652,0.165,0.1655
2/26/2021,8.5795,0.1777,0.1793,0.176,0.1802,0.1887,0.1826,0.1852,0.1887,0.1864,0.1842,0.1891,0.1772,0.174,0.1791,0.1746,0.1747,0.1798,0.1788,0.1802,0.1774,0.1766,0.1765,0.1799,0.1792,0.1782,0.1743,0.1755,0.1725,0.1744,0.1755,0.1729,0.1758,0.1708,0.1735,0.1747,0.1747,0.1811,0.1729,0.2,0.1822,0.1801,0.1835,0.1783,0.1754,0.1745,0.1788,0.1766,0.1772
2/25/2021,7.671,0.1598,0.1592,0.1604,0.1545,0.1568,0.1586,0.1613,0.1536,0.1582,0.1563,0.161,0.158,0.16,0.1628,0.1615,0.1597,0.1614,0.1619,0.1621,0.1599,0.1603,0.1588,0.1612,0.1618,0.1622,0.1619,0.1618,0.162,0.1618,0.1597,0.1641,0.1617,0.1617,0.1622,0.1616,0.1625,0.162,0.1609,0.1347,0.1517,0.1629,0.1622,0.1615,0.1599,0.1614,0.1589,0.1611,0.1615
2/24/2021,8.2711,0.1721,0.1719,0.171,0.1756,0.1804,0.1766,0.1727,0.1736,0.1708,0.1712,0.1733,0.173,0.1722,0.1721,0.1712,0.1716,0.1731,0.1703,0.1706,0.1716,0.1702,0.1731,0.1711,0.1708,0.1695,0.1708,0.1733,0.1695,0.1749,0.1711,0.1702,0.1689,0.1689,0.1688,0.1695,0.1711,0.1719,0.1702,0.1898,0.1775,0.1724,0.1707,0.1722,0.1732,0.1715,0.1725,0.172,0.1706
2/23/2021,9.3575,0.1893,0.1954,0.2029,0.2026,0.2242,0.2069,0.2259,0.1978,0.2149,0.2098,0.2151,0.1964,0.1934,0.1915,0.1923,0.195,0.1983,0.1929,0.1916,0.1893,0.1952,0.1918,0.1872,0.1983,0.1906,0.1828,0.1929,0.1835,0.2036,0.185,0.1808,0.1828,0.1813,0.1786,0.1819,0.1877,0.1868,0.1828,0.2431,0.2024,0.1893,0.18,0.1904,0.1931,0.1923,0.1903,0.1865,0.191
2/22/2021,8.3686,0.1764,0.1756,0.1708,0.1783,0.1842,0.1807,0.1803,0.1748,0.1736,0.1773,0.1754,0.1721,0.1709,0.1715,0.1745,0.1716,0.1721,0.175,0.1753,0.1738,0.1737,0.1727,0.1743,0.1738,0.1703,0.1722,0.1745,0.1704,0.1716,0.1728,0.1697,0.172,0.1706,0.171,0.1711,0.1715,0.1747,0.1736,0.2003,0.1824,0.1744,0.1734,0.1758,0.1723,0.1714,0.1724,0.1711,0.1704
2/21/2021,6.6816,0.1472,0.147,0.1424,0.1168,0.1356,0.1236,0.1246,0.1243,0.1319,0.1391,0.1307,0.1378,0.1477,0.1461,0.1416,0.1448,0.1507,0.1433,0.1353,0.1425,0.1472,0.1531,0.1398,0.1469,0.1464,0.1469,0.1478,0.1482,0.1383,0.1416,0.1502,0.1516,0.1566,0.1522,0.1487,0.1445,0.1512,0.1437,0.0195,0.0979,0.1379,0.142,0.1425,0.1402,0.1483,0.1514,0.1493,0.1447
2/20/2021,6.6333,0.1393,0.1298,0.1307,0.1288,0.1073,0.1209,0.1099,0.1205,0.1427,0.1273,0.1239,0.1515,0.1499,0.1485,0.1417,0.1373,0.1406,0.1344,0.1417,0.1478,0.1463,0.1384,0.1397,0.1525,0.1423,0.138,0.1322,0.147,0.1473,0.1466,0.1458,0.1505,0.1567,0.1462,0.1499,0.1464,0.1483,0.135,0.099,0.1351,0.1341,0.1377,0.1386,0.149,0.1326,0.1477,0.1386,0.1373
2/19/2021,7.395,0.1522,0.1553,0.1517,0.1454,0.1402,0.1508,0.1476,0.1436,0.1584,0.159,0.1457,0.1539,0.1575,0.1572,0.1546,0.1578,0.1552,0.1583,0.1545,0.1554,0.1586,0.1568,0.1563,0.1551,0.16,0.1564,0.1546,0.1604,0.1508,0.1567,0.1575,0.1584,0.1598,0.1615,0.1581,0.1589,0.152,0.1569,0.1306,0.1498,0.152,0.1537,0.1535,0.1567,0.1566,0.151,0.1525,0.1555
2/18/2021,6.9577,0.1473,0.1401,0.1453,0.1276,0.1135,0.1285,0.1358,0.1356,0.1496,0.1506,0.1273,0.15,0.1512,0.1471,0.1423,0.144,0.15,0.1535,0.1474,0.1453,0.146,0.1498,0.1453,0.1431,0.1574,0.1506,0.1513,0.1534,0.1413,0.147,0.1531,0.151,0.1592,0.1551,0.1514,0.1513,0.15,0.1469,0.1102,0.1403,0.1401,0.1411,0.1443,0.1567,0.1533,0.1494,0.1426,0.1445
2/17/2021,6.9736,0.1488,0.1395,0.1536,0.1293,0.1217,0.1276,0.1326,0.1432,0.1411,0.1386,0.1309,0.1408,0.1541,0.1521,0.1438,0.1484,0.1533,0.1531,0.1494,0.1497,0.1442,0.1496,0.1505,0.1458,0.1489,0.1447,0.1511,0.1537,0.1345,0.15,0.1588,0.1573,0.1547,0.1564,0.1521,0.1533,0.1473,0.1524,0.102,0.1365,0.1413,0.1433,0.1508,0.1563,0.1474,0.1409,0.1515,0.1467
2/16/2021,8.3035,0.1708,0.1717,0.1718,0.1779,0.1746,0.1787,0.1785,0.179,0.1745,0.1751,0.1755,0.1721,0.1724,0.1722,0.1727,0.1734,0.1726,0.1732,0.171,0.1728,0.171,0.1729,0.172,0.1739,0.1701,0.1724,0.1712,0.1707,0.1744,0.173,0.1703,0.1702,0.17,0.1698,0.1712,0.1706,0.1727,0.1722,0.1814,0.1736,0.1737,0.1749,0.1705,0.1736,0.1726,0.1709,0.1708,0.1724
2/15/2021,8.1414,0.1703,0.1701,0.1703,0.1706,0.1719,0.1697,0.1726,0.1694,0.1695,0.1701,0.1714,0.1682,0.1692,0.1691,0.1684,0.1692,0.1687,0.1693,0.1699,0.1698,0.1693,0.169,0.169,0.1698,0.1694,0.1687,0.1697,0.1685,0.1686,0.1695,0.1684,0.1682,0.1688,0.1682,0.1689,0.1686,0.1698,0.1698,0.1785,0.1722,0.1697,0.1681,0.1685,0.1683,0.1694,0.1692,0.1694,0.1682
2/14/2021,8.498,0.1794,0.1742,0.1804,0.1818,0.1846,0.1858,0.1768,0.1819,0.1844,0.1822,0.1747,0.1745,0.1746,0.1723,0.1746,0.1759,0.1741,0.1782,0.1738,0.178,0.1735,0.1751,0.1787,0.1797,0.1712,0.1737,0.1793,0.1733,0.1815,0.1764,0.1725,0.1748,0.1738,0.1709,0.1726,0.1746,0.1729,0.1743,0.2016,0.183,0.1761,0.1768,0.1756,0.174,0.1741,0.1757,0.173,0.1771
2/13/2021,7.7359,0.1623,0.1625,0.1609,0.1562,0.1531,0.1575,0.1619,0.1591,0.1618,0.1632,0.1589,0.1612,0.1618,0.1623,0.162,0.1632,0.163,0.162,0.1608,0.1611,0.1627,0.1618,0.1597,0.1621,0.1643,0.1624,0.1625,0.1638,0.1577,0.162,0.1637,0.1638,0.1644,0.1629,0.1643,0.1632,0.1604,0.1636,0.141,0.1547,0.1632,0.1631,0.1641,0.1631,0.1601,0.1625,0.1611,0.1629
2/12/2021,8.0113,0.1669,0.1669,0.167,0.1669,0.1671,0.167,0.1671,0.1669,0.1669,0.167,0.1671,0.1669,0.1668,0.1669,0.1669,0.1669,0.1669,0.1669,0.1669,0.1669,0.1669,0.1669,0.1668,0.1669,0.1669,0.1668,0.1668,0.1668,0.1671,0.1669,0.1668,0.1668,0.1668,0.1668,0.1668,0.1668,0.1668,0.1668,0.1673,0.167,0.1669,0.1668,0.1669,0.1668,0.1669,0.1669,0.1669,0.1669
2/11/2021,8.3847,0.1761,0.1741,0.1772,0.1759,0.1852,0.1792,0.1825,0.1798,0.1751,0.1729,0.1725,0.1767,0.1744,0.1749,0.1743,0.1736,0.172,0.1716,0.1761,0.1751,0.173,0.1707,0.1769,0.1713,0.1729,0.1721,0.179,0.1708,0.1792,0.1729,0.1702,0.1721,0.1715,0.1696,0.1728,0.1723,0.1762,0.1747,0.1867,0.176,0.1717,0.1766,0.1736,0.1706,0.1734,0.1721,0.1742,0.1724
2/10/2021,9.4707,0.1956,0.1909,0.1933,0.2051,0.2109,0.2261,0.2202,0.2146,0.1995,0.2079,0.1984,0.2073,0.1839,0.1845,0.198,0.2024,0.1865,0.1952,0.1959,0.1877,0.1874,0.1989,0.1843,0.1984,0.1809,0.1884,0.1987,0.1868,0.207,0.1967,0.1805,0.1848,0.184,0.1843,0.1795,0.1886,0.1914,0.1936,0.2925,0.2254,0.2059,0.1839,0.2018,0.1815,0.189,0.1993,0.1887,0.1846
2/9/2021,9.1793,0.1917,0.1841,0.186,0.193,0.2274,0.2079,0.1908,0.1997,0.2081,0.2013,0.1952,0.1806,0.1798,0.1857,0.1848,0.1895,0.1891,0.1947,0.1859,0.1888,0.1912,0.1919,0.193,0.1868,0.1799,0.1824,0.2032,0.1814,0.2004,0.1917,0.1753,0.1858,0.1848,0.1851,0.1775,0.1836,0.188,0.1923,0.2384,0.2001,0.1802,0.1936,0.1829,0.1898,0.1855,0.1834,0.1938,0.1932
2/8/2021,9.6497,0.2041,0.2086,0.2006,0.2051,0.2295,0.2104,0.2122,0.2214,0.2003,0.2091,0.1893,0.1945,0.1886,0.1911,0.1992,0.1987,0.1939,0.1967,0.2031,0.2051,0.203,0.2018,0.1924,0.1957,0.1965,0.1845,0.1978,0.1871,0.2138,0.1911,0.1936,0.1909,0.1837,0.1794,0.1815,0.1909,0.2063,0.184,0.3019,0.2298,0.2066,0.1987,0.1894,0.1957,0.2028,0.2051,0.1934,0.1908
2/7/2021,10.4117,0.1997,0.2209,0.211,0.2658,0.2677,0.2537,0.2475,0.2414,0.2446,0.218,0.2219,0.2253,0.2132,0.1992,0.2091,0.2033,0.219,0.2267,0.2171,0.2253,0.2168,0.2255,0.1992,0.2173,0.1985,0.205,0.2106,0.1975,0.227,0.2089,0.1869,0.2038,0.2007,0.192,0.2053,0.2081,0.2043,0.2241,0.2333,0.1978,0.2151,0.2311,0.2086,0.2086,0.199,0.2255,0.2248,0.206
2/6/2021,8.4821,0.175,0.1764,0.1739,0.1854,0.177,0.1832,0.1846,0.1773,0.1795,0.1796,0.1794,0.1797,0.1722,0.1755,0.1774,0.175,0.1725,0.1743,0.1765,0.1771,0.1754,0.1724,0.179,0.1727,0.1711,0.1721,0.1737,0.1725,0.1827,0.1744,0.1729,0.1712,0.1705,0.1734,0.1724,0.1751,0.1763,0.1736,0.2048,0.1845,0.173,0.1756,0.1778,0.1752,0.1778,0.1791,0.1767,0.1747
2/5/2021,9.1629,0.1907,0.1893,0.1823,0.2087,0.2106,0.2106,0.1917,0.2149,0.1791,0.1971,0.2093,0.1854,0.1869,0.1897,0.1806,0.1832,0.1884,0.1954,0.1859,0.1874,0.191,0.1832,0.1938,0.1891,0.1877,0.1829,0.1931,0.1814,0.1869,0.1841,0.1802,0.1802,0.1842,0.184,0.1789,0.1842,0.1953,0.1791,0.2571,0.2089,0.1864,0.1959,0.1891,0.1814,0.1856,0.1867,0.1864,0.1789
2/4/2021,7.3953,0.1562,0.1565,0.1512,0.148,0.1388,0.1522,0.1567,0.152,0.1465,0.1511,0.145,0.1515,0.158,0.1598,0.1589,0.158,0.1552,0.1581,0.1546,0.1554,0.1567,0.1595,0.1537,0.1552,0.1542,0.1589,0.1503,0.1597,0.1504,0.1584,0.1626,0.1615,0.158,0.1593,0.1576,0.1569,0.1596,0.1586,0.1034,0.1371,0.1531,0.1603,0.1596,0.1607,0.1541,0.1593,0.1541,0.1588
2/3/2021,7.6542,0.1611,0.1593,0.1623,0.1581,0.1533,0.1563,0.1531,0.1544,0.1621,0.1622,0.1564,0.1573,0.1622,0.16,0.1597,0.1594,0.1619,0.162,0.1584,0.1585,0.1609,0.1599,0.1616,0.1622,0.1621,0.159,0.1585,0.162,0.1587,0.1621,0.164,0.1617,0.1629,0.1615,0.162,0.1611,0.158,0.1618,0.1386,0.1535,0.1592,0.1621,0.1588,0.161,0.1621,0.1578,0.1603,0.1628
2/2/2021,7.0548,0.141,0.1477,0.1468,0.1299,0.141,0.1368,0.1359,0.1385,0.1401,0.1422,0.1407,0.1437,0.1472,0.1527,0.1514,0.1537,0.1532,0.146,0.1451,0.1461,0.1498,0.1457,0.1487,0.149,0.1501,0.154,0.1413,0.1551,0.1518,0.1491,0.1592,0.1566,0.1519,0.1564,0.1544,0.152,0.149,0.1528,0.1127,0.1415,0.1514,0.148,0.1554,0.148,0.1456,0.1454,0.1549,0.1453
2/1/2021,8.8713,0.184,0.1807,0.1822,0.1986,0.1938,0.1862,0.1967,0.203,0.1909,0.1967,0.1915,0.1816,0.1784,0.1783,0.1805,0.1772,0.1843,0.1796,0.1847,0.187,0.1813,0.1838,0.1834,0.1775,0.1837,0.1806,0.183,0.1762,0.1936,0.1791,0.1763,0.1771,0.1776,0.1755,0.174,0.1779,0.1884,0.1793,0.2255,0.1941,0.189,0.1861,0.1838,0.1757,0.1795,0.1903,0.181,0.1821
1/31/2021,9.1307,0.1945,0.1865,0.1848,0.2021,0.201,0.208,0.2112,0.1997,0.2058,0.1852,0.2104,0.1822,0.1858,0.1798,0.1927,0.1814,0.1825,0.1863,0.1862,0.186,0.1809,0.1808,0.198,0.1966,0.1866,0.1893,0.2016,0.1824,0.2044,0.1895,0.179,0.1756,0.1785,0.1766,0.182,0.1848,0.1909,0.1859,0.2273,0.195,0.1809,0.1992,0.184,0.182,0.1867,0.1825,0.193,0.1846
1/30/2021,8.871,0.1882,0.1824,0.1877,0.1963,0.2067,0.1964,0.1989,0.1899,0.182,0.1951,0.1924,0.1904,0.1813,0.18,0.1861,0.1857,0.1877,0.1777,0.1876,0.182,0.177,0.1845,0.1801,0.1848,0.1772,0.1774,0.1879,0.1758,0.1871,0.1803,0.1777,0.1804,0.177,0.1765,0.1742,0.1789,0.1862,0.1837,0.2082,0.1861,0.1803,0.1844,0.1849,0.175,0.1821,0.1837,0.1794,0.1857
1/29/2021,7.7358,0.1601,0.1597,0.1622,0.1591,0.1599,0.1586,0.1591,0.1586,0.1632,0.1618,0.1618,0.1594,0.1627,0.1619,0.1605,0.1602,0.1623,0.1616,0.1624,0.1623,0.163,0.1614,0.1593,0.1635,0.1632,0.161,0.1593,0.1631,0.163,0.1621,0.1632,0.1632,0.1629,0.1645,0.1635,0.1631,0.1609,0.1637,0.1397,0.1541,0.1619,0.163,0.1625,0.1638,0.1607,0.1624,0.163,0.1634
1/28/2021,6.4869,0.132,0.1396,0.1382,0.1246,0.1133,0.1387,0.1084,0.1378,0.1122,0.1149,0.1072,0.1257,0.1452,0.1387,0.134,0.14,0.1414,0.1347,0.137,0.1402,0.1361,0.1397,0.1267,0.1503,0.1441,0.1468,0.1502,0.1509,0.1435,0.1437,0.1494,0.1496,0.1465,0.1503,0.1441,0.1396,0.1484,0.1353,0.0559,0.115,0.1446,0.1408,0.1313,0.1491,0.1337,0.1435,0.1417,0.1323
1/27/2021,7.6064,0.1601,0.1582,0.1583,0.1569,0.1477,0.1583,0.1497,0.1589,0.1611,0.1589,0.1616,0.1609,0.1589,0.1608,0.1592,0.1583,0.1573,0.1608,0.1606,0.1602,0.1604,0.1626,0.1567,0.159,0.1589,0.1618,0.1567,0.1622,0.1532,0.1612,0.161,0.1615,0.1616,0.1613,0.1634,0.1612,0.1573,0.1624,0.1362,0.1525,0.1567,0.1557,0.1603,0.1599,0.1601,0.16,0.1575,0.1584
1/26/2021,9.715,0.1989,0.2051,0.2106,0.2102,0.2088,0.2226,0.2275,0.2097,0.2126,0.1914,0.2039,0.1994,0.1914,0.1958,0.1962,0.1912,0.1931,0.1944,0.1956,0.2008,0.1934,0.1842,0.1881,0.1917,0.1986,0.202,0.1943,0.1864,0.2123,0.1914,0.1833,0.1926,0.1831,0.1854,0.1843,0.1926,0.1984,0.1972,0.3489,0.2517,0.2006,0.208,0.1931,0.2006,0.1956,0.2022,0.1907,0.2051
1/25/2021,10.1196,0.1927,0.2048,0.1997,0.2237,0.2345,0.2515,0.2555,0.2139,0.2052,0.205,0.2112,0.2258,0.2055,0.1904,0.1955,0.2146,0.1944,0.2129,0.2137,0.2182,0.1932,0.2169,0.2167,0.2023,0.1868,0.2086,0.2273,0.1923,0.2286,0.1957,0.1887,0.1995,0.1989,0.1849,0.1874,0.1938,0.2008,0.197,0.3437,0.2493,0.2012,0.1885,0.215,0.1946,0.204,0.2239,0.2137,0.1976
1/24/2021,9.6495,0.199,0.2081,0.2076,0.217,0.2097,0.2122,0.233,0.2191,0.1856,0.1993,0.2221,0.2084,0.1945,0.2006,0.2036,0.1917,0.1926,0.1901,0.2058,0.1978,0.1988,0.2003,0.1924,0.2023,0.1959,0.1922,0.1919,0.1878,0.1924,0.1987,0.1894,0.1908,0.1795,0.1822,0.1833,0.1879,0.1922,0.1977,0.2808,0.22,0.2069,0.2127,0.1916,0.1945,0.1959,0.2031,0.1908,0.1997
1/23/2021,10.4117,0.219,0.2176,0.2337,0.246,0.2754,0.2475,0.2451,0.2549,0.212,0.2229,0.2074,0.1937,0.2149,0.1997,0.2142,0.2026,0.2057,0.2166,0.2108,0.2195,0.1944,0.1985,0.2327,0.2207,0.193,0.1922,0.2103,0.1937,0.2221,0.2159,0.1891,0.1891,0.1869,0.1898,0.2055,0.199,0.2069,0.2166,0.3525,0.2534,0.2267,0.2149,0.219,0.2178,0.1975,0.1966,0.2079,0.2098
1/22/2021,8.644,0.1767,0.1837,0.1826,0.1885,0.1839,0.181,0.1818,0.1879,0.1833,0.1832,0.192,0.1844,0.1774,0.1799,0.1759,0.1746,0.1747,0.1746,0.1814,0.1797,0.1797,0.1824,0.1794,0.1836,0.1784,0.1738,0.1764,0.1754,0.1875,0.1804,0.1754,0.1734,0.1723,0.1745,0.1734,0.1758,0.1777,0.1804,0.2104,0.1871,0.1838,0.1835,0.1736,0.175,0.1757,0.1738,0.1797,0.1743
1/21/2021,8.4658,0.1776,0.1771,0.1751,0.1796,0.1783,0.1801,0.1811,0.1771,0.1817,0.1783,0.1846,0.1722,0.1757,0.1736,0.1721,0.1752,0.1742,0.1732,0.1757,0.1775,0.1749,0.1771,0.1753,0.175,0.1746,0.1729,0.1803,0.1723,0.1744,0.1746,0.1715,0.1729,0.1733,0.1727,0.174,0.1728,0.1743,0.1774,0.2082,0.186,0.1753,0.1728,0.1714,0.1762,0.177,0.1734,0.173,0.1722
1/20/2021,8.3682,0.1731,0.1717,0.1727,0.1752,0.1837,0.1759,0.1818,0.1787,0.1762,0.1749,0.1787,0.1742,0.1735,0.1739,0.1738,0.1734,0.1746,0.1751,0.1742,0.1745,0.1721,0.1721,0.1755,0.1745,0.1717,0.1714,0.1717,0.1708,0.1767,0.1733,0.1719,0.1704,0.1704,0.1712,0.1709,0.1722,0.1746,0.1735,0.1902,0.1777,0.1754,0.1768,0.1705,0.1726,0.1729,0.1725,0.1742,0.1707
1/19/2021,10.3629,0.2049,0.2236,0.1962,0.2491,0.2562,0.2456,0.2494,0.2633,0.2378,0.2229,0.2558,0.2293,0.2132,0.2113,0.2158,0.2097,0.2208,0.2125,0.2184,0.2215,0.2026,0.2175,0.2291,0.2224,0.2073,0.2035,0.2217,0.191,0.2456,0.2038,0.1912,0.1868,0.186,0.1938,0.1941,0.2059,0.1976,0.2021,0.2255,0.1941,0.2135,0.2184,0.2057,0.1962,0.2007,0.2153,0.2217,0.2125
1/18/2021,10.2497,0.2123,0.2225,0.2078,0.2445,0.2591,0.2465,0.2641,0.2141,0.193,0.2429,0.2533,0.2173,0.2078,0.1937,0.1988,0.2157,0.1973,0.1937,0.2042,0.2191,0.2085,0.1901,0.2013,0.2126,0.1874,0.2157,0.2371,0.1991,0.2389,0.2081,0.1916,0.184,0.1952,0.1865,0.1883,0.1968,0.2195,0.2103,0.2702,0.215,0.2281,0.2312,0.2006,0.2029,0.197,0.2117,0.2033,0.211
1/17/2021,8.6116,0.1761,0.1761,0.1765,0.1841,0.1906,0.1864,0.1782,0.1872,0.1782,0.178,0.1894,0.1805,0.1742,0.1779,0.1752,0.1761,0.1751,0.1778,0.1792,0.1771,0.1796,0.1757,0.1802,0.1733,0.175,0.1772,0.1823,0.1749,0.1802,0.175,0.1744,0.1744,0.1761,0.1733,0.1759,0.1759,0.1785,0.1751,0.2274,0.195,0.1796,0.1806,0.1751,0.1746,0.1816,0.1739,0.1758,0.1771
1/16/2021,10.3794,0.2114,0.2128,0.2264,0.263,0.2799,0.2376,0.2421,0.2359,0.1926,0.2185,0.2226,0.2311,0.2081,0.2033,0.1981,0.2016,0.2183,0.2207,0.2005,0.2202,0.2076,0.1895,0.1983,0.2188,0.2154,0.1947,0.2164,0.1952,0.2414,0.2083,0.1845,0.2062,0.1867,0.189,0.1957,0.1969,0.2133,0.2024,0.3337,0.2447,0.2021,0.1959,0.2219,0.21,0.2057,0.2304,0.215,0.215
1/15/2021,10.5418,0.2053,0.2122,0.2277,0.2302,0.2871,0.2155,0.2358,0.219,0.2058,0.219,0.2083,0.2127,0.2109,0.2117,0.1989,0.2033,0.1967,0.2175,0.2139,0.2289,0.2025,0.2208,0.2294,0.1969,0.2101,0.2066,0.2388,0.2012,0.2376,0.2025,0.1995,0.2033,0.204,0.2066,0.1972,0.2094,0.2122,0.1977,0.4186,0.2843,0.2274,0.2218,0.2028,0.2086,0.2119,0.1977,0.2231,0.2089
1/14/2021,8.7253,0.177,0.181,0.1768,0.1838,0.1926,0.1948,0.1847,0.1838,0.1783,0.182,0.1935,0.1849,0.1788,0.1784,0.1811,0.177,0.1832,0.1782,0.1844,0.1833,0.177,0.1741,0.1837,0.1801,0.1747,0.181,0.1756,0.1751,0.1826,0.1802,0.1753,0.1745,0.1757,0.1742,0.175,0.1791,0.1766,0.1773,0.2349,0.1985,0.1816,0.1815,0.1785,0.1778,0.1827,0.1773,0.1807,0.1824
1/13/2021,10.12,0.2235,0.1959,0.2254,0.2163,0.2574,0.2377,0.2222,0.2267,0.2146,0.2226,0.2006,0.2252,0.1985,0.1959,0.1978,0.1978,0.2078,0.2023,0.1985,0.2069,0.2069,0.2125,0.219,0.2059,0.1995,0.19,0.2235,0.1936,0.2307,0.2072,0.1845,0.1904,0.1906,0.1923,0.1966,0.1997,0.2201,0.2036,0.3126,0.2348,0.201,0.2122,0.2125,0.2033,0.2023,0.1961,0.2089,0.1961
1/12/2021,13.2824,0.2375,0.303,0.286,0.2908,0.3996,0.2702,0.3922,0.2839,0.2913,0.2818,0.2966,0.2353,0.2549,0.2269,0.2512,0.2755,0.2433,0.2845,0.2464,0.2528,0.248,0.2459,0.3119,0.2702,0.2691,0.2237,0.2681,0.2327,0.3294,0.247,0.248,0.2475,0.2301,0.2348,0.247,0.2507,0.2496,0.2253,0.6431,0.3891,0.2934,0.2897,0.2306,0.239,0.2512,0.2681,0.2411,0.2544
1/11/2021,13.6554,0.2939,0.3205,0.2583,0.3024,0.3267,0.3278,0.2605,0.3018,0.2272,0.3522,0.3731,0.2481,0.2673,0.2849,0.2798,0.2492,0.2379,0.2803,0.2481,0.2752,0.2883,0.2244,0.2391,0.2458,0.2498,0.2408,0.2877,0.2357,0.3114,0.2634,0.2357,0.2447,0.2509,0.2498,0.2147,0.2588,0.2413,0.2328,0.7546,0.4412,0.3177,0.2781,0.3013,0.2391,0.282,0.3177,0.2498,0.2436
1/10/2021,13.0388,0.3017,0.2937,0.2886,0.3466,0.3985,0.2674,0.3345,0.3073,0.343,0.3133,0.3309,0.2614,0.2377,0.2463,0.2599,0.2866,0.2402,0.2438,0.273,0.2871,0.2488,0.2201,0.2286,0.2664,0.2412,0.2286,0.269,0.2211,0.3047,0.2377,0.209,0.2483,0.2115,0.2186,0.2417,0.2397,0.2261,0.2811,0.415,0.2826,0.2493,0.3128,0.2619,0.2654,0.2564,0.2417,0.2745,0.2755
1/9/2021,13.266,0.2999,0.2583,0.2262,0.3041,0.3978,0.3731,0.2762,0.3747,0.292,0.2904,0.2836,0.3099,0.2314,0.243,0.2341,0.2694,0.2504,0.2915,0.2815,0.2615,0.272,0.2667,0.2536,0.3004,0.233,0.2536,0.3283,0.2325,0.3083,0.2515,0.2019,0.2509,0.2251,0.2151,0.2362,0.2594,0.2362,0.222,0.5296,0.3361,0.2667,0.2446,0.2551,0.2909,0.2904,0.2288,0.2651,0.263
1/8/2021,1.6705,-0.0004,0.0382,0.0515,0.0084,-0.0599,-0.0321,-0.0289,-0.0568,0.092,-0.015,0.0344,0.0964,0.0559,0.0318,0.0483,0.0591,0.0774,0.0565,0.0198,0.0198,0.085,0.0262,0.0489,0.0894,0.0698,0.0863,0.0831,0.0958,0.0224,0.0375,0.1217,0.0667,0.1046,0.0844,0.1148,0.0768,0.0451,0.0616,-0.3585,-0.0785,0.0078,-0.0017,0.011,0.1059,0.0091,0.0629,0.0477,0.0483
1/7/2021,13.9798,0.3269,0.2982,0.2522,0.3915,0.4579,0.3419,0.2821,0.3341,0.3371,0.2683,0.3568,0.257,0.2707,0.2821,0.2701,0.2893,0.2815,0.2665,0.2881,0.3102,0.2564,0.2689,0.309,0.3281,0.2402,0.2695,0.3048,0.242,0.2647,0.2588,0.2133,0.2444,0.242,0.2384,0.242,0.2516,0.3048,0.2928,0.5437,0.3427,0.309,0.2235,0.2528,0.2396,0.306,0.3114,0.2396,0.2773
1/6/2021,11.7742,0.2614,0.221,0.2516,0.2625,0.3263,0.3139,0.2863,0.2554,0.2493,0.2304,0.2342,0.2225,0.2293,0.241,0.2463,0.2361,0.212,0.2557,0.2312,0.2388,0.2252,0.2252,0.2406,0.2599,0.2135,0.2055,0.2629,0.2195,0.2825,0.2429,0.2218,0.2146,0.2203,0.1995,0.2176,0.2312,0.2474,0.2418,0.4664,0.3066,0.2086,0.2214,0.2112,0.2263,0.2603,0.2486,0.2263,0.2214
1/5/2021,11.0447,0.244,0.2312,0.2291,0.2766,0.3018,0.282,0.2425,0.2757,0.2361,0.2449,0.244,0.2175,0.2166,0.2206,0.2379,0.2069,0.2257,0.2327,0.219,0.2346,0.2224,0.2282,0.2172,0.2081,0.2233,0.202,0.2117,0.1986,0.2285,0.2069,0.1956,0.1947,0.1907,0.209,0.212,0.2132,0.2361,0.2364,0.4136,0.282,0.2279,0.2002,0.1962,0.2075,0.2163,0.2166,0.2129,0.2175
1/4/2021,11.4011,0.2224,0.2435,0.2541,0.2483,0.3245,0.285,0.2432,0.251,0.2357,0.2514,0.217,0.2262,0.217,0.2218,0.2065,0.2456,0.2224,0.216,0.236,0.2265,0.2102,0.2139,0.2204,0.2367,0.2343,0.2388,0.2588,0.2065,0.2401,0.2187,0.1922,0.2218,0.1963,0.2024,0.1946,0.215,0.2126,0.2173,0.4952,0.3201,0.2388,0.2241,0.2201,0.2377,0.2503,0.2343,0.2398,0.216
1/3/2021,12.2929,0.2195,0.274,0.2766,0.3251,0.3727,0.2478,0.3508,0.3118,0.2263,0.2761,0.2787,0.2603,0.2319,0.2444,0.2212,0.2281,0.2684,0.2465,0.2409,0.2375,0.2165,0.2306,0.2504,0.2332,0.2482,0.2401,0.2448,0.2126,0.2886,0.2336,0.2173,0.1976,0.2293,0.2165,0.2281,0.2233,0.2611,0.2534,0.51,0.3269,0.2757,0.2336,0.2087,0.2654,0.2469,0.2186,0.2328,0.2105
1/2/2021,11.4663,0.2138,0.2277,0.2259,0.3001,0.3334,0.2679,0.2748,0.2862,0.2904,0.2533,0.2568,0.2232,0.2187,0.2242,0.2339,0.2093,0.2481,0.2266,0.2388,0.2481,0.2079,0.2228,0.2388,0.2388,0.2155,0.2336,0.2221,0.2069,0.2696,0.2169,0.2114,0.2204,0.2166,0.1937,0.2083,0.2142,0.2464,0.2228,0.3656,0.2596,0.2596,0.2259,0.2017,0.2443,0.2187,0.2533,0.209,0.2207
1/1/2021,9.1632,0.1889,0.1981,0.1895,0.2089,0.2032,0.2067,0.2153,0.203,0.2069,0.1995,0.186,0.1947,0.1814,0.1909,0.1886,0.1907,0.187,0.1813,0.1905,0.1833,0.1918,0.1816,0.1846,0.1893,0.1814,0.1904,0.1843,0.1802,0.1982,0.1874,0.184,0.1791,0.1846,0.1768,0.179,0.1857,0.1934,0.1847,0.2312,0.1968,0.1875,0.1798,0.1949,0.1841,0.1917,0.198,0.1805,0.1878
12/31/2020,7.7966,0.1623,0.162,0.1621,0.161,0.1572,0.1616,0.16,0.1591,0.1599,0.1635,0.1634,0.1632,0.1634,0.1638,0.1619,0.1627,0.1619,0.163,0.1628,0.1621,0.1632,0.162,0.1642,0.163,0.1639,0.1629,0.1631,0.1642,0.1637,0.1624,0.1643,0.165,0.164,0.1647,0.1641,0.1633,0.1633,0.1634,0.1521,0.1599,0.162,0.1643,0.1631,0.1637,0.1619,0.1628,0.1618,0.1634
12/30/2020,9.567,0.2019,0.208,0.2029,0.2033,0.2163,0.1985,0.2201,0.2287,0.1867,0.2127,0.2015,0.195,0.1878,0.1842,0.1867,0.199,0.1858,0.2024,0.196,0.1947,0.1917,0.2018,0.1891,0.1897,0.1823,0.1827,0.2104,0.1834,0.1869,0.1891,0.1823,0.1856,0.1803,0.1831,0.182,0.1867,0.185,0.1933,0.3588,0.2564,0.2004,0.198,0.1867,0.1885,0.196,0.1971,0.1942,0.1933
12/29/2020,8.4022,0.1723,0.1748,0.1765,0.1816,0.1858,0.178,0.1801,0.175,0.1727,0.1787,0.1754,0.1755,0.1721,0.1723,0.1746,0.1742,0.1723,0.176,0.1748,0.1761,0.1754,0.1756,0.1756,0.1775,0.1713,0.173,0.1758,0.1716,0.1739,0.1735,0.1725,0.173,0.1701,0.1705,0.1725,0.1723,0.1715,0.1739,0.1852,0.1753,0.1764,0.1763,0.1765,0.1756,0.1764,0.1755,0.1754,0.1713
12/28/2020,9.8624,0.1914,0.2155,0.1883,0.2281,0.2546,0.2387,0.2007,0.243,0.2257,0.1989,0.2086,0.2149,0.1924,0.2019,0.198,0.1899,0.1952,0.2028,0.2019,0.2009,0.1955,0.2076,0.2162,0.2022,0.1838,0.1959,0.1866,0.1922,0.2114,0.2063,0.1829,0.1966,0.1922,0.1931,0.1899,0.1993,0.1963,0.2088,0.2797,0.2194,0.2164,0.2026,0.2048,0.1857,0.1937,0.2069,0.1998,0.2052
12/27/2020,10.9027,0.209,0.2064,0.2427,0.2337,0.2973,0.2262,0.2259,0.2218,0.272,0.2387,0.2247,0.2294,0.2215,0.205,0.2276,0.2059,0.2166,0.2096,0.223,0.2186,0.2018,0.2218,0.2218,0.2445,0.2253,0.2273,0.2122,0.2082,0.2549,0.2244,0.187,0.1922,0.2079,0.2027,0.1902,0.2111,0.2285,0.2204,0.4277,0.2885,0.2064,0.2468,0.2038,0.2375,0.2233,0.225,0.2012,0.2047
12/26/2020,8.3714,0.1714,0.1729,0.1708,0.1785,0.1761,0.1742,0.1757,0.1773,0.1755,0.1731,0.1797,0.1765,0.173,0.1714,0.1742,0.1717,0.1715,0.1757,0.173,0.175,0.1722,0.1752,0.1761,0.1709,0.1729,0.173,0.1729,0.1714,0.178,0.1734,0.1701,0.1699,0.1715,0.1695,0.171,0.172,0.1757,0.1713,0.2,0.1822,0.1751,0.1712,0.1749,0.1745,0.1757,0.1762,0.1748,0.1726
12/25/2020,9.1168,0.1858,0.1903,0.1862,0.2072,0.2063,0.191,0.1932,0.187,0.1963,0.1934,0.1995,0.1899,0.1854,0.1844,0.185,0.1913,0.1934,0.1897,0.191,0.1896,0.1909,0.1852,0.1852,0.1919,0.1887,0.1845,0.1889,0.1795,0.2029,0.1893,0.1848,0.1832,0.1768,0.1819,0.1776,0.1849,0.1794,0.1894,0.2353,0.1987,0.1887,0.1825,0.1788,0.191,0.1936,0.1878,0.1877,0.1918
12/24/2020,8.2777,0.1712,0.1711,0.1709,0.177,0.179,0.1738,0.178,0.1745,0.173,0.1708,0.1774,0.1722,0.1713,0.1701,0.1716,0.1699,0.1713,0.1736,0.1722,0.1727,0.1702,0.1726,0.17,0.1739,0.1709,0.1708,0.1718,0.1698,0.1723,0.1715,0.1698,0.1708,0.1705,0.1694,0.1696,0.1704,0.1703,0.1703,0.1889,0.1771,0.1717,0.17,0.1718,0.1715,0.1728,0.1737,0.1727,0.171
12/23/2020,7.9522,0.1656,0.1657,0.1656,0.1648,0.1647,0.165,0.1647,0.1647,0.1649,0.1658,0.1651,0.1656,0.166,0.1661,0.1656,0.1657,0.1657,0.1655,0.1657,0.1659,0.1661,0.1655,0.1661,0.1658,0.1658,0.1656,0.166,0.1661,0.166,0.1659,0.1659,0.1662,0.166,0.1659,0.1661,0.1659,0.1661,0.1656,0.1648,0.1658,0.1659,0.1658,0.1659,0.166,0.1661,0.1654,0.1659,0.1656
12/22/2020,6.787,0.1414,0.1475,0.1481,0.1315,0.1226,0.1423,0.1139,0.1357,0.1456,0.1317,0.1293,0.1397,0.1419,0.1424,0.1391,0.14,0.1393,0.1465,0.1481,0.1453,0.1458,0.1475,0.1424,0.1534,0.1422,0.1453,0.131,0.1524,0.132,0.1476,0.1537,0.149,0.1519,0.1544,0.1564,0.1501,0.1451,0.1475,0.0782,0.1254,0.1378,0.1454,0.1401,0.1486,0.1494,0.1427,0.1476,0.1522
12/21/2020,7.8745,0.1641,0.1639,0.1639,0.1618,0.1635,0.1637,0.1617,0.1617,0.1639,0.1624,0.1641,0.1641,0.1643,0.1644,0.1647,0.1638,0.1644,0.1642,0.1638,0.1645,0.1648,0.164,0.1644,0.1652,0.1652,0.1653,0.1636,0.1653,0.1629,0.1641,0.1656,0.1652,0.1654,0.1647,0.1647,0.1648,0.1639,0.1653,0.1599,0.1635,0.1637,0.1652,0.164,0.1645,0.1637,0.1642,0.1644,0.1641
12/20/2020,6.9575,0.1428,0.1485,0.1472,0.1355,0.1277,0.1318,0.1338,0.131,0.1529,0.1332,0.1383,0.1511,0.1505,0.1495,0.1522,0.1454,0.1458,0.1495,0.151,0.141,0.1537,0.151,0.145,0.151,0.154,0.1493,0.1392,0.152,0.1534,0.1481,0.1542,0.1513,0.158,0.1552,0.1532,0.1504,0.1426,0.1437,0.0865,0.1293,0.1471,0.1453,0.1435,0.1559,0.1427,0.1507,0.1462,0.1463
12/19/2020,8.4955,0.1738,0.1775,0.1771,0.1856,0.1903,0.1831,0.1747,0.1779,0.1735,0.1776,0.182,0.1773,0.1722,0.1753,0.1765,0.1728,0.1786,0.1783,0.1781,0.1754,0.1776,0.177,0.1789,0.1791,0.1754,0.1765,0.1758,0.1716,0.1772,0.1771,0.1712,0.1728,0.1737,0.1718,0.1725,0.1751,0.1745,0.1761,0.2021,0.1832,0.1747,0.1725,0.1772,0.1722,0.1736,0.178,0.1751,0.1754
12/18/2020,7.9207,0.1648,0.1645,0.1651,0.1648,0.1634,0.165,0.1646,0.1651,0.1653,0.1656,0.1656,0.1651,0.1657,0.1653,0.1656,0.1649,0.1652,0.165,0.1651,0.1652,0.1651,0.1653,0.1656,0.1656,0.1651,0.1654,0.1655,0.1657,0.1648,0.1651,0.1661,0.1655,0.1654,0.1655,0.1656,0.1653,0.1648,0.1657,0.1574,0.1624,0.1651,0.1657,0.1651,0.1654,0.1651,0.1657,0.1654,0.1654
12/17/2020,6.8957,0.147,0.1484,0.1472,0.1297,0.1318,0.1232,0.1287,0.1395,0.1405,0.1354,0.1437,0.1396,0.1484,0.1456,0.1532,0.145,0.1437,0.1409,0.1401,0.1487,0.15,0.1463,0.1394,0.144,0.1489,0.1515,0.1429,0.1531,0.1487,0.1454,0.1588,0.1551,0.156,0.1568,0.1503,0.1511,0.1414,0.1477,0.0884,0.1301,0.1451,0.1438,0.1536,0.1397,0.1413,0.1439,0.1497,0.1524
12/16/2020,7.3775,0.1579,0.1512,0.1533,0.1448,0.1397,0.1429,0.1563,0.1485,0.1584,0.1517,0.1431,0.1503,0.1573,0.1537,0.1545,0.157,0.1592,0.159,0.1517,0.1523,0.1541,0.1566,0.1522,0.1596,0.1597,0.1536,0.1583,0.159,0.1504,0.1538,0.1603,0.1596,0.1612,0.162,0.161,0.1573,0.1521,0.1551,0.1195,0.1446,0.1503,0.1577,0.154,0.1562,0.1572,0.1532,0.1568,0.1593
12/15/2020,7.2065,0.154,0.1514,0.1523,0.1462,0.1325,0.1514,0.1321,0.141,0.1577,0.1434,0.151,0.1497,0.1505,0.1553,0.1492,0.1483,0.1515,0.1544,0.1483,0.1537,0.1542,0.1512,0.1479,0.1484,0.1528,0.1537,0.1567,0.1581,0.1539,0.1532,0.1587,0.1599,0.1573,0.1571,0.1544,0.156,0.1575,0.1525,0.092,0.1318,0.1521,0.1474,0.1586,0.154,0.1542,0.1516,0.1551,0.1523
12/14/2020,7.3306,0.1511,0.1556,0.1571,0.139,0.134,0.145,0.1414,0.1528,0.1444,0.1511,0.1563,0.1506,0.1592,0.154,0.156,0.158,0.1571,0.1506,0.1537,0.1549,0.1584,0.1556,0.1564,0.1508,0.1602,0.1568,0.1576,0.1577,0.1503,0.1567,0.1598,0.159,0.1588,0.16,0.1602,0.1567,0.1507,0.1528,0.1129,0.1416,0.1504,0.1569,0.1593,0.1536,0.1544,0.1518,0.1572,0.1521
12/13/2020,7.4396,0.1557,0.153,0.157,0.1541,0.1435,0.1467,0.1499,0.1528,0.1561,0.1484,0.1586,0.1593,0.1601,0.1575,0.1557,0.1539,0.1597,0.1597,0.158,0.1541,0.1542,0.1565,0.1535,0.1562,0.1616,0.1593,0.1506,0.1595,0.1542,0.1583,0.1627,0.1622,0.1583,0.1607,0.1608,0.1595,0.1528,0.1578,0.1068,0.1387,0.1583,0.1589,0.1565,0.153,0.1541,0.16,0.1602,0.1606
12/12/2020,7.3775,0.1558,0.1581,0.1571,0.1517,0.1433,0.1452,0.1506,0.1442,0.157,0.1534,0.1564,0.1548,0.1593,0.157,0.1584,0.158,0.158,0.1537,0.157,0.1573,0.1561,0.1558,0.1572,0.1502,0.1575,0.1576,0.1568,0.1586,0.1542,0.1543,0.1591,0.1608,0.1593,0.1597,0.1593,0.157,0.1586,0.1576,0.093,0.1323,0.1567,0.1487,0.1515,0.1534,0.1588,0.1495,0.1587,0.1589
12/11/2020,6.9735,0.1515,0.1402,0.1541,0.1291,0.1244,0.1317,0.1448,0.1431,0.1529,0.1435,0.1457,0.1533,0.1484,0.1477,0.1427,0.1519,0.1503,0.1489,0.1449,0.1447,0.1532,0.1512,0.1512,0.1567,0.1477,0.1524,0.1368,0.1561,0.151,0.1499,0.16,0.1527,0.1542,0.1585,0.1559,0.1491,0.1493,0.1478,0.0388,0.107,0.146,0.1569,0.1546,0.1497,0.1537,0.1495,0.1455,0.1443
12/10/2020,8.4177,0.175,0.176,0.1758,0.176,0.1828,0.183,0.1829,0.182,0.1796,0.1808,0.1802,0.1749,0.1726,0.1736,0.1728,0.1745,0.1733,0.1732,0.1752,0.1759,0.1759,0.1746,0.1778,0.1771,0.1744,0.1737,0.1722,0.1726,0.1741,0.1752,0.1709,0.1732,0.1703,0.1701,0.1729,0.1737,0.1731,0.1711,0.1855,0.1754,0.1754,0.1779,0.1763,0.1723,0.1756,0.172,0.1728,0.1715
12/9/2020,10.1883,0.2196,0.2135,0.1907,0.2387,0.2233,0.2113,0.2476,0.2098,0.2358,0.2161,0.2117,0.2032,0.1958,0.1929,0.2135,0.2113,0.2069,0.2144,0.2076,0.2056,0.208,0.2198,0.2078,0.2032,0.1931,0.2074,0.1923,0.1927,0.2201,0.2061,0.1899,0.1982,0.1894,0.1918,0.1881,0.1953,0.2021,0.1921,0.4175,0.2838,0.2052,0.1969,0.2082,0.2037,0.1997,0.2137,0.1956,0.1973
12/8/2020,9.0704,0.1895,0.191,0.194,0.2051,0.2163,0.1877,0.2002,0.1964,0.2031,0.1931,0.1811,0.1867,0.1784,0.1879,0.1841,0.1882,0.1897,0.1928,0.1886,0.1915,0.1851,0.1769,0.1799,0.1791,0.1843,0.1857,0.1977,0.1809,0.1871,0.1836,0.1741,0.1798,0.18,0.1772,0.1769,0.1857,0.1797,0.1788,0.2498,0.2055,0.1935,0.178,0.1926,0.1808,0.1826,0.1916,0.1916,0.1865
12/7/2020,8.682,0.1826,0.1798,0.1836,0.1909,0.1894,0.1811,0.1871,0.1828,0.1782,0.1873,0.1755,0.1826,0.1763,0.1791,0.1746,0.1781,0.1827,0.175,0.1817,0.1794,0.1806,0.1819,0.1774,0.1805,0.1744,0.1765,0.1825,0.1754,0.18,0.1806,0.1763,0.1757,0.1755,0.1746,0.1737,0.1783,0.1822,0.1802,0.2192,0.1912,0.1836,0.1806,0.179,0.1748,0.1812,0.1813,0.1753,0.1817
12/6/2020,10.7163,0.2134,0.2172,0.2406,0.2563,0.3036,0.2799,0.2775,0.2338,0.2272,0.2357,0.2702,0.2001,0.1998,0.2012,0.2074,0.2213,0.2229,0.2256,0.2281,0.2169,0.1995,0.2025,0.2183,0.2109,0.2139,0.2264,0.2004,0.1968,0.2283,0.2188,0.2101,0.208,0.187,0.2055,0.1908,0.205,0.2063,0.2123,0.3404,0.2478,0.2351,0.2044,0.2327,0.2025,0.2017,0.1987,0.2052,0.2283
12/5/2020,10.173,0.2149,0.2008,0.2269,0.2297,0.234,0.2119,0.2581,0.2538,0.1953,0.2221,0.2097,0.2273,0.2036,0.2003,0.2175,0.2121,0.2058,0.2075,0.2171,0.2058,0.2066,0.2127,0.2143,0.2017,0.2084,0.2077,0.1886,0.1884,0.209,0.1982,0.1934,0.1923,0.1934,0.1854,0.184,0.1951,0.2045,0.1958,0.3588,0.2564,0.1908,0.1875,0.2097,0.2169,0.194,0.2032,0.2071,0.2149
12/4/2020,9.1479,0.1917,0.1915,0.1962,0.1963,0.2104,0.1915,0.1954,0.2012,0.1893,0.1962,0.1978,0.1838,0.1879,0.1835,0.1809,0.1851,0.1824,0.1886,0.1905,0.1848,0.1812,0.1862,0.1878,0.1802,0.1897,0.1877,0.191,0.1787,0.184,0.1899,0.1754,0.1843,0.1849,0.1815,0.1841,0.1854,0.1889,0.1842,0.2847,0.2218,0.1824,0.192,0.1857,0.1786,0.1946,0.1878,0.1873,0.1829
12/3/2020,7.564,0.1572,0.1609,0.159,0.1563,0.1542,0.1568,0.1521,0.15,0.1529,0.16,0.1541,0.1584,0.1617,0.1606,0.1568,0.1567,0.1579,0.1575,0.1603,0.1588,0.1617,0.1596,0.1613,0.1618,0.1611,0.1607,0.162,0.1609,0.1567,0.1578,0.1605,0.1599,0.1614,0.1608,0.1617,0.1602,0.1572,0.1588,0.1188,0.1443,0.1601,0.1574,0.1579,0.1624,0.1597,0.1576,0.1602,0.1593
12/2/2020,8.6666,0.1769,0.1779,0.1817,0.185,0.1848,0.1791,0.1781,0.1834,0.1852,0.1775,0.1879,0.1753,0.1779,0.1789,0.1771,0.1781,0.1761,0.1789,0.1816,0.1767,0.1754,0.1731,0.1763,0.181,0.1804,0.1751,0.181,0.1755,0.1829,0.1765,0.1725,0.1768,0.1749,0.1722,0.1721,0.1774,0.176,0.178,0.2599,0.2102,0.1751,0.1767,0.1754,0.1785,0.1801,0.1801,0.1758,0.1796
12/1/2020,7.02,0.1539,0.1456,0.1484,0.1263,0.1252,0.1463,0.1312,0.1383,0.1414,0.1458,0.1506,0.1488,0.1471,0.1529,0.1497,0.1481,0.1499,0.1504,0.1433,0.1513,0.1509,0.1568,0.1521,0.1431,0.1492,0.1459,0.1379,0.1556,0.147,0.1508,0.1559,0.1523,0.1576,0.1559,0.1564,0.1506,0.1454,0.1541,0.0839,0.128,0.1465,0.1443,0.1535,0.1466,0.1537,0.1497,0.1548,0.147
11/30/2020,6.5386,0.1342,0.1388,0.1288,0.1304,0.0918,0.1157,0.1282,0.1385,0.1263,0.1281,0.1298,0.1332,0.1456,0.1504,0.148,0.1471,0.1407,0.1386,0.1401,0.1312,0.144,0.1364,0.1452,0.1322,0.1481,0.1437,0.151,0.1458,0.1317,0.1383,0.1567,0.1462,0.1512,0.1556,0.1453,0.1421,0.1466,0.143,0.0204,0.0984,0.1348,0.149,0.1427,0.1426,0.1449,0.1506,0.1405,0.1461
11/29/2020,7.6099,0.1563,0.156,0.1577,0.1561,0.1477,0.1554,0.1522,0.1571,0.1561,0.1608,0.1608,0.1567,0.1595,0.1605,0.1579,0.1609,0.1578,0.1578,0.1576,0.1603,0.1588,0.159,0.1562,0.1614,0.16,0.1602,0.1573,0.1612,0.1565,0.1602,0.1629,0.1614,0.1632,0.1635,0.1612,0.1609,0.1607,0.1611,0.1466,0.1573,0.1605,0.1593,0.1619,0.1591,0.1582,0.1596,0.1578,0.1587
11/28/2020,7.812,0.1624,0.164,0.164,0.1621,0.1623,0.1617,0.1601,0.1592,0.1643,0.1637,0.1597,0.1626,0.1636,0.1646,0.1638,0.1628,0.1628,0.1635,0.1634,0.1628,0.1644,0.1641,0.1624,0.1623,0.1643,0.1626,0.1621,0.1644,0.1641,0.1629,0.1638,0.1653,0.1648,0.1643,0.1647,0.1642,0.162,0.1624,0.151,0.1593,0.1621,0.1622,0.1644,0.1627,0.1632,0.1623,0.1626,0.1637
11/27/2020,7.0512,0.1484,0.1532,0.1493,0.1324,0.1346,0.1492,0.1464,0.1383,0.1344,0.1355,0.1343,0.1476,0.1486,0.1497,0.1524,0.1466,0.1487,0.1521,0.1522,0.1433,0.147,0.1483,0.1422,0.1447,0.1487,0.1539,0.1417,0.154,0.1529,0.1528,0.1524,0.1581,0.1571,0.1549,0.1591,0.1502,0.148,0.1472,0.1121,0.1412,0.1424,0.1405,0.1551,0.1509,0.1511,0.1481,0.1546,0.1448
11/26/2020,7.6102,0.1578,0.1604,0.1586,0.153,0.1533,0.154,0.1557,0.1518,0.1616,0.1578,0.1571,0.1607,0.1587,0.162,0.1602,0.1609,0.1608,0.1604,0.1601,0.1589,0.158,0.1597,0.1566,0.1619,0.1632,0.1593,0.1618,0.1623,0.1552,0.1609,0.1612,0.1622,0.1627,0.1612,0.1609,0.1617,0.1619,0.1595,0.1344,0.1516,0.1577,0.1625,0.159,0.1605,0.157,0.1561,0.1589,0.1585
11/25/2020,7.8742,0.1648,0.1639,0.1641,0.1621,0.1607,0.1614,0.1631,0.1624,0.1624,0.1639,0.1634,0.1637,0.1646,0.1644,0.1639,0.165,0.1651,0.1635,0.1638,0.1636,0.1644,0.1651,0.1648,0.1644,0.1649,0.1651,0.1653,0.1651,0.1626,0.1644,0.1648,0.1647,0.1649,0.165,0.1648,0.1645,0.1636,0.1648,0.1617,0.1643,0.1638,0.1649,0.1654,0.1654,0.1639,0.164,0.1637,0.1641
11/24/2020,8.2008,0.1693,0.1698,0.1722,0.1712,0.1757,0.1744,0.1707,0.1723,0.1705,0.1698,0.1718,0.1722,0.169,0.1698,0.1712,0.1699,0.1714,0.1709,0.1699,0.1714,0.1697,0.1701,0.1711,0.1693,0.1703,0.1691,0.1703,0.1687,0.17,0.1706,0.1697,0.1683,0.1693,0.1685,0.1691,0.1694,0.1708,0.1692,0.1829,0.1743,0.169,0.1722,0.1704,0.1711,0.1707,0.1716,0.1712,0.1705
11/23/2020,8.3245,0.1746,0.1746,0.1728,0.1783,0.1736,0.1797,0.1753,0.179,0.1733,0.1768,0.1749,0.1713,0.172,0.1703,0.1716,0.1717,0.171,0.1708,0.1732,0.1722,0.1715,0.1731,0.1744,0.1736,0.1732,0.1725,0.1733,0.1701,0.1739,0.1731,0.1689,0.1716,0.1692,0.1704,0.1715,0.1721,0.1739,0.1743,0.1905,0.1778,0.1735,0.172,0.1706,0.1742,0.1737,0.1739,0.1706,0.1701
11/22/2020,9.4895,0.1933,0.1926,0.1978,0.2215,0.2158,0.2149,0.228,0.2279,0.1956,0.2176,0.2184,0.1936,0.1857,0.192,0.1872,0.1933,0.1862,0.1886,0.2006,0.1936,0.1906,0.1811,0.2063,0.1991,0.1965,0.1828,0.2051,0.1854,0.1898,0.1921,0.1871,0.1835,0.1804,0.1854,0.1807,0.193,0.2029,0.1868,0.2655,0.2128,0.1859,0.1936,0.1886,0.1896,0.1957,0.1899,0.1982,0.1969
11/21/2020,9.8621,0.2173,0.1968,0.2054,0.2413,0.2155,0.2272,0.2076,0.2289,0.2343,0.2264,0.2341,0.1918,0.2013,0.1907,0.2069,0.1953,0.2115,0.1981,0.1972,0.2039,0.202,0.1857,0.1953,0.1978,0.2047,0.1961,0.1946,0.1866,0.1905,0.1961,0.1873,0.1916,0.1944,0.1845,0.1816,0.1976,0.2112,0.1916,0.3354,0.2454,0.1944,0.1931,0.1911,0.2015,0.2002,0.2009,0.1922,0.1872
11/20/2020,7.983,0.1663,0.1663,0.1663,0.1662,0.1658,0.1661,0.1664,0.1663,0.1664,0.1664,0.1664,0.1664,0.1664,0.1663,0.1663,0.1663,0.1664,0.1664,0.1664,0.1663,0.1664,0.1664,0.1663,0.1664,0.1664,0.1664,0.1663,0.1665,0.1662,0.1664,0.1664,0.1665,0.1665,0.1664,0.1665,0.1664,0.1663,0.1664,0.1651,0.1659,0.1664,0.1662,0.1663,0.1663,0.1664,0.1663,0.1664,0.1665
11/19/2020,5.8551,0.1113,0.1371,0.1238,0.1008,0.1092,0.1077,0.115,0.0794,0.1345,0.1285,0.1381,0.1126,0.1358,0.1433,0.1223,0.1375,0.1328,0.133,0.1261,0.1141,0.1251,0.1345,0.1137,0.1113,0.1377,0.1418,0.1424,0.1396,0.0985,0.1272,0.1465,0.1471,0.1467,0.1437,0.1491,0.1351,0.1364,0.1293,-0.0683,0.057,0.1096,0.1418,0.1143,0.1456,0.1285,0.1118,0.1268,0.1394
11/18/2020,5.6218,0.135,0.1179,0.1165,0.0892,0.093,0.0825,0.0699,0.0727,0.1279,0.1367,0.0941,0.1174,0.1336,0.122,0.1117,0.1198,0.1155,0.1324,0.1286,0.1084,0.1141,0.1267,0.1324,0.1343,0.1436,0.1172,0.097,0.1386,0.1258,0.1248,0.1498,0.1336,0.1429,0.1448,0.1305,0.1317,0.1072,0.1386,-0.0006,0.0886,0.1108,0.1129,0.1224,0.1436,0.1158,0.1182,0.1243,0.1274
11/17/2020,6.1655,0.132,0.1186,0.134,0.1096,0.0836,0.1289,0.1267,0.0968,0.1155,0.1362,0.0975,0.1281,0.1395,0.1318,0.145,0.134,0.1228,0.1234,0.1285,0.127,0.1452,0.1472,0.141,0.1357,0.1441,0.1459,0.1056,0.1414,0.114,0.1305,0.1395,0.1381,0.1377,0.1525,0.1492,0.1406,0.1243,0.1445,0.0156,0.0961,0.1371,0.1357,0.1401,0.1417,0.1331,0.1419,0.1434,0.1443
11/16/2020,5.2805,0.1172,0.1025,0.1196,0.1036,0.0571,0.0674,0.0916,0.0663,0.1226,0.1082,0.0658,0.1234,0.1245,0.1115,0.1229,0.1332,0.1047,0.1093,0.124,0.1123,0.1343,0.134,0.1327,0.1199,0.1378,0.1389,0.0954,0.1305,0.1223,0.1253,0.1335,0.1378,0.1354,0.1234,0.1297,0.1291,0.112,0.1204,-0.0716,0.0554,0.118,0.0924,0.1275,0.1082,0.1126,0.1134,0.1077,0.1368
11/15/2020,5.2186,0.1311,0.0952,0.1094,0.0835,0.064,0.1044,0.0804,0.0813,0.0727,0.1005,0.0974,0.1347,0.1096,0.1158,0.1322,0.1071,0.1016,0.1055,0.121,0.108,0.1263,0.13,0.1199,0.1288,0.1397,0.1124,0.0757,0.1352,0.1124,0.1169,0.133,0.1222,0.1252,0.128,0.1325,0.123,0.103,0.1194,-0.0292,0.0752,0.1055,0.1397,0.1222,0.1091,0.1085,0.1032,0.133,0.1124
11/14/2020,6.1501,0.125,0.1178,0.1341,0.1077,0.0921,0.1238,0.1095,0.1136,0.1204,0.1164,0.0999,0.1424,0.1365,0.1343,0.1426,0.1345,0.1413,0.1352,0.13,0.1363,0.1441,0.1461,0.1267,0.1361,0.1467,0.1421,0.1108,0.1408,0.1086,0.1404,0.1471,0.1511,0.1448,0.1437,0.1386,0.1389,0.1465,0.1461,-0.0139,0.0824,0.1319,0.1487,0.1395,0.1273,0.1358,0.1398,0.1241,0.1419
11/13/2020,5.4207,0.1084,0.1272,0.121,0.0751,0.0423,0.0612,0.0999,0.114,0.104,0.0867,0.0676,0.1385,0.1133,0.1355,0.1308,0.1079,0.1267,0.1251,0.1099,0.1055,0.1138,0.1053,0.1298,0.1269,0.1179,0.1293,0.0885,0.1329,0.1293,0.1169,0.1419,0.1468,0.1481,0.1453,0.1406,0.1231,0.1197,0.1048,0.0288,0.1023,0.1177,0.1117,0.1058,0.1094,0.1213,0.1055,0.121,0.1357
11/12/2020,4.4573,0.0863,0.1167,0.0834,0.0671,-0.0119,0.082,0.1011,0.0345,0.0583,0.0884,0.0813,0.1072,0.1029,0.1139,0.0916,0.0866,0.1167,0.0944,0.1008,0.1043,0.0866,0.1004,0.0749,0.1029,0.094,0.1302,0.1011,0.1206,0.1185,0.1096,0.1114,0.1157,0.1362,0.1174,0.1146,0.1196,0.1018,0.0926,-0.1007,0.0418,0.0962,0.0905,0.1142,0.0891,0.105,0.1252,0.1174,0.1249
11/11/2020,6.0416,0.1124,0.1385,0.1275,0.0901,0.0811,0.1177,0.0907,0.1114,0.134,0.1109,0.1181,0.1212,0.1316,0.1328,0.1212,0.141,0.1218,0.1191,0.1265,0.1365,0.1416,0.1414,0.1338,0.132,0.1357,0.14,0.1183,0.1394,0.1206,0.1312,0.1436,0.1524,0.1461,0.1518,0.1351,0.1392,0.1318,0.1439,0.0161,0.0964,0.1197,0.1365,0.1406,0.1371,0.1367,0.1291,0.133,0.1344
11/10/2020,4.8768,0.1139,0.1039,0.0827,0.0414,0.0976,0.0845,0.102,0.1026,0.0658,0.1164,0.0458,0.0998,0.1148,0.1089,0.1264,0.1026,0.1055,0.0908,0.103,0.1198,0.1064,0.112,0.1223,0.1348,0.1158,0.1242,0.0639,0.1307,0.1083,0.1117,0.1467,0.1198,0.1392,0.1332,0.1292,0.1208,0.1129,0.1042,-0.1033,0.0406,0.1001,0.0823,0.1114,0.1361,0.0933,0.1133,0.1195,0.1192
11/9/2020,5.0476,0.0917,0.089,0.1032,0.0896,0.0672,0.0704,0.115,0.0568,0.0991,0.1076,0.1277,0.1023,0.1333,0.1233,0.1115,0.1165,0.1147,0.1118,0.1253,0.1247,0.1292,0.1182,0.107,0.1097,0.1135,0.1366,0.0725,0.128,0.0822,0.1203,0.1368,0.1292,0.1203,0.1233,0.1401,0.128,0.125,0.1298,-0.1236,0.0312,0.1289,0.1203,0.0943,0.1253,0.1206,0.1242,0.0958,0.1002
11/8/2020,5.1408,0.1049,0.0929,0.1269,0.062,0.0323,0.0829,0.1146,0.0878,0.0632,0.0749,0.1132,0.0895,0.1301,0.1349,0.1252,0.1272,0.1009,0.1212,0.1169,0.1066,0.1238,0.1352,0.096,0.1132,0.1246,0.1121,0.1115,0.1261,0.088,0.1126,0.1449,0.1309,0.1464,0.1306,0.1389,0.1155,0.1209,0.1029,-0.0218,0.0787,0.0998,0.1129,0.1326,0.1146,0.1201,0.1061,0.1055,0.1101
11/7/2020,4.7834,0.1175,0.122,0.1204,0.0879,0.0615,0.1027,0.1097,0.084,0.0727,0.0621,0.0972,0.0869,0.1191,0.1281,0.1091,0.1097,0.0969,0.0911,0.0978,0.0991,0.1126,0.1113,0.1216,0.1184,0.1039,0.1184,0.0715,0.121,0.0695,0.1175,0.1142,0.1303,0.1187,0.1232,0.1226,0.1252,0.1261,0.1223,-0.1629,0.0128,0.1133,0.0994,0.1252,0.1345,0.0904,0.1197,0.1149,0.1123
11/6/2020,6.5697,0.1299,0.1378,0.1332,0.1083,0.1292,0.1398,0.1113,0.1372,0.1265,0.1255,0.1142,0.1425,0.1421,0.1488,0.1333,0.1339,0.1335,0.1323,0.1395,0.1412,0.1398,0.1333,0.1469,0.1528,0.1382,0.1408,0.1216,0.1499,0.1222,0.1403,0.1461,0.1445,0.1455,0.1459,0.1551,0.1426,0.1504,0.1515,0.0967,0.134,0.1452,0.1322,0.1329,0.1472,0.1396,0.1495,0.1489,0.1361
11/5/2020,6.0416,0.1138,0.131,0.1377,0.113,0.0866,0.1181,0.133,0.0997,0.1034,0.1161,0.0952,0.1179,0.1326,0.1242,0.1304,0.142,0.1195,0.132,0.1359,0.132,0.143,0.1271,0.1414,0.1265,0.1312,0.125,0.1193,0.1418,0.1345,0.1342,0.1477,0.149,0.15,0.1498,0.1398,0.1369,0.1451,0.1261,0.0209,0.0986,0.1338,0.1105,0.1453,0.1304,0.1314,0.1144,0.1295,0.1443
11/4/2020,6.1967,0.1438,0.1333,0.1441,0.127,0.1254,0.1171,0.129,0.1153,0.1302,0.1176,0.1093,0.1288,0.1405,0.1459,0.1342,0.1331,0.123,0.1227,0.1299,0.1223,0.1414,0.1472,0.1421,0.1308,0.1459,0.1434,0.143,0.1439,0.1131,0.1393,0.1378,0.1423,0.1391,0.1531,0.1468,0.1376,0.1292,0.1337,-0.0248,0.0773,0.1317,0.1315,0.1232,0.1499,0.1351,0.1375,0.1247,0.1284
11/3/2020,5.0633,0.117,0.09,0.1082,0.1018,0.0245,0.0615,0.075,0.0833,0.0924,0.1082,0.0524,0.1291,0.1138,0.1209,0.1044,0.1323,0.0979,0.1032,0.1094,0.125,0.1103,0.1285,0.0883,0.1285,0.1103,0.1021,0.1232,0.1264,0.0768,0.1191,0.1244,0.13,0.1391,0.13,0.1264,0.1185,0.0944,0.1311,-0.0185,0.0802,0.1217,0.0938,0.1297,0.1285,0.1088,0.1182,0.1209,0.1223
11/2/2020,2.9966,0.1016,0.0631,0.0886,-0.0229,0.0011,-0.0234,0.0231,0.0696,0.0176,0.0801,-0.0094,0.0826,0.1111,0.0636,0.0686,0.0451,0.0501,0.0761,0.0606,0.0711,0.1016,0.0646,0.0916,0.0321,0.1056,0.0756,0.0681,0.1056,0.0171,0.0951,0.1051,0.1086,0.1011,0.0891,0.0926,0.1031,0.0966,0.1106,-0.1918,-0.0007,0.0406,0.0351,0.0981,0.1116,0.0846,0.0961,0.0756,0.0656
11/1/2020,4.9079,0.1212,0.111,0.0847,0.0705,0.0934,0.0455,0.0405,0.0427,0.0921,0.073,0.1113,0.0819,0.1293,0.1215,0.1095,0.1234,0.0918,0.1215,0.12,0.102,0.1101,0.1364,0.1268,0.115,0.1373,0.1076,0.1058,0.1345,0.0928,0.1228,0.1348,0.1308,0.1422,0.1181,0.1228,0.1181,0.1122,0.116,-0.1643,0.0122,0.1215,0.1212,0.1351,0.1262,0.0989,0.1311,0.1221,0.133
10/31/2020,5.7779,0.1251,0.1284,0.1376,0.1027,0.0858,0.1082,0.0791,0.1009,0.1404,0.1038,0.1347,0.1331,0.1207,0.1207,0.1236,0.1193,0.1364,0.1216,0.1124,0.1353,0.1171,0.114,0.1267,0.1178,0.1409,0.1256,0.1209,0.1382,0.118,0.124,0.1342,0.1342,0.15,0.1313,0.136,0.1378,0.1298,0.1347,-0.0062,0.086,0.1389,0.1296,0.1171,0.1191,0.1351,0.1062,0.1198,0.1313
10/30/2020,4.3953,0.0762,0.0838,0.0762,0.0448,0.0322,0.0355,0.0182,0.0585,0.1148,0.0784,0.0297,0.0888,0.1173,0.0989,0.0946,0.0985,0.118,0.0989,0.1039,0.1072,0.1018,0.1122,0.0881,0.0863,0.109,0.1285,0.0928,0.1191,0.0697,0.1122,0.1306,0.1263,0.1382,0.1216,0.1104,0.109,0.0812,0.0996,0.0037,0.0906,0.1032,0.096,0.1198,0.0791,0.1075,0.1075,0.0874,0.0895
10/29/2020,4.7528,0.1033,0.1024,0.104,0.0329,0.0842,0.0631,0.0306,0.066,0.0605,0.0728,0.0397,0.0826,0.1296,0.1196,0.118,0.115,0.103,0.0848,0.1063,0.1141,0.13,0.1011,0.0803,0.0806,0.1378,0.1056,0.1277,0.1296,0.0942,0.0998,0.1238,0.142,0.1173,0.1235,0.1202,0.1222,0.0865,0.0988,0.04,0.1075,0.0994,0.105,0.1209,0.105,0.118,0.0848,0.1196,0.0991
10/28/2020,4.7058,0.0886,0.0965,0.1008,0.0906,0.0224,0.0846,0.0435,0.0708,0.0833,0.0853,0.0557,0.1179,0.0991,0.1215,0.1047,0.1044,0.1074,0.0883,0.1084,0.0975,0.1179,0.0929,0.1261,0.1327,0.1084,0.1225,0.1133,0.1235,0.0751,0.1113,0.1179,0.137,0.1232,0.1281,0.1397,0.114,0.1225,0.1268,-0.1125,0.0363,0.1117,0.0975,0.1087,0.136,0.1067,0.0968,0.1275,0.0929
10/27/2020,5.6378,0.1133,0.1031,0.1331,0.0939,0.088,0.0972,0.1001,0.1107,0.1093,0.0915,0.1126,0.1036,0.1345,0.1166,0.1345,0.1303,0.1272,0.123,0.131,0.1121,0.1223,0.1211,0.1374,0.105,0.1286,0.1305,0.1334,0.1374,0.088,0.1355,0.1504,0.1468,0.1303,0.148,0.1419,0.1303,0.1345,0.1168,-0.058,0.0618,0.1265,0.0993,0.1376,0.1447,0.1161,0.1376,0.1383,0.1301
10/26/2020,6.9424,0.1452,0.1408,0.1538,0.127,0.1269,0.1366,0.1488,0.1302,0.1492,0.1327,0.149,0.1478,0.1513,0.1446,0.1453,0.1411,0.1536,0.1473,0.146,0.1508,0.1429,0.1437,0.1405,0.1563,0.1518,0.145,0.1323,0.1534,0.1312,0.146,0.1538,0.1561,0.1513,0.1569,0.154,0.1503,0.1499,0.1515,0.0893,0.1305,0.1467,0.1483,0.1471,0.1506,0.145,0.1481,0.1541,0.1478
10/25/2020,6.0415,0.1253,0.1338,0.1391,0.0868,0.1001,0.1163,0.1255,0.0899,0.1187,0.1208,0.1177,0.1134,0.1345,0.1363,0.1347,0.1251,0.1379,0.1177,0.1283,0.1345,0.1306,0.1418,0.1293,0.1214,0.1334,0.1367,0.1257,0.1387,0.1148,0.13,0.1398,0.1492,0.1385,0.1483,0.1441,0.1369,0.1228,0.143,0.0221,0.0992,0.1365,0.1112,0.1302,0.1438,0.1244,0.1342,0.1371,0.1414
10/24/2020,4.0224,0.105,0.0859,0.0573,0.0509,0.0374,0.0243,0.0951,0.0326,0.0382,0.0589,0.0768,0.1038,0.0859,0.0963,0.0883,0.0716,0.0728,0.0672,0.1102,0.0804,0.1118,0.0756,0.1054,0.1177,0.1177,0.0943,0.1034,0.1094,0.0573,0.1018,0.1265,0.1368,0.1241,0.1158,0.1217,0.111,0.1022,0.1217,-0.1397,0.0236,0.0684,0.0839,0.1169,0.1265,0.1014,0.0971,0.074,0.0772
10/23/2020,3.9917,0.0865,0.0753,0.0596,0.0328,0.0296,0.0705,0.1009,0.0151,0.046,0.0809,0.0801,0.0681,0.1061,0.1089,0.0793,0.0801,0.1122,0.0845,0.1001,0.0701,0.1138,0.1246,0.1198,0.0697,0.0953,0.1113,0.1218,0.1101,0.1005,0.0897,0.133,0.1013,0.1342,0.1049,0.1258,0.0953,0.0977,0.1089,-0.2216,-0.0146,0.1182,0.0849,0.0937,0.1182,0.0677,0.0753,0.1069,0.1186
10/22/2020,3.7274,0.0599,0.0637,0.0675,0.0718,0.0359,0.0411,-0.0102,0.0411,0.0799,0.0428,0.0787,0.0834,0.1107,0.1004,0.0667,0.0889,0.0983,0.1026,0.0684,0.0769,0.0919,0.0752,0.0509,0.0526,0.1009,0.1051,0.0287,0.1201,0.0389,0.0932,0.135,0.1321,0.1158,0.112,0.1064,0.1051,0.112,0.1103,-0.1185,0.0335,0.1111,0.1094,0.1167,0.0624,0.0752,0.0701,0.1145,0.0983
10/21/2020,4.2403,0.0644,0.0787,0.0738,0.0144,0.0351,0.0591,0.0287,0.0584,0.0742,0.0599,0.0888,0.0847,0.1242,0.1118,0.1163,0.0926,0.0907,0.1137,0.0806,0.1118,0.1099,0.1061,0.064,0.1106,0.1261,0.1012,0.1016,0.1144,0.055,0.117,0.1362,0.1039,0.14,0.1118,0.1182,0.1031,0.1249,0.1159,-0.0781,0.0524,0.0738,0.1227,0.0945,0.0862,0.0892,0.1069,0.0881,0.0828
10/20/2020,5.8244,0.1236,0.1223,0.1414,0.1027,0.0809,0.0977,0.096,0.1199,0.1321,0.0949,0.084,0.1223,0.139,0.1253,0.1319,0.1373,0.1297,0.1234,0.1158,0.1364,0.1175,0.1388,0.1249,0.1192,0.1253,0.1425,0.1308,0.1425,0.1299,0.1245,0.148,0.1362,0.1464,0.1375,0.1399,0.1379,0.1356,0.1297,-0.0088,0.0847,0.1397,0.1094,0.1432,0.1221,0.1164,0.1101,0.1234,0.1205
10/19/2020,6.865,0.1426,0.1368,0.1434,0.1364,0.1173,0.1267,0.126,0.1401,0.1375,0.1494,0.1457,0.1412,0.1515,0.1484,0.148,0.1473,0.1458,0.1516,0.1445,0.1498,0.1533,0.1396,0.1434,0.1509,0.1566,0.1494,0.1479,0.1527,0.1306,0.1511,0.1555,0.1575,0.1585,0.1541,0.1494,0.1482,0.1513,0.1456,0.0578,0.1158,0.1378,0.1433,0.1386,0.1476,0.1459,0.1512,0.1516,0.1498
10/18/2020,7.2842,0.1533,0.1548,0.1515,0.1437,0.146,0.1522,0.1425,0.1438,0.1556,0.1463,0.1549,0.1588,0.1522,0.1546,0.1544,0.1528,0.1505,0.1508,0.1503,0.153,0.1556,0.1498,0.1508,0.1498,0.1563,0.1517,0.1439,0.1594,0.1559,0.1534,0.1622,0.156,0.1615,0.1589,0.1596,0.1549,0.149,0.1505,0.1205,0.1451,0.1522,0.1485,0.1588,0.1511,0.1512,0.1543,0.1502,0.1511
10/17/2020,4.9385,0.1106,0.1143,0.1312,0.0981,0.0448,0.107,0.0831,0.0868,0.1155,0.1238,0.0497,0.0892,0.1155,0.1048,0.1247,0.1103,0.1183,0.1299,0.1064,0.1128,0.1263,0.1128,0.0938,0.0865,0.1354,0.1088,0.1155,0.1272,0.125,0.118,0.1177,0.1327,0.1342,0.1299,0.118,0.1238,0.0987,0.1125,-0.1424,0.0224,0.0862,0.1256,0.1024,0.0938,0.1079,0.1094,0.1054,0.1342
10/16/2020,5.8245,0.1251,0.1279,0.1384,0.0792,0.0766,0.0846,0.092,0.0944,0.1016,0.101,0.1242,0.1225,0.1353,0.1232,0.1275,0.1147,0.1362,0.1349,0.1347,0.1351,0.1373,0.1379,0.1223,0.1393,0.134,0.1301,0.1403,0.1382,0.136,0.1245,0.1495,0.1325,0.1462,0.1477,0.1401,0.1295,0.1223,0.1221,-0.0233,0.078,0.1088,0.143,0.1147,0.1297,0.1308,0.1369,0.1297,0.1373
10/15/2020,6.5542,0.1389,0.1453,0.145,0.1308,0.1243,0.1197,0.1065,0.1404,0.1152,0.1456,0.1337,0.1421,0.1376,0.1464,0.1395,0.1383,0.1412,0.135,0.1418,0.1357,0.1499,0.1353,0.1385,0.1279,0.1415,0.1509,0.1425,0.1499,0.1366,0.1414,0.1467,0.1474,0.1529,0.149,0.148,0.1427,0.1477,0.1318,0.0429,0.1089,0.1347,0.1312,0.1312,0.1498,0.1427,0.1453,0.1411,0.1428
10/14/2020,6.6009,0.139,0.1313,0.1315,0.1254,0.1363,0.1376,0.1423,0.1404,0.1223,0.124,0.1129,0.1481,0.144,0.1404,0.1399,0.1341,0.1496,0.1352,0.1348,0.1342,0.1451,0.1503,0.1497,0.1367,0.1528,0.1455,0.1273,0.1495,0.1241,0.1426,0.1469,0.1453,0.1471,0.1476,0.1453,0.1441,0.1404,0.1341,0.0687,0.1209,0.1451,0.1307,0.1481,0.1471,0.1488,0.1303,0.1465,0.137
10/13/2020,6.694,0.1327,0.1447,0.1347,0.1232,0.1374,0.12,0.133,0.1326,0.1287,0.1305,0.1246,0.1302,0.1518,0.1428,0.1417,0.1498,0.1375,0.1464,0.1463,0.137,0.1506,0.1449,0.1357,0.1386,0.1439,0.1449,0.1417,0.153,0.1422,0.1395,0.1533,0.1526,0.1462,0.1477,0.153,0.1437,0.1381,0.1503,0.0893,0.1305,0.1411,0.131,0.1528,0.1407,0.1405,0.1417,0.1407,0.1402
10/12/2020,5.669,0.1322,0.1226,0.117,0.0834,0.1,0.1005,0.0732,0.0888,0.1023,0.0909,0.0925,0.1084,0.1198,0.1189,0.1254,0.1273,0.138,0.1233,0.1191,0.1135,0.1305,0.1431,0.1161,0.1126,0.1315,0.1254,0.097,0.141,0.1068,0.1296,0.1441,0.1312,0.1378,0.1359,0.1345,0.1284,0.1396,0.1422,0.0446,0.1097,0.1392,0.1124,0.1275,0.1138,0.1357,0.1238,0.1214,0.1165
10/11/2020,5.9484,0.1318,0.1388,0.1414,0.0922,0.1051,0.0973,0.1076,0.1102,0.1381,0.1053,0.1293,0.1427,0.1289,0.1412,0.1221,0.1373,0.1349,0.1392,0.133,0.1197,0.1232,0.1275,0.125,0.1215,0.1343,0.1221,0.1258,0.1431,0.107,0.1228,0.1439,0.1507,0.1367,0.1408,0.1349,0.14,0.1269,0.1209,-0.0059,0.0861,0.1234,0.1314,0.1287,0.1318,0.1351,0.1162,0.1209,0.1375
10/10/2020,4.1779,0.0646,0.0895,0.0998,0.0768,0.0165,0.0711,0.0363,0.0302,0.0535,0.0405,0.0971,0.1013,0.0979,0.117,0.0814,0.1158,0.1212,0.0723,0.1078,0.0948,0.1044,0.096,0.1017,0.0791,0.0971,0.1059,0.0738,0.1216,0.0902,0.0921,0.1189,0.1277,0.138,0.1101,0.1135,0.1139,0.1227,0.1036,-0.1455,0.0209,0.1013,0.0639,0.1082,0.1212,0.1105,0.0979,0.083,0.1208
10/9/2020,3.4015,0.0931,0.0678,0.0788,-0.0053,0.0379,-0.0026,0.0338,0.0503,0.0926,0.0301,0.1023,0.0784,0.0871,0.0742,0.0779,0.0917,0.0954,0.0807,0.0899,0.0811,0.0807,0.0981,0.1133,0.1179,0.1253,0.0761,0.0489,0.1193,0.0641,0.1037,0.1078,0.0922,0.0995,0.1106,0.123,0.1064,0.1087,0.0729,-0.3331,-0.0666,0.1,0.0729,0.0683,0.0945,0.0945,0.0834,0.0876,0.0963
10/8/2020,3.7426,0.0679,0.0636,0.0756,0.0445,0.0441,0.0458,0.0262,0.0811,0.1066,0.03,0.0419,0.0934,0.116,0.1024,0.0675,0.1092,0.1083,0.0875,0.0696,0.0641,0.1041,0.0781,0.0615,0.0543,0.0981,0.1066,0.0602,0.1054,0.0662,0.0892,0.116,0.1075,0.1083,0.1011,0.1198,0.0969,0.0964,0.1079,-0.1912,-0.0004,0.093,0.1169,0.1126,0.0802,0.1041,0.1181,0.0802,0.1062
10/7/2020,5.2498,0.1004,0.1169,0.0916,0.0663,0.091,0.1001,0.0908,0.0715,0.0866,0.1205,0.1246,0.1174,0.1238,0.1185,0.1243,0.1158,0.1174,0.1194,0.1001,0.1163,0.1128,0.1158,0.1202,0.0993,0.1238,0.1235,0.0963,0.1282,0.0803,0.1257,0.1337,0.1268,0.1422,0.1339,0.1251,0.1213,0.102,0.129,-0.0083,0.085,0.1199,0.0872,0.1375,0.135,0.1007,0.091,0.1097,0.1389
10/6/2020,5.2652,0.121,0.1122,0.1024,0.101,0.028,0.0589,0.0811,0.0868,0.1314,0.0846,0.0767,0.1254,0.1306,0.121,0.1207,0.121,0.1128,0.1057,0.1194,0.1128,0.1065,0.1049,0.1008,0.0977,0.1183,0.13,0.1382,0.1273,0.1166,0.1136,0.1235,0.1303,0.1349,0.1281,0.1322,0.1273,0.1183,0.1262,-0.0062,0.086,0.101,0.1245,0.1355,0.1002,0.1147,0.1287,0.1259,0.1267
10/5/2020,5.2495,0.1323,0.1229,0.1317,0.0561,0.0632,0.0743,0.1119,0.0927,0.1183,0.0726,0.0811,0.1147,0.1152,0.1334,0.1238,0.1334,0.1048,0.107,0.1144,0.1015,0.1353,0.1059,0.1265,0.1372,0.1394,0.132,0.1339,0.1328,0.0866,0.1183,0.1405,0.1458,0.1348,0.1232,0.14,0.1232,0.1004,0.1265,-0.1075,0.0387,0.0941,0.0916,0.1205,0.1342,0.1298,0.135,0.1037,0.1218
10/4/2020,5.7622,0.1329,0.1159,0.1047,0.0789,0.0982,0.0731,0.1038,0.087,0.1002,0.1047,0.1049,0.1098,0.1394,0.1208,0.1313,0.119,0.1154,0.1114,0.1288,0.1295,0.1396,0.1378,0.1206,0.113,0.1291,0.1255,0.1425,0.1423,0.1125,0.1362,0.1418,0.1394,0.1387,0.1503,0.1438,0.1311,0.14,0.1286,0.0498,0.1121,0.1217,0.1092,0.1127,0.1396,0.1159,0.1268,0.1233,0.1286
10/3/2020,7.5324,0.1571,0.154,0.1597,0.1539,0.154,0.1579,0.1513,0.147,0.1613,0.153,0.1528,0.159,0.1598,0.16,0.1579,0.1576,0.1599,0.1553,0.1555,0.1579,0.1579,0.1605,0.1562,0.1543,0.1575,0.157,0.1519,0.1601,0.1556,0.1578,0.1597,0.1627,0.1605,0.1598,0.1622,0.1602,0.161,0.1591,0.1307,0.1499,0.159,0.1599,0.1579,0.1608,0.1597,0.1579,0.159,0.1587
10/2/2020,4.9857,0.104,0.1233,0.0895,0.0621,0.0548,0.0991,0.0693,0.0928,0.0603,0.1082,0.1202,0.1031,0.1109,0.1314,0.1127,0.1184,0.1227,0.1082,0.1142,0.1148,0.1097,0.1254,0.1112,0.1263,0.1058,0.1157,0.1332,0.1305,0.0847,0.1151,0.1245,0.1413,0.1208,0.1284,0.1236,0.1142,0.1037,0.1236,-0.1235,0.0312,0.1145,0.1046,0.0967,0.1383,0.0991,0.1103,0.1272,0.1296
10/1/2020,4.7058,0.081,0.1077,0.0952,0.0323,0.0194,0.0688,0.0326,0.0431,0.1113,0.0758,0.0748,0.0853,0.1107,0.1084,0.0912,0.11,0.0932,0.1021,0.1084,0.1057,0.0935,0.0985,0.1047,0.1173,0.1265,0.1232,0.107,0.1285,0.0932,0.1113,0.1153,0.1271,0.1182,0.1169,0.1304,0.1146,0.1149,0.0985,0.0503,0.1124,0.1034,0.084,0.0995,0.1196,0.1192,0.0958,0.0926,0.1324
9/30/2020,4.6282,0.1174,0.1215,0.0898,0.051,0.0315,0.0753,0.0449,0.0884,0.0837,0.1117,0.1222,0.0942,0.1043,0.0989,0.1154,0.0918,0.1097,0.1218,0.0905,0.1201,0.1164,0.1073,0.078,0.1259,0.1242,0.1262,0.0972,0.1292,0.1107,0.1093,0.1383,0.1414,0.1225,0.1394,0.1191,0.1151,0.1158,0.1255,-0.2641,-0.0344,0.1171,0.0989,0.1151,0.1195,0.1178,0.1124,0.1201,0.1002
9/29/2020,4.8146,0.095,0.0944,0.1173,0.0905,0.0689,0.0944,0.0603,0.0854,0.0717,0.0966,0.0807,0.1033,0.1214,0.1128,0.1147,0.1084,0.0937,0.1106,0.1049,0.1179,0.1249,0.096,0.1039,0.1061,0.1307,0.109,0.1265,0.1335,0.0813,0.1154,0.1393,0.1335,0.1233,0.1253,0.1294,0.1237,0.0956,0.1189,-0.1102,0.0374,0.0838,0.1071,0.0902,0.1049,0.1173,0.117,0.0998,0.1081
9/28/2020,5.2183,0.0921,0.1236,0.1013,0.1055,0.0707,0.0574,0.0568,0.0768,0.0693,0.1274,0.0846,0.1327,0.1316,0.1099,0.1088,0.1283,0.1007,0.1124,0.1049,0.1219,0.1183,0.1297,0.113,0.1263,0.1247,0.1121,0.091,0.1272,0.0994,0.1127,0.1441,0.1383,0.1402,0.1414,0.1316,0.1302,0.1347,0.1366,-0.0298,0.0749,0.1094,0.1199,0.0982,0.1038,0.1013,0.1205,0.1208,0.1311
9/27/2020,5.1409,0.1221,0.0895,0.1092,0.0489,0.0206,0.0989,0.0543,0.06,0.0966,0.0846,0.1298,0.1241,0.1175,0.1143,0.1226,0.1232,0.1252,0.1052,0.1032,0.1038,0.1238,0.1081,0.0969,0.1015,0.1226,0.1178,0.1066,0.1326,0.1212,0.1121,0.1272,0.1335,0.1329,0.1309,0.1284,0.1284,0.1052,0.1126,0.0394,0.1072,0.1086,0.1052,0.1121,0.1143,0.1149,0.1052,0.1152,0.1229
9/26/2020,3.7893,0.093,0.053,0.1153,0.0719,0.0593,-0.0001,0.002,0.042,0.0425,0.0761,0.0302,0.0538,0.0867,0.1094,0.1115,0.0985,0.0913,0.0728,0.1081,0.0732,0.1006,0.0888,0.1119,0.0879,0.0862,0.0888,0.0336,0.1195,0.1119,0.1001,0.1246,0.1199,0.1174,0.1086,0.1039,0.098,0.109,0.0656,-0.1178,0.0339,0.0968,0.1178,0.066,0.0791,0.0782,0.0846,0.0964,0.0875
9/25/2020,2.9819,0.0773,0.0518,0.0492,0.0307,-0.0356,-0.0125,0.0337,-0.0441,0.0508,0.0869,0.0653,0.0959,0.0954,0.0648,0.0809,0.0683,0.0944,0.0789,0.0743,0.0758,0.0748,0.0778,0.0402,0.1024,0.0939,0.0573,0.0086,0.107,0.0001,0.0668,0.1295,0.1065,0.1145,0.1049,0.0884,0.1004,0.0538,0.0989,-0.146,0.0207,0.0899,0.0252,0.0538,0.0663,0.0447,0.1049,0.0984,0.116
9/24/2020,3.215,0.0882,0.0513,0.0432,0.0121,0.0207,0.0284,0.0542,-0.031,0.0585,0.0403,0.0633,0.1011,0.0863,0.0801,0.0982,0.0944,0.1011,0.0475,0.0614,0.0839,0.0643,0.0824,0.0844,0.0523,0.0954,0.104,0.0944,0.1107,0.0973,0.093,0.1289,0.1131,0.1002,0.1188,0.1083,0.1011,0.0528,0.0533,-0.2502,-0.028,0.0724,0.0887,0.0624,0.1054,0.0753,0.0604,0.0738,0.1169
9/23/2020,4.0225,0.0605,0.0696,0.0847,0.068,0.0684,0.0573,0.0485,0.0004,0.1014,0.0644,0.113,0.0736,0.0879,0.0855,0.1054,0.105,0.0704,0.0951,0.1098,0.0843,0.0935,0.1281,0.0609,0.1225,0.1054,0.0847,0.0704,0.113,0.0617,0.0975,0.1122,0.1217,0.1281,0.1181,0.1317,0.1134,0.0907,0.0939,-0.1593,0.0145,0.0983,0.074,0.0855,0.1154,0.0752,0.1221,0.076,0.1201
9/22/2020,3.9603,0.0867,0.0641,0.1081,0.0616,0.0616,0.0859,0.096,0.0196,0.0338,0.0677,0.0822,0.0693,0.0968,0.1182,0.0762,0.0729,0.0742,0.0879,0.1049,0.1012,0.1024,0.0689,0.0721,0.0624,0.0956,0.1093,0.0418,0.123,0.0285,0.0814,0.1012,0.1299,0.1085,0.1045,0.1146,0.1065,0.1032,0.0758,0.0012,0.0894,0.0729,0.0806,0.0689,0.0685,0.1101,0.0637,0.1041,0.1024
9/21/2020,4.5507,0.0811,0.1208,0.0746,0.0315,0.0201,0.0815,0.0377,0.0842,0.0873,0.1022,0.0735,0.098,0.1225,0.0953,0.1001,0.1039,0.0925,0.108,0.1011,0.0832,0.1122,0.1122,0.1094,0.1298,0.1111,0.1118,0.1056,0.1294,0.0546,0.1149,0.1187,0.1377,0.1349,0.1277,0.1115,0.1066,0.1053,0.0894,-0.0833,0.05,0.1098,0.0925,0.1142,0.1208,0.1225,0.0794,0.1256,0.0973
9/20/2020,3.2927,0.0706,0.097,0.0946,0.0316,-0.0075,0.0259,0.0866,0.0311,0.033,0.0655,0.0768,0.1154,0.081,0.0899,0.0664,0.1059,0.1069,0.1003,0.0664,0.0527,0.0608,0.1055,0.0433,0.0443,0.0725,0.064,0.1139,0.0994,0.1008,0.0706,0.0899,0.1078,0.1064,0.1008,0.1191,0.0961,0.057,0.0768,-0.1806,0.0046,0.0598,0.0382,0.0805,0.0608,0.0542,0.064,0.0744,0.1177
9/19/2020,3.1683,0.0531,0.0753,0.0435,0.0483,0.0435,0.0531,-0.0078,0.0208,0.0246,0.0536,0.0633,0.1111,0.1043,0.0879,0.1029,0.1072,0.1063,0.0894,0.0642,0.0792,0.0773,0.1014,0.0715,0.0522,0.0686,0.1121,0.0884,0.1164,0.0874,0.0879,0.1295,0.1019,0.1106,0.1174,0.114,0.0932,0.0647,0.0787,-0.3778,-0.0875,0.0401,0.1179,0.0652,0.1155,0.0961,0.056,0.0816,0.0642
9/18/2020,2.8732,0.039,0.0523,0.059,-0.0302,-0.0097,0.0426,-0.0384,0.0185,0.037,0.0154,-0.021,0.0872,0.0857,0.0652,0.0744,0.0887,0.0605,0.0954,0.0667,0.058,0.0529,0.0872,0.0472,0.0452,0.121,0.0821,0.1046,0.1087,0.0985,0.0652,0.0862,0.0964,0.0934,0.1087,0.101,0.079,0.0687,0.0836,-0.1793,0.0051,0.0667,0.0298,0.1139,0.0646,0.0975,0.1077,0.1031,0.0882
9/17/2020,3.37,0.0518,0.0435,0.0477,-0.019,-0.0287,-0.0255,-0.0352,0.0384,0.0796,0.088,0.0171,0.1083,0.1074,0.0866,0.0944,0.1125,0.0829,0.0745,0.0537,0.0931,0.0838,0.1046,0.0731,0.0815,0.1208,0.0727,0.0361,0.1148,0.0514,0.069,0.1157,0.1148,0.1093,0.1028,0.0921,0.0843,0.1074,0.0958,-0.0839,0.0497,0.0597,0.1032,0.1171,0.113,0.0583,0.0792,0.1069,0.0657
9/16/2020,3.3388,0.0683,0.0599,0.1079,0.0492,0.0026,0.0376,0.0576,0.0268,0.087,0.0432,0.0529,0.0674,0.1033,0.0758,0.0748,0.0581,0.0581,0.0646,0.0804,0.0982,0.0679,0.079,0.0716,0.1177,0.0781,0.0823,0.0879,0.1191,0.0739,0.0921,0.1051,0.1219,0.1121,0.1205,0.1028,0.0879,0.0809,0.0874,-0.3128,-0.0572,0.1051,0.0632,0.0902,0.1126,0.0986,0.0641,0.1098,0.1033
9/15/2020,3.6651,0.1051,0.0583,0.0514,0.0379,0.0657,-0.0046,0.0111,0.0553,0.0249,0.054,0.047,0.0644,0.0886,0.0739,0.1116,0.0904,0.0704,0.1116,0.0956,0.0856,0.0904,0.0765,0.0509,0.0756,0.1246,0.0856,0.0761,0.1099,0.0947,0.1094,0.1073,0.1034,0.122,0.135,0.1303,0.0908,0.1064,0.0977,-0.0836,0.0498,0.0535,0.1181,0.0596,0.0622,0.0895,0.0683,0.0691,0.0938
9/14/2020,3.7893,0.0707,0.0627,0.0509,0.0004,0.0652,0.0046,0.0151,0.0656,0.122,0.0454,0.0395,0.0538,0.0938,0.0867,0.1035,0.0938,0.082,0.0656,0.0761,0.0951,0.1111,0.117,0.0862,0.0816,0.1187,0.0976,0.0875,0.1191,0.0677,0.0942,0.1393,0.1069,0.1246,0.1262,0.1321,0.1111,0.1161,0.0951,-0.1247,0.0306,0.082,0.0707,0.0761,0.1212,0.0719,0.0677,0.0686,0.1006
9/13/2020,3.4322,0.042,0.0653,0.0607,-0.0106,-0.016,0.0826,-0.016,0.0205,0.0488,0.0694,0.0411,0.0465,0.1096,0.0707,0.1096,0.0767,0.1045,0.0931,0.0872,0.0762,0.073,0.0959,0.0543,0.0899,0.0991,0.0662,0.1036,0.1141,0.0986,0.0959,0.0954,0.126,0.1283,0.1246,0.1278,0.1004,0.089,0.0671,-0.1818,0.004,0.0497,0.1114,0.1,0.1146,0.0799,0.0653,0.057,0.121
9/12/2020,3.6187,0.1123,0.1062,0.0729,0.0436,-0.0068,0.0861,0.023,0.0308,0.0492,0.0869,0.0492,0.0532,0.0825,0.0926,0.1001,0.1154,0.0655,0.111,0.0681,0.0935,0.0764,0.1058,0.0475,0.0567,0.0825,0.1185,0.108,0.1097,0.0961,0.0896,0.1023,0.1185,0.1088,0.1167,0.0988,0.0891,0.0624,0.0913,-0.1419,0.0226,0.0992,0.1018,0.0641,0.0944,0.0615,0.0466,0.0725,0.0839
9/11/2020,3.3706,0.0662,0.0463,0.063,0.0134,0.0528,0.0699,-0.0296,-0.0255,0.0639,0.0315,0.0931,0.0676,0.1125,0.106,0.1023,0.056,0.1116,0.0907,0.081,0.0556,0.081,0.0935,0.0782,0.0431,0.0917,0.0699,0.056,0.1056,0.0662,0.0806,0.0995,0.1306,0.1139,0.0958,0.0968,0.0861,0.0824,0.1093,-0.1183,0.0336,0.0518,0.0968,0.0977,0.1014,0.0532,0.0454,0.1102,0.0903
9/10/2020,3.3858,0.1099,0.0499,0.0665,-0.0082,-0.0424,0.0361,0.0799,0.049,0.061,0.043,0.0227,0.0859,0.0739,0.0776,0.0924,0.1025,0.097,0.0896,0.0679,0.0781,0.0758,0.1067,0.0587,0.0804,0.0965,0.1044,0.115,0.1141,0.0144,0.1011,0.1178,0.1256,0.1182,0.1228,0.109,0.0938,0.0873,0.1118,-0.2721,-0.0382,0.0536,0.1081,0.1099,0.1214,0.0513,0.1145,0.0578,0.0938
9/9/2020,4.3019,0.0886,0.1101,0.1204,0.0483,0.0073,0.0883,0.1049,0.0483,0.113,0.0923,0.0409,0.1027,0.0909,0.1119,0.1008,0.1023,0.1027,0.1149,0.0898,0.102,0.1197,0.106,0.0653,0.0986,0.1308,0.1093,0.0613,0.1234,0.0761,0.116,0.1397,0.1297,0.1079,0.126,0.1367,0.1082,0.1212,0.0868,-0.2112,-0.0098,0.102,0.0631,0.1053,0.1034,0.0831,0.1001,0.1171,0.1057
9/8/2020,3.4791,0.1002,0.0573,0.0948,0.0238,0.0672,-0.0178,0.0139,-0.0228,0.1097,0.0437,0.0966,0.0523,0.0916,0.1174,0.093,0.1061,0.1088,0.0681,0.0564,0.0794,0.1129,0.0998,0.0966,0.0518,0.0758,0.0695,0.0211,0.1169,0.1002,0.0875,0.0961,0.1156,0.1165,0.1142,0.1183,0.088,0.107,0.1079,-0.1606,0.0138,0.0889,0.0627,0.069,0.0753,0.0699,0.0604,0.0731,0.0912
9/7/2020,3.665,0.0973,0.106,0.1042,-0.0085,0.067,0.0704,-0.0158,0.0037,0.0345,0.1051,0.0622,0.1142,0.1181,0.1147,0.0904,0.0917,0.1051,0.1025,0.0808,0.0635,0.1151,0.1051,0.0592,0.0869,0.1103,0.0795,0.0973,0.1142,0.0319,0.0964,0.1294,0.1155,0.1077,0.135,0.1081,0.1086,0.096,0.0886,-0.2503,-0.028,0.0826,0.0834,0.0973,0.0782,0.0674,0.0713,0.1025,0.0687
9/6/2020,2.7494,0.0643,0.0816,0.1089,-0.026,0.0459,-0.026,0.0044,-0.0449,-0.004,0.0443,0.0249,0.0874,0.0658,0.0895,0.1058,0.0753,0.0937,0.0396,0.0412,0.0711,0.0574,0.069,0.0884,0.0448,0.0963,0.0874,0.0926,0.0974,0.0916,0.0664,0.0853,0.089,0.1131,0.0916,0.0916,0.0911,0.1042,0.049,-0.2658,-0.0352,0.0354,0.0884,0.0585,0.0863,0.0501,0.0911,0.0832,0.1084
9/5/2020,4.5042,0.0814,0.1058,0.0835,0.0464,0.0017,0.0492,0.0195,0.1016,0.1223,0.1135,0.1097,0.1237,0.1013,0.0946,0.0926,0.0908,0.0995,0.0842,0.1041,0.1062,0.103,0.1132,0.0953,0.1202,0.1195,0.1163,0.1265,0.1216,0.0849,0.1093,0.1342,0.1268,0.1356,0.1191,0.1373,0.1135,0.1037,0.1216,-0.1608,0.0138,0.102,0.088,0.1006,0.1072,0.0894,0.0967,0.1097,0.1244
9/4/2020,2.3295,0.0861,0.0243,0.0941,-0.0012,-0.1146,-0.0516,-0.0375,-0.0511,0.0901,0.0459,-0.0454,0.0453,0.0896,0.0816,0.0629,0.0873,0.0708,0.0272,0.0493,0.081,0.0941,0.0827,0.0482,0.0595,0.0856,0.0748,0.0561,0.0964,0.0612,0.0833,0.0776,0.0981,0.1003,0.1173,0.1185,0.0697,0.0844,0.0623,-0.3772,-0.0873,0.0844,0.0374,0.0975,0.1077,0.081,0.1015,0.072,0.1083
9/3/2020,2.9352,0.0335,0.0552,0.0988,0.0527,0.0537,-0.0136,0.0659,-0.0385,0.072,0.0066,0.0861,0.0684,0.0694,0.0633,0.0735,0.0583,0.1044,0.079,0.0912,0.0446,0.0527,0.114,0.0932,0.0856,0.1089,0.0552,0.0193,0.1079,0.0249,0.0872,0.0942,0.1297,0.1302,0.1034,0.0983,0.0851,0.074,0.0608,-0.2463,-0.0261,0.0877,0.0198,0.113,0.0735,0.0654,0.037,0.0674,0.0947
9/2/2020,2.8578,0.0726,0.0875,0.106,0.0186,-0.0658,0.0438,0.0556,0.0361,0.0026,0.0962,0.0988,0.0947,0.0962,0.088,0.0844,0.0731,0.07,0.0391,0.0417,0.0715,0.0926,0.0643,0.0582,0.0695,0.1111,0.0741,-0.001,0.0952,0.0726,0.0787,0.0988,0.1096,0.1245,0.1158,0.0998,0.0787,0.0782,0.0623,-0.3707,-0.0842,0.0777,0.0859,0.0664,0.1003,0.0505,0.0607,0.1019,0.0756
9/1/2020,3.4792,0.1002,0.0989,0.06,0.0125,0.0595,0.0053,0.0328,0.0026,0.0713,0.0342,0.0934,0.0573,0.1079,0.0957,0.1106,0.0862,0.0821,0.0767,0.0577,0.0979,0.0912,0.0826,0.0731,0.0478,0.1142,0.1178,0.0482,0.102,0.0573,0.0903,0.1151,0.1124,0.1111,0.1337,0.1269,0.0993,0.0699,0.1002,-0.2654,-0.0351,0.046,0.1174,0.0889,0.1187,0.0839,0.1029,0.0781,0.1079
8/31/2020,3.4944,0.0986,0.0491,0.0459,0.0428,0.0716,0.0793,-0.0158,-0.0217,0.0743,0.0153,0.0193,0.0441,0.0743,0.0964,0.0757,0.0734,0.0712,0.0788,0.0572,0.0635,0.1076,0.0838,0.0986,0.1058,0.1248,0.0982,0.0581,0.1018,0.1085,0.1013,0.1171,0.1004,0.1198,0.104,0.1072,0.0977,0.0698,0.0639,-0.0158,0.0815,0.0748,0.082,0.0657,0.0617,0.0671,0.0491,0.0657,0.1009
8/30/2020,2.2208,0.0326,0.0384,0.0551,-0.0108,-0.0113,-0.0506,0.0702,-0.0223,0.0609,0.0332,-0.061,0.1002,0.0482,0.0505,0.0395,0.0898,0.0967,0.0933,0.0326,0.0522,0.0528,0.0528,0.0834,0.0771,0.0759,0.1054,-0.0206,0.0834,0.0129,0.0661,0.1112,0.1118,0.0933,0.0921,0.0944,0.065,0.0216,0.0389,-0.2088,-0.0086,0.0985,0.0557,0.0592,0.0678,0.0436,0.028,0.0534,0.0771
8/29/2020,2.3296,0.0402,0.0589,0.0657,-0.0227,-0.0295,0.0374,-0.0029,0.051,0.0113,0.089,0.0187,0.0181,0.0805,0.0827,0.0402,0.0345,0.0771,0.051,0.0431,0.0657,0.0544,0.0555,0.0141,0.0294,0.1134,0.0459,-0.0188,0.1009,0.0493,0.0533,0.1304,0.1196,0.1111,0.1117,0.0924,0.081,0.0629,0.0408,-0.1689,0.01,0.0351,0.0856,0.03,0.0952,0.0272,0.051,0.0635,0.0436
8/28/2020,2.3761,0.0199,0.0266,0.0671,0.0429,-0.0656,0.0486,-0.0431,-0.0189,0.03,0.0036,0.0772,0.0964,0.0772,0.0452,0.0699,0.0373,0.0907,0.0615,0.0311,0.0441,0.0964,0.0981,0.0334,0.0339,0.0716,0.0997,0.0474,0.1031,0.057,0.0587,0.1093,0.0947,0.1099,0.111,0.1071,0.0728,0.0424,0.0834,-0.3839,-0.0904,0.0733,0.1104,0.084,0.0891,0.0941,0.0542,0.0728,0.1009
8/27/2020,2.423,0.0434,0.0752,0.102,0.0038,-0.0804,0.0462,-0.0269,0.0518,0.1025,-0.0257,0.0161,0.0417,0.0875,0.0624,0.0942,0.0992,0.0797,0.0339,0.0691,0.064,0.0825,0.0886,0.0295,0.0668,0.0735,0.093,-0.0073,0.0864,0.0484,0.0574,0.0864,0.1025,0.126,0.1014,0.0763,0.0891,0.0334,0.0886,-0.3538,-0.0763,0.0852,0.1053,0.0406,0.1025,0.0362,0.0568,0.0713,0.093
8/26/2020,3.0439,0.1042,0.0532,0.0834,0.014,-0.0093,0.0046,0.0819,-0.0355,0.0036,0.0517,0.0918,0.0304,0.0785,0.072,0.0918,0.076,0.0789,0.0661,0.0666,0.0507,0.0998,0.1131,0.0928,0.0978,0.0745,0.0968,0.1077,0.0968,0.0111,0.0799,0.0988,0.0958,0.1141,0.1161,0.0938,0.0824,0.0913,0.0799,-0.2675,-0.036,0.0487,0.0953,0.1062,0.0656,0.0467,0.0685,0.1042,0.1151
8/25/2020,3.5409,0.102,0.0837,0.1141,0.0623,-0.0246,-0.0019,0.0944,-0.0211,0.1105,0.0302,0.0048,0.1016,0.0877,0.0873,0.0895,0.0864,0.0855,0.0806,0.09,0.0864,0.0739,0.1087,0.1029,0.1029,0.0779,0.0779,0.0445,0.1105,0.0775,0.102,0.094,0.1016,0.1127,0.1038,0.127,0.0926,0.0748,0.0717,-0.1832,0.0033,0.057,0.1221,0.0989,0.1203,0.0837,0.0753,0.0637,0.0935
8/24/2020,2.7027,0.0316,0.0724,0.0231,-0.0214,0.0152,0.0024,0.0395,0.0342,0.0427,0.0152,-0.0304,0.057,0.092,0.1068,0.0496,0.0941,0.0406,0.0782,0.048,0.0724,0.0491,0.074,0.0697,0.0941,0.0814,0.0793,0.0697,0.1004,0.0395,0.0597,0.1206,0.0994,0.1174,0.1158,0.083,0.0883,0.0401,0.0803,-0.0988,0.0427,0.0533,0.057,0.0475,0.0612,0.0401,0.0273,0.0607,0.0867
8/23/2020,3.0132,0.0819,0.032,0.0325,-0.0368,-0.0333,-0.0328,0.0375,0.0709,0.044,0.0914,0.0699,0.041,0.0954,0.1038,0.1068,0.0465,0.0584,0.0545,0.055,0.0839,0.0619,0.1178,0.0854,0.1013,0.1188,0.057,0.03,0.1003,0.0285,0.0959,0.1343,0.0944,0.1183,0.0884,0.1188,0.0824,0.0804,0.0769,-0.2039,-0.0063,0.057,0.0644,0.0505,0.0784,0.1013,0.0699,0.1013,0.1073
8/22/2020,2.3764,0.0452,0.0801,0.0924,-0.0262,-0.0791,-0.0622,0.0334,-0.0645,-0.024,0.0396,0.0699,0.0907,0.1014,0.0621,0.0356,0.0311,0.0593,0.0345,0.0345,0.0553,0.0722,0.0576,0.057,0.0233,0.0806,0.0936,0.0204,0.0936,0.0531,0.0902,0.0997,0.0885,0.1256,0.1239,0.0896,0.0705,0.0683,0.057,-0.1607,0.0138,0.0396,0.111,0.0728,0.0581,0.0559,0.0576,0.0654,0.0891
8/21/2020,1.9415,0.0207,0.0776,0.077,-0.0133,-0.1229,0.0473,-0.0829,-0.0599,0.0152,0.0146,-0.0321,0.0364,0.057,0.1006,0.0431,0.0394,0.0431,0.0279,0.0455,0.0467,0.094,0.0491,-0.0018,0.0958,0.0413,0.0715,-0.0351,0.0952,0.0352,0.0825,0.0964,0.0764,0.0873,0.1049,0.1061,0.0619,0.0588,0.0691,-0.1654,0.0116,0.0455,0.1006,0.0455,0.0867,0.0467,0.0946,0.0588,0.0473
8/20/2020,1.5377,0.0652,0.0271,0.0077,-0.0964,-0.0989,-0.0595,-0.0266,-0.1002,0.0213,0.0419,0.0348,0.0943,0.0852,0.0607,0.0781,0.0665,0.0277,0.0426,0.0594,0.0206,0.0807,0.0109,0.0142,0.0109,0.0452,0.0568,-0.002,0.0788,0.0749,0.0426,0.062,0.0911,0.0762,0.0697,0.0904,0.06,0.0562,0.02,-0.1329,0.0268,0.0381,0.0077,0.0814,0.0704,0.0213,0.0232,0.0878,0.0238
8/19/2020,1.5996,0.0303,0.0009,0.0035,0.0169,-0.1572,0.0105,-0.0279,-0.0753,-0.0317,0.0227,0.0515,0.0252,0.0822,0.0316,0.0559,0.0911,0.0239,0.0604,0.0668,0.0438,0.0892,0.038,-0.0113,0.0822,0.0655,0.0732,-0.042,0.0758,0.0022,0.0694,0.1148,0.0687,0.0796,0.0758,0.0707,0.0585,0.0495,0.0463,-0.0349,0.0726,0.0515,0.0233,0.0156,0.0227,0.0118,0.0444,0.0131,0.0483
8/18/2020,1.7085,0.044,0.0396,0.0125,-0.0422,-0.007,0.022,-0.0328,-0.0001,-0.012,0.0364,0.0528,0.0176,0.0591,0.0698,0.0861,0.0484,0.0358,0.0912,0.0371,0.0559,0.0723,0.0855,0.0188,0.0169,0.0591,0.0949,0.0767,0.0918,-0.0221,0.0805,0.0805,0.1069,0.1075,0.1195,0.0861,0.0717,0.0603,0.0528,-0.4115,-0.1033,0.0132,0.0257,0.1019,0.0371,0.0377,0.01,0.0421,0.0817
8/17/2020,2.2209,0.0517,0.0886,0.0257,-0.0183,0.0095,-0.0131,0.032,0.0239,0.0025,0.0436,0.0592,0.0898,0.0858,0.0494,0.0482,0.069,0.0546,0.0407,0.0337,0.0678,0.0389,0.058,0.0754,0.0829,0.1089,0.0447,0.0811,0.0996,-0.0235,0.0904,0.1129,0.1245,0.0748,0.1239,0.1054,0.0806,0.0834,0.0869,-0.4322,-0.1129,0.0337,0.0054,0.0465,0.1014,0.0517,0.0644,0.0939,0.0759
8/16/2020,3.5568,0.0805,0.0907,0.096,0.028,0.0151,0.0245,0.0249,0.0854,0.0618,0.0378,0.092,0.06,0.0987,0.104,0.1089,0.0747,0.1098,0.1076,0.0982,0.0938,0.0796,0.1245,0.06,0.0605,0.0836,0.072,0.0627,0.108,0.0347,0.0867,0.1147,0.1222,0.1236,0.1036,0.0947,0.0934,0.1036,0.1089,-0.225,-0.0162,0.0671,0.1067,0.0778,0.1125,0.0711,0.0689,0.0596,0.1049
8/15/2020,3.0131,0.0629,0.0669,0.0764,0.0495,0.0181,0.0275,0.0395,0.0699,0.1138,0.056,0.057,0.0968,0.0973,0.1058,0.0609,0.0854,0.0629,0.0515,0.0914,0.0914,0.0914,0.1088,0.038,0.0589,0.1163,0.0929,0.1008,0.1083,0.0774,0.0899,0.1213,0.0854,0.1183,0.1303,0.0884,0.0874,0.0505,0.0779,-0.4902,-0.14,0.0914,0.0325,0.0724,0.1158,0.0959,0.0465,0.1023,0.0634
8/14/2020,4.1313,0.0827,0.0846,0.0727,0.0332,0.0634,0.073,0.0568,0.0344,0.0715,0.0905,0.0289,0.1098,0.1082,0.0893,0.0846,0.0963,0.0947,0.1036,0.0947,0.1071,0.0932,0.0866,0.0785,0.0723,0.1191,0.126,0.0897,0.1156,0.0761,0.0881,0.1249,0.1191,0.133,0.116,0.1055,0.1102,0.1075,0.1024,-0.0918,0.046,0.0773,0.1226,0.0835,0.0974,0.0827,0.0711,0.0986,0.1001
8/13/2020,3.9447,0.0872,0.075,0.0706,0.026,0.0665,0.0612,0.0811,0.056,0.0418,0.0714,0.105,0.0637,0.1192,0.0892,0.1192,0.0685,0.09,0.0912,0.0754,0.1054,0.1042,0.1103,0.0998,0.077,0.0892,0.1249,0.116,0.1127,0.0288,0.1018,0.1026,0.0989,0.1241,0.1111,0.1115,0.1071,0.0864,0.1208,-0.2068,-0.0077,0.105,0.0543,0.1038,0.1188,0.0908,0.0787,0.1144,0.1026
8/12/2020,3.2927,0.0697,0.0659,0.0608,0.0391,-0.0296,0.0109,0.0711,0.0372,0.0584,0.024,0.0245,0.0622,0.1017,0.1031,0.1036,0.1055,0.1036,0.0688,0.0956,0.0579,0.0833,0.0871,0.0593,0.0998,0.1064,0.1041,0.0179,0.1163,0.0801,0.0994,0.0928,0.1238,0.1045,0.0918,0.0984,0.1031,0.0763,0.1116,-0.3272,-0.0639,0.1097,0.0918,0.113,0.1154,0.1059,0.0843,0.0998,0.0739
8/11/2020,2.9509,0.0349,0.0687,0.0409,-0.0383,0.0505,0.0228,-0.0101,0.0223,0.046,0.0536,0.095,0.0293,0.1056,0.1096,0.0924,0.0798,0.0657,0.0763,0.0919,0.0899,0.0662,0.1131,0.0561,0.0778,0.1207,0.1152,0.093,0.098,0.0778,0.0879,0.1197,0.1157,0.1258,0.1066,0.1025,0.0818,0.0712,0.0889,-0.4185,-0.1065,0.0485,0.047,0.1056,0.1056,0.0425,0.1005,0.1061,0.0753
8/10/2020,3.5101,0.0499,0.0544,0.0692,0.0463,-0.039,0.0356,-0.0269,0.0347,0.0113,0.0944,0.0014,0.1101,0.0939,0.0885,0.0957,0.1101,0.0832,0.0665,0.0603,0.0567,0.0733,0.0858,0.0814,0.0562,0.076,0.107,0.0333,0.1101,0.0517,0.0935,0.1272,0.1038,0.1016,0.1173,0.1186,0.1047,0.0751,0.0692,-0.006,0.0861,0.1123,0.1137,0.0598,0.1056,0.0697,0.0962,0.0805,0.1101
8/9/2020,3.3547,0.0543,0.0793,0.0872,0.0408,-0.0433,0.057,-0.0335,0.0598,0.0914,0.0505,0.0199,0.045,0.0733,0.0677,0.1067,0.0714,0.0905,0.0803,0.0937,0.0635,0.0896,0.064,0.038,0.0882,0.0863,0.0752,0.1114,0.1197,0.0886,0.0923,0.1272,0.1021,0.1165,0.1263,0.0984,0.0863,0.0844,0.1086,-0.1671,0.0108,0.0803,0.0589,0.1142,0.0738,0.0979,0.0779,0.0733,0.0761
8/8/2020,3.7277,0.1064,0.0552,0.0821,0.059,0.0124,0.0663,0.0782,0.0291,0.1124,0.0637,0.0355,0.0697,0.1111,0.1145,0.1017,0.1009,0.1069,0.1073,0.0979,0.0923,0.1111,0.1214,0.062,0.0829,0.1227,0.0808,0.0479,0.1205,0.0522,0.0936,0.1039,0.0962,0.1214,0.1312,0.1034,0.1034,0.1201,0.0928,-0.274,-0.0391,0.0757,0.1201,0.0812,0.1009,0.0663,0.0902,0.0675,0.0688
8/7/2020,3.2926,0.1069,0.0499,0.0462,0.0377,-0.0386,0.0033,0.0504,0.0165,0.0852,0.1045,0.0014,0.0608,0.0956,0.0768,0.1102,0.1026,0.0725,0.1097,0.0885,0.0989,0.0918,0.0829,0.0739,0.0796,0.0749,0.0937,0.0589,0.1008,0.0786,0.1022,0.1196,0.0951,0.1224,0.1017,0.1262,0.1003,0.0956,0.1139,-0.2557,-0.0305,0.1064,0.0311,0.0617,0.0617,0.0918,0.0702,0.0895,0.0753
8/6/2020,1.7088,0.0887,0.0805,0.0704,0.0176,-0.007,-0.0233,-0.0019,-0.0296,0.015,0.0377,-0.073,0.0566,0.0685,0.0547,0.0849,0.0685,0.0522,0.0849,0.0786,0.044,0.0421,0.0987,0.0094,0.0704,0.0937,0.0855,-0.0082,0.0943,0.0113,0.0358,0.1119,0.0786,0.0666,0.0924,0.0874,0.0717,0.0975,0.0685,-0.4261,-0.1101,0.0106,0.0163,0.0572,0.0459,0.0264,0.0188,0.0383,0.0559
8/5/2020,1.6308,0.0348,-0.0066,0.0164,-0.0384,-0.0403,-0.0168,0.0444,0.0495,0.0488,0.0699,-0.0473,0.0004,0.0902,0.0495,0.0775,0.0278,0.0718,0.0832,0.0648,0.0164,0.0654,0.0749,0.003,0.082,0.0386,0.0437,-0.0429,0.0871,-0.0442,0.0495,0.0628,0.1106,0.1093,0.1163,0.0992,0.0603,0.0603,0.059,-0.3383,-0.0691,0.073,-0.0002,0.1011,0.0832,0.0272,-0.0085,0.0737,0.0578
8/4/2020,1.5996,0.0207,0.0783,0.0214,-0.0893,-0.0932,-0.0247,-0.0759,-0.0042,-0.0125,0.0457,-0.0413,0.0809,0.0342,0.0559,0.0284,0.0444,0.0316,0.0374,0.0502,0.0143,0.0431,0.0937,0.0796,0.0156,0.0969,0.0937,0.0188,0.1014,-0.0106,0.047,0.1161,0.1065,0.1103,0.0675,0.1116,0.0585,0.0438,0.0969,-0.3033,-0.0527,0.0124,0.095,0.0598,0.0713,0.0527,0.0675,0.0655,0.0387
8/3/2020,1.5533,0.0564,0.0635,0.0874,-0.0396,-0.0235,0.0416,-0.0235,-0.0151,-0.0061,0.0029,0.079,0.0171,0.0713,0.0352,0.0777,0.068,0.0622,0.0145,0.0661,0.0442,0.0667,0.0758,0.0468,0.0087,0.0468,0.0577,0.0571,0.0938,-0.01,0.0803,0.0945,0.0867,0.0661,0.0951,0.0738,0.0667,0.0551,0.0977,-0.5576,-0.1715,0.0803,0.0577,0.0738,0.0706,0.01,0.0655,0.0229,0.0629
8/2/2020,1.6306,0.0737,0.0425,0.0017,-0.027,0.0119,-0.0321,-0.1034,-0.0805,-0.0448,0.0839,-0.02,0.0762,0.0367,0.0807,0.0622,0.0718,0.0253,0.0259,0.0119,0.0227,0.0463,0.038,0.0883,0.0106,0.0915,0.059,0.0342,0.0871,-0.0168,0.0686,0.0794,0.0921,0.0769,0.0883,0.0807,0.0749,0.0463,0.031,-0.1946,-0.002,0.0476,0.0335,0.0788,0.0552,0.0259,0.0934,0.0514,0.0457
8/1/2020,3.0132,0.0425,0.034,0.047,0.056,-0.0129,0.0644,0.0166,0.0225,0.0265,0.0649,-0.0029,0.043,0.0884,0.0959,0.1028,0.0584,0.0664,0.0839,0.0789,0.0739,0.0834,0.058,0.1053,0.0759,0.0819,0.058,0.0754,0.1098,0.0041,0.0754,0.0874,0.1283,0.1073,0.1243,0.1123,0.0879,0.1093,0.0594,-0.1611,0.0137,0.046,0.044,0.05,0.055,0.0954,0.0983,0.0849,0.0934
7/31/2020,3.0443,0.0651,0.0943,0.0819,0.0383,-0.0861,0.0358,0.0373,0.0755,0.0358,0.0527,0.0086,0.0819,0.0894,0.0978,0.0794,0.0804,0.072,0.0993,0.0859,0.0775,0.1107,0.1181,0.0671,0.0646,0.0804,0.0775,0.0472,0.1052,0.076,0.0889,0.1012,0.0844,0.0998,0.1131,0.0988,0.078,0.0745,0.0542,-0.3283,-0.0644,0.0705,0.0487,0.1146,0.1097,0.0948,0.0616,0.0884,0.1062
7/30/2020,2.7335,0.0424,0.0619,0.0434,-0.0103,-0.0092,0.0397,0.0771,-0.014,0.0361,0.0208,0.0371,0.0877,0.1077,0.0882,0.045,0.0835,0.1045,0.0998,0.0708,0.0756,0.0592,0.0792,0.0261,0.0777,0.0624,0.0555,0.0956,0.0914,0.0197,0.0766,0.0882,0.0924,0.0966,0.1251,0.123,0.0813,0.0471,0.0929,-0.3213,-0.0611,0.1008,0.0592,0.0924,0.1161,0.0566,0.0245,0.0908,0.0977
7/29/2020,2.7178,0.0985,0.0843,0.0388,0.0351,-0.0705,0.0256,-0.0082,-0.0473,0.0705,0.0336,0.0336,0.0177,0.07,0.1059,0.052,0.0774,0.0441,0.042,0.07,0.0621,0.0658,0.0684,0.0489,0.0542,0.0695,0.0927,0.004,0.0969,0.0114,0.0542,0.1234,0.0996,0.1271,0.1043,0.0853,0.0969,0.1017,0.0859,-0.1045,0.0401,0.1065,0.0515,0.0573,0.0594,0.0837,0.0478,0.0621,0.0885
7/28/2020,2.9968,0.0626,0.0976,0.0566,-0.0074,-0.0149,-0.0204,0.0486,0.0336,-0.0109,0.0741,0.0936,0.0621,0.0886,0.0991,0.0811,0.0466,0.0981,0.0866,0.0501,0.0641,0.0601,0.0906,0.0761,0.0596,0.0686,0.0711,0.0896,0.1166,-0.0044,0.0606,0.1342,0.0921,0.1161,0.1266,0.1141,0.0801,0.1071,0.0656,-0.1948,-0.0021,0.0571,0.0386,0.0846,0.0821,0.0641,0.0946,0.0991,0.0596
7/27/2020,3.5102,0.1061,0.089,0.0998,0.0113,0.0418,0.0104,0.0225,0.0436,0.0975,0.0809,0.01,0.0468,0.0971,0.0769,0.1016,0.0733,0.0926,0.0692,0.0603,0.0939,0.0939,0.0998,0.0463,0.1011,0.1258,0.0975,0.107,0.1155,0.1096,0.0953,0.129,0.1218,0.129,0.1204,0.1052,0.0917,0.0647,0.1002,-0.2811,-0.0424,0.0607,0.1083,0.0849,0.0854,0.0674,0.0755,0.0742,0.0989
7/26/2020,2.6246,0.0645,0.0323,0.0731,0.0258,-0.0876,-0.043,0.0065,-0.0252,0.0355,0.0952,0.0909,0.0758,0.0726,0.0683,0.0877,0.042,0.085,0.1006,0.0436,0.086,0.0742,0.0721,0.0608,0.0414,0.1183,0.0543,0.0274,0.0989,0.0344,0.0882,0.1161,0.0801,0.0812,0.1006,0.0823,0.0817,0.0393,0.0559,-0.1507,0.0185,0.1032,0.0307,0.0382,0.0855,0.0785,0.0215,0.085,0.0774
7/25/2020,3.0905,0.0925,0.0739,0.0587,0.0469,-0.0277,0.0385,0.0155,-0.0395,0.0317,0.0601,0.0012,0.0719,0.0783,0.096,0.0935,0.093,0.0984,0.0866,0.0547,0.0655,0.0763,0.1107,0.0464,0.1019,0.0709,0.1092,0.1117,0.0974,-0.0002,0.0994,0.1156,0.1195,0.092,0.1048,0.1092,0.094,0.0513,0.0857,-0.1754,0.007,0.0484,0.1097,0.0724,0.0758,0.0459,0.0754,0.0808,0.065
7/24/2020,2.9199,0.1047,0.0666,0.0564,0.028,-0.0543,-0.0152,0.0839,-0.0243,0.0016,0.0168,0.0193,0.031,0.0996,0.1027,0.0676,0.0762,0.0691,0.0757,0.0844,0.0534,0.0798,0.093,0.0961,0.1164,0.0854,0.063,0.0737,0.1067,0.0442,0.0625,0.0894,0.1199,0.1103,0.0976,0.1184,0.0981,0.0859,0.1088,-0.2811,-0.0424,0.0295,0.1082,0.0559,0.1179,0.0869,0.1006,0.0874,0.0646
7/23/2020,2.7338,0.0303,0.0561,0.064,0.0445,-0.0113,-0.0187,0.0382,0.0334,0.1108,0.0756,0.0282,0.0587,0.0592,0.1035,0.0655,0.0634,0.0892,0.0571,0.0729,0.0582,0.0892,0.1156,0.0961,0.0592,0.0756,0.0919,0.0045,0.0924,-0.005,0.0598,0.0982,0.0924,0.1056,0.104,0.1056,0.0908,0.1072,0.1061,-0.4225,-0.1084,0.0724,0.1093,0.0887,0.075,0.0824,0.0914,0.1014,0.0761
7/22/2020,2.9969,0.0356,0.0411,0.0416,-0.0349,-0.0504,-0.0174,-0.0344,0.0321,0.0196,0.0061,0.0576,0.0806,0.1081,0.0801,0.0816,0.0781,0.0946,0.0701,0.0806,0.0976,0.0781,0.0476,0.0376,0.0561,0.0646,0.0681,0.0301,0.1006,0.0186,0.0976,0.0961,0.1056,0.0881,0.1216,0.1151,0.0986,0.0791,0.0711,0.0678,0.1205,0.0831,0.0566,0.0821,0.0671,0.0431,0.1061,0.0761,0.0521
7/21/2020,2.6249,0.0425,0.0205,0.1011,0.0301,-0.1005,-0.0123,-0.0204,-0.036,0.0495,0.0172,0.0807,0.0393,0.0925,0.1081,0.0624,0.0409,0.0656,0.0382,0.0398,0.0344,0.0635,0.114,0.0952,0.0479,0.1027,0.1108,0.0151,0.1054,0.014,0.093,0.1043,0.1258,0.1102,0.0871,0.0946,0.0812,0.0554,0.0936,-0.1851,0.0024,0.078,0.0952,0.0484,0.0963,0.0925,0.057,0.0441,0.0887
7/20/2020,3.4946,0.1049,0.0748,0.0833,0.063,0.0238,0.0058,0.0662,0.041,0.0036,0.0347,0.0202,0.068,0.1099,0.1094,0.0824,0.0725,0.082,0.0959,0.0721,0.0671,0.1076,0.0847,0.063,0.0743,0.0892,0.0815,0.0856,0.1027,0.0247,0.1013,0.1293,0.1203,0.0973,0.1158,0.109,0.095,0.0919,0.091,-0.1045,0.04,0.0689,0.0811,0.0739,0.0594,0.0937,0.0554,0.0693,0.1126
7/19/2020,3.0443,0.0363,0.0626,0.077,0.0056,0.0106,0.0646,0.0571,-0.0018,0.0294,0.0591,0.0631,0.0537,0.0834,0.0988,0.0596,0.0502,0.0482,0.0963,0.0532,0.0566,0.0874,0.0874,0.1047,0.0864,0.073,0.0978,0.014,0.1032,0.0259,0.0745,0.1196,0.1102,0.1008,0.1245,0.1171,0.0973,0.0824,0.1082,-0.1668,0.011,0.0552,0.0244,0.073,0.1092,0.0641,0.0433,0.0606,0.0923
7/18/2020,2.4539,0.0313,0.023,0.0264,0.0236,-0.0291,-0.0247,-0.033,-0.0141,0.0674,0.0053,0.0386,0.0846,0.0835,0.0801,0.0524,0.0951,0.0946,0.084,0.0607,0.0829,0.0674,0.0984,0.0391,0.1107,0.1151,0.0807,-0.0025,0.0962,0.0441,0.0796,0.0984,0.0996,0.1129,0.099,0.1123,0.084,0.0325,0.0707,-0.3188,-0.06,0.0302,0.0746,0.0885,0.1101,0.084,0.0774,0.0519,0.0452
7/17/2020,3.0284,0.0732,0.0399,0.0787,-0.0039,-0.0257,0.0389,-0.0337,0.0155,0.11,0.0976,0.0593,0.0573,0.0792,0.0822,0.0528,0.0538,0.106,0.0578,0.0831,0.0732,0.1045,0.1015,0.0538,0.1045,0.0697,0.0866,0.0633,0.1055,0.0309,0.101,0.0891,0.1,0.1274,0.1165,0.1015,0.0802,0.0474,0.0548,-0.1872,0.0015,0.0478,0.117,0.0921,0.0598,0.0588,0.0712,0.0727,0.0613
7/16/2020,3.1684,0.1034,0.0594,0.057,0.0309,-0.0256,-0.0063,-0.0348,0.0642,0.099,0.0121,-0.0078,0.043,0.0855,0.0758,0.0981,0.1053,0.0652,0.0855,0.0546,0.0807,0.0797,0.0932,0.0319,0.0536,0.1203,0.1029,0.0087,0.1155,0.0381,0.0667,0.1188,0.1193,0.1097,0.1077,0.1072,0.0903,0.0609,0.1,-0.1456,0.0209,0.0879,0.0932,0.0811,0.1217,0.0753,0.113,0.0802,0.071
7/15/2020,2.5317,0.0814,0.0639,0.0611,-0.0154,-0.0329,0.0633,0.0743,0.0086,0.077,0.054,0.0562,0.0332,0.0786,0.1071,0.0453,0.0819,0.0349,0.0595,0.0469,0.0819,0.0584,0.1082,0.1032,0.031,0.0961,0.0546,0.0163,0.0945,0.0436,0.0792,0.0879,0.1027,0.1169,0.1196,0.0874,0.0939,0.036,0.0726,-0.3068,-0.0544,0.0179,0.071,0.0644,0.0825,0.0447,0.0343,0.065,0.0502
7/14/2020,3.9602,0.1174,0.0843,0.1073,0.0487,-0.0329,0.0257,0.0665,0.0564,0.0915,0.0697,0.1125,0.1,0.0964,0.1101,0.1146,0.1024,0.0863,0.0738,0.0814,0.0729,0.1137,0.1275,0.1028,0.081,0.1222,0.1097,0.0976,0.1255,0.0382,0.0936,0.1234,0.1238,0.1097,0.1299,0.1081,0.0996,0.0729,0.075,-0.1798,0.0049,0.0669,0.0964,0.1081,0.0713,0.0738,0.0919,0.0907,0.0968
7/13/2020,3.1527,0.0397,0.0872,0.1109,-0.0001,0.0484,0.0469,-0.0204,-0.0044,0.0116,0.1003,0.0101,0.0949,0.092,0.0741,0.1041,0.0954,0.0726,0.0872,0.0532,0.0814,0.0959,0.1143,0.0944,0.0576,0.0954,0.0949,0.0217,0.1027,0.0717,0.076,0.1279,0.1289,0.126,0.1167,0.11,0.0886,0.0799,0.0784,-0.371,-0.0843,0.0513,0.1041,0.1104,0.0911,0.0954,0.1007,0.0843,0.1046
7/12/2020,3.5409,0.0592,0.0793,0.1136,0.0396,0.0369,0.0405,0.0177,0.0365,0.016,0.0672,0.0539,0.0409,0.0846,0.0864,0.1047,0.0851,0.1078,0.1007,0.0659,0.0953,0.1096,0.1172,0.0708,0.1181,0.102,0.0993,0.1069,0.1029,0.0597,0.0842,0.1256,0.1198,0.1118,0.1118,0.0953,0.1007,0.0775,0.0913,-0.2911,-0.0471,0.0993,0.1176,0.0561,0.0873,0.0837,0.1118,0.0721,0.1149
7/11/2020,3.743,0.0764,0.0934,0.1075,0.0185,0.0296,0.0279,0.0602,0.0709,0.0496,0.0773,0.0739,0.07,0.1054,0.1156,0.0922,0.0688,0.0824,0.0986,0.1066,0.0832,0.0747,0.0785,0.1083,0.1156,0.1177,0.1062,0.0368,0.1088,0.0611,0.1092,0.1232,0.1066,0.1326,0.1322,0.1203,0.1113,0.0888,0.1169,-0.3203,-0.0607,0.0807,0.1147,0.1083,0.1109,0.0837,0.0888,0.1054,0.0747
7/10/2020,2.8575,0.0247,0.0551,0.0978,-0.0128,-0.0627,0.0057,0.0134,0.0304,-0.0128,0.0756,0.0155,0.1014,0.0607,0.0628,0.0505,0.0448,0.0947,0.0998,0.0921,0.0643,0.0731,0.0911,0.0227,0.0792,0.0751,0.0813,0.0931,0.0972,0.0638,0.0782,0.1096,0.0926,0.0931,0.1214,0.0844,0.0849,0.0587,0.1024,-0.1425,0.0223,0.0268,0.1096,0.0674,0.0751,0.0818,0.0448,0.1019,0.0674
7/9/2020,3.5723,0.0529,0.0834,0.0467,0.0471,0.0396,-0.0051,0.0316,0.0546,0.0077,0.0498,-0.0051,0.1025,0.0936,0.098,0.0737,0.0644,0.0622,0.106,0.0936,0.0675,0.106,0.1162,0.1095,0.0675,0.079,0.0741,0.0617,0.1188,0.0507,0.0958,0.1091,0.1264,0.1153,0.1237,0.1007,0.0985,0.0582,0.0728,-0.0169,0.081,0.067,0.0458,0.1011,0.0923,0.0963,0.1078,0.0839,0.0653
7/8/2020,2.8577,0.0798,0.0489,0.0289,-0.0411,0.0448,-0.0179,-0.0113,0.0371,0.0767,0.1014,0.052,0.0453,0.071,0.0751,0.106,0.0993,0.088,0.051,0.0648,0.0628,0.0952,0.0926,0.0469,0.0633,0.0782,0.0664,0.0206,0.1024,0.087,0.09,0.0988,0.1296,0.1183,0.0942,0.1003,0.0993,0.0643,0.0582,-0.3059,-0.054,0.0823,0.0803,0.0875,0.069,0.0469,0.108,0.0648,0.1106
7/7/2020,3.1371,0.0947,0.0607,0.0757,-0.0006,-0.0808,-0.0128,0.085,-0.0274,0.0767,0.0096,0.0179,0.0699,0.0923,0.0981,0.0821,0.0616,0.0621,0.0475,0.066,0.0898,0.1083,0.0796,0.0762,0.0383,0.0694,0.0723,0.0242,0.1015,0.0266,0.0723,0.1098,0.1156,0.1049,0.0942,0.1064,0.0825,0.0859,0.0733,-0.0213,0.0789,0.101,0.1064,0.0762,0.0918,0.0821,0.0475,0.0524,0.1127
7/6/2020,2.5313,0.0447,0.0387,0.0179,0.0218,0.0458,0.0026,0.0207,0.0414,-0.028,0.0781,0.0688,0.0485,0.0557,0.1038,0.0972,0.0841,0.0617,0.077,0.0442,0.0442,0.0846,0.0447,0.0387,0.0535,0.0671,0.0469,0.0808,0.095,0.0518,0.0611,0.1213,0.0835,0.124,0.0978,0.0939,0.0775,0.0978,0.0819,-0.3538,-0.0763,0.0846,0.1092,0.06,0.0819,0.0945,0.0557,0.0551,0.0496
7/5/2020,3.2458,0.1082,0.0578,0.1129,-0.0083,-0.014,0.0198,0.0782,0.0492,0.0416,0.0526,0.0916,0.0326,0.1072,0.093,0.0554,0.0816,0.0863,0.063,0.0996,0.0549,0.0759,0.1039,0.073,0.082,0.0773,0.0868,0.0259,0.1068,0.0431,0.0811,0.1049,0.1177,0.0939,0.1129,0.1201,0.1001,0.0511,0.1125,-0.1953,-0.0023,0.0844,0.0996,0.0488,0.0744,0.0626,0.0754,0.0759,0.0901
7/4/2020,3.6807,0.0475,0.0885,0.0509,0.06,0.0146,0.0181,0.0596,0.0051,0.1053,0.0708,0.0414,0.0846,0.1084,0.1049,0.1092,0.0768,0.0729,0.0639,0.0811,0.1014,0.1002,0.1066,0.0488,0.1127,0.0811,0.0734,0.0341,0.12,0.1027,0.076,0.0984,0.0963,0.1127,0.12,0.101,0.1053,0.0846,0.0634,-0.146,0.0207,0.1161,0.114,0.0945,0.0811,0.0915,0.0954,0.1036,0.1075
7/3/2020,3.1062,0.0996,0.0429,0.036,0.0507,0.0154,0.0458,0.0154,-0.0056,0.0159,0.015,0.084,0.0937,0.1045,0.0717,0.0947,0.0668,0.0615,0.08,0.0487,0.0947,0.0903,0.0908,0.1065,0.0561,0.1202,0.0825,0.012,0.1158,0.014,0.0815,0.0982,0.0889,0.1011,0.1231,0.1026,0.103,0.0507,0.0659,-0.1643,0.0122,0.083,0.1084,0.0874,0.0477,0.0952,0.061,0.0776,0.0634
7/2/2020,2.9353,0.0441,0.0289,0.077,0.0244,-0.0192,0.0456,0.0542,-0.044,0.039,-0.0005,0.0755,0.0487,0.0801,0.0877,0.0953,0.1074,0.0679,0.0593,0.0932,0.0821,0.0846,0.072,0.0897,0.0907,0.0755,0.0831,0.1104,0.1094,0.0411,0.0745,0.1236,0.1013,0.0993,0.1216,0.1155,0.0811,0.0431,0.0856,-0.2086,-0.0086,0.1064,0.0198,0.0907,0.0563,0.0542,0.0679,0.0542,0.0542
7/1/2020,3.8679,0.1026,0.0729,0.1138,0.0571,-0.0259,0.01,0.0704,0.0237,0.122,0.0605,0.02,0.0766,0.0848,0.1109,0.1105,0.0791,0.0671,0.0745,0.0935,0.0923,0.1051,0.0919,0.0968,0.0799,0.0968,0.0931,0.0522,0.1253,0.1072,0.1105,0.132,0.1291,0.1258,0.1295,0.1096,0.101,0.0778,0.096,-0.1255,0.0303,0.0857,0.0509,0.1171,0.0729,0.07,0.0799,0.0956,0.115
6/30/2020,3.4012,0.0802,0.0715,0.043,0.0103,0.0218,-0.0049,0.0618,0.065,0.0903,0.0103,0.0476,0.0407,0.0775,0.0945,0.1046,0.0848,0.0609,0.0958,0.0811,0.1032,0.0779,0.1216,0.083,0.0793,0.0894,0.0968,0.1161,0.1083,0.0866,0.1004,0.0945,0.1216,0.1234,0.1175,0.1211,0.0917,0.1119,0.0931,-0.2481,-0.027,0.0558,0.0508,0.1,0.0857,0.0742,0.0476,0.0963,0.0917
6/29/2020,3.1531,0.0566,0.0809,0.0886,-0.0296,0.0397,0.0692,0.0116,0.0135,0.0658,0.0654,0.0309,0.1012,0.1066,0.0726,0.0838,0.0906,0.0528,0.0465,0.0639,0.0983,0.1037,0.1163,0.0833,0.1124,0.0828,0.0935,0.0116,0.1143,0.0082,0.0721,0.1289,0.1017,0.1235,0.0998,0.1163,0.0867,0.0959,0.0557,-0.323,-0.062,0.0891,0.0649,0.1172,0.093,0.0532,0.0974,0.107,0.1007
6/28/2020,4.2868,0.1061,0.1113,0.0835,0.0371,0.072,0.0575,0.1017,0.0308,0.0426,0.0779,0.03,0.0716,0.1154,0.0983,0.0801,0.1143,0.0853,0.1065,0.105,0.1095,0.1106,0.098,0.0972,0.0995,0.124,0.1202,0.1006,0.1173,0.1188,0.1147,0.1336,0.1132,0.1143,0.1188,0.121,0.1047,0.0961,0.1158,-0.1731,0.0081,0.1043,0.1151,0.1047,0.1035,0.1151,0.0913,0.0813,0.0816
6/27/2020,3.0751,0.0844,0.0692,0.0578,0.0199,0.0593,0.0332,0.0746,0.0007,0.0923,0.0972,0.0367,0.0317,0.0962,0.0957,0.0534,0.0701,0.0657,0.0997,0.0687,0.0884,0.111,0.0898,0.0529,0.114,0.1012,0.1036,0.0445,0.1066,0.0007,0.0726,0.1258,0.1233,0.1287,0.1204,0.1233,0.0938,0.0426,0.0701,-0.3588,-0.0786,0.0381,0.048,0.1115,0.1135,0.0534,0.0534,0.1056,0.0692
6/26/2020,2.9041,0.0856,0.0627,0.0423,0.0321,-0.0606,0.0337,0.0067,-0.0417,0.0515,0.0897,-0.0178,0.0434,0.0958,0.0576,0.0963,0.104,0.0617,0.0418,0.0474,0.0505,0.0984,0.0749,0.0586,0.1157,0.0851,0.0877,0.0576,0.1147,0.0444,0.0887,0.1193,0.129,0.0856,0.1106,0.0902,0.0882,0.0653,0.107,-0.171,0.009,0.0775,0.0602,0.0495,0.104,0.08,0.0357,0.0719,0.0836
6/25/2020,3.013,0.037,0.0824,0.0375,-0.0333,-0.0682,-0.0024,0.0006,-0.0308,0.0011,0.0749,0.0056,0.0659,0.1053,0.0594,0.0879,0.0749,0.0515,0.0884,0.0734,0.046,0.0954,0.0869,0.0545,0.1003,0.0819,0.0929,0.032,0.1068,0.0744,0.0744,0.1138,0.0899,0.1073,0.1043,0.1023,0.0799,0.0545,0.0669,0.083,0.1276,0.0819,0.0235,0.0659,0.0505,0.0849,0.03,0.0824,0.1078
6/24/2020,4.83,0.1239,0.0982,0.089,0.0659,0.0855,0.0462,0.1061,0.0871,0.1267,0.0881,0.1217,0.114,0.1144,0.1083,0.1204,0.1023,0.1236,0.1258,0.0963,0.1144,0.1179,0.1229,0.0817,0.0957,0.1305,0.1137,0.1074,0.1305,0.0991,0.121,0.1318,0.1324,0.1397,0.1331,0.1356,0.1121,0.102,0.1074,-0.2366,-0.0216,0.1036,0.1299,0.1191,0.1023,0.108,0.1169,0.121,0.115
6/23/2020,2.6246,0.0624,0.086,0.0704,-0.0473,-0.0838,0.0291,-0.022,-0.043,0.086,0.0022,-0.0037,0.0382,0.1016,0.0758,0.1043,0.1,0.0914,0.0441,0.0484,0.0769,0.0656,0.0742,0.0957,0.1129,0.0726,0.1097,0.0834,0.0989,0.0489,0.0925,0.0946,0.1151,0.121,0.1032,0.1016,0.0941,0.0952,0.0699,-0.4321,-0.1129,0.0968,0.0549,0.1108,0.0688,0.085,0.092,0.0823,0.1129
6/22/2020,3.0445,0.0636,0.0393,0.0844,0.0428,-0.0028,0.0477,0.0636,-0.0241,0.0225,0.0527,0.0918,0.0487,0.0849,0.0611,0.0973,0.071,0.1042,0.078,0.0928,0.0562,0.0864,0.0968,0.0725,0.0745,0.07,0.0576,0.1112,0.0958,0.0824,0.0978,0.124,0.1112,0.0923,0.1211,0.1191,0.0978,0.0993,0.0869,-0.2769,-0.0404,0.0497,0.0249,0.0448,0.0557,0.0452,0.0963,0.078,0.0948
6/21/2020,3.2614,0.08,0.1017,0.106,0.0008,-0.0158,0.0463,-0.0281,0.0691,0.1164,0.0615,0.0515,0.0719,0.1013,0.0837,0.0724,0.0676,0.1013,0.1055,0.0653,0.0643,0.0648,0.1122,0.0439,0.0871,0.0738,0.0653,0.1032,0.1093,0.0539,0.0653,0.0918,0.1098,0.1269,0.1302,0.124,0.0856,0.0563,0.0757,-0.2433,-0.0247,0.051,0.1174,0.1112,0.1003,0.0638,0.0378,0.0856,0.0605
6/20/2020,3.1997,0.1062,0.0361,0.0937,-0.0033,-0.0729,0.0212,-0.0105,0.0774,0.0001,0.0068,0.0323,0.087,0.0875,0.0803,0.0582,0.0899,0.0539,0.1014,0.0822,0.0591,0.1119,0.1163,0.0351,0.0572,0.0807,0.0908,0.1095,0.1172,0.0716,0.0779,0.1057,0.0947,0.1326,0.1105,0.0966,0.087,0.0927,0.0851,-0.0935,0.0452,0.0356,0.0879,0.0927,0.0591,0.0827,0.0779,0.0841,0.0683
6/19/2020,4.1937,0.0704,0.0875,0.0791,0.0468,0.0049,0.0818,0.0285,0.0445,0.0437,0.0647,0.054,0.1206,0.113,0.1004,0.1107,0.0936,0.1008,0.0844,0.0913,0.1054,0.1008,0.1134,0.0673,0.0749,0.1157,0.1259,0.105,0.1119,0.0635,0.0974,0.1412,0.1282,0.1096,0.1225,0.1069,0.1126,0.081,0.0902,0.0099,0.0935,0.1096,0.0879,0.073,0.0761,0.0772,0.0749,0.1157,0.0818
6/18/2020,4.2869,0.1069,0.1035,0.0872,0.0211,0.079,0.0831,0.098,0.0293,0.0378,0.0627,0.0356,0.0772,0.1151,0.0894,0.1165,0.0794,0.0839,0.0831,0.108,0.0868,0.0976,0.0779,0.1021,0.1162,0.124,0.0894,0.1054,0.1273,0.0438,0.108,0.1347,0.124,0.1347,0.1318,0.1295,0.1188,0.1017,0.0957,-0.0546,0.0634,0.111,0.0705,0.0772,0.1002,0.1151,0.0664,0.0876,0.1039
6/17/2020,4.8458,0.1039,0.1115,0.1149,0.0619,0.0436,0.0894,0.103,0.066,0.0575,0.0888,0.0951,0.113,0.1206,0.1127,0.0941,0.1257,0.1156,0.096,0.0944,0.102,0.1143,0.1288,0.0988,0.1124,0.1112,0.1184,0.0727,0.1323,0.0736,0.1178,0.144,0.1209,0.1294,0.1421,0.1304,0.1266,0.1175,0.0938,-0.0514,0.0649,0.1071,0.1175,0.0954,0.0992,0.0973,0.1225,0.1001,0.0985
6/16/2020,4.6907,0.0859,0.0763,0.1018,0.033,0.029,0.0591,0.0257,0.0588,0.0859,0.115,0.0707,0.0876,0.1058,0.1263,0.1154,0.1084,0.1028,0.1246,0.1011,0.1111,0.1207,0.0992,0.1054,0.0942,0.1362,0.1187,0.1127,0.1273,0.0611,0.0978,0.1207,0.1164,0.1336,0.1293,0.1399,0.1223,0.1018,0.1154,-0.0172,0.0808,0.1054,0.0849,0.118,0.1276,0.12,0.0872,0.1131,0.0939
6/15/2020,5.0017,0.1187,0.1139,0.1265,0.0461,0.038,0.0683,0.0497,0.0992,0.1016,0.095,0.0929,0.1139,0.1202,0.1127,0.1274,0.1301,0.1211,0.101,0.1073,0.104,0.1124,0.1034,0.1094,0.1229,0.1109,0.1178,0.0779,0.1352,0.116,0.1067,0.1406,0.1223,0.1259,0.1295,0.1367,0.1232,0.1148,0.1175,-0.0531,0.0641,0.1211,0.0944,0.1373,0.1028,0.1202,0.0893,0.0956,0.1193
6/14/2020,3.3084,0.0508,0.0461,0.109,0.0311,0.0203,0.0236,0.0086,0.0569,0.1094,0.0527,0.0043,0.1024,0.0968,0.0935,0.1071,0.1005,0.0817,0.0968,0.0766,0.0677,0.1094,0.0803,0.0756,0.063,0.1047,0.1094,0.0184,0.1174,0.1061,0.0921,0.1268,0.093,0.1122,0.0954,0.0939,0.1,0.0813,0.1136,-0.3928,-0.0945,0.1118,0.0982,0.1052,0.1071,0.0663,0.0827,0.0982,0.0977
6/13/2020,3.681,0.0777,0.0652,0.0911,0.06,0.0367,0.0056,0.0976,0.0747,0.0716,0.0898,0.0043,0.0902,0.1161,0.1144,0.1166,0.0704,0.0639,0.0647,0.0682,0.1006,0.0971,0.0799,0.0643,0.085,0.0881,0.0911,0.1053,0.1053,0.0673,0.095,0.12,0.1088,0.1014,0.1187,0.1036,0.104,0.0712,0.0868,-0.1834,0.0032,0.0742,0.1118,0.101,0.0924,0.06,0.0596,0.0889,0.101
6/12/2020,5.0784,0.1132,0.1059,0.119,0.0735,0.0916,0.06,0.0974,0.0755,0.1228,0.0711,0.0799,0.1217,0.1237,0.1085,0.1144,0.1199,0.1237,0.1144,0.1208,0.1153,0.1193,0.1123,0.1056,0.0968,0.141,0.1027,0.1079,0.1345,0.0971,0.1158,0.1354,0.1299,0.1459,0.1226,0.1319,0.1296,0.0989,0.1173,-0.0968,0.0437,0.1106,0.1392,0.1103,0.0995,0.0977,0.1313,0.1056,0.1205
6/11/2020,5.7158,0.1377,0.1201,0.1182,0.1166,0.0783,0.0819,0.1258,0.1114,0.1422,0.1027,0.1041,0.1116,0.1267,0.1358,0.115,0.1182,0.1292,0.1118,0.1155,0.1169,0.1281,0.1223,0.1066,0.108,0.1461,0.1281,0.1196,0.139,0.1169,0.1285,0.139,0.1349,0.1461,0.131,0.1349,0.1281,0.126,0.1128,-0.0235,0.0779,0.108,0.1443,0.1409,0.1194,0.1356,0.1409,0.1162,0.1404
6/10/2020,6.0105,0.1382,0.1145,0.1116,0.105,0.1225,0.1014,0.0875,0.1189,0.1135,0.0984,0.0958,0.1289,0.1372,0.1255,0.1205,0.1279,0.1402,0.1235,0.1273,0.1221,0.1247,0.1265,0.1408,0.1143,0.134,0.1295,0.1096,0.1462,0.1084,0.1241,0.1523,0.143,0.1476,0.1364,0.1352,0.1398,0.1342,0.1263,0.1233,0.1464,0.1155,0.138,0.1239,0.1233,0.1259,0.1243,0.1247,0.1319
6/9/2020,5.0942,0.0897,0.1263,0.0934,0.0728,0.0888,0.0757,0.0589,0.0667,0.124,0.1199,0.1004,0.1219,0.1266,0.1083,0.1048,0.1022,0.1048,0.0998,0.1257,0.1242,0.1283,0.1065,0.1318,0.1088,0.1088,0.1216,0.1344,0.1353,0.128,0.1149,0.1437,0.1306,0.1414,0.1225,0.1382,0.1187,0.1315,0.1277,-0.1283,0.029,0.0981,0.1347,0.0955,0.1059,0.1106,0.11,0.1138,0.1173
6/8/2020,4.6127,0.1186,0.0833,0.0884,0.0925,0.084,0.0637,0.0617,0.0755,0.0606,0.1125,0.0451,0.1247,0.1284,0.122,0.0996,0.0857,0.1253,0.1247,0.0854,0.0952,0.1142,0.102,0.0793,0.1043,0.1155,0.0925,0.0681,0.1226,0.0586,0.0945,0.1236,0.1355,0.1155,0.1402,0.1243,0.1189,0.1098,0.1037,-0.1012,0.0416,0.1192,0.1091,0.0867,0.0949,0.1138,0.1213,0.1135,0.1138
6/7/2020,3.6807,0.0634,0.0963,0.098,0.0172,0.0224,0.0755,-0.0216,0.0466,0.117,0.041,0.0833,0.0971,0.0794,0.1187,0.1161,0.1002,0.0665,0.0729,0.1006,0.0971,0.1019,0.0837,0.0881,0.0604,0.1131,0.0958,0.0863,0.1045,0.0699,0.1088,0.111,0.1062,0.1105,0.1131,0.1192,0.0976,0.0604,0.0997,-0.1764,0.0065,0.0803,0.1131,0.066,0.0656,0.0643,0.0526,0.0708,0.12
6/6/2020,3.7898,0.1006,0.0934,0.1056,0.0286,0.0694,0.0429,0.0799,0.0888,0.0724,0.1124,0.0079,0.0926,0.0871,0.077,0.1077,0.0955,0.0934,0.0787,0.0787,0.1039,0.1111,0.1107,0.0601,0.1225,0.1136,0.1237,0.0652,0.1157,0.0732,0.0791,0.1128,0.1258,0.133,0.1174,0.101,0.1086,0.0749,0.1086,-0.3425,-0.0711,0.0799,0.05,0.1208,0.0799,0.1065,0.0745,0.1001,0.1182
6/5/2020,3.6963,0.0939,0.0871,0.0621,0.0668,0.0647,0.0578,-0.0167,0.0109,0.0862,0.1021,0.0173,0.047,0.1064,0.0849,0.0871,0.069,0.0948,0.0957,0.0948,0.1043,0.1051,0.0982,0.0556,0.0987,0.0939,0.0901,0.0509,0.1223,0.0832,0.1,0.1318,0.0948,0.1292,0.1167,0.1301,0.106,0.112,0.0974,-0.2596,-0.0324,0.0879,0.0969,0.1249,0.1167,0.0595,0.1107,0.0673,0.0922
6/4/2020,3.6806,0.0924,0.0945,0.0699,0.0211,-0.0342,0.0626,0.0682,0.0781,0.0215,0.0716,0.0907,0.0522,0.1045,0.0755,0.0881,0.0924,0.0747,0.0613,0.0885,0.0742,0.0751,0.1239,0.1079,0.0907,0.0816,0.1174,0.0816,0.1157,0.0565,0.0837,0.1161,0.1002,0.12,0.1308,0.1071,0.0984,0.1101,0.1157,-0.1911,-0.0004,0.1135,0.063,0.0902,0.0833,0.0885,0.0945,0.0889,0.0699
6/3/2020,3.6345,0.0479,0.0881,0.1051,0.0388,0.0235,0.0453,0.0462,0.0139,0.0785,0.0514,0.0226,0.044,0.0881,0.0846,0.1117,0.0951,0.1125,0.0763,0.1007,0.0824,0.1055,0.1178,0.0697,0.0807,0.1169,0.0872,0.0872,0.1095,0.1016,0.082,0.1143,0.12,0.1313,0.1138,0.1269,0.1042,0.109,0.0728,-0.1658,0.0115,0.0785,0.0497,0.0641,0.0615,0.0593,0.0876,0.0973,0.0837
6/2/2020,3.6033,0.0858,0.1069,0.0998,0.0651,0.048,-0.0039,0.0282,0.0044,0.1113,0.0752,0.0273,0.0515,0.0765,0.0981,0.0783,0.0981,0.0866,0.1038,0.0814,0.0941,0.1148,0.0972,0.0682,0.0603,0.0783,0.1196,0.1064,0.1047,0.0167,0.0849,0.1324,0.1038,0.1253,0.1196,0.1148,0.0954,0.1038,0.0897,-0.2572,-0.0312,0.0924,0.1174,0.0638,0.117,0.106,0.073,0.091,0.0787
6/1/2020,3.8979,0.0982,0.1006,0.0547,0.0436,-0.0175,0.0362,0.0633,0.092,0.0838,0.0563,0.01,0.1125,0.0932,0.0789,0.0994,0.0781,0.0781,0.0953,0.0707,0.1064,0.1158,0.0986,0.0785,0.1006,0.0887,0.085,0.0658,0.1203,0.0518,0.0805,0.1014,0.1191,0.1207,0.1355,0.1084,0.108,0.117,0.0723,-0.1009,0.0417,0.0838,0.0559,0.1051,0.1133,0.0805,0.1117,0.0978,0.1072
5/31/2020,3.8207,0.0634,0.058,0.0881,0.0179,-0.039,0.0789,-0.0026,0.0066,0.0647,0.0317,0.0626,0.1161,0.1044,0.0818,0.0981,0.0843,0.081,0.0877,0.0714,0.0768,0.1006,0.0852,0.0856,0.0743,0.0881,0.1061,0.0659,0.1098,0.0726,0.1044,0.1174,0.1119,0.1295,0.1027,0.124,0.1082,0.0806,0.1182,-0.0003,0.0887,0.0559,0.0848,0.0789,0.1119,0.099,0.0743,0.0881,0.1224
5/30/2020,4.0534,0.0976,0.0676,0.068,0.0731,-0.0066,0.0866,0.0712,0.0838,0.1185,0.038,0.0798,0.1189,0.0925,0.1004,0.1051,0.0964,0.0952,0.0802,0.0984,0.1063,0.0795,0.1075,0.0684,0.1217,0.111,0.0881,0.1169,0.1221,0.0905,0.0948,0.1039,0.1359,0.1359,0.1217,0.1134,0.1114,0.1055,0.1039,-0.3014,-0.0519,0.0929,0.126,0.126,0.0842,0.1098,0.0739,0.0944,0.0964
5/29/2020,3.5876,0.0974,0.0859,0.0603,0.0281,-0.0482,-0.0041,0.0171,0.0475,0.0343,0.1009,0.1045,0.0475,0.0961,0.1177,0.1089,0.1084,0.0908,0.0612,0.1031,0.074,0.0709,0.1049,0.055,0.1036,0.097,0.1208,0.0899,0.1124,0.0414,0.089,0.1186,0.1111,0.1331,0.1234,0.1128,0.0965,0.1097,0.0939,-0.2256,-0.0165,0.0952,0.1217,0.097,0.0859,0.104,0.0511,0.0744,0.085
5/28/2020,3.5412,0.065,0.0579,0.0467,0.0614,0.0311,0.0677,0.0744,0.077,0.0922,0.0222,0.0048,0.0802,0.0815,0.1042,0.094,0.0877,0.1096,0.0949,0.069,0.0913,0.1034,0.119,0.0561,0.0971,0.1243,0.0873,0.0512,0.1056,0.1096,0.0909,0.1056,0.0944,0.1261,0.1105,0.1118,0.1069,0.086,0.0663,-0.2604,-0.0327,0.0913,0.0788,0.1172,0.0891,0.0552,0.0828,0.0802,0.0748
5/27/2020,4.3949,0.0693,0.114,0.0701,0.0726,0.0809,0.0171,0.0394,0.0574,0.1238,0.0737,0.0585,0.0762,0.1039,0.0996,0.0863,0.0866,0.0971,0.0762,0.1,0.1115,0.1212,0.1169,0.0693,0.1317,0.1043,0.1173,0.0585,0.1263,0.0621,0.1075,0.1306,0.1252,0.1342,0.1313,0.1115,0.1122,0.1187,0.0834,-0.0776,0.0526,0.1191,0.0902,0.109,0.114,0.118,0.0773,0.1249,0.091
5/26/2020,3.8053,0.0832,0.0593,0.0568,0.071,0.0723,0.0593,-0.007,0.0173,0.0446,0.0622,0.0643,0.0496,0.0895,0.079,0.0861,0.0958,0.1138,0.0958,0.0765,0.0933,0.1088,0.0933,0.087,0.0882,0.1214,0.1037,0.1243,0.1134,0.0236,0.0907,0.139,0.1105,0.1201,0.1264,0.1285,0.0991,0.0828,0.0677,-0.071,0.0557,0.074,0.0517,0.1134,0.0693,0.0706,0.0723,0.0777,0.1004
5/25/2020,5.4974,0.1246,0.1266,0.1146,0.0643,0.0876,0.0981,0.0733,0.0816,0.1346,0.0959,0.0899,0.1306,0.1216,0.1376,0.1306,0.1321,0.1256,0.1089,0.1101,0.1054,0.1334,0.1336,0.1181,0.1136,0.1184,0.1176,0.1354,0.1316,0.1054,0.1136,0.1259,0.1469,0.1281,0.1349,0.1401,0.1274,0.1366,0.1356,-0.0165,0.0811,0.1141,0.0984,0.1259,0.1131,0.1089,0.1331,0.1311,0.1184
5/24/2020,3.1372,0.0942,0.0796,0.0889,-0.0259,0.0023,0.066,0.0718,0.0509,0.0539,0.0154,0.0796,0.0806,0.1088,0.1039,0.0996,0.1093,0.0709,0.0743,0.049,0.0655,0.1098,0.1137,0.0903,0.0855,0.0796,0.0889,0.0077,0.1015,0.0957,0.0791,0.0889,0.1312,0.1292,0.121,0.102,0.0835,0.0466,0.1146,-0.4503,-0.1214,0.1112,0.0937,0.1044,0.1015,0.0918,0.0402,0.0971,0.0616
5/23/2020,4.2555,0.0637,0.0929,0.097,0.0442,-0.0071,0.0884,0.0191,0.0319,0.0588,0.0847,0.0592,0.0839,0.1,0.0862,0.115,0.1109,0.1124,0.1202,0.1064,0.0985,0.1161,0.0794,0.0783,0.1094,0.0892,0.1075,0.1184,0.124,0.0386,0.1124,0.1199,0.1247,0.1112,0.1079,0.1333,0.1011,0.1232,0.0993,-0.0148,0.0819,0.0985,0.0626,0.0809,0.103,0.106,0.0951,0.0828,0.0993
5/22/2020,4.1625,0.0753,0.0707,0.1122,0.0128,0.0719,0.093,0.0581,0.0327,0.0396,0.0665,0.1164,0.0842,0.1114,0.0926,0.1175,0.0799,0.0976,0.1045,0.0838,0.0984,0.0911,0.0815,0.0888,0.1129,0.0911,0.1183,0.1091,0.1172,0.1037,0.1149,0.1279,0.1245,0.1321,0.1218,0.1352,0.1118,0.1091,0.116,-0.2504,-0.028,0.1033,0.1007,0.0742,0.1198,0.0914,0.0865,0.121,0.1179
5/21/2020,2.8109,0.0406,0.0364,0.0914,-0.0424,-0.0399,-0.0404,0.065,-0.0181,0.0421,-0.0046,-0.0336,0.0686,0.0914,0.1091,0.0997,0.0468,0.0478,0.0452,0.0925,0.094,0.051,0.0811,0.0333,0.1137,0.1091,0.0676,0.0541,0.0919,0.0826,0.0639,0.0966,0.1194,0.0992,0.0987,0.1091,0.0862,0.0738,0.0515,-0.2118,-0.01,0.0634,0.1054,0.1137,0.1148,0.0836,0.1086,0.066,0.1028
5/20/2020,5.1719,0.0979,0.1073,0.133,0.0575,0.0643,0.0982,0.0866,0.0487,0.1237,0.0821,0.0748,0.0954,0.1251,0.1262,0.1223,0.0982,0.1036,0.12,0.0977,0.1047,0.1316,0.1098,0.1059,0.1248,0.1112,0.1324,0.1214,0.1288,0.0895,0.1223,0.1483,0.1404,0.1438,0.1367,0.1305,0.1214,0.1276,0.1025,-0.0184,0.0803,0.1344,0.1044,0.1175,0.1211,0.1081,0.1194,0.1064,0.1025
5/19/2020,3.9758,0.0677,0.091,0.122,0.0089,0.0053,0.0041,0.0057,0.0665,0.0315,0.089,0.0882,0.0552,0.089,0.1047,0.0838,0.1119,0.0962,0.0793,0.0999,0.1091,0.1023,0.1135,0.1131,0.0592,0.1131,0.1216,0.0922,0.1099,0.0532,0.1067,0.1192,0.1208,0.1196,0.1188,0.1212,0.1011,0.0962,0.1148,-0.1469,0.0203,0.1188,0.0862,0.0697,0.0975,0.0797,0.1067,0.1135,0.1248
5/18/2020,5.6844,0.1125,0.1039,0.1039,0.0826,0.0886,0.1055,0.0923,0.1227,0.1227,0.1261,0.1266,0.1361,0.1282,0.1264,0.116,0.1176,0.1338,0.1183,0.1324,0.1273,0.125,0.138,0.1366,0.1366,0.1352,0.138,0.109,0.1345,0.1289,0.1183,0.1366,0.1368,0.14,0.1437,0.1312,0.1324,0.137,0.1349,-0.1263,0.0299,0.1336,0.1382,0.1435,0.1384,0.1356,0.1275,0.1305,0.1173
5/17/2020,6.0727,0.1135,0.1243,0.1416,0.0954,0.0892,0.1094,0.1204,0.1252,0.1318,0.1221,0.1017,0.1445,0.136,0.1327,0.1245,0.1281,0.1272,0.1333,0.1381,0.1291,0.1247,0.1381,0.1381,0.1156,0.1449,0.1347,0.1075,0.1405,0.1075,0.131,0.1378,0.1374,0.1362,0.1445,0.1368,0.1374,0.1381,0.122,0.0173,0.0969,0.1406,0.1472,0.1478,0.1437,0.136,0.1422,0.1258,0.1343
5/16/2020,7.7812,0.1615,0.1623,0.1624,0.1598,0.1601,0.1625,0.1624,0.1615,0.1627,0.1637,0.1623,0.1617,0.1635,0.1639,0.164,0.164,0.1633,0.1626,0.1628,0.163,0.164,0.1627,0.1636,0.164,0.1646,0.1644,0.1634,0.1636,0.1617,0.163,0.1652,0.1641,0.1637,0.1648,0.1648,0.1635,0.1623,0.164,0.1318,0.1504,0.1633,0.1608,0.1641,0.1626,0.1635,0.1614,0.1633,0.1626
5/15/2020,7.3927,0.1523,0.1561,0.1535,0.1427,0.1511,0.1548,0.1523,0.153,0.1554,0.1586,0.1564,0.1544,0.156,0.1583,0.1583,0.1585,0.1529,0.152,0.1554,0.1547,0.1535,0.1535,0.1543,0.1568,0.1542,0.1593,0.1552,0.1588,0.1481,0.1577,0.1604,0.1573,0.158,0.1617,0.1602,0.1569,0.1577,0.1521,0.109,0.1397,0.1579,0.1559,0.1563,0.1546,0.1557,0.1539,0.1527,0.1546
5/14/2020,6.9426,0.1502,0.1507,0.1389,0.1308,0.1306,0.1336,0.1301,0.1445,0.1417,0.1469,0.144,0.146,0.1538,0.1474,0.1531,0.1516,0.1507,0.1471,0.1442,0.1516,0.1454,0.1466,0.1428,0.1458,0.1502,0.1521,0.1323,0.1556,0.1426,0.1467,0.1578,0.1548,0.1526,0.1522,0.1504,0.153,0.152,0.1428,0.06,0.1168,0.1532,0.1547,0.1548,0.1546,0.1495,0.1394,0.1518,0.1446
5/13/2020,6.8957,0.151,0.1367,0.1521,0.1417,0.1214,0.1394,0.1234,0.141,0.1444,0.1308,0.1478,0.1503,0.1534,0.1514,0.1515,0.147,0.1514,0.1496,0.1491,0.1424,0.1434,0.1403,0.1505,0.1458,0.1459,0.1451,0.1433,0.1519,0.1396,0.1469,0.1498,0.1496,0.1519,0.1515,0.1564,0.1472,0.1469,0.1494,0.0864,0.1292,0.1501,0.1376,0.1417,0.1419,0.1444,0.1372,0.1461,0.1499
5/12/2020,7.8585,0.1635,0.1639,0.1633,0.1635,0.1598,0.1633,0.163,0.163,0.1644,0.1648,0.1626,0.163,0.1645,0.1649,0.164,0.1644,0.1644,0.1637,0.1643,0.1642,0.1646,0.1648,0.1627,0.1649,0.1649,0.1651,0.1622,0.1648,0.164,0.1639,0.1652,0.165,0.1654,0.1653,0.1651,0.1648,0.1645,0.1639,0.1541,0.1608,0.1632,0.1634,0.1635,0.1643,0.1638,0.1632,0.1647,0.1639
5/11/2020,6.104,0.1407,0.1193,0.1416,0.1048,0.07,0.0969,0.1066,0.1022,0.143,0.1246,0.1388,0.1206,0.1352,0.1437,0.1293,0.1304,0.1293,0.1346,0.1231,0.1382,0.1394,0.1397,0.135,0.1157,0.1373,0.127,0.1204,0.1456,0.1052,0.1339,0.1418,0.149,0.1487,0.1426,0.1411,0.1342,0.124,0.1335,0.0611,0.1174,0.1367,0.1312,0.1234,0.1227,0.1204,0.1363,0.1396,0.1282
5/10/2020,5.56,0.1169,0.1232,0.102,0.07,0.1013,0.1132,0.07,0.0986,0.0915,0.0864,0.1259,0.1062,0.1188,0.123,0.1135,0.1113,0.1171,0.1152,0.113,0.1318,0.1357,0.141,0.1176,0.1374,0.1288,0.1162,0.1035,0.132,0.1232,0.1237,0.1491,0.1332,0.1335,0.141,0.1349,0.1306,0.1328,0.1149,0.0072,0.0922,0.1081,0.1113,0.1125,0.1357,0.1335,0.1367,0.1145,0.1303
5/9/2020,5.0322,0.1233,0.121,0.1219,0.0859,0.0853,0.0821,0.069,0.0708,0.1322,0.077,0.1216,0.1201,0.1299,0.1085,0.1037,0.1302,0.1058,0.1076,0.11,0.1121,0.1085,0.1379,0.1112,0.1233,0.1207,0.1221,0.1364,0.1263,0.0981,0.1159,0.1284,0.1355,0.1207,0.1311,0.1198,0.1147,0.0937,0.1046,-0.1759,0.0067,0.1091,0.1073,0.1343,0.1156,0.1064,0.1035,0.1308,0.1275
5/8/2020,4.4884,0.0771,0.0968,0.0982,0.0778,-0.0142,0.0311,0.0441,0.0894,0.1147,0.0806,0.1073,0.0729,0.1052,0.1249,0.0961,0.1063,0.0968,0.1063,0.1154,0.0964,0.1242,0.0971,0.1256,0.1172,0.1323,0.0989,0.0525,0.1179,0.0768,0.1168,0.1147,0.134,0.1217,0.1242,0.1196,0.1042,0.0978,0.1108,-0.1558,0.0161,0.1154,0.1179,0.1252,0.1059,0.1203,0.1115,0.0982,0.1242
5/7/2020,4.7832,0.1123,0.0946,0.1232,0.074,0.039,0.0586,0.0679,0.102,0.1142,0.0637,0.0908,0.0949,0.1184,0.1249,0.0991,0.111,0.1155,0.1171,0.0991,0.1039,0.1068,0.1017,0.0962,0.1355,0.1207,0.103,0.0724,0.1329,0.1062,0.1011,0.1142,0.1155,0.1432,0.1175,0.1306,0.1181,0.1313,0.0988,-0.1173,0.0341,0.1126,0.1133,0.0998,0.1255,0.1126,0.1287,0.1094,0.0946
5/6/2020,4.4108,0.1013,0.1024,0.0909,0.0759,0.0748,0.0938,0.0586,0.0446,0.0461,0.0834,0.0866,0.1067,0.1107,0.1218,0.0999,0.1092,0.0888,0.0802,0.1082,0.0805,0.0992,0.0985,0.1153,0.0895,0.1329,0.1182,0.0694,0.1222,0.096,0.1121,0.1132,0.1186,0.1232,0.129,0.1265,0.1132,0.1225,0.0841,-0.1683,0.0103,0.0942,0.1096,0.0873,0.1042,0.1193,0.0913,0.1078,0.1071
5/5/2020,5.2185,0.118,0.1288,0.0991,0.076,0.0996,0.0582,0.0593,0.0768,0.1297,0.128,0.1152,0.1133,0.1144,0.13,0.1105,0.1005,0.1305,0.0988,0.1058,0.1121,0.1208,0.1135,0.106,0.1144,0.1422,0.1383,0.0955,0.1269,0.1049,0.1085,0.1322,0.1224,0.1361,0.1411,0.1288,0.1241,0.123,0.1288,-0.0622,0.0598,0.111,0.0874,0.1007,0.1016,0.1249,0.1294,0.1294,0.1244
5/4/2020,4.613,0.083,0.1003,0.0996,0.0505,0.0478,0.0579,0.0549,0.1033,0.1291,0.0698,0.085,0.0905,0.1125,0.1247,0.0932,0.1142,0.1037,0.0952,0.0928,0.1182,0.1006,0.1277,0.1016,0.1274,0.0993,0.0952,0.1247,0.1186,0.0864,0.0996,0.1453,0.1142,0.1369,0.1216,0.1138,0.1087,0.0925,0.1074,-0.0894,0.0471,0.1037,0.1121,0.1023,0.1142,0.106,0.0776,0.0857,0.106
5/3/2020,4.7214,0.1136,0.1158,0.1063,0.0673,0.0427,0.0863,0.089,0.1063,0.0955,0.1132,0.0545,0.0919,0.1195,0.1077,0.1181,0.1277,0.0893,0.087,0.1037,0.1106,0.0998,0.1204,0.1024,0.0926,0.1021,0.0949,0.1129,0.1267,0.1119,0.0978,0.1273,0.1293,0.1227,0.127,0.1381,0.1218,0.0863,0.1283,-0.1637,0.0124,0.1185,0.1303,0.1221,0.1077,0.0959,0.0959,0.0922,0.1218
5/2/2020,4.1311,0.1009,0.0986,0.1206,0.0564,0.0444,0.0502,0.092,0.0572,0.1148,0.0475,0.0912,0.1094,0.0885,0.0943,0.0939,0.0769,0.0816,0.0707,0.0955,0.0734,0.0804,0.121,0.073,0.0897,0.1175,0.0862,0.08,0.1117,0.111,0.0966,0.1113,0.1098,0.1075,0.1218,0.1183,0.0982,0.0781,0.1168,-0.1741,0.0076,0.0889,0.1268,0.0816,0.1113,0.0897,0.1113,0.0932,0.1079
5/1/2020,4.9854,0.0937,0.0886,0.1166,0.1,0.0515,0.0877,0.059,0.0913,0.1181,0.0789,0.113,0.0835,0.1187,0.104,0.1263,0.107,0.1022,0.1148,0.1106,0.1031,0.1251,0.1142,0.1248,0.1296,0.1169,0.119,0.1058,0.1263,0.1058,0.1061,0.1281,0.1245,0.1389,0.1196,0.1278,0.1163,0.0922,0.0973,-0.0419,0.0693,0.104,0.0832,0.0973,0.1386,0.094,0.1208,0.1003,0.1329
4/30/2020,6.2747,0.1218,0.1313,0.1239,0.128,0.1118,0.0985,0.1123,0.1196,0.1296,0.1109,0.1406,0.1328,0.1332,0.1389,0.1413,0.1375,0.1273,0.1384,0.1327,0.1296,0.1404,0.146,0.1442,0.1203,0.1429,0.1468,0.1427,0.1456,0.1408,0.1439,0.1558,0.1415,0.143,0.1415,0.1467,0.1411,0.1368,0.1349,-0.0222,0.0785,0.1306,0.1363,0.1485,0.1448,0.1423,0.1368,0.1465,0.1377
4/29/2020,7.2532,0.1474,0.1462,0.154,0.1364,0.149,0.1526,0.1458,0.1523,0.1502,0.1418,0.157,0.1584,0.1525,0.1514,0.1499,0.1494,0.155,0.1575,0.1517,0.1561,0.1538,0.1551,0.1479,0.1475,0.1589,0.153,0.1449,0.1586,0.1499,0.1563,0.1613,0.1557,0.1611,0.1556,0.1573,0.1548,0.1552,0.1501,0.0903,0.131,0.1541,0.1585,0.1567,0.1569,0.1493,0.1539,0.154,0.1569
4/28/2020,7.5942,0.1586,0.1577,0.1595,0.1523,0.1509,0.1524,0.1536,0.1578,0.1584,0.1564,0.1556,0.1606,0.1603,0.1588,0.1585,0.1573,0.1571,0.1573,0.1573,0.1583,0.1601,0.1588,0.1575,0.1626,0.1591,0.1606,0.1532,0.1618,0.1533,0.1599,0.1624,0.1627,0.1636,0.1613,0.1613,0.1606,0.1569,0.162,0.1411,0.1547,0.1604,0.1625,0.1613,0.1588,0.1614,0.1576,0.1574,0.1626
4/27/2020,5.7777,0.11,0.1193,0.1109,0.1164,0.0691,0.0998,0.1087,0.1087,0.1287,0.1002,0.0971,0.1293,0.1298,0.1293,0.1176,0.1329,0.1149,0.128,0.1187,0.1129,0.1322,0.1353,0.1258,0.1091,0.1431,0.1236,0.1289,0.1424,0.1267,0.1264,0.1307,0.1471,0.1316,0.1447,0.1464,0.1287,0.1322,0.128,0.0286,0.1022,0.1144,0.1389,0.1311,0.1149,0.1364,0.112,0.1178,0.1162
4/26/2020,5.6222,0.1367,0.1129,0.1155,0.0956,0.1003,0.097,0.1079,0.0716,0.0999,0.0887,0.1034,0.1091,0.1191,0.1258,0.1267,0.1127,0.121,0.122,0.1208,0.111,0.1281,0.1286,0.1232,0.1044,0.1315,0.1203,0.1348,0.1412,0.1037,0.1177,0.136,0.1293,0.1312,0.1289,0.1296,0.1272,0.1251,0.1098,0.0663,0.1198,0.1393,0.1201,0.1393,0.131,0.1122,0.1072,0.1144,0.1243
4/25/2020,6.119,0.13,0.1266,0.1148,0.1104,0.1232,0.1138,0.1183,0.1091,0.1097,0.1401,0.1123,0.1411,0.1328,0.1354,0.1354,0.13,0.1274,0.1204,0.1362,0.1322,0.1322,0.1339,0.1215,0.1392,0.1482,0.1385,0.1133,0.1458,0.127,0.1292,0.1477,0.152,0.1439,0.1479,0.1494,0.1409,0.1274,0.1403,-0.0033,0.0873,0.1196,0.1484,0.127,0.1456,0.1202,0.1198,0.139,0.1379
4/24/2020,6.3369,0.1354,0.1312,0.1469,0.1133,0.0872,0.1093,0.1156,0.1086,0.1397,0.1435,0.1153,0.1396,0.1337,0.1424,0.1351,0.1459,0.1272,0.1434,0.1336,0.1331,0.1294,0.1366,0.1432,0.1357,0.1406,0.1432,0.1241,0.1429,0.1134,0.1435,0.1554,0.1399,0.1464,0.1495,0.1422,0.1379,0.1379,0.1337,0.0359,0.1056,0.1419,0.1482,0.1505,0.1409,0.1316,0.1243,0.1439,0.1386
4/23/2020,7.5796,0.1592,0.1593,0.1588,0.1532,0.1559,0.1561,0.1551,0.1549,0.1554,0.1523,0.1539,0.1548,0.1604,0.1606,0.1612,0.1577,0.159,0.1564,0.1578,0.1575,0.1581,0.1603,0.1582,0.1624,0.1613,0.1624,0.1604,0.162,0.1564,0.1603,0.1606,0.1621,0.1635,0.1626,0.1618,0.1595,0.1582,0.1568,0.1289,0.149,0.1595,0.1588,0.1571,0.1619,0.1609,0.1588,0.1612,0.1571
4/22/2020,8.5113,0.1792,0.1735,0.1802,0.1811,0.1874,0.1786,0.1769,0.1882,0.1774,0.1752,0.1789,0.1785,0.1748,0.1775,0.1749,0.1734,0.1778,0.1729,0.1778,0.1771,0.1752,0.1718,0.1799,0.1791,0.1742,0.177,0.1736,0.1718,0.1756,0.1741,0.1734,0.1718,0.171,0.1735,0.1711,0.1746,0.1727,0.1777,0.2103,0.187,0.176,0.1745,0.1783,0.1777,0.1792,0.1733,0.1772,0.1784
4/21/2020,8.2467,0.1707,0.17,0.1699,0.1722,0.1729,0.1723,0.1726,0.1743,0.1703,0.1746,0.1713,0.1707,0.1712,0.1705,0.171,0.1703,0.1718,0.1697,0.1719,0.1703,0.1695,0.1695,0.1699,0.1728,0.1709,0.1705,0.1709,0.1695,0.1732,0.1705,0.1688,0.1697,0.1702,0.1689,0.169,0.1704,0.1707,0.1725,0.2001,0.1823,0.1723,0.1719,0.1697,0.1723,0.1713,0.1717,0.1697,0.1695
4/20/2020,7.688,0.1591,0.161,0.1589,0.1541,0.1549,0.155,0.1581,0.1602,0.1575,0.1586,0.159,0.1581,0.162,0.1625,0.161,0.1616,0.16,0.1589,0.1596,0.1599,0.1596,0.1634,0.1627,0.163,0.1636,0.1631,0.1612,0.163,0.1619,0.1619,0.1623,0.1637,0.1641,0.164,0.1631,0.162,0.1616,0.1605,0.1447,0.1564,0.1605,0.1582,0.1602,0.1595,0.1601,0.1602,0.162,0.1615
4/19/2020,6.2432,0.1266,0.1185,0.1319,0.118,0.1136,0.1066,0.1222,0.1043,0.1331,0.1071,0.0989,0.1312,0.1415,0.1343,0.1415,0.1317,0.1351,0.1298,0.1375,0.1401,0.1326,0.1461,0.1275,0.1479,0.1315,0.1312,0.1482,0.1454,0.1329,0.1347,0.1442,0.143,0.1466,0.1531,0.1472,0.1437,0.1361,0.1298,0.0226,0.0994,0.1461,0.1303,0.1496,0.1289,0.1405,0.1231,0.1405,0.137
4/18/2020,5.7621,0.1212,0.1056,0.1065,0.0778,0.0608,0.076,0.0749,0.1062,0.14,0.1067,0.1224,0.1141,0.1412,0.1405,0.1186,0.1391,0.1315,0.1351,0.1194,0.1116,0.1405,0.1246,0.1118,0.1092,0.1391,0.1264,0.1132,0.1369,0.1103,0.1244,0.1311,0.1472,0.1389,0.1371,0.1485,0.1353,0.1318,0.1378,0.0452,0.11,0.1373,0.1257,0.1233,0.1416,0.1273,0.1123,0.1235,0.1226
4/17/2020,5.9173,0.1215,0.1379,0.1169,0.1006,0.1202,0.1223,0.1059,0.1142,0.1236,0.1098,0.1258,0.1296,0.1286,0.1423,0.1331,0.1369,0.1256,0.1277,0.1196,0.1225,0.13,0.1275,0.114,0.1281,0.1336,0.1338,0.0998,0.1404,0.1386,0.1375,0.1448,0.1333,0.1413,0.1402,0.1469,0.1321,0.1219,0.1179,-0.042,0.0692,0.1265,0.1254,0.1204,0.1427,0.1348,0.1421,0.1367,0.1352
4/16/2020,6.3991,0.1366,0.1366,0.1334,0.1097,0.1138,0.1226,0.1242,0.1202,0.1393,0.1378,0.1265,0.1478,0.1394,0.142,0.1463,0.1478,0.1418,0.1398,0.1313,0.1286,0.1451,0.1362,0.1396,0.1507,0.1385,0.1329,0.1311,0.15,0.1194,0.1409,0.1526,0.1406,0.1483,0.1491,0.1492,0.1446,0.1444,0.133,0.0122,0.0946,0.1238,0.1231,0.1305,0.1324,0.1462,0.1292,0.1452,0.1502
4/15/2020,5.7777,0.1384,0.1167,0.1373,0.0918,0.0904,0.0887,0.0869,0.1164,0.1071,0.1142,0.1264,0.1229,0.1262,0.1291,0.1271,0.128,0.1267,0.1382,0.1204,0.1249,0.1191,0.1287,0.1113,0.12,0.1309,0.1424,0.1256,0.1371,0.1136,0.1296,0.1318,0.1418,0.1362,0.1493,0.1418,0.1367,0.136,0.1251,-0.022,0.0786,0.1258,0.1211,0.1367,0.1209,0.138,0.1147,0.1173,0.1318
4/14/2020,6.1814,0.1334,0.1425,0.1305,0.0934,0.0906,0.1172,0.0876,0.1045,0.1441,0.1379,0.1392,0.1448,0.1416,0.1368,0.1336,0.1388,0.1403,0.1436,0.129,0.1347,0.1427,0.1381,0.1301,0.1481,0.1388,0.1316,0.1323,0.1485,0.1257,0.1418,0.1416,0.1456,0.1396,0.1441,0.1508,0.1345,0.1308,0.135,-0.0187,0.0801,0.1247,0.1327,0.1312,0.1434,0.131,0.1399,0.1256,0.1277
4/13/2020,4.9854,0.0952,0.091,0.1085,0.0482,0.053,0.0648,0.0783,0.104,0.119,0.0982,0.0639,0.123,0.1148,0.1184,0.1148,0.1275,0.1169,0.0934,0.1019,0.116,0.1278,0.0952,0.0982,0.0979,0.1323,0.1251,0.1064,0.1257,0.1025,0.1221,0.138,0.1356,0.1374,0.1407,0.138,0.1239,0.0913,0.1079,-0.0481,0.0664,0.1296,0.0898,0.097,0.1172,0.1287,0.0919,0.1022,0.1139
4/12/2020,6.0264,0.1408,0.1201,0.1242,0.1065,0.0668,0.0982,0.1082,0.1272,0.1116,0.1114,0.1382,0.1333,0.1436,0.126,0.1232,0.1408,0.1223,0.1213,0.1363,0.13,0.126,0.1412,0.1329,0.127,0.1479,0.1323,0.1165,0.1382,0.1019,0.1282,0.1487,0.1408,0.144,0.1436,0.1357,0.1404,0.1294,0.1339,0.0429,0.1089,0.1365,0.1351,0.1223,0.1337,0.1284,0.1298,0.126,0.1242
4/11/2020,5.5911,0.1219,0.1108,0.1144,0.0898,0.0619,0.105,0.0992,0.1052,0.106,0.1062,0.0809,0.132,0.126,0.1221,0.1216,0.1216,0.1211,0.1117,0.1226,0.1101,0.1305,0.1382,0.1322,0.1394,0.1288,0.1373,0.137,0.1399,0.0889,0.1161,0.1513,0.1293,0.1334,0.1397,0.132,0.1269,0.112,0.1113,0.0136,0.0952,0.1313,0.1086,0.1192,0.1361,0.1091,0.1149,0.1187,0.1301
4/10/2020,5.731,0.1285,0.1245,0.1172,0.1004,0.0505,0.1195,0.0975,0.1147,0.0897,0.1009,0.0952,0.1047,0.1267,0.1211,0.1317,0.1226,0.1136,0.1224,0.1215,0.1197,0.1351,0.1231,0.1279,0.144,0.1456,0.1267,0.1356,0.1424,0.1354,0.1326,0.1428,0.1492,0.1467,0.1385,0.1435,0.1358,0.1104,0.1422,-0.0378,0.0712,0.1118,0.1256,0.1276,0.1154,0.1322,0.1374,0.131,0.1365
4/9/2020,6.8025,0.1464,0.136,0.1403,0.1376,0.1199,0.1363,0.1232,0.1345,0.1422,0.1333,0.1239,0.1373,0.1462,0.1457,0.1518,0.1386,0.1485,0.1372,0.1458,0.1416,0.1458,0.1434,0.1438,0.1503,0.1458,0.1466,0.1407,0.1519,0.1281,0.1494,0.1471,0.1522,0.1524,0.1536,0.1541,0.1466,0.1525,0.1533,0.101,0.136,0.1346,0.1369,0.1543,0.1511,0.1376,0.1477,0.1379,0.1415
4/8/2020,6.6166,0.1355,0.1443,0.1364,0.1105,0.1097,0.135,0.1106,0.1166,0.1459,0.1265,0.1412,0.1509,0.1407,0.151,0.1459,0.1418,0.1458,0.1383,0.1447,0.1379,0.1425,0.1458,0.1281,0.1402,0.1393,0.1516,0.1527,0.1523,0.1199,0.1371,0.1575,0.1495,0.1538,0.1538,0.1538,0.143,0.1423,0.1473,0.0376,0.1064,0.1512,0.1458,0.1514,0.1386,0.1436,0.1409,0.1401,0.1413
4/7/2020,7.9362,0.165,0.1654,0.1654,0.1649,0.1647,0.1643,0.1639,0.165,0.165,0.1646,0.1646,0.1654,0.1657,0.1656,0.1657,0.1658,0.1655,0.1657,0.1655,0.1652,0.1658,0.1654,0.1649,0.166,0.166,0.1659,0.1656,0.1659,0.1649,0.1657,0.166,0.1656,0.1659,0.1657,0.166,0.1658,0.1652,0.1655,0.1628,0.1649,0.165,0.1659,0.1657,0.1656,0.1651,0.1656,0.1653,0.1656
4/6/2020,5.56,0.1169,0.1142,0.132,0.0866,0.0613,0.1181,0.1032,0.0774,0.1252,0.1225,0.101,0.0998,0.1296,0.1179,0.1147,0.1174,0.1318,0.1098,0.1325,0.1284,0.1328,0.1135,0.1127,0.1152,0.1162,0.1208,0.1127,0.1328,0.1088,0.1198,0.1281,0.1362,0.1464,0.1376,0.1342,0.131,0.1135,0.1237,0.0121,0.0945,0.1208,0.102,0.1274,0.113,0.1288,0.1259,0.1174,0.1418
4/5/2020,5.0477,0.1103,0.1115,0.1292,0.0861,0.0734,0.1067,0.0627,0.1044,0.0932,0.107,0.1242,0.0902,0.1144,0.1103,0.1191,0.1076,0.0996,0.0976,0.0982,0.0949,0.1309,0.1233,0.1017,0.1286,0.1283,0.1047,0.1168,0.1315,0.0887,0.1206,0.1247,0.1351,0.1374,0.1247,0.1277,0.1292,0.0988,0.0991,-0.063,0.0594,0.087,0.1298,0.1197,0.1082,0.1094,0.0934,0.1026,0.1088
4/4/2020,6.1502,0.1212,0.1293,0.1165,0.0992,0.1202,0.1289,0.1313,0.1212,0.1402,0.1238,0.1132,0.121,0.136,0.141,0.1387,0.1287,0.143,0.1384,0.1269,0.1308,0.1295,0.133,0.1447,0.1204,0.1293,0.1478,0.1182,0.1441,0.1134,0.1297,0.1424,0.1526,0.1402,0.1511,0.15,0.1421,0.1328,0.1454,0.0209,0.0986,0.1213,0.113,0.128,0.1334,0.1365,0.1193,0.1324,0.1306
4/3/2020,7.3928,0.151,0.1505,0.1556,0.1424,0.1492,0.1506,0.1541,0.1468,0.1587,0.1498,0.1494,0.1587,0.1547,0.1543,0.1587,0.1576,0.1538,0.1532,0.1573,0.1543,0.1532,0.1604,0.156,0.1553,0.1576,0.158,0.1489,0.16,0.1504,0.1578,0.158,0.1602,0.1616,0.1594,0.1598,0.1584,0.1596,0.1591,0.1064,0.1385,0.1526,0.1608,0.1518,0.159,0.1575,0.1543,0.1595,0.158
4/2/2020,6.7406,0.1391,0.1324,0.1483,0.1337,0.1087,0.1213,0.1257,0.1298,0.1328,0.1469,0.14,0.14,0.1426,0.1411,0.1474,0.1464,0.1458,0.1364,0.1414,0.1426,0.151,0.1505,0.1338,0.1508,0.1517,0.1422,0.128,0.1493,0.1343,0.148,0.1521,0.1482,0.1474,0.1493,0.1504,0.1458,0.1473,0.1422,0.0852,0.1286,0.1504,0.1402,0.1539,0.1514,0.1439,0.1451,0.1366,0.1406
4/1/2020,6.8959,0.1509,0.1382,0.1487,0.1357,0.1127,0.1357,0.1285,0.1456,0.1462,0.1452,0.1484,0.1413,0.1444,0.145,0.1491,0.1401,0.1416,0.1528,0.1502,0.1427,0.1473,0.1501,0.1492,0.1478,0.1549,0.1501,0.1512,0.155,0.1393,0.1499,0.1514,0.1574,0.1536,0.1511,0.1574,0.1486,0.1483,0.1438,0.0413,0.1082,0.1518,0.1492,0.1494,0.1498,0.1484,0.1519,0.1511,0.1454
3/31/2020,8.3248,0.1707,0.1743,0.175,0.1766,0.1739,0.1796,0.1771,0.1749,0.1778,0.1747,0.1744,0.1732,0.1721,0.1721,0.172,0.171,0.172,0.1738,0.1713,0.1724,0.1732,0.1707,0.1708,0.1717,0.1711,0.1724,0.1727,0.1708,0.1771,0.1728,0.1714,0.1701,0.1716,0.1714,0.1703,0.1724,0.1727,0.1739,0.1933,0.1791,0.1704,0.1736,0.1714,0.1698,0.1738,0.1744,0.1724,0.1706
3/30/2020,7.9055,0.1655,0.1651,0.1648,0.1628,0.1626,0.1634,0.1631,0.164,0.1643,0.165,0.1642,0.1643,0.1653,0.1647,0.1655,0.1644,0.1645,0.1654,0.1644,0.165,0.1653,0.1647,0.1649,0.1645,0.1657,0.1651,0.1644,0.1654,0.1636,0.165,0.1658,0.1658,0.1658,0.1654,0.1654,0.1653,0.1646,0.1652,0.1617,0.1643,0.1641,0.164,0.1649,0.1656,0.1649,0.1653,0.1655,0.165
3/29/2020,5.9799,0.1172,0.1279,0.1281,0.0873,0.0804,0.1067,0.1097,0.0863,0.1147,0.117,0.1178,0.1186,0.125,0.1438,0.1386,0.1341,0.121,0.123,0.1378,0.119,0.1349,0.1335,0.1283,0.1386,0.1358,0.136,0.1206,0.139,0.1259,0.1303,0.136,0.143,0.1418,0.1364,0.1366,0.1305,0.117,0.1178,0.0851,0.1286,0.1436,0.1097,0.1254,0.1273,0.1228,0.124,0.136,0.1414
3/28/2020,6.7869,0.1423,0.1397,0.1399,0.138,0.1316,0.1287,0.1469,0.1277,0.1383,0.137,0.1485,0.1332,0.1476,0.1497,0.1439,0.1407,0.1457,0.1471,0.1445,0.1396,0.152,0.1471,0.1329,0.1504,0.146,0.1491,0.142,0.1527,0.1511,0.1416,0.1484,0.1491,0.1528,0.1476,0.1481,0.1468,0.1447,0.1479,0.068,0.1206,0.1448,0.1373,0.151,0.1412,0.1371,0.141,0.1443,0.1407
3/27/2020,7.3924,0.1545,0.1525,0.1555,0.1427,0.1435,0.1458,0.1429,0.142,0.1542,0.1562,0.148,0.156,0.1586,0.1553,0.1586,0.1546,0.1576,0.156,0.1533,0.1549,0.1535,0.152,0.1562,0.1523,0.1554,0.1597,0.1582,0.1586,0.1494,0.1563,0.1601,0.157,0.1616,0.158,0.1599,0.1578,0.1549,0.154,0.1345,0.1517,0.1554,0.158,0.1523,0.1567,0.1555,0.1548,0.1554,0.1605
3/26/2020,7.2998,0.158,0.1533,0.1516,0.1454,0.1427,0.1525,0.1554,0.1372,0.1445,0.1536,0.1403,0.1546,0.1571,0.1549,0.1567,0.1555,0.154,0.1518,0.1518,0.1498,0.157,0.1576,0.1578,0.1546,0.1555,0.1581,0.1522,0.1587,0.1539,0.1567,0.1583,0.1558,0.1564,0.1605,0.1606,0.1553,0.149,0.1534,0.1039,0.1374,0.1503,0.1575,0.155,0.1516,0.1538,0.1503,0.1543,0.1536
3/25/2020,6.6476,0.1349,0.1345,0.1434,0.1112,0.1084,0.1163,0.1295,0.1315,0.1387,0.1461,0.1301,0.1481,0.1433,0.1434,0.1457,0.1442,0.1462,0.1397,0.1356,0.1435,0.1469,0.1337,0.1471,0.1485,0.1517,0.1396,0.1289,0.1504,0.1266,0.1472,0.1471,0.1517,0.1503,0.1507,0.153,0.1479,0.1452,0.1521,0.0448,0.1098,0.1471,0.1419,0.1457,0.1457,0.1435,0.1411,0.1483,0.1468
3/24/2020,5.8399,0.1267,0.1181,0.1278,0.0794,0.1034,0.1047,0.115,0.1256,0.1273,0.1222,0.1356,0.1057,0.1334,0.1349,0.1176,0.1213,0.1371,0.1276,0.1209,0.1312,0.1181,0.1317,0.1204,0.1429,0.1407,0.1423,0.0988,0.1407,0.1006,0.125,0.1338,0.136,0.1505,0.1509,0.1379,0.1325,0.136,0.1295,-0.0221,0.0785,0.1226,0.1302,0.1215,0.141,0.1226,0.1222,0.117,0.1226
3/23/2020,6.4609,0.133,0.1345,0.1296,0.1223,0.1222,0.1046,0.1151,0.1182,0.1262,0.142,0.1302,0.1442,0.1448,0.1373,0.144,0.1371,0.1368,0.1388,0.1405,0.1333,0.1322,0.1311,0.1337,0.1339,0.1513,0.136,0.1363,0.1484,0.1399,0.1403,0.1467,0.1547,0.1494,0.1445,0.1422,0.1451,0.1314,0.1468,0.0442,0.1095,0.1331,0.1499,0.1347,0.1396,0.1296,0.1433,0.1471,0.1513
3/22/2020,6.7407,0.1369,0.1482,0.1483,0.1209,0.1184,0.1305,0.1367,0.1241,0.1523,0.1473,0.1449,0.1421,0.1526,0.1464,0.1459,0.1408,0.1459,0.1359,0.1388,0.1382,0.146,0.1451,0.1436,0.1449,0.1503,0.1497,0.1453,0.1499,0.1431,0.1426,0.1541,0.1514,0.1488,0.1478,0.1508,0.1485,0.1516,0.1434,0.0314,0.1035,0.1508,0.1356,0.1473,0.1512,0.1363,0.1473,0.1434,0.1419
3/21/2020,6.5074,0.1464,0.1459,0.15,0.1338,0.1125,0.114,0.1029,0.1208,0.1311,0.1197,0.1352,0.1358,0.1494,0.1343,0.137,0.1444,0.1368,0.1352,0.1394,0.1362,0.1355,0.1317,0.1249,0.1289,0.1432,0.1489,0.1468,0.1513,0.1332,0.1459,0.1452,0.1437,0.1525,0.1435,0.1537,0.1473,0.1405,0.1325,0.0569,0.1154,0.1301,0.1459,0.1517,0.1444,0.1389,0.1274,0.1453,0.1414
3/20/2020,7.3152,0.1578,0.1504,0.1563,0.1495,0.146,0.1484,0.1418,0.1452,0.1478,0.1498,0.1557,0.1483,0.1574,0.1572,0.1511,0.1511,0.1561,0.1548,0.1508,0.1554,0.1519,0.152,0.1515,0.1524,0.1563,0.1561,0.1584,0.1579,0.1552,0.1552,0.1588,0.1558,0.1575,0.1587,0.1593,0.1551,0.1554,0.1508,0.1114,0.1409,0.1561,0.1495,0.1517,0.1532,0.1562,0.1569,0.1549,0.1552
3/19/2020,7.7346,0.1633,0.1623,0.1635,0.1562,0.1581,0.1559,0.1613,0.1568,0.1574,0.1606,0.157,0.1603,0.1624,0.1612,0.1618,0.1616,0.1624,0.1604,0.1603,0.1605,0.1611,0.1627,0.1614,0.164,0.1636,0.161,0.1639,0.1638,0.1605,0.1625,0.1637,0.1637,0.1631,0.1647,0.164,0.1628,0.1603,0.1633,0.1478,0.1579,0.1601,0.1623,0.1633,0.1638,0.1605,0.1616,0.1623,0.1616
3/18/2020,8.4027,0.1753,0.174,0.1776,0.1772,0.1788,0.1832,0.1821,0.178,0.1781,0.174,0.1749,0.1756,0.1724,0.1726,0.1735,0.1723,0.1748,0.1762,0.1756,0.1735,0.1738,0.1741,0.1779,0.1718,0.1725,0.1725,0.1779,0.1711,0.1786,0.174,0.1728,0.1701,0.1706,0.1718,0.1712,0.173,0.1737,0.1738,0.1986,0.1816,0.1724,0.1739,0.1737,0.1726,0.1737,0.1714,0.1726,0.1713
3/17/2020,9.21,0.1987,0.1889,0.1973,0.1997,0.1958,0.2027,0.2162,0.2007,0.2016,0.1915,0.1911,0.184,0.1904,0.1861,0.1829,0.1953,0.1864,0.1814,0.1918,0.192,0.182,0.1939,0.1907,0.1852,0.1778,0.1793,0.1858,0.183,0.197,0.1841,0.1852,0.1754,0.1794,0.1762,0.1778,0.1842,0.1846,0.1794,0.2881,0.2234,0.1968,0.1892,0.1926,0.193,0.1916,0.1855,0.1907,0.1836
3/16/2020,8.6972,0.1855,0.1819,0.1748,0.1886,0.1842,0.1956,0.183,0.1893,0.19,0.1764,0.1804,0.175,0.1752,0.1743,0.1755,0.1784,0.1817,0.1762,0.1766,0.1773,0.1753,0.1778,0.1813,0.1814,0.1752,0.177,0.1843,0.1746,0.188,0.1801,0.1768,0.1767,0.175,0.1776,0.1755,0.1774,0.1816,0.1786,0.229,0.1958,0.1854,0.1757,0.1819,0.1798,0.1808,0.18,0.1782,0.1765
3/15/2020,7.4551,0.1543,0.1564,0.1539,0.1482,0.142,0.154,0.1437,0.1455,0.158,0.1534,0.1488,0.1517,0.1594,0.1564,0.1552,0.1571,0.1552,0.1535,0.1549,0.158,0.1566,0.1547,0.1565,0.1529,0.1602,0.1561,0.1571,0.1612,0.154,0.156,0.1588,0.1592,0.1609,0.1586,0.1589,0.1596,0.1585,0.1596,0.1482,0.1581,0.1567,0.1512,0.1547,0.1555,0.1593,0.1561,0.156,0.1603
3/14/2020,7.5948,0.1561,0.1585,0.1601,0.1535,0.1501,0.15,0.1571,0.1569,0.155,0.1529,0.1575,0.1579,0.1613,0.1595,0.1605,0.1584,0.1593,0.1603,0.1596,0.1597,0.1608,0.1578,0.1584,0.1623,0.1613,0.1614,0.1584,0.1624,0.1585,0.1586,0.1617,0.161,0.162,0.1625,0.1605,0.1609,0.1621,0.1598,0.1301,0.1496,0.1581,0.1565,0.1618,0.1627,0.1589,0.159,0.1619,0.1616
3/13/2020,8.356,0.172,0.1719,0.171,0.181,0.1764,0.1797,0.1733,0.1807,0.179,0.1789,0.1748,0.1731,0.1711,0.1737,0.1744,0.1715,0.1713,0.1745,0.1753,0.172,0.1718,0.1708,0.1725,0.1736,0.173,0.1713,0.1782,0.1709,0.1786,0.1731,0.1705,0.1719,0.1718,0.1722,0.172,0.1721,0.1719,0.1707,0.1906,0.1778,0.1735,0.174,0.1704,0.1744,0.1717,0.1762,0.1739,0.171
3/12/2020,8.0138,0.1669,0.167,0.1669,0.1672,0.1671,0.167,0.1672,0.1669,0.167,0.167,0.1671,0.167,0.1669,0.167,0.1668,0.1669,0.167,0.1668,0.1669,0.1669,0.1669,0.1668,0.167,0.167,0.1669,0.1669,0.1669,0.1669,0.1669,0.1669,0.1668,0.1668,0.1668,0.1668,0.1668,0.1669,0.1669,0.1669,0.1679,0.1672,0.167,0.167,0.1669,0.1668,0.1669,0.167,0.1669,0.1669
3/11/2020,9.1634,0.1934,0.1941,0.1927,0.2136,0.2046,0.2002,0.2145,0.1912,0.2015,0.1842,0.203,0.1817,0.1827,0.1867,0.1912,0.1875,0.1938,0.1948,0.1935,0.1849,0.1833,0.1856,0.1811,0.193,0.1841,0.1866,0.2052,0.1817,0.1977,0.1859,0.1785,0.1835,0.1846,0.1819,0.1834,0.1832,0.1857,0.1828,0.2361,0.1991,0.184,0.1804,0.182,0.1939,0.1832,0.1924,0.1916,0.1831
3/10/2020,10.4213,0.2001,0.2023,0.2044,0.2289,0.2909,0.2582,0.2492,0.2403,0.2437,0.2323,0.2572,0.2294,0.2008,0.2037,0.2163,0.196,0.2023,0.2011,0.2107,0.2158,0.2032,0.2228,0.2241,0.2003,0.2059,0.2134,0.209,0.1984,0.2366,0.21,0.1831,0.1926,0.1872,0.2042,0.2001,0.2042,0.2274,0.2112,0.2726,0.2161,0.2115,0.2195,0.2093,0.225,0.217,0.2173,0.2151,0.2006
3/9/2020,8.9618,0.1897,0.1798,0.179,0.1984,0.2113,0.2036,0.1889,0.1931,0.1943,0.1851,0.1948,0.1844,0.179,0.1871,0.1813,0.1862,0.184,0.1838,0.1806,0.1822,0.1795,0.1888,0.1785,0.1926,0.1833,0.1781,0.1962,0.1799,0.1986,0.1844,0.1795,0.1776,0.1742,0.1772,0.1764,0.1795,0.1806,0.1892,0.2249,0.1938,0.1845,0.187,0.1812,0.1839,0.1867,0.1872,0.1894,0.1825
3/8/2020,7.0823,0.1497,0.142,0.156,0.1367,0.1424,0.1317,0.1404,0.1333,0.1453,0.1374,0.1306,0.155,0.1523,0.1559,0.1504,0.1554,0.1463,0.1502,0.1481,0.1494,0.1535,0.1565,0.152,0.1432,0.1485,0.1467,0.1468,0.1553,0.1359,0.1531,0.1582,0.1539,0.1523,0.1541,0.1555,0.1542,0.1445,0.1451,0.1131,0.1417,0.1496,0.1521,0.1569,0.1569,0.1442,0.1463,0.1496,0.1541
3/7/2020,7.8587,0.1647,0.1643,0.165,0.1611,0.1607,0.1614,0.1637,0.1638,0.1622,0.162,0.1627,0.1641,0.1644,0.1642,0.1639,0.1646,0.1648,0.1639,0.164,0.1643,0.1646,0.1639,0.1648,0.165,0.1647,0.1638,0.1643,0.1652,0.1621,0.1637,0.1652,0.1647,0.1652,0.165,0.1651,0.1647,0.1636,0.1642,0.1536,0.1606,0.165,0.1643,0.1638,0.1646,0.1642,0.1647,0.1633,0.165
3/6/2020,8.6357,0.1815,0.1775,0.1739,0.1898,0.1801,0.1921,0.1879,0.1811,0.1753,0.178,0.1787,0.1843,0.1784,0.175,0.179,0.1801,0.1771,0.1779,0.1794,0.1759,0.1763,0.1794,0.1778,0.1734,0.178,0.1733,0.1784,0.1741,0.1848,0.1764,0.1762,0.1739,0.1765,0.1754,0.1751,0.1749,0.1815,0.1796,0.2291,0.1958,0.178,0.1784,0.1797,0.1787,0.1777,0.1763,0.1809,0.1731
3/5/2020,8.1074,0.1689,0.1685,0.1691,0.1707,0.1714,0.1699,0.1692,0.1707,0.169,0.1694,0.169,0.1696,0.1679,0.1685,0.1689,0.1684,0.168,0.1693,0.1693,0.1688,0.1685,0.1683,0.1696,0.1685,0.1677,0.1689,0.1694,0.1677,0.1696,0.1689,0.1677,0.1675,0.1677,0.1676,0.1683,0.1681,0.1686,0.1678,0.1734,0.1698,0.169,0.1684,0.1683,0.1691,0.1691,0.1679,0.1691,0.1684
3/4/2020,9.443,0.2061,0.2007,0.1893,0.2007,0.219,0.2221,0.2251,0.2128,0.1873,0.2092,0.1955,0.1999,0.1843,0.1876,0.1889,0.1898,0.1893,0.1882,0.1877,0.1958,0.1883,0.2009,0.1939,0.1906,0.1939,0.1905,0.1931,0.1837,0.1996,0.1929,0.187,0.1799,0.1815,0.1861,0.1859,0.187,0.1921,0.1876,0.2853,0.2221,0.1872,0.196,0.1827,0.1983,0.1944,0.2049,0.1883,0.19
3/3/2020,11.431,0.2576,0.2171,0.2068,0.2809,0.2538,0.2916,0.2435,0.2528,0.2373,0.2267,0.2418,0.2545,0.2312,0.2315,0.2102,0.2466,0.2356,0.2192,0.238,0.2288,0.2267,0.2171,0.2373,0.2192,0.201,0.2222,0.2216,0.2106,0.2202,0.2274,0.2047,0.212,0.2171,0.2126,0.2006,0.2147,0.25,0.2281,0.5021,0.3233,0.2315,0.2624,0.2192,0.2435,0.2123,0.2274,0.2192,0.2415
3/2/2020,10.4525,0.2069,0.2334,0.214,0.2388,0.2596,0.238,0.2351,0.2589,0.1963,0.2218,0.2005,0.1971,0.2135,0.2086,0.2047,0.213,0.1978,0.2123,0.2253,0.212,0.1954,0.2223,0.2128,0.213,0.2039,0.1993,0.227,0.1932,0.2417,0.199,0.1929,0.2042,0.1971,0.1856,0.1902,0.2005,0.2221,0.2076,0.4158,0.283,0.2187,0.1914,0.2182,0.199,0.2059,0.2231,0.2059,0.1961
3/1/2020,7.8276,0.164,0.1624,0.1642,0.1627,0.1603,0.1615,0.1624,0.1626,0.1613,0.1644,0.1644,0.1645,0.1633,0.1641,0.163,0.1643,0.1637,0.1636,0.1628,0.1633,0.1632,0.1633,0.1628,0.162,0.1633,0.1646,0.162,0.1645,0.1644,0.163,0.1648,0.1652,0.1644,0.1647,0.1652,0.164,0.1637,0.1631,0.1492,0.1585,0.164,0.1627,0.1648,0.1627,0.1641,0.1631,0.163,0.1645
2/29/2020,7.6103,0.1606,0.1563,0.1571,0.1534,0.1481,0.153,0.1581,0.1539,0.158,0.1543,0.154,0.1589,0.1598,0.1604,0.1586,0.1583,0.1581,0.1602,0.159,0.1598,0.1589,0.1574,0.1568,0.1576,0.1608,0.16,0.1555,0.162,0.1544,0.1592,0.1634,0.1602,0.1622,0.1607,0.1623,0.1616,0.1606,0.1577,0.1547,0.1611,0.1589,0.1628,0.16,0.162,0.1585,0.1584,0.16,0.1627
2/28/2020,7.9521,0.166,0.1657,0.1654,0.1655,0.1647,0.1656,0.1655,0.1651,0.1659,0.1654,0.1648,0.1658,0.166,0.1659,0.1661,0.166,0.1657,0.1661,0.1655,0.1655,0.166,0.1656,0.166,0.1661,0.1658,0.1659,0.166,0.1662,0.1653,0.1659,0.166,0.166,0.1661,0.166,0.1662,0.1659,0.1656,0.1657,0.1628,0.1649,0.166,0.1653,0.1657,0.1658,0.1657,0.1656,0.1658,0.166
2/27/2020,10.2817,0.2043,0.2242,0.2068,0.2529,0.2513,0.2248,0.2568,0.2283,0.2468,0.2363,0.2182,0.2159,0.2082,0.2052,0.2,0.1979,0.1968,0.2125,0.2064,0.2048,0.2091,0.2004,0.2178,0.2109,0.1956,0.2061,0.2018,0.1918,0.234,0.2023,0.1881,0.1986,0.1929,0.1943,0.1947,0.1959,0.1963,0.2096,0.307,0.2322,0.2235,0.2185,0.2148,0.2128,0.2141,0.2041,0.2075,0.2086
2/26/2020,10.3904,0.2059,0.2293,0.214,0.2532,0.2444,0.2482,0.2475,0.2573,0.2503,0.208,0.2262,0.214,0.2056,0.2128,0.2066,0.1982,0.2001,0.2231,0.2116,0.2006,0.2116,0.2114,0.2097,0.1927,0.2059,0.2157,0.213,0.1994,0.2484,0.214,0.1848,0.192,0.1872,0.191,0.1949,0.2092,0.224,0.2085,0.2972,0.2276,0.2095,0.2083,0.2095,0.2164,0.2049,0.23,0.219,0.1977
2/25/2020,9.0543,0.1823,0.185,0.184,0.1963,0.202,0.2082,0.2008,0.1966,0.2009,0.1984,0.2068,0.1786,0.1872,0.1802,0.1805,0.1889,0.1815,0.1851,0.1913,0.1828,0.1844,0.1852,0.1809,0.1825,0.182,0.1869,0.1845,0.1802,0.1815,0.1823,0.1825,0.179,0.1757,0.1808,0.1829,0.185,0.1875,0.1915,0.2593,0.2099,0.1811,0.1907,0.1848,0.1916,0.1802,0.1795,0.1798,0.1847
2/24/2020,8.9304,0.1883,0.1844,0.1925,0.1881,0.1994,0.2034,0.19,0.1942,0.1895,0.1946,0.1843,0.189,0.1783,0.1778,0.1869,0.1862,0.1815,0.1798,0.1876,0.1811,0.1822,0.1849,0.1879,0.1809,0.1794,0.1864,0.1858,0.1793,0.1985,0.1829,0.1737,0.1803,0.1803,0.1803,0.1767,0.1833,0.1863,0.1789,0.2177,0.1905,0.1845,0.1907,0.1766,0.1836,0.1882,0.1781,0.1881,0.1875
2/23/2020,9.1478,0.1893,0.1824,0.1931,0.1921,0.2192,0.208,0.2114,0.2134,0.1956,0.1987,0.1983,0.1846,0.1877,0.1879,0.1923,0.1801,0.1893,0.1834,0.1907,0.1904,0.1856,0.1827,0.1986,0.1791,0.1835,0.188,0.1958,0.1789,0.2045,0.1849,0.181,0.1829,0.1762,0.1758,0.1809,0.1866,0.1872,0.1814,0.2287,0.1956,0.1825,0.186,0.1928,0.1799,0.186,0.1965,0.1868,0.1915
2/22/2020,10.6387,0.2136,0.2252,0.1994,0.2353,0.3012,0.2268,0.2326,0.2324,0.2221,0.2387,0.2332,0.1991,0.2152,0.2081,0.2168,0.2252,0.2139,0.202,0.2049,0.2208,0.1999,0.2121,0.2105,0.2189,0.2039,0.2205,0.1946,0.1999,0.2303,0.2128,0.1917,0.1872,0.1973,0.2036,0.1923,0.2134,0.1954,0.2118,0.4502,0.299,0.2047,0.2216,0.2031,0.2002,0.2268,0.2208,0.2242,0.2255
2/21/2020,10.4212,0.219,0.2299,0.2318,0.2289,0.2531,0.2284,0.2567,0.2461,0.2257,0.2274,0.233,0.2105,0.2117,0.196,0.1979,0.2187,0.1989,0.2277,0.2153,0.2054,0.2185,0.2153,0.2006,0.2115,0.2083,0.203,0.2296,0.1916,0.1984,0.2119,0.1921,0.204,0.1851,0.2049,0.1877,0.2057,0.1945,0.2163,0.3484,0.2515,0.2233,0.1981,0.2107,0.2001,0.2241,0.2284,0.2015,0.194
2/20/2020,10.0332,0.1992,0.2216,0.2132,0.2445,0.2512,0.249,0.2545,0.225,0.1964,0.2366,0.2429,0.2106,0.1903,0.1915,0.1998,0.1994,0.1953,0.197,0.2041,0.2,0.1982,0.2155,0.2071,0.1907,0.1858,0.1984,0.2067,0.1905,0.2144,0.2098,0.1945,0.1992,0.197,0.1935,0.1982,0.1929,0.2077,0.2108,0.2638,0.212,0.1955,0.2205,0.1876,0.2142,0.2104,0.1982,0.1996,0.1984
2/19/2020,12.2698,0.2384,0.2807,0.223,0.2802,0.2986,0.3447,0.3281,0.3387,0.2188,0.2264,0.2854,0.2192,0.2542,0.2533,0.2615,0.2444,0.2239,0.2491,0.2533,0.2687,0.2328,0.2563,0.2384,0.2529,0.2277,0.2153,0.3063,0.2141,0.3114,0.223,0.2085,0.2017,0.2055,0.2273,0.2064,0.2303,0.2559,0.2256,0.4691,0.3079,0.2239,0.2696,0.267,0.2461,0.2717,0.2183,0.241,0.2252
2/18/2020,12.7976,0.2439,0.2319,0.2281,0.3591,0.3068,0.2856,0.2866,0.3552,0.2809,0.3197,0.2386,0.2391,0.2343,0.2602,0.231,0.2429,0.2492,0.2501,0.2439,0.2751,0.2645,0.2717,0.2924,0.2593,0.2593,0.2439,0.2996,0.2185,0.3024,0.2463,0.2353,0.2166,0.2122,0.2266,0.2209,0.2338,0.2319,0.2257,0.5474,0.3444,0.2674,0.3072,0.2266,0.2828,0.2492,0.254,0.2338,0.2617
2/17/2020,10.4525,0.2299,0.2319,0.2307,0.2282,0.2439,0.2682,0.2562,0.2189,0.1973,0.2211,0.2601,0.2076,0.1961,0.2027,0.2025,0.2074,0.2059,0.212,0.2263,0.2179,0.2066,0.2206,0.229,0.1988,0.1932,0.1936,0.242,0.1959,0.2505,0.2005,0.2064,0.1959,0.2057,0.1907,0.1922,0.2101,0.1941,0.2123,0.3003,0.229,0.2157,0.2341,0.1978,0.2165,0.2,0.228,0.2189,0.2093
2/16/2020,7.6099,0.1571,0.1575,0.1623,0.1527,0.1575,0.1525,0.1538,0.1502,0.1589,0.1605,0.1615,0.1603,0.1622,0.1584,0.1609,0.1572,0.1599,0.1586,0.1608,0.1582,0.1614,0.1577,0.1577,0.1567,0.1621,0.1612,0.1558,0.1621,0.1616,0.1599,0.1637,0.1638,0.1616,0.1636,0.1625,0.1607,0.161,0.1612,0.1353,0.152,0.1577,0.1557,0.1616,0.1582,0.1584,0.156,0.1591,0.1606
2/15/2020,7.1755,0.1531,0.1509,0.1512,0.1418,0.1378,0.1431,0.1364,0.1504,0.1421,0.1541,0.1541,0.1466,0.1525,0.154,0.1474,0.1502,0.1476,0.1569,0.1519,0.1547,0.1502,0.1485,0.1464,0.1535,0.1544,0.1523,0.1451,0.1554,0.1409,0.1548,0.1593,0.1592,0.1584,0.1545,0.1542,0.1553,0.1517,0.1576,0.1105,0.1404,0.1468,0.1442,0.1569,0.1492,0.1486,0.145,0.1517,0.1537
2/14/2020,6.3679,0.1339,0.145,0.1277,0.1228,0.1317,0.1028,0.1241,0.1244,0.1267,0.1188,0.1073,0.1234,0.1454,0.1472,0.136,0.1317,0.1355,0.1283,0.1273,0.1332,0.1309,0.1355,0.1435,0.1334,0.15,0.1368,0.118,0.1481,0.1262,0.1368,0.152,0.1406,0.1479,0.1461,0.153,0.1437,0.1433,0.1423,0.0575,0.1157,0.1368,0.1205,0.1286,0.1466,0.1316,0.1419,0.1415,0.1459
2/13/2020,10.2973,0.2117,0.2144,0.1961,0.2468,0.2314,0.2179,0.2349,0.2586,0.1993,0.2321,0.2151,0.2039,0.2007,0.1997,0.2087,0.2165,0.2167,0.2014,0.2039,0.2023,0.1956,0.1968,0.214,0.1986,0.2122,0.2055,0.1938,0.1984,0.2147,0.2064,0.2027,0.2034,0.1929,0.188,0.1901,0.1968,0.2234,0.2101,0.3884,0.2702,0.2057,0.2229,0.2239,0.2069,0.2188,0.2048,0.1979,0.2023
2/12/2020,10.1421,0.1982,0.2136,0.1926,0.2209,0.2198,0.2106,0.2478,0.2187,0.2149,0.1982,0.2153,0.2226,0.2009,0.2114,0.1958,0.2001,0.2005,0.2014,0.2048,0.2097,0.2035,0.196,0.2091,0.1984,0.1894,0.2037,0.1943,0.1954,0.2037,0.2093,0.1911,0.1949,0.1937,0.1934,0.1992,0.2037,0.2014,0.1941,0.432,0.2905,0.2052,0.2179,0.2082,0.2131,0.1997,0.1962,0.2127,0.1945
2/11/2020,10.0952,0.1931,0.2224,0.2033,0.2469,0.2299,0.2352,0.2281,0.2084,0.197,0.2019,0.2473,0.2119,0.2088,0.196,0.2123,0.1973,0.1929,0.2044,0.197,0.205,0.2029,0.2102,0.1954,0.1882,0.1862,0.1885,0.219,0.1903,0.2165,0.204,0.1964,0.191,0.1918,0.1918,0.1912,0.204,0.2188,0.1895,0.3986,0.275,0.1977,0.1903,0.2119,0.2165,0.1979,0.2038,0.1977,0.191
2/10/2020,7.2839,0.1489,0.1536,0.1473,0.151,0.1512,0.143,0.1379,0.1508,0.1571,0.1544,0.1561,0.1501,0.1523,0.1576,0.152,0.1493,0.1559,0.1513,0.1492,0.1542,0.1578,0.1579,0.1549,0.1491,0.1534,0.1571,0.1552,0.157,0.1458,0.1528,0.1585,0.1585,0.1604,0.1567,0.1573,0.1556,0.1519,0.1558,0.0989,0.135,0.1568,0.1551,0.1521,0.1576,0.1521,0.1479,0.1526,0.1569
2/9/2020,8.1537,0.1707,0.1695,0.1693,0.1719,0.1741,0.1705,0.1695,0.1726,0.1712,0.1705,0.1716,0.1688,0.1695,0.1686,0.1695,0.1691,0.1696,0.1704,0.17,0.1689,0.17,0.1698,0.1694,0.1708,0.169,0.1698,0.1701,0.1685,0.171,0.1698,0.1676,0.1686,0.1684,0.168,0.1685,0.1691,0.17,0.1702,0.1734,0.1698,0.1707,0.1703,0.1693,0.1702,0.1687,0.1693,0.1687,0.1689
2/8/2020,10.8871,0.2256,0.2264,0.2311,0.2599,0.2721,0.2845,0.2888,0.2669,0.2261,0.2478,0.2576,0.2302,0.2163,0.2267,0.2146,0.2218,0.2209,0.2059,0.208,0.2215,0.216,0.2308,0.2132,0.2261,0.214,0.2218,0.1967,0.2082,0.2547,0.2082,0.1978,0.1901,0.2117,0.188,0.2002,0.2051,0.2218,0.2241,0.2836,0.2213,0.2383,0.2432,0.2198,0.2149,0.216,0.2313,0.2293,0.2082
2/7/2020,9.8313,0.1896,0.1969,0.1985,0.207,0.2258,0.2417,0.2364,0.2313,0.2148,0.2022,0.1994,0.1885,0.1883,0.1951,0.2068,0.2075,0.2051,0.2119,0.207,0.2026,0.1954,0.2027,0.1976,0.204,0.2007,0.1949,0.2137,0.185,0.1932,0.2055,0.1872,0.1947,0.1879,0.1846,0.1833,0.1982,0.1991,0.1861,0.3,0.2289,0.2139,0.2101,0.2051,0.2095,0.1929,0.1916,0.2095,0.1996
2/6/2020,10.8099,0.2144,0.2344,0.2335,0.2717,0.3007,0.2647,0.226,0.2333,0.2484,0.2153,0.233,0.2319,0.2012,0.2229,0.2231,0.2223,0.2175,0.2074,0.2212,0.2248,0.2206,0.2066,0.2195,0.2004,0.1976,0.2158,0.1979,0.2046,0.2417,0.2147,0.1866,0.2099,0.2111,0.2038,0.1914,0.2161,0.2229,0.2215,0.3523,0.2533,0.2068,0.2414,0.2265,0.2119,0.2077,0.2434,0.2091,0.2271
2/5/2020,11.9747,0.2215,0.2271,0.2569,0.2664,0.2752,0.2847,0.2481,0.2434,0.2517,0.2998,0.2557,0.2517,0.2152,0.2287,0.2199,0.2211,0.2263,0.2442,0.2513,0.2473,0.2549,0.2088,0.2768,0.2585,0.2382,0.2382,0.2915,0.2112,0.2422,0.2354,0.216,0.2128,0.2251,0.1981,0.2271,0.2307,0.2644,0.2326,0.562,0.3512,0.2565,0.2128,0.2108,0.2203,0.245,0.2696,0.2187,0.2291
2/4/2020,8.7904,0.1883,0.1837,0.1879,0.1844,0.2056,0.187,0.1905,0.1966,0.1863,0.1892,0.181,0.189,0.1762,0.1788,0.1826,0.1769,0.1782,0.1824,0.1856,0.1826,0.1824,0.1852,0.1813,0.1792,0.1773,0.1781,0.181,0.1772,0.1811,0.1779,0.1755,0.1725,0.1725,0.1735,0.1738,0.1788,0.1774,0.1813,0.2336,0.1979,0.186,0.1847,0.1781,0.1749,0.1775,0.1783,0.1763,0.1843
2/3/2020,6.5233,0.1455,0.1292,0.1495,0.1231,0.1131,0.1227,0.1377,0.1073,0.1355,0.1481,0.1361,0.15,0.1491,0.1504,0.1445,0.1342,0.1488,0.1385,0.1401,0.1386,0.138,0.1481,0.1389,0.1466,0.1506,0.1383,0.143,0.15,0.1325,0.1371,0.15,0.1445,0.1488,0.1454,0.152,0.1475,0.132,0.1423,-0.0019,0.088,0.1283,0.1401,0.1424,0.1383,0.1364,0.1407,0.1339,0.1495
2/2/2020,6.9735,0.1438,0.1457,0.147,0.1254,0.1231,0.1458,0.1326,0.1431,0.1521,0.1466,0.1527,0.1521,0.1552,0.1453,0.1542,0.1531,0.1466,0.1513,0.1493,0.1488,0.1449,0.1545,0.1475,0.1425,0.1482,0.1477,0.1402,0.1545,0.142,0.147,0.1568,0.158,0.1517,0.1517,0.1533,0.1496,0.1452,0.1526,0.0661,0.1197,0.1436,0.1497,0.1562,0.1515,0.143,0.1457,0.1481,0.1482
2/1/2020,7.6722,0.1602,0.1596,0.16,0.1574,0.1559,0.1532,0.1524,0.1544,0.1598,0.1607,0.1573,0.1615,0.1627,0.16,0.1627,0.1616,0.1622,0.1603,0.1617,0.1602,0.1624,0.1619,0.1605,0.1583,0.1603,0.1598,0.1585,0.1624,0.1624,0.1602,0.1638,0.1628,0.1615,0.1617,0.1628,0.1623,0.1624,0.1596,0.1385,0.1535,0.1589,0.1616,0.1629,0.1634,0.1614,0.163,0.1611,0.1605
1/31/2020,7.0977,0.1446,0.1526,0.1502,0.1451,0.1403,0.1317,0.1458,0.1307,0.1419,0.1456,0.1382,0.1462,0.1539,0.1505,0.156,0.1505,0.1534,0.1512,0.1467,0.1542,0.1549,0.1564,0.1506,0.1576,0.1487,0.1502,0.1524,0.1549,0.1448,0.1531,0.1584,0.1594,0.1558,0.1557,0.1572,0.1549,0.1502,0.1502,0.0758,0.1243,0.143,0.1498,0.15,0.1446,0.154,0.155,0.1516,0.1549
1/30/2020,9.3962,0.2005,0.2012,0.2041,0.2137,0.226,0.1925,0.201,0.1935,0.2105,0.2007,0.2063,0.1831,0.1858,0.1833,0.1956,0.1883,0.1865,0.1977,0.1979,0.1905,0.1915,0.1836,0.201,0.1843,0.1912,0.1819,0.2095,0.1815,0.1933,0.1882,0.1795,0.1784,0.1819,0.1778,0.1841,0.1871,0.2003,0.1919,0.2691,0.2145,0.2046,0.2066,0.1995,0.1876,0.1894,0.202,0.1875,0.1897
1/29/2020,11.0736,0.2134,0.2235,0.2137,0.2607,0.2838,0.25,0.2364,0.2389,0.2245,0.2063,0.2533,0.2125,0.2254,0.2205,0.2075,0.2054,0.2131,0.2318,0.2367,0.2257,0.2226,0.2171,0.2048,0.2109,0.2275,0.2066,0.269,0.2109,0.2232,0.2128,0.2125,0.2017,0.1885,0.2115,0.2036,0.2189,0.2331,0.2343,0.5549,0.3479,0.2103,0.2066,0.2017,0.2008,0.2097,0.2069,0.2254,0.2168
1/28/2020,10.9804,0.2442,0.2072,0.2102,0.2808,0.2653,0.2728,0.2924,0.2704,0.2307,0.2269,0.2597,0.2468,0.2176,0.2296,0.2245,0.2331,0.2281,0.2322,0.2197,0.2203,0.2093,0.2304,0.2096,0.1968,0.2188,0.2319,0.2415,0.2039,0.254,0.2084,0.2081,0.1989,0.1923,0.2027,0.2078,0.2105,0.2248,0.2161,0.3166,0.2367,0.2176,0.2406,0.2248,0.2009,0.2066,0.2021,0.2296,0.2266
1/27/2020,12.394,0.28,0.2339,0.2853,0.2976,0.3306,0.2585,0.2954,0.3121,0.2304,0.3121,0.2646,0.2291,0.2242,0.2282,0.2475,0.2238,0.2308,0.2699,0.2581,0.2497,0.2365,0.2128,0.222,0.2124,0.2238,0.2603,0.2361,0.2216,0.3147,0.251,0.2198,0.2378,0.219,0.2194,0.2291,0.2247,0.2453,0.226,0.5402,0.3411,0.2668,0.2168,0.2704,0.2532,0.2616,0.2594,0.2466,0.2638
1/26/2020,11.1515,0.2209,0.2502,0.2079,0.2568,0.2395,0.2606,0.2376,0.2782,0.2486,0.2751,0.2467,0.2518,0.2136,0.2294,0.207,0.2199,0.2379,0.2455,0.2228,0.2237,0.2338,0.2124,0.2067,0.2152,0.1985,0.2089,0.2228,0.1982,0.27,0.23,0.1931,0.219,0.2048,0.1909,0.2086,0.2108,0.2265,0.219,0.4588,0.3031,0.2439,0.2237,0.2051,0.2136,0.2114,0.2079,0.2076,0.2335
1/25/2020,10.6388,0.2187,0.2311,0.2347,0.2247,0.2237,0.2461,0.277,0.2305,0.2387,0.2086,0.2205,0.2044,0.2168,0.2012,0.202,0.2279,0.2047,0.2329,0.2165,0.2271,0.2105,0.2242,0.2171,0.2282,0.211,0.2181,0.2524,0.1931,0.2382,0.2041,0.2092,0.1952,0.2049,0.1909,0.1941,0.2004,0.2318,0.2033,0.3268,0.2414,0.2311,0.2377,0.2139,0.2036,0.2078,0.2247,0.2192,0.2181
1/24/2020,11.4775,0.2327,0.2425,0.2397,0.2432,0.2832,0.2853,0.3054,0.2414,0.23,0.2512,0.2564,0.2387,0.2202,0.2383,0.2147,0.2494,0.2362,0.248,0.2237,0.2279,0.2126,0.2473,0.2258,0.255,0.207,0.2348,0.2209,0.2094,0.2129,0.2195,0.2119,0.198,0.199,0.2105,0.1962,0.2244,0.2181,0.248,0.4438,0.2961,0.2282,0.2473,0.2442,0.2512,0.2167,0.2234,0.2425,0.2247
1/23/2020,12.5652,0.2493,0.2694,0.2246,0.2863,0.2694,0.3561,0.3205,0.3543,0.2977,0.257,0.3447,0.2721,0.2242,0.2438,0.2534,0.2388,0.2233,0.2224,0.2447,0.2402,0.2429,0.2575,0.2721,0.2256,0.2493,0.2662,0.2461,0.2228,0.294,0.2475,0.2365,0.2356,0.2365,0.2187,0.2402,0.2265,0.2242,0.2402,0.528,0.3353,0.2228,0.2397,0.2192,0.2306,0.2794,0.2356,0.2493,0.2507
1/22/2020,13.8691,0.2606,0.2641,0.2441,0.3797,0.4038,0.3093,0.2864,0.3551,0.2623,0.2735,0.3492,0.3146,0.2371,0.2306,0.2541,0.2524,0.3069,0.2717,0.2846,0.2823,0.2518,0.233,0.2488,0.2688,0.2259,0.2752,0.2535,0.2265,0.2659,0.2758,0.2242,0.2377,0.2471,0.24,0.2518,0.2653,0.297,0.2934,0.8141,0.4689,0.294,0.2371,0.2887,0.2635,0.2864,0.25,0.2929,0.2694
1/21/2020,1.6459,0.0313,0.0313,0.032,0.025,-0.0716,0.0459,-0.0354,-0.0119,-0.0081,-0.0519,-0.0551,0.0631,0.0529,0.0847,0.0466,0.0313,0.0745,0.0567,0.051,0.0529,0.0663,0.0822,0.0733,0.0574,0.0752,0.0726,0.0847,0.0923,0.0542,0.072,0.0771,0.0968,0.1158,0.0917,0.0777,0.0758,0.0453,0.0212,-0.3865,-0.0916,0.0536,-0.003,0.0853,0.0453,0.0218,0.0409,0.018,0.0853
1/20/2020,1.6152,0.0715,0.0632,0.092,-0.0338,-0.0581,0.0256,0.0122,-0.0964,0.0441,0.0147,-0.0121,0.0632,0.0734,0.0747,0.0192,0.0798,0.0888,0.0549,0.0754,0.0754,0.0256,0.0422,0.0217,0,0.0913,0.0983,0.0498,0.083,0.0313,0.0319,0.0703,0.1207,0.0894,0.1003,0.1054,0.062,0.0428,0.0741,-0.5245,-0.156,0.0358,0.0153,0.0837,0.0268,0.0645,0.0632,0.092,0.0466
1/19/2020,10.6696,0.2187,0.2342,0.2339,0.2622,0.2364,0.2756,0.2372,0.2369,0.2347,0.2331,0.2083,0.1974,0.1984,0.2027,0.1998,0.2145,0.2291,0.2321,0.2249,0.207,0.2222,0.2035,0.2078,0.2243,0.2177,0.2147,0.2011,0.1936,0.2254,0.2198,0.1939,0.1944,0.1987,0.2,0.2091,0.2051,0.2283,0.1992,0.4029,0.277,0.2075,0.2321,0.2051,0.207,0.2198,0.2315,0.2022,0.2086
1/18/2020,9.8777,0.1939,0.1935,0.2065,0.2115,0.2337,0.2074,0.2245,0.2102,0.2044,0.1995,0.2025,0.1965,0.1909,0.2016,0.1982,0.1888,0.1945,0.1973,0.2037,0.2127,0.1946,0.2121,0.1969,0.2123,0.1977,0.2074,0.2181,0.1864,0.2008,0.1973,0.1832,0.1847,0.1886,0.1935,0.1854,0.1977,0.1901,0.2121,0.3674,0.2604,0.193,0.2003,0.2127,0.2127,0.1969,0.1993,0.2089,0.1954
1/17/2020,8.4337,0.1739,0.1725,0.1767,0.1773,0.1799,0.1799,0.1803,0.1821,0.1725,0.1807,0.1805,0.1771,0.1721,0.1753,0.1761,0.1719,0.1749,0.1744,0.1749,0.174,0.1717,0.174,0.1768,0.1733,0.1756,0.1752,0.1717,0.1717,0.1722,0.1752,0.1704,0.173,0.1723,0.1716,0.1704,0.1737,0.1734,0.1756,0.2063,0.1852,0.1749,0.1741,0.1723,0.1753,0.176,0.1743,0.1743,0.1762
1/16/2020,8.1384,0.1702,0.1702,0.1703,0.1709,0.1733,0.1695,0.1709,0.1714,0.1681,0.1696,0.1711,0.1704,0.169,0.1689,0.169,0.169,0.1699,0.1691,0.169,0.1696,0.1685,0.1695,0.1693,0.169,0.1692,0.1692,0.1689,0.1685,0.1687,0.1689,0.1679,0.169,0.1684,0.168,0.1683,0.1688,0.1682,0.1685,0.1771,0.1715,0.1682,0.17,0.169,0.1698,0.1695,0.1695,0.1692,0.1684
1/15/2020,8.4179,0.1721,0.1779,0.1724,0.1796,0.1853,0.1815,0.1763,0.18,0.1777,0.1789,0.1729,0.1727,0.1739,0.1713,0.1721,0.1739,0.1733,0.1729,0.1737,0.175,0.1735,0.1718,0.1723,0.1717,0.1746,0.1746,0.1773,0.1711,0.1777,0.1743,0.1693,0.1697,0.1731,0.1729,0.1724,0.1726,0.1763,0.1711,0.2092,0.1865,0.176,0.1743,0.1752,0.1759,0.1752,0.172,0.1723,0.1716
1/14/2020,10.095,0.2063,0.2029,0.214,0.2289,0.261,0.253,0.2452,0.2262,0.232,0.2385,0.2463,0.223,0.201,0.2,0.1939,0.1937,0.1937,0.2004,0.204,0.196,0.1941,0.1977,0.2136,0.2117,0.2035,0.2079,0.1906,0.1933,0.1966,0.1983,0.1981,0.1897,0.192,0.1822,0.1903,0.1977,0.1943,0.2044,0.3136,0.2353,0.2079,0.1895,0.1989,0.2052,0.2111,0.2159,0.1941,0.2075
1/13/2020,11.1049,0.2353,0.2222,0.2378,0.2396,0.2586,0.2673,0.284,0.2347,0.253,0.2545,0.2781,0.2527,0.2207,0.2083,0.2101,0.2235,0.2064,0.225,0.23,0.2409,0.2229,0.2272,0.2337,0.203,0.217,0.2095,0.2648,0.2055,0.207,0.2244,0.1993,0.1931,0.2117,0.2098,0.2098,0.2194,0.2123,0.208,0.358,0.256,0.2409,0.253,0.2064,0.2238,0.2303,0.2331,0.2061,0.2362
1/12/2020,10.4837,0.2178,0.2017,0.2148,0.2367,0.2807,0.2491,0.2489,0.2623,0.2146,0.2253,0.2511,0.2327,0.2178,0.2034,0.2089,0.2243,0.2002,0.2268,0.2034,0.2034,0.1955,0.1918,0.2049,0.2166,0.191,0.2178,0.2297,0.2004,0.2422,0.2139,0.2007,0.196,0.189,0.2057,0.2064,0.2029,0.1965,0.2047,0.3089,0.2331,0.231,0.2114,0.2253,0.2181,0.1997,0.2079,0.1957,0.223
1/11/2020,10.0644,0.203,0.222,0.2183,0.2156,0.2459,0.2084,0.2123,0.2385,0.2005,0.2309,0.2125,0.1943,0.1927,0.2084,0.2084,0.1964,0.2044,0.2071,0.1978,0.2148,0.2115,0.2123,0.2247,0.2189,0.1937,0.1918,0.1906,0.1921,0.2084,0.2024,0.1968,0.1815,0.1964,0.1925,0.1832,0.2016,0.2164,0.2044,0.3229,0.2396,0.2077,0.2251,0.1918,0.2073,0.2055,0.2036,0.1958,0.2137
1/10/2020,8.6044,0.1806,0.1781,0.1778,0.191,0.1827,0.1813,0.1853,0.1834,0.1771,0.1841,0.1861,0.1814,0.1748,0.177,0.1752,0.1807,0.1797,0.1815,0.1777,0.1769,0.1754,0.1814,0.1794,0.1817,0.1757,0.1786,0.1809,0.1752,0.1873,0.1754,0.1751,0.1754,0.1738,0.1759,0.1754,0.1763,0.1813,0.1807,0.1927,0.1788,0.1744,0.1736,0.1801,0.1765,0.1778,0.1818,0.1742,0.1772
1/9/2020,8.4645,0.1772,0.1755,0.1737,0.1804,0.1772,0.1776,0.182,0.1844,0.1816,0.1793,0.1841,0.1727,0.173,0.1741,0.1759,0.1725,0.1774,0.1734,0.1771,0.1777,0.1733,0.1779,0.1761,0.1719,0.1747,0.1728,0.1727,0.1722,0.1732,0.1765,0.1731,0.1733,0.1729,0.1739,0.1715,0.1736,0.1754,0.1764,0.1955,0.1801,0.177,0.1792,0.1778,0.1765,0.1777,0.1719,0.1757,0.1749
1/8/2020,8.2472,0.1713,0.1711,0.1712,0.1766,0.178,0.1763,0.1738,0.1734,0.1713,0.1712,0.1737,0.1721,0.1717,0.1703,0.1712,0.1709,0.1701,0.1725,0.1706,0.1718,0.1695,0.1705,0.1735,0.1704,0.1693,0.1716,0.1698,0.1693,0.1732,0.1716,0.1683,0.1705,0.1701,0.1694,0.1698,0.1708,0.1701,0.1706,0.188,0.1766,0.1722,0.1705,0.1713,0.1697,0.1708,0.1709,0.17,0.1698
1/7/2020,9.1636,0.1835,0.185,0.1916,0.1967,0.2255,0.1917,0.2102,0.2046,0.2065,0.1884,0.2012,0.1894,0.1838,0.184,0.1857,0.1933,0.1902,0.196,0.1938,0.1842,0.181,0.1888,0.1975,0.181,0.1859,0.1917,0.1807,0.1831,0.1844,0.183,0.1778,0.1773,0.1775,0.1767,0.1768,0.1845,0.196,0.1871,0.2618,0.2111,0.1937,0.1981,0.1798,0.1792,0.1884,0.18,0.194,0.1814
1/6/2020,9.6762,0.2007,0.1962,0.2035,0.2188,0.2166,0.2193,0.2253,0.2076,0.2124,0.2151,0.2072,0.2097,0.1982,0.1933,0.1987,0.2069,0.1947,0.2002,0.1997,0.191,0.1898,0.1972,0.2117,0.193,0.1957,0.1921,0.1972,0.1854,0.2123,0.1963,0.1779,0.1931,0.1811,0.1846,0.1935,0.189,0.1985,0.2022,0.2694,0.2146,0.1967,0.2111,0.204,0.1828,0.2059,0.1942,0.1928,0.199
1/5/2020,9.1788,0.1875,0.1846,0.1813,0.1964,0.192,0.1961,0.2128,0.1912,0.1983,0.2073,0.1833,0.1895,0.1906,0.1855,0.1878,0.1948,0.1831,0.1952,0.1947,0.195,0.1856,0.1794,0.1849,0.1979,0.1814,0.1912,0.1851,0.182,0.182,0.1902,0.1849,0.1832,0.1757,0.1826,0.184,0.1846,0.1865,0.1867,0.291,0.2247,0.1816,0.1957,0.1787,0.1928,0.1825,0.1914,0.1827,0.1828
1/4/2020,8.7748,0.1843,0.1829,0.1802,0.1905,0.199,0.186,0.1877,0.1924,0.1754,0.1789,0.1782,0.1853,0.1774,0.1829,0.1812,0.1757,0.1842,0.1766,0.1834,0.1853,0.1827,0.1787,0.1859,0.1795,0.1795,0.1775,0.1896,0.1755,0.1809,0.1833,0.1762,0.1794,0.1731,0.1766,0.1771,0.1772,0.1841,0.1778,0.2333,0.1978,0.185,0.1768,0.183,0.1762,0.1819,0.1808,0.1798,0.1781
1/3/2020,9.365,0.1977,0.1877,0.1855,0.2121,0.224,0.2131,0.2199,0.2181,0.2127,0.194,0.2084,0.2035,0.1858,0.1846,0.1881,0.1862,0.1837,0.185,0.1998,0.1948,0.1832,0.1957,0.1957,0.1998,0.1936,0.1814,0.1893,0.1814,0.1886,0.1922,0.1766,0.1805,0.1826,0.1882,0.1795,0.1876,0.1865,0.1844,0.2757,0.2176,0.1832,0.2056,0.1886,0.1891,0.1882,0.1866,0.1859,0.193
1/2/2020,9.3186,0.1981,0.1864,0.1944,0.1987,0.1959,0.2017,0.2226,0.192,0.2013,0.2104,0.1845,0.2024,0.1922,0.1822,0.1834,0.1966,0.1888,0.1903,0.1864,0.1868,0.1891,0.1817,0.2008,0.1832,0.1834,0.1949,0.2078,0.1814,0.2024,0.1882,0.1775,0.1792,0.1791,0.182,0.1812,0.1884,0.1994,0.1905,0.2624,0.2114,0.2027,0.1979,0.195,0.1882,0.1992,0.1876,0.1965,0.1924
1/1/2020,8.3554,0.1756,0.1736,0.1757,0.1756,0.1808,0.1807,0.1746,0.1736,0.1736,0.1778,0.1723,0.1719,0.1716,0.1744,0.1746,0.1723,0.1721,0.1749,0.1737,0.1723,0.1709,0.1737,0.1762,0.1762,0.174,0.1716,0.1781,0.1708,0.1713,0.1735,0.1716,0.1695,0.1709,0.1696,0.171,0.1723,0.1706,0.1732,0.1968,0.1807,0.174,0.1756,0.1713,0.1716,0.1711,0.1739,0.1734,0.1703
