date,,1,2,3,4,5,6,7,8,9,10,11,12,13,14,15,16,17,18,19,20,21,22,23,24,25,26,27,28,29,30,31,32,33,34,35,36,37,38,39,40,41,42,43,44,45,46,47,48
,,0:00,0:30,1:00,1:30,2:00,2:30,3:00,3:30,4:00,4:30,5:00,5:30,6:00,6:30,7:00,7:30,8:00,8:30,9:00,9:30,10:00,10:30,11:00,11:30,12:00,12:30,13:00,13:30,14:00,14:30,15:00,15:30,16:00,16:30,17:00,17:30,18:00,18:30,19:00,19:30,20:00,20:30,21:00,21:30,22:00,22:30,23:00,23:30
12/14/2022,18.3027,0.3686,0.384,0.3222,0.4799,0.518,0.5953,0.3861,0.5994,0.518,0.4263,0.3542,0.4335,0.3439,0.3068,0.3645,0.3356,0.3645,0.3521,0.3439,0.3882,0.3562,0.2769,0.2903,0.3583,0.2975,0.3933,0.3088,0.281,0.349,0.3449,0.2584,0.3078,0.3233,0.2687,0.2666,0.3459,0.3944,0.3944,0.6783,0.7491,0.417,0.3542,0.349,0.3284,0.4119,0.3892,0.3233,0.3016
12/13/2022,26.5588,0.5861,0.471,0.5898,0.8237,1.0167,0.9332,0.7958,0.6158,0.6176,0.471,0.8255,0.5898,0.3727,0.51,0.588,0.484,0.4209,0.484,0.5397,0.4413,0.4506,0.3615,0.6548,0.458,0.4246,0.5044,0.3949,0.3801,0.4265,0.4228,0.4655,0.3467,0.3949,0.4599,0.3523,0.4451,0.3782,0.6158,1.2056,1.3493,0.562,0.3838,0.5267,0.497,0.4803,0.5954,0.471,0.3745
12/12/2022,35.5885,0.9226,0.8012,0.8978,1.2923,1.3199,0.8702,0.964,1.1433,0.6688,0.5805,0.804,0.8509,0.7129,0.6301,0.6605,0.7157,0.7184,0.7902,0.7212,0.6026,0.5584,0.7377,0.5998,0.666,0.4205,0.7322,0.6467,0.5143,0.975,0.6412,0.5667,0.6219,0.4398,0.495,0.5363,0.6301,0.8536,0.6026,1.1614,1.299,0.7515,0.666,0.7405,0.6164,0.7957,0.4701,0.5529,0.6301
12/11/2022,4.3516,0.1119,0.0901,0.0933,0.0361,0.0893,0.0725,0.0813,0.0809,0.0649,0.1043,0.059,0.1196,0.1119,0.0919,0.086,0.0904,0.0798,0.0809,0.1046,0.0857,0.0908,0.0777,0.0831,0.1171,0.0941,0.1028,0.1229,0.1211,0.097,0.1072,0.1251,0.1404,0.1254,0.1393,0.1211,0.1046,0.1189,0.1276,-0.0807,-0.1149,0.0747,0.1065,0.0882,0.1298,0.1017,0.0777,0.1068,0.1112
12/10/2022,21.9628,0.3761,0.5409,0.4264,0.5688,0.5548,0.4641,0.4194,0.6065,0.5423,0.4026,0.4501,0.3677,0.3873,0.3272,0.4683,0.3817,0.425,0.3635,0.4794,0.3845,0.4529,0.3998,0.3356,0.3859,0.3426,0.3594,0.3635,0.3147,0.4194,0.3817,0.2742,0.3091,0.3663,0.3761,0.2812,0.4082,0.418,0.4445,1.425,1.599,0.478,0.4655,0.4292,0.3608,0.4389,0.3677,0.3426,0.4864
12/9/2022,21.8817,0.3804,0.4957,0.3846,0.7178,0.8621,0.4762,0.4499,0.4693,0.3735,0.5706,0.4138,0.4499,0.3596,0.4068,0.3346,0.4374,0.4804,0.4846,0.4471,0.4762,0.4693,0.3194,0.4401,0.5331,0.3346,0.3971,0.3457,0.3513,0.4429,0.3846,0.3471,0.3513,0.3666,0.3513,0.3749,0.386,0.4193,0.4901,1.0781,1.2042,0.343,0.4165,0.3277,0.5054,0.3541,0.3444,0.3693,0.3638
12/8/2022,29.2023,0.4381,0.4677,0.6119,0.8748,1.2544,0.896,0.6204,1.019,0.595,0.455,0.4783,0.4847,0.5292,0.5314,0.4423,0.6586,0.5822,0.5865,0.667,0.6331,0.4063,0.4932,0.5144,0.7391,0.3957,0.5822,0.8006,0.455,0.8473,0.6056,0.4889,0.4826,0.3851,0.4465,0.4995,0.5017,0.6458,0.4465,1.1969,1.3394,0.4253,0.7413,0.508,0.3914,0.5165,0.5822,0.4741,0.4656
12/7/2022,21.8407,0.395,0.413,0.4117,0.7217,0.831,0.7065,0.7175,0.6857,0.5985,0.5777,0.5362,0.3701,0.3978,0.3424,0.4255,0.4712,0.4698,0.3701,0.4255,0.3757,0.3438,0.3134,0.5418,0.3161,0.3798,0.395,0.3272,0.3231,0.5819,0.4213,0.3895,0.3577,0.3258,0.384,0.3757,0.4144,0.4836,0.3646,0.6735,0.7436,0.4518,0.3341,0.4158,0.3424,0.3895,0.3812,0.4629,0.3646
12/6/2022,21.6782,0.38,0.5305,0.4457,0.6372,0.7138,0.7302,0.5633,0.5893,0.3718,0.339,0.5661,0.3842,0.3376,0.3705,0.4539,0.4101,0.484,0.4949,0.4854,0.4731,0.4635,0.3404,0.3951,0.4936,0.3869,0.3417,0.4498,0.3513,0.3472,0.4334,0.3062,0.2761,0.3431,0.287,0.3294,0.3623,0.4129,0.4266,0.8038,0.8919,0.4471,0.4963,0.365,0.4375,0.365,0.5127,0.4676,0.3842
12/5/2022,23.5496,0.5912,0.4279,0.5834,0.7793,0.5772,0.4963,0.7171,0.4948,0.5398,0.5119,0.5538,0.3393,0.4155,0.347,0.4948,0.4979,0.3937,0.4201,0.4652,0.4217,0.473,0.4123,0.4077,0.459,0.3424,0.3284,0.6363,0.3688,0.6285,0.3781,0.2802,0.3579,0.2973,0.3004,0.3439,0.445,0.5492,0.4248,1.0291,1.1484,0.473,0.4139,0.4963,0.5414,0.4248,0.487,0.5243,0.5103
12/4/2022,22.8172,0.5445,0.5638,0.5712,0.6853,0.789,0.4912,0.5164,0.6156,0.4378,0.4497,0.5712,0.3445,0.3652,0.4541,0.3608,0.34,0.3963,0.4171,0.4645,0.3711,0.4111,0.3593,0.5489,0.5119,0.3267,0.3786,0.629,0.3652,0.5667,0.4082,0.2985,0.3623,0.3519,0.3815,0.3963,0.3963,0.4052,0.3623,0.8603,0.9562,0.503,0.6008,0.3904,0.4556,0.4245,0.5445,0.5045,0.3682
12/3/2022,32.8228,0.678,0.7947,0.4521,1.0454,0.894,0.8394,1.2018,0.7128,0.8741,0.611,0.7674,0.5489,0.544,0.6135,0.6582,0.6184,0.7525,0.5911,0.7078,0.5465,0.5241,0.4621,0.8567,0.4124,0.6209,0.5564,0.9858,0.4621,0.5489,0.6507,0.5142,0.5142,0.4273,0.5241,0.4968,0.5837,0.7425,0.5936,1.3682,1.5343,0.8369,0.6085,0.4794,0.6085,0.683,0.6135,0.6259,0.5365
12/2/2022,28.6332,0.5071,0.569,0.4019,0.7258,1.1921,0.9817,0.9982,0.6165,0.7465,0.4906,0.4493,0.6969,0.437,0.4163,0.4638,0.5009,0.5154,0.5773,0.4658,0.4865,0.5773,0.6062,0.4989,0.6742,0.4947,0.5133,0.7361,0.439,0.6969,0.5711,0.3462,0.3895,0.4019,0.4205,0.4349,0.5236,0.5463,0.5731,1.1548,1.2914,0.6577,0.6289,0.3792,0.666,0.5773,0.4535,0.6412,0.5009
12/1/2022,33.9204,0.6747,0.5633,0.4622,1.1542,0.7499,1.1439,0.8121,0.9054,0.8406,0.8406,0.8328,0.7602,0.6203,0.4777,0.6566,0.514,0.5218,0.7162,0.7369,0.5581,0.7317,0.6306,0.7914,0.698,0.4466,0.6592,0.7758,0.4414,0.768,0.6281,0.5788,0.5321,0.4544,0.4699,0.4673,0.514,0.4751,0.4544,1.9983,2.2516,0.571,0.4362,0.6099,0.5814,0.7162,0.7162,0.4751,0.5062
11/30/2022,25.6234,0.498,0.4821,0.5561,0.6954,0.6848,0.6125,0.5227,0.6548,0.3711,0.4927,0.8364,0.4451,0.3746,0.4539,0.468,0.4945,0.4522,0.5949,0.4821,0.5843,0.4293,0.3764,0.6073,0.5526,0.3887,0.3535,0.5156,0.3676,0.7606,0.4909,0.3376,0.3552,0.3306,0.4152,0.394,0.4169,0.5209,0.4751,1.5101,1.6959,0.4575,0.4169,0.357,0.4486,0.5279,0.4539,0.4663,0.4451
11/29/2022,21.475,0.4213,0.5103,0.3445,0.5628,0.4806,0.6396,0.7232,0.5426,0.389,0.4456,0.3836,0.4968,0.4429,0.3755,0.4685,0.4321,0.4537,0.5049,0.385,0.486,0.3391,0.4402,0.5022,0.3877,0.3176,0.3499,0.5022,0.3149,0.575,0.4227,0.3055,0.3351,0.3311,0.3311,0.3567,0.389,0.4874,0.455,0.7269,0.8044,0.3243,0.4281,0.4213,0.4672,0.3634,0.4752,0.3634,0.4699
11/28/2022,23.1016,0.4174,0.4883,0.52,0.5895,0.6424,0.588,0.4098,0.6197,0.4778,0.5518,0.6575,0.5835,0.4445,0.4823,0.3705,0.4325,0.4158,0.4158,0.5185,0.4506,0.4566,0.4174,0.4732,0.52,0.3116,0.3267,0.5789,0.3766,0.4642,0.4113,0.4068,0.3977,0.2935,0.3328,0.3585,0.3856,0.4461,0.3554,0.9767,1.0888,0.4536,0.4929,0.4294,0.4687,0.4989,0.3811,0.4461,0.4763
11/27/2022,31.4805,0.6738,0.6527,0.6457,1.1247,1.1669,0.6386,0.5987,1.0002,0.8171,0.8406,0.8687,0.7584,0.5165,0.4555,0.7138,0.4625,0.5283,0.6151,0.6621,0.6269,0.5987,0.5142,0.533,0.5705,0.4062,0.5564,0.8946,0.4719,0.6386,0.648,0.3216,0.3991,0.3827,0.3756,0.4179,0.587,0.5236,0.6644,1.4174,1.5904,0.5189,0.5799,0.4343,0.5377,0.6598,0.7349,0.5494,0.587
11/26/2022,21.0275,0.3673,0.4442,0.4767,0.5705,0.7724,0.4155,0.6252,0.6005,0.3491,0.5614,0.4976,0.3855,0.4116,0.3491,0.4611,0.4832,0.3438,0.3399,0.4181,0.4572,0.3907,0.4637,0.3569,0.3256,0.3139,0.4455,0.3842,0.3373,0.478,0.4442,0.3243,0.3282,0.2644,0.3425,0.3178,0.3451,0.4442,0.4415,0.8125,0.9018,0.4832,0.4989,0.4298,0.2904,0.4142,0.4116,0.3699,0.3373
11/25/2022,18.2213,0.321,0.3108,0.3026,0.4385,0.5019,0.3752,0.3517,0.5367,0.3057,0.458,0.4273,0.2863,0.3598,0.3333,0.3558,0.3302,0.3731,0.3098,0.3118,0.3251,0.3435,0.3363,0.4263,0.3803,0.3251,0.2832,0.3987,0.3067,0.4488,0.3517,0.2719,0.3077,0.2413,0.2535,0.2832,0.3435,0.413,0.3026,0.9391,1.046,0.3619,0.3936,0.3721,0.3261,0.3057,0.4375,0.3731,0.3343
11/24/2022,20.0919,0.3444,0.3517,0.388,0.6104,0.5451,0.5306,0.4375,0.6286,0.4895,0.336,0.3638,0.4399,0.3444,0.3408,0.3287,0.3517,0.4158,0.3275,0.3686,0.4109,0.3505,0.371,0.3202,0.4835,0.3094,0.3166,0.3154,0.3239,0.5597,0.348,0.2743,0.2803,0.3287,0.3154,0.348,0.3408,0.4315,0.4097,1.0025,1.1181,0.4327,0.4266,0.452,0.394,0.3263,0.4254,0.4121,0.3214
11/23/2022,17.3263,0.3644,0.3476,0.2832,0.383,0.5435,0.453,0.5574,0.3849,0.3532,0.4222,0.4502,0.2749,0.3373,0.3289,0.2879,0.3336,0.3905,0.3551,0.3718,0.3317,0.3196,0.2954,0.4101,0.3187,0.3597,0.356,0.4222,0.2665,0.3122,0.3616,0.2749,0.3056,0.2571,0.2646,0.3019,0.3308,0.3084,0.3579,0.5906,0.6492,0.3159,0.4287,0.2665,0.384,0.3737,0.3429,0.2749,0.3224
11/22/2022,26.4777,0.5399,0.4235,0.5769,0.6305,0.6064,0.9409,0.6231,0.8152,0.4697,0.4789,0.4808,0.684,0.3902,0.3681,0.49,0.4143,0.5214,0.5436,0.5381,0.466,0.5732,0.551,0.4512,0.5584,0.3293,0.3866,0.4254,0.4235,0.7672,0.4937,0.3662,0.3718,0.3551,0.3681,0.4364,0.4734,0.3866,0.4124,1.5899,1.7867,0.599,0.3644,0.503,0.5214,0.4882,0.4087,0.5898,0.4956
11/21/2022,23.4277,0.3595,0.4413,0.4629,0.6141,0.7359,0.5739,0.594,0.7745,0.7082,0.557,0.4351,0.4027,0.4845,0.4289,0.4768,0.4567,0.5061,0.4984,0.449,0.4104,0.378,0.3179,0.4166,0.3857,0.4166,0.3441,0.5955,0.3503,0.4937,0.3873,0.2777,0.3009,0.4073,0.2947,0.2932,0.3657,0.4922,0.5261,1.1443,1.2795,0.3549,0.5678,0.3317,0.4876,0.4413,0.5678,0.4274,0.412
11/20/2022,16.4723,0.3175,0.2938,0.3192,0.3692,0.4344,0.4835,0.3361,0.5047,0.2777,0.3641,0.3149,0.3234,0.2649,0.3048,0.281,0.2929,0.2887,0.2734,0.3319,0.3564,0.3268,0.2768,0.3598,0.3488,0.2488,0.3471,0.2895,0.2582,0.3115,0.2802,0.22,0.3031,0.2556,0.3014,0.3014,0.2938,0.3158,0.287,0.8775,0.9758,0.3759,0.2751,0.3463,0.248,0.3226,0.3293,0.3539,0.3098
11/19/2022,9.5577,0.1964,0.195,0.1978,0.2305,0.2411,0.2061,0.2316,0.2002,0.2157,0.205,0.2201,0.1889,0.1986,0.188,0.2022,0.1988,0.1988,0.2037,0.19,0.1994,0.1889,0.1958,0.2039,0.2062,0.188,0.1914,0.19,0.1869,0.2106,0.1896,0.1916,0.1907,0.1835,0.188,0.1843,0.19,0.1939,0.1983,0.2116,0.2178,0.1974,0.1846,0.1936,0.2005,0.1893,0.2059,0.1946,0.1829
11/18/2022,16.7568,0.4031,0.284,0.2656,0.439,0.5625,0.4206,0.4863,0.4119,0.3278,0.4084,0.3996,0.3838,0.3103,0.3436,0.3637,0.3006,0.3374,0.2928,0.3488,0.3304,0.3409,0.2805,0.3383,0.3497,0.2604,0.2989,0.3777,0.2788,0.3882,0.3339,0.2367,0.2726,0.2507,0.2358,0.2831,0.3182,0.3523,0.3558,0.6036,0.6641,0.3015,0.2779,0.2534,0.3374,0.3506,0.3654,0.369,0.2612
11/17/2022,16.7165,0.2957,0.402,0.28,0.3698,0.3506,0.5136,0.3628,0.5057,0.4273,0.3384,0.5014,0.3087,0.2678,0.2704,0.3175,0.307,0.2835,0.2826,0.3079,0.3358,0.2887,0.375,0.3419,0.3497,0.3096,0.3523,0.3244,0.2608,0.4482,0.2817,0.2564,0.273,0.246,0.2809,0.2512,0.2896,0.3445,0.3366,0.6782,0.749,0.334,0.3236,0.2599,0.3732,0.341,0.3767,0.3541,0.2878
11/16/2022,13.4624,0.3147,0.2453,0.236,0.3721,0.3322,0.3376,0.3622,0.3884,0.3218,0.2901,0.247,0.2623,0.2366,0.2442,0.2803,0.2601,0.2639,0.2388,0.2732,0.2786,0.2557,0.2765,0.2797,0.2786,0.218,0.2404,0.2612,0.2235,0.2972,0.2612,0.2552,0.218,0.2289,0.2082,0.2339,0.2453,0.2612,0.2311,0.5156,0.5639,0.2688,0.2688,0.2885,0.2453,0.2371,0.2945,0.2333,0.2874
11/15/2022,18.7094,0.4323,0.4258,0.338,0.5651,0.3916,0.4783,0.4066,0.3648,0.308,0.4183,0.3198,0.3498,0.383,0.3948,0.2962,0.4108,0.413,0.3541,0.3252,0.3327,0.3402,0.4001,0.4087,0.4119,0.3402,0.3594,0.4365,0.3048,0.4355,0.3701,0.2995,0.3166,0.308,0.2491,0.3391,0.3284,0.3562,0.3273,0.8162,0.9061,0.428,0.278,0.3894,0.4173,0.3027,0.4323,0.3487,0.3509
11/14/2022,22.6135,0.418,0.3625,0.4896,0.5042,0.4999,0.6577,0.7205,0.6781,0.6767,0.4677,0.6592,0.4253,0.4589,0.3961,0.3464,0.4794,0.5057,0.4575,0.4969,0.4823,0.3727,0.3844,0.5437,0.4429,0.4224,0.4034,0.4195,0.3698,0.4823,0.3713,0.3961,0.2923,0.3406,0.3698,0.3976,0.4063,0.3683,0.3625,0.8829,0.982,0.5232,0.3406,0.4984,0.4078,0.4984,0.3464,0.4487,0.3566
11/13/2022,10.8593,0.207,0.2201,0.2433,0.2527,0.2653,0.271,0.2596,0.2519,0.1981,0.2407,0.2576,0.2073,0.201,0.227,0.2147,0.2207,0.2353,0.2227,0.2167,0.2233,0.2047,0.2121,0.2253,0.223,0.1993,0.2078,0.251,0.2067,0.2136,0.2124,0.1907,0.1964,0.1873,0.2027,0.205,0.2101,0.2259,0.2293,0.3126,0.3327,0.2404,0.2382,0.2044,0.2101,0.227,0.2284,0.2058,0.2204
11/12/2022,8.5007,0.1779,0.1799,0.1765,0.1826,0.1823,0.1834,0.1823,0.1834,0.1744,0.1805,0.1743,0.1729,0.1732,0.1766,0.1764,0.1769,0.1785,0.1755,0.1782,0.1788,0.1734,0.1776,0.1777,0.1738,0.1754,0.1754,0.1789,0.1723,0.1801,0.1744,0.1739,0.1724,0.171,0.171,0.1725,0.1752,0.1748,0.1735,0.1957,0.1997,0.1727,0.1755,0.1721,0.172,0.1788,0.1756,0.1747,0.1761
11/11/2022,15.2522,0.3045,0.3088,0.2863,0.4524,0.4959,0.3037,0.3893,0.3668,0.3538,0.3451,0.3182,0.2754,0.3001,0.3204,0.2508,0.3204,0.2675,0.3219,0.3422,0.3378,0.3306,0.3291,0.2675,0.3393,0.3146,0.3226,0.3313,0.2602,0.4038,0.3197,0.2762,0.2232,0.2617,0.2508,0.2667,0.2638,0.3393,0.3277,0.3529,0.3786,0.3596,0.3487,0.258,0.258,0.3139,0.3451,0.3059,0.2421
11/10/2022,13.7067,0.2694,0.2648,0.266,0.3401,0.3213,0.3761,0.3926,0.2802,0.2973,0.3384,0.2871,0.2603,0.2374,0.25,0.2614,0.2745,0.2677,0.2443,0.2854,0.2791,0.2871,0.2859,0.2722,0.2488,0.2825,0.2523,0.3265,0.2289,0.2768,0.258,0.2597,0.254,0.2163,0.2117,0.2312,0.2454,0.2443,0.2956,0.563,0.6178,0.2597,0.2312,0.2996,0.2209,0.2768,0.2597,0.2483,0.2591
11/9/2022,11.7952,0.2536,0.2684,0.2293,0.3113,0.2574,0.2923,0.2475,0.3154,0.2452,0.2763,0.3021,0.2737,0.2225,0.2206,0.2175,0.2179,0.2407,0.2156,0.2399,0.2589,0.2221,0.2335,0.224,0.2088,0.2369,0.2217,0.2566,0.2209,0.2524,0.2354,0.224,0.227,0.213,0.2236,0.2168,0.2164,0.2494,0.2103,0.3534,0.3792,0.2137,0.2118,0.2555,0.2577,0.2312,0.2281,0.2543,0.2114
11/8/2022,13.015,0.2584,0.276,0.2966,0.3121,0.4104,0.2951,0.3432,0.2795,0.2494,0.28,0.2509,0.27,0.2514,0.2299,0.277,0.2394,0.271,0.2474,0.2539,0.29,0.266,0.2745,0.275,0.2268,0.2494,0.2208,0.2494,0.2248,0.3201,0.2499,0.2359,0.2349,0.2198,0.2233,0.2374,0.2364,0.2735,0.2409,0.4812,0.5247,0.2409,0.2409,0.285,0.2529,0.2329,0.2554,0.2439,0.2168
11/7/2022,9.6802,0.2095,0.2092,0.1994,0.2282,0.2107,0.2209,0.2065,0.2208,0.1883,0.2045,0.2018,0.2008,0.1976,0.1904,0.1988,0.1927,0.205,0.1964,0.1924,0.2026,0.1878,0.183,0.2098,0.1937,0.1993,0.2031,0.2166,0.1892,0.1984,0.1977,0.1907,0.1907,0.1912,0.1875,0.1863,0.1925,0.2058,0.1932,0.2575,0.2701,0.205,0.1952,0.1848,0.1941,0.1974,0.1902,0.1999,0.193
11/6/2022,15.4149,0.3016,0.358,0.2764,0.3646,0.4647,0.3506,0.2994,0.3973,0.4084,0.3142,0.418,0.2853,0.3046,0.2898,0.3083,0.2979,0.2697,0.3342,0.309,0.2764,0.2564,0.2875,0.2542,0.2712,0.2801,0.3276,0.2408,0.2712,0.3824,0.3061,0.2519,0.2697,0.2556,0.2327,0.2682,0.2831,0.2616,0.2742,0.6663,0.7355,0.3291,0.2586,0.3365,0.2631,0.3113,0.3513,0.2631,0.2972
11/5/2022,21.1906,0.4753,0.5123,0.3579,0.5268,0.4542,0.5004,0.3935,0.4371,0.6072,0.4305,0.5228,0.416,0.4199,0.4226,0.3355,0.4094,0.4489,0.4226,0.4648,0.3658,0.3883,0.354,0.4885,0.3355,0.3487,0.4318,0.503,0.3461,0.5465,0.4371,0.3764,0.2814,0.2709,0.3764,0.3184,0.3395,0.4766,0.3276,0.9223,1.0268,0.4595,0.4555,0.3883,0.4569,0.4687,0.3553,0.4806,0.3065
11/4/2022,15.1301,0.2636,0.3528,0.2479,0.4205,0.4233,0.4155,0.4084,0.3442,0.2893,0.3927,0.4333,0.3057,0.2622,0.3185,0.2893,0.2686,0.3086,0.2815,0.2679,0.285,0.2551,0.3214,0.2822,0.2408,0.2979,0.2765,0.3663,0.2458,0.3841,0.3007,0.2159,0.2679,0.2722,0.2237,0.28,0.2879,0.2986,0.2586,0.5061,0.5531,0.3029,0.2437,0.3214,0.3007,0.2929,0.3264,0.3021,0.3264
11/3/2022,14.3166,0.245,0.2658,0.3341,0.4244,0.4484,0.401,0.4389,0.3056,0.3309,0.274,0.3334,0.2709,0.2425,0.2905,0.2835,0.2924,0.2955,0.3208,0.2766,0.2892,0.2482,0.3189,0.2823,0.317,0.2665,0.2519,0.3164,0.2368,0.353,0.2583,0.2665,0.2317,0.2418,0.2633,0.2387,0.2557,0.281,0.2993,0.3938,0.4252,0.2684,0.2444,0.2993,0.2753,0.2538,0.2797,0.2867,0.2993
11/2/2022,13.8282,0.3124,0.2885,0.2937,0.3159,0.31,0.4097,0.2832,0.3159,0.2459,0.2488,0.3654,0.3042,0.2593,0.2926,0.2978,0.2646,0.306,0.2972,0.2867,0.2943,0.2395,0.2896,0.2692,0.2966,0.2838,0.243,0.3462,0.2454,0.3089,0.2634,0.2046,0.2343,0.2582,0.2156,0.2215,0.2471,0.2529,0.2366,0.47,0.512,0.2465,0.2902,0.2961,0.2448,0.2943,0.2605,0.2687,0.2966
11/1/2022,8.907,0.1918,0.1835,0.1904,0.2023,0.2022,0.1867,0.1906,0.1882,0.1908,0.1826,0.1898,0.1849,0.1805,0.1818,0.1866,0.181,0.1823,0.1875,0.1827,0.186,0.1805,0.1826,0.1909,0.1811,0.1804,0.1811,0.1857,0.1763,0.1924,0.1851,0.1777,0.1767,0.1742,0.1808,0.1766,0.1792,0.1811,0.179,0.2117,0.2179,0.1888,0.187,0.1824,0.1765,0.1818,0.1818,0.1865,0.179
10/31/2022,3.701,0.0957,0.0497,0.0618,0.0089,0.0656,0.0695,0.0295,0.0545,0.0738,0.0884,0.0313,0.0755,0.0884,0.0773,0.1039,0.082,0.0785,0.0901,0.0794,0.0695,0.1125,0.1013,0.0536,0.0966,0.1275,0.1091,0.048,0.1228,0.0803,0.1069,0.1138,0.1005,0.1323,0.1267,0.1177,0.103,0.0927,0.0773,-0.0909,-0.1265,0.0979,0.0695,0.1086,0.1134,0.0807,0.0618,0.0738,0.1168
10/30/2022,3.9859,0.1036,0.0739,0.0635,0.0535,-0.0116,0.0647,-0.0083,0.0647,0.0547,0.1121,0.1113,0.0583,0.0836,0.1197,0.1069,0.1137,0.1133,0.0711,0.0924,0.0988,0.1137,0.1281,0.1,0.0948,0.1149,0.1181,0.0731,0.1225,0.035,0.0896,0.1329,0.1161,0.1177,0.1113,0.1016,0.1121,0.1169,0.0992,-0.0779,-0.1118,0.1161,0.0848,0.1113,0.098,0.0727,0.0872,0.0808,0.0872
10/29/2022,11.3475,0.2386,0.245,0.2564,0.249,0.246,0.2895,0.2336,0.2872,0.2313,0.2681,0.2895,0.2099,0.2159,0.2232,0.2393,0.2172,0.2179,0.2175,0.2423,0.2199,0.2232,0.2343,0.236,0.2252,0.1975,0.2038,0.2396,0.2099,0.2175,0.2182,0.2022,0.2226,0.1921,0.2135,0.2135,0.2206,0.2159,0.2035,0.3605,0.3873,0.2095,0.234,0.2497,0.2473,0.2242,0.24,0.2266,0.242
10/28/2022,14.4386,0.2954,0.3334,0.2497,0.3154,0.4622,0.3244,0.4152,0.4049,0.2858,0.3251,0.3032,0.3083,0.2877,0.2755,0.3135,0.2607,0.3115,0.3057,0.3231,0.2723,0.2446,0.3102,0.2523,0.3038,0.2665,0.2877,0.3321,0.2426,0.3579,0.3006,0.262,0.2645,0.2272,0.2233,0.2317,0.2587,0.2433,0.2343,0.5349,0.5859,0.2555,0.2349,0.28,0.2343,0.2819,0.2922,0.2446,0.2781
10/27/2022,14.1132,0.295,0.2779,0.27,0.355,0.3323,0.3708,0.3195,0.4228,0.2767,0.2694,0.2553,0.2932,0.237,0.2688,0.2559,0.3079,0.2419,0.2431,0.2523,0.3128,0.2908,0.2412,0.2926,0.251,0.2724,0.2895,0.3329,0.2541,0.3073,0.2755,0.2535,0.218,0.2455,0.2131,0.2412,0.2547,0.2926,0.2315,0.5466,0.5992,0.2987,0.3372,0.2932,0.3152,0.2443,0.3091,0.3012,0.2535
10/26/2022,14.5199,0.2606,0.2827,0.2821,0.4157,0.477,0.3897,0.3479,0.4255,0.243,0.2612,0.2566,0.3036,0.2958,0.2892,0.2782,0.3108,0.2912,0.3095,0.299,0.2684,0.2514,0.2645,0.3394,0.2853,0.254,0.2873,0.269,0.2319,0.3838,0.2964,0.2436,0.2729,0.2319,0.2566,0.2201,0.2742,0.2579,0.2997,0.4911,0.536,0.3323,0.3466,0.2795,0.2351,0.3075,0.2403,0.2853,0.2586
10/25/2022,15.3741,0.3318,0.3591,0.2832,0.399,0.4513,0.427,0.3938,0.396,0.3436,0.3835,0.4299,0.3208,0.2647,0.2692,0.2898,0.2817,0.2751,0.2633,0.2898,0.2832,0.3274,0.34,0.2736,0.2883,0.3082,0.3053,0.41,0.2419,0.3731,0.2788,0.2352,0.2485,0.2434,0.2773,0.2293,0.2957,0.2692,0.3341,0.4812,0.5247,0.2817,0.3577,0.2898,0.2824,0.295,0.3016,0.2979,0.247
10/24/2022,13.0558,0.24,0.2981,0.2268,0.3603,0.3441,0.3638,0.3072,0.3669,0.2693,0.2496,0.2723,0.2607,0.2314,0.2491,0.2263,0.2612,0.2577,0.288,0.2385,0.2769,0.2653,0.2728,0.289,0.2976,0.2223,0.2344,0.3143,0.2324,0.3209,0.2551,0.2481,0.2041,0.2066,0.2162,0.24,0.243,0.2228,0.2723,0.4275,0.4635,0.2304,0.2177,0.2551,0.2395,0.2865,0.2612,0.2622,0.2668
10/23/2022,10.1274,0.2058,0.2235,0.2062,0.2179,0.2158,0.2277,0.2545,0.2277,0.1958,0.2145,0.2075,0.2158,0.2101,0.1916,0.1999,0.2039,0.2162,0.2037,0.1994,0.1988,0.206,0.1892,0.2194,0.205,0.2026,0.2009,0.2267,0.1954,0.196,0.1988,0.1988,0.1841,0.195,0.1826,0.1869,0.1994,0.1999,0.2022,0.3225,0.344,0.1984,0.1913,0.2052,0.2169,0.1979,0.2107,0.2137,0.2016
10/22/2022,6.3041,0.1236,0.1277,0.1383,0.0999,0.0934,0.1102,0.1112,0.1287,0.1338,0.1341,0.1241,0.129,0.1439,0.1428,0.1434,0.1397,0.1456,0.1248,0.1311,0.1431,0.1289,0.1365,0.14,0.1419,0.1409,0.1412,0.1246,0.1475,0.121,0.1385,0.1434,0.1402,0.1417,0.1453,0.1433,0.1399,0.1455,0.1326,0.0675,0.0538,0.138,0.1441,0.1482,0.1507,0.1265,0.1472,0.13,0.1368
10/21/2022,7.1992,0.1506,0.1522,0.1461,0.1378,0.1298,0.152,0.149,0.1482,0.1496,0.1506,0.1517,0.1563,0.1534,0.151,0.1555,0.1526,0.1534,0.1568,0.1485,0.1476,0.1559,0.158,0.1501,0.1528,0.1553,0.1563,0.155,0.1573,0.1419,0.1561,0.1566,0.1553,0.1582,0.1569,0.1578,0.1525,0.1482,0.1488,0.1099,0.1021,0.1498,0.1511,0.149,0.1547,0.1553,0.1514,0.1551,0.1551
10/20/2022,13.0964,0.2976,0.2487,0.2798,0.3721,0.2961,0.3287,0.3349,0.2742,0.2344,0.2946,0.314,0.3038,0.2243,0.2395,0.2666,0.2329,0.2813,0.2813,0.2457,0.2803,0.2788,0.2197,0.2497,0.2824,0.2681,0.2548,0.3155,0.2288,0.2594,0.2727,0.2324,0.2467,0.2202,0.2477,0.2339,0.2518,0.2395,0.2788,0.4033,0.4361,0.2982,0.2895,0.2462,0.2446,0.2655,0.2334,0.2314,0.2365
10/19/2022,12.568,0.2626,0.2361,0.2722,0.3434,0.3211,0.3252,0.3037,0.3316,0.274,0.2603,0.3306,0.248,0.2425,0.2443,0.2393,0.2238,0.2681,0.237,0.2653,0.2713,0.2608,0.2416,0.2329,0.2544,0.2265,0.216,0.2704,0.2146,0.2813,0.2617,0.2028,0.2233,0.2329,0.2009,0.2105,0.2297,0.2224,0.2452,0.3568,0.3831,0.2512,0.2822,0.2708,0.2398,0.2754,0.2493,0.2763,0.2548
10/18/2022,11.388,0.2581,0.2266,0.2348,0.248,0.3127,0.2537,0.2632,0.2829,0.2744,0.269,0.2219,0.2561,0.228,0.2246,0.2249,0.2321,0.227,0.2463,0.248,0.2185,0.2199,0.2066,0.21,0.2141,0.2283,0.2324,0.2619,0.2073,0.2581,0.2321,0.2107,0.1985,0.2117,0.1992,0.1985,0.2209,0.2385,0.2185,0.3099,0.3297,0.2114,0.2314,0.2263,0.207,0.2405,0.2602,0.2266,0.227
10/17/2022,8.2563,0.1698,0.1702,0.1702,0.1735,0.1778,0.174,0.1764,0.1719,0.1744,0.173,0.1748,0.1723,0.1708,0.1706,0.1713,0.1707,0.1708,0.1727,0.1725,0.1714,0.1708,0.1718,0.171,0.1711,0.1703,0.1717,0.172,0.1701,0.1752,0.1716,0.1696,0.1709,0.1695,0.1688,0.1701,0.1706,0.1713,0.1701,0.1774,0.1789,0.1702,0.1703,0.1726,0.1715,0.1721,0.1737,0.1721,0.1719
10/16/2022,11.022,0.2501,0.2404,0.2253,0.2866,0.2854,0.2549,0.2217,0.2546,0.2135,0.2579,0.2196,0.2235,0.222,0.2054,0.2196,0.2138,0.2292,0.2316,0.2208,0.2183,0.2232,0.2029,0.2428,0.2029,0.1999,0.2265,0.2371,0.2072,0.2256,0.2174,0.1893,0.1981,0.2063,0.2032,0.2047,0.2081,0.1999,0.1999,0.3873,0.4178,0.2102,0.2365,0.2011,0.2183,0.2126,0.2247,0.2135,0.2108
10/15/2022,9.7209,0.188,0.2021,0.1858,0.2271,0.2069,0.2372,0.235,0.2345,0.194,0.2037,0.2317,0.1865,0.1911,0.1939,0.1935,0.1949,0.2006,0.2054,0.1925,0.1961,0.1909,0.2066,0.2117,0.2043,0.1842,0.1918,0.2097,0.1854,0.2154,0.197,0.1932,0.1849,0.1882,0.183,0.183,0.1961,0.1949,0.2052,0.2469,0.258,0.1952,0.2019,0.1994,0.1957,0.1987,0.2,0.193,0.2061
10/14/2022,8.1342,0.1689,0.1699,0.1683,0.171,0.1732,0.1717,0.1702,0.1719,0.1708,0.1693,0.1717,0.1698,0.1686,0.1694,0.1694,0.1693,0.1685,0.1687,0.1689,0.1693,0.1684,0.1691,0.1701,0.1701,0.1693,0.1695,0.1699,0.1681,0.1703,0.1692,0.1678,0.1683,0.168,0.1681,0.1688,0.1685,0.1696,0.1685,0.1701,0.1706,0.1693,0.1695,0.1686,0.1699,0.1692,0.1692,0.1686,0.1688
10/13/2022,10.2897,0.1964,0.2051,0.2067,0.2441,0.2612,0.2333,0.2546,0.2509,0.2015,0.2035,0.2177,0.2118,0.2132,0.2164,0.2006,0.1937,0.2129,0.2203,0.2164,0.2143,0.2159,0.1941,0.2127,0.2088,0.1996,0.2054,0.2358,0.1948,0.2207,0.2099,0.1985,0.1836,0.1875,0.1939,0.1937,0.196,0.2061,0.1923,0.2789,0.2944,0.22,0.2248,0.2035,0.2175,0.2047,0.2154,0.2138,0.1928
10/12/2022,8.2562,0.1719,0.1707,0.1708,0.1746,0.1759,0.1761,0.1739,0.1752,0.1725,0.1745,0.1726,0.1702,0.1699,0.1696,0.1701,0.1718,0.1728,0.171,0.1721,0.1724,0.1715,0.1728,0.173,0.1698,0.1709,0.1723,0.1715,0.1693,0.1728,0.1704,0.1702,0.1691,0.1688,0.1698,0.1697,0.1707,0.1704,0.1713,0.1796,0.1814,0.173,0.1717,0.1703,0.1704,0.1719,0.1724,0.1727,0.1699
10/11/2022,10.4525,0.2326,0.2177,0.2174,0.2564,0.2429,0.2169,0.2123,0.2569,0.1927,0.2449,0.2336,0.2052,0.2049,0.2091,0.2177,0.2255,0.225,0.2199,0.2214,0.2194,0.2123,0.2167,0.2093,0.2096,0.2098,0.2179,0.2103,0.1986,0.2268,0.2103,0.1851,0.1936,0.203,0.1934,0.2008,0.2017,0.228,0.215,0.2458,0.2568,0.2147,0.213,0.2231,0.2147,0.2179,0.2334,0.2128,0.2057
10/10/2022,8.8258,0.1895,0.1825,0.1774,0.1903,0.1878,0.1846,0.1906,0.1869,0.177,0.1852,0.1979,0.1837,0.1781,0.1796,0.1801,0.1818,0.1772,0.1772,0.1799,0.1833,0.182,0.1799,0.1893,0.1884,0.1788,0.177,0.1918,0.1758,0.1786,0.1836,0.172,0.1742,0.1788,0.1757,0.1767,0.1791,0.1848,0.181,0.2319,0.2409,0.176,0.1834,0.181,0.178,0.1783,0.1824,0.1799,0.1759
10/9/2022,8.3783,0.1727,0.173,0.1745,0.1759,0.1831,0.1784,0.1747,0.177,0.1769,0.1736,0.1736,0.1759,0.1732,0.1723,0.1753,0.1754,0.1746,0.1722,0.1749,0.1743,0.1729,0.1758,0.1723,0.1737,0.1725,0.1715,0.1734,0.172,0.1795,0.1732,0.1697,0.172,0.1715,0.1699,0.1712,0.172,0.1736,0.1737,0.1873,0.1901,0.176,0.1725,0.1737,0.1729,0.1756,0.1758,0.1711,0.1714
10/8/2022,16.6751,0.348,0.3341,0.2812,0.4816,0.5579,0.4434,0.4538,0.3931,0.328,0.4512,0.3575,0.2794,0.335,0.2959,0.3497,0.374,0.3428,0.2742,0.3601,0.2951,0.3246,0.3436,0.276,0.3636,0.2968,0.341,0.3332,0.2612,0.315,0.3393,0.3072,0.2569,0.2933,0.2621,0.2942,0.2847,0.3367,0.2942,0.63,0.6941,0.341,0.2482,0.2578,0.3705,0.3653,0.2794,0.3645,0.2647
10/7/2022,8.8258,0.1805,0.1834,0.1876,0.1861,0.1857,0.1834,0.1861,0.1869,0.1816,0.183,0.1923,0.1856,0.1787,0.1763,0.1794,0.1838,0.1862,0.1862,0.1835,0.18,0.1819,0.1789,0.1893,0.1847,0.1829,0.1804,0.1856,0.1777,0.1843,0.1792,0.18,0.1758,0.1794,0.1777,0.1749,0.1781,0.1834,0.18,0.2121,0.2184,0.1892,0.1874,0.184,0.1803,0.1857,0.176,0.1862,0.176
10/6/2022,10.412,0.1978,0.2282,0.2313,0.2508,0.247,0.2451,0.2236,0.225,0.1985,0.2376,0.2137,0.219,0.2016,0.2123,0.2159,0.2014,0.2142,0.2151,0.2202,0.2164,0.2082,0.2074,0.2323,0.2296,0.2142,0.2103,0.2383,0.1922,0.2193,0.2077,0.1971,0.1869,0.1915,0.1872,0.1934,0.2062,0.2074,0.2082,0.2651,0.2788,0.2308,0.1963,0.1925,0.2219,0.2113,0.2303,0.2115,0.2214
10/5/2022,15.8217,0.3653,0.3372,0.2597,0.4467,0.3997,0.4522,0.2981,0.4263,0.2723,0.4334,0.4123,0.2715,0.273,0.2543,0.3473,0.3028,0.338,0.3231,0.3075,0.3247,0.3114,0.2738,0.2715,0.3489,0.273,0.2824,0.3857,0.2691,0.3239,0.3247,0.2871,0.2269,0.284,0.2285,0.2832,0.291,0.3387,0.3364,0.5749,0.6313,0.3567,0.2965,0.3294,0.3043,0.3051,0.2785,0.2715,0.2879
10/4/2022,8.948,0.1791,0.188,0.1864,0.1965,0.2044,0.1925,0.1896,0.1842,0.1775,0.1935,0.1866,0.1831,0.1842,0.1815,0.1851,0.1805,0.1856,0.1812,0.1808,0.1826,0.1872,0.1833,0.1824,0.1866,0.1822,0.1779,0.1875,0.1782,0.1985,0.1847,0.1819,0.1822,0.1739,0.1806,0.1773,0.1801,0.1788,0.1776,0.2229,0.2307,0.1797,0.1925,0.1853,0.1835,0.1867,0.1873,0.188,0.1876
10/3/2022,9.3142,0.2017,0.2014,0.1827,0.2003,0.2324,0.1964,0.2238,0.2053,0.2107,0.1903,0.2036,0.1923,0.1919,0.1822,0.1911,0.1862,0.195,0.1957,0.1928,0.195,0.1922,0.1794,0.1855,0.1901,0.1794,0.1899,0.1927,0.1843,0.2073,0.1894,0.1828,0.1861,0.1769,0.1827,0.1785,0.1834,0.1844,0.196,0.2133,0.2198,0.201,0.1811,0.1944,0.1939,0.1972,0.1965,0.192,0.1932
10/2/2022,9.5984,0.21,0.1988,0.2102,0.2127,0.2191,0.199,0.202,0.229,0.2041,0.2078,0.1926,0.2004,0.1964,0.1916,0.1859,0.1892,0.2039,0.2004,0.1982,0.2044,0.1946,0.1916,0.1857,0.189,0.1815,0.1836,0.197,0.1876,0.2117,0.1895,0.1775,0.1918,0.1823,0.1838,0.1874,0.1927,0.1895,0.1876,0.2882,0.305,0.1879,0.1962,0.1964,0.195,0.1919,0.1882,0.1998,0.1897
10/1/2022,23.6308,0.4777,0.3808,0.5965,0.7153,0.77,0.5574,0.5621,0.695,0.5434,0.6965,0.3683,0.5824,0.4887,0.4183,0.4887,0.509,0.4496,0.4949,0.5184,0.5309,0.4183,0.3824,0.4871,0.4652,0.4808,0.3933,0.4121,0.3683,0.6559,0.4027,0.3808,0.2855,0.3777,0.3433,0.3511,0.3699,0.4074,0.3449,0.9254,1.0304,0.4887,0.4339,0.348,0.4089,0.3652,0.5809,0.5246,0.3542
9/30/2022,12.6491,0.2829,0.2536,0.2531,0.3503,0.3898,0.2745,0.3452,0.3359,0.222,0.2885,0.2699,0.2187,0.2434,0.2471,0.2615,0.228,0.228,0.2457,0.2555,0.2406,0.2694,0.2634,0.2406,0.2815,0.2364,0.268,0.2173,0.2239,0.3094,0.2318,0.2108,0.2438,0.228,0.2387,0.2146,0.2411,0.2225,0.2717,0.3769,0.406,0.2875,0.268,0.2806,0.2327,0.2559,0.2239,0.2262,0.2443
9/29/2022,10.8186,0.2439,0.2323,0.2191,0.2608,0.2481,0.2346,0.2338,0.2715,0.1968,0.2171,0.2352,0.2346,0.225,0.2129,0.2104,0.225,0.207,0.2366,0.2315,0.2166,0.2239,0.2309,0.2092,0.2089,0.2222,0.2067,0.2543,0.2027,0.2036,0.2216,0.1949,0.2081,0.2011,0.1991,0.1988,0.2132,0.2115,0.2321,0.3093,0.329,0.2402,0.2013,0.2112,0.2219,0.2281,0.2064,0.234,0.2016
9/28/2022,9.9644,0.2177,0.2177,0.2132,0.2319,0.235,0.2205,0.2366,0.2419,0.2266,0.2071,0.213,0.2014,0.192,0.2089,0.1944,0.2001,0.2007,0.2058,0.2105,0.2003,0.1895,0.2132,0.2162,0.1991,0.2073,0.2034,0.225,0.1908,0.2189,0.2026,0.1955,0.1851,0.1853,0.1944,0.1826,0.2003,0.2073,0.1916,0.2376,0.2474,0.2107,0.2028,0.1902,0.2062,0.2128,0.1952,0.1916,0.1865
9/27/2022,7.9314,0.1649,0.1656,0.1653,0.165,0.1644,0.1648,0.1645,0.1639,0.1658,0.1658,0.1653,0.1649,0.1654,0.1658,0.1656,0.1658,0.1655,0.1652,0.1653,0.1657,0.1652,0.166,0.1656,0.1654,0.1658,0.1655,0.1659,0.1658,0.1654,0.1656,0.1662,0.1657,0.1657,0.1661,0.1661,0.1655,0.1658,0.1652,0.161,0.1602,0.1653,0.1654,0.1651,0.166,0.165,0.1653,0.1656,0.1655
9/26/2022,24.281,0.4434,0.52,0.5476,0.8407,0.8912,0.6519,0.4728,0.5965,0.6844,0.463,0.5851,0.3718,0.463,0.4955,0.4239,0.5542,0.5476,0.4614,0.5509,0.419,0.3962,0.362,0.4842,0.603,0.393,0.3376,0.5558,0.3686,0.4125,0.5004,0.3897,0.3897,0.3148,0.3946,0.3539,0.3848,0.4988,0.4402,0.9075,1.01,0.4483,0.5753,0.3555,0.4451,0.5558,0.5867,0.4597,0.3734
9/25/2022,18.3431,0.3787,0.3218,0.4252,0.4966,0.4221,0.3715,0.3332,0.5897,0.4077,0.4097,0.4883,0.3115,0.327,0.3508,0.3177,0.3466,0.3973,0.3146,0.3694,0.3766,0.3456,0.2784,0.3642,0.3146,0.2835,0.3104,0.2804,0.3011,0.5039,0.3528,0.3291,0.3249,0.327,0.2929,0.2556,0.3497,0.3239,0.3353,0.8405,0.9337,0.4335,0.3953,0.3911,0.3642,0.3001,0.3725,0.4118,0.2711
9/24/2022,18.7497,0.3268,0.3333,0.3483,0.4085,0.5666,0.3946,0.5375,0.3741,0.5332,0.3677,0.5429,0.2946,0.3526,0.3795,0.2957,0.4182,0.4118,0.372,0.3333,0.3311,0.3075,0.3236,0.4569,0.3322,0.3247,0.3698,0.3408,0.3118,0.4107,0.3505,0.2752,0.2763,0.3064,0.3215,0.2602,0.3193,0.2935,0.3344,1.0108,1.1275,0.4537,0.3301,0.2967,0.3537,0.3064,0.4386,0.3161,0.2785
9/23/2022,18.1399,0.4303,0.3208,0.3897,0.3887,0.5378,0.4911,0.4465,0.5449,0.4769,0.3198,0.4769,0.3735,0.2914,0.333,0.3482,0.3644,0.3218,0.3036,0.3076,0.3857,0.3938,0.3441,0.3208,0.3908,0.2843,0.3735,0.4972,0.2954,0.4891,0.3411,0.2975,0.2934,0.3147,0.3218,0.2934,0.2965,0.3218,0.3259,0.5783,0.6352,0.3157,0.4121,0.2843,0.3796,0.3908,0.4009,0.3015,0.3938
9/22/2022,10.6564,0.2155,0.228,0.2198,0.244,0.2379,0.2591,0.2615,0.2607,0.2456,0.2445,0.2458,0.2246,0.2142,0.2089,0.202,0.227,0.2081,0.227,0.2086,0.2158,0.2177,0.207,0.2062,0.2363,0.2017,0.2039,0.2328,0.1946,0.2278,0.2102,0.1858,0.1924,0.1924,0.1954,0.1951,0.2139,0.2113,0.2007,0.3054,0.3246,0.2089,0.2195,0.2015,0.1975,0.2267,0.2161,0.2171,0.2153
9/21/2022,8.5819,0.1748,0.1825,0.1743,0.181,0.1796,0.1798,0.1885,0.1877,0.1865,0.1848,0.1817,0.1824,0.1736,0.1781,0.1734,0.1753,0.1756,0.1743,0.1793,0.1796,0.1781,0.1775,0.1777,0.1748,0.1787,0.1747,0.1844,0.1734,0.1844,0.1759,0.1714,0.1718,0.1727,0.171,0.1738,0.1753,0.1745,0.1778,0.198,0.2023,0.175,0.1784,0.1774,0.1785,0.1781,0.1796,0.1773,0.1766
9/20/2022,7.443,0.1527,0.1541,0.1573,0.1478,0.139,0.1537,0.1498,0.1564,0.1593,0.1555,0.1593,0.1541,0.157,0.1592,0.1555,0.1595,0.1544,0.1596,0.1577,0.1558,0.1549,0.1571,0.1535,0.155,0.1579,0.1563,0.1599,0.1604,0.1531,0.1574,0.159,0.162,0.1606,0.161,0.1581,0.1588,0.1539,0.1568,0.1302,0.1252,0.1577,0.1516,0.161,0.156,0.1555,0.1532,0.1585,0.1607
9/19/2022,11.3476,0.2119,0.2256,0.246,0.2929,0.2818,0.2597,0.2346,0.2745,0.2249,0.2196,0.2427,0.243,0.2246,0.2296,0.2263,0.2283,0.2169,0.2078,0.2256,0.2477,0.2242,0.2045,0.2072,0.2386,0.2319,0.2356,0.2279,0.2092,0.2222,0.238,0.2165,0.2025,0.2025,0.2065,0.1978,0.2266,0.2249,0.2085,0.3957,0.4274,0.2376,0.2293,0.2082,0.2296,0.2366,0.2547,0.2088,0.2306
9/18/2022,25.3795,0.5125,0.5143,0.4604,0.7332,0.6933,0.622,0.4951,0.5838,0.7176,0.629,0.6359,0.3874,0.5056,0.3961,0.4326,0.5733,0.3909,0.4534,0.5542,0.5004,0.5438,0.5264,0.6359,0.3839,0.4778,0.3735,0.3422,0.3439,0.5612,0.4569,0.3196,0.3561,0.3283,0.3387,0.3631,0.4725,0.5038,0.5212,1.4346,1.6099,0.4221,0.5386,0.476,0.3509,0.6012,0.3717,0.5247,0.41
9/17/2022,9.7205,0.1933,0.1928,0.2135,0.2148,0.2107,0.2061,0.2245,0.2231,0.2069,0.2162,0.1971,0.193,0.1952,0.1882,0.2011,0.2074,0.2066,0.1949,0.2081,0.2047,0.1878,0.1878,0.2064,0.1939,0.193,0.1937,0.2176,0.1908,0.2231,0.1995,0.1822,0.1844,0.1856,0.1921,0.1847,0.1923,0.205,0.2018,0.2608,0.2738,0.1968,0.1866,0.2071,0.1865,0.1916,0.205,0.198,0.1944
9/16/2022,11.4695,0.2538,0.2506,0.2263,0.2787,0.2954,0.2871,0.311,0.2395,0.2343,0.2669,0.225,0.2444,0.2166,0.2191,0.235,0.2336,0.2305,0.251,0.2413,0.2229,0.2354,0.2114,0.2433,0.217,0.2211,0.2132,0.2166,0.2017,0.2767,0.2409,0.1958,0.1989,0.193,0.21,0.2097,0.2208,0.2406,0.2045,0.3685,0.3964,0.2149,0.2288,0.2149,0.2517,0.2111,0.2416,0.2121,0.2159
9/15/2022,7.5246,0.1535,0.1556,0.1599,0.1521,0.1535,0.154,0.1541,0.1512,0.1605,0.1544,0.1552,0.1544,0.1591,0.1587,0.1578,0.1582,0.1577,0.1572,0.1575,0.1581,0.1573,0.156,0.16,0.1589,0.1602,0.1569,0.1529,0.1618,0.1558,0.1574,0.1591,0.1606,0.1611,0.1611,0.1611,0.1599,0.1553,0.1596,0.1436,0.1404,0.1561,0.159,0.1589,0.1584,0.1581,0.1546,0.157,0.1608
9/14/2022,7.3615,0.1521,0.157,0.1565,0.1424,0.1532,0.1449,0.1504,0.1447,0.1506,0.1515,0.1433,0.1564,0.1548,0.1529,0.1531,0.1568,0.1536,0.1531,0.1537,0.1519,0.1589,0.1534,0.1531,0.1568,0.158,0.1558,0.1561,0.158,0.1565,0.1556,0.1567,0.162,0.1595,0.1608,0.1568,0.1579,0.153,0.1513,0.1369,0.1328,0.1517,0.1538,0.1511,0.1565,0.1573,0.1565,0.1589,0.1529
9/13/2022,6.996,0.1404,0.1419,0.1465,0.1278,0.1447,0.1266,0.1448,0.1318,0.151,0.14,0.1286,0.1554,0.1503,0.1514,0.1522,0.152,0.1438,0.1427,0.1499,0.1496,0.1477,0.1513,0.1422,0.1444,0.1544,0.1462,0.1346,0.1545,0.1417,0.1463,0.1509,0.1505,0.1549,0.1586,0.1585,0.153,0.1431,0.155,0.1204,0.114,0.1478,0.1561,0.1529,0.1422,0.15,0.154,0.148,0.1514
9/12/2022,20.4174,0.4473,0.461,0.3591,0.5057,0.5479,0.4833,0.4771,0.5727,0.4908,0.3368,0.6112,0.4548,0.3331,0.3368,0.4461,0.3728,0.3144,0.3914,0.4125,0.3703,0.348,0.4299,0.4684,0.3405,0.3057,0.3281,0.528,0.3405,0.5243,0.3703,0.2623,0.2933,0.3231,0.2635,0.3517,0.3579,0.3678,0.3057,0.9053,1.0075,0.3393,0.3802,0.4113,0.4684,0.4187,0.3902,0.4548,0.4076
9/11/2022,18.2211,0.3547,0.3067,0.4437,0.4334,0.5203,0.5377,0.4999,0.552,0.2893,0.4202,0.3006,0.3077,0.3241,0.2914,0.3864,0.3384,0.2924,0.3926,0.367,0.3455,0.3159,0.3874,0.3864,0.4396,0.2771,0.3782,0.2903,0.2873,0.46,0.3506,0.3016,0.274,0.2955,0.2495,0.2576,0.3108,0.4048,0.413,0.8751,0.973,0.3149,0.3128,0.2883,0.2985,0.367,0.3322,0.2944,0.3813
9/10/2022,16.9196,0.2764,0.3995,0.4102,0.37,0.6064,0.5395,0.535,0.3477,0.2799,0.3237,0.3121,0.3451,0.3299,0.3549,0.3219,0.3361,0.3049,0.3424,0.3147,0.3807,0.3486,0.2871,0.2817,0.3103,0.2559,0.3147,0.3549,0.2889,0.2906,0.3085,0.3121,0.2478,0.3014,0.2933,0.2389,0.3138,0.2666,0.3388,0.6747,0.745,0.3879,0.2933,0.3629,0.3254,0.304,0.3567,0.3745,0.3103
9/9/2022,17.8555,0.3056,0.3046,0.3657,0.5668,0.3884,0.5293,0.4121,0.5106,0.3638,0.4416,0.3421,0.3855,0.2889,0.3608,0.351,0.3372,0.347,0.2839,0.3441,0.3362,0.2889,0.2623,0.3184,0.351,0.3539,0.3431,0.4091,0.2879,0.416,0.3677,0.3155,0.282,0.3115,0.2839,0.3096,0.3411,0.3175,0.3894,0.7543,0.8356,0.2968,0.4397,0.3953,0.3431,0.3027,0.3046,0.2899,0.3795
9/8/2022,10.7784,0.2308,0.2258,0.2142,0.2795,0.242,0.2303,0.2145,0.2722,0.2183,0.2453,0.2545,0.232,0.2078,0.21,0.2261,0.2297,0.1997,0.2328,0.222,0.2261,0.2025,0.2156,0.2222,0.2386,0.2214,0.227,0.2089,0.2047,0.2056,0.2208,0.1872,0.2078,0.1978,0.1956,0.2011,0.2092,0.2078,0.2253,0.3184,0.3394,0.2289,0.2089,0.2145,0.2075,0.2228,0.2233,0.2053,0.1967
9/7/2022,7.2397,0.1471,0.1538,0.1578,0.1409,0.1317,0.1393,0.1345,0.14,0.1516,0.1411,0.148,0.1487,0.1564,0.1507,0.1516,0.1554,0.1521,0.1528,0.153,0.1553,0.1535,0.1594,0.1504,0.1542,0.1577,0.157,0.1429,0.1558,0.1448,0.1512,0.1589,0.159,0.161,0.1567,0.1578,0.1566,0.1515,0.1503,0.1318,0.127,0.1581,0.1535,0.1556,0.1522,0.1516,0.1582,0.1575,0.1537
9/6/2022,6.8737,0.1391,0.1515,0.1512,0.1387,0.1275,0.1262,0.1388,0.1244,0.143,0.1461,0.1229,0.136,0.1481,0.1435,0.1418,0.1512,0.14,0.1452,0.148,0.1489,0.1539,0.1414,0.1375,0.1378,0.1477,0.1528,0.1319,0.153,0.1333,0.1435,0.1561,0.1575,0.1525,0.1553,0.1498,0.147,0.1517,0.1541,0.1186,0.112,0.1403,0.1423,0.1529,0.142,0.1513,0.1522,0.1435,0.1497
9/5/2022,11.2661,0.2509,0.2415,0.2447,0.2833,0.327,0.2398,0.2758,0.2914,0.2843,0.2787,0.2529,0.2281,0.2261,0.2114,0.2059,0.2081,0.2052,0.2362,0.2382,0.2274,0.2372,0.2163,0.2454,0.2545,0.2343,0.2362,0.2219,0.2117,0.2245,0.2127,0.201,0.2003,0.2072,0.2098,0.2163,0.2117,0.2104,0.2353,0.2501,0.2616,0.2539,0.2228,0.2297,0.2457,0.2398,0.2026,0.2059,0.2104
9/4/2022,19.1976,0.4332,0.366,0.2977,0.4544,0.5765,0.6045,0.4679,0.5138,0.4175,0.4242,0.4376,0.3514,0.329,0.3884,0.3044,0.31,0.3884,0.3201,0.4276,0.3929,0.4141,0.4197,0.3727,0.3693,0.3839,0.2954,0.3805,0.2865,0.4858,0.3615,0.3044,0.3514,0.2809,0.31,0.2943,0.3111,0.3705,0.4108,0.7516,0.8325,0.3033,0.3301,0.3772,0.3268,0.3839,0.4746,0.3929,0.4164
9/3/2022,21.434,0.4286,0.5052,0.3427,0.6127,0.6651,0.6584,0.4542,0.657,0.5509,0.5133,0.4501,0.3319,0.3171,0.395,0.4501,0.4004,0.3964,0.4286,0.4595,0.4071,0.3964,0.481,0.5146,0.3064,0.3776,0.4071,0.5898,0.3238,0.4716,0.4031,0.3534,0.2728,0.3494,0.3225,0.3212,0.395,0.4998,0.4757,0.5625,0.6172,0.434,0.5307,0.4367,0.3964,0.5039,0.4931,0.3722,0.4018
9/2/2022,7.8091,0.1622,0.1615,0.1639,0.1593,0.1591,0.1588,0.1621,0.1612,0.1634,0.161,0.1618,0.1632,0.1637,0.1632,0.1627,0.1637,0.1634,0.164,0.1629,0.1639,0.1639,0.1648,0.1626,0.1637,0.1648,0.1637,0.1639,0.1639,0.164,0.1627,0.1648,0.1641,0.1645,0.1651,0.164,0.1635,0.1622,0.1622,0.156,0.1545,0.1633,0.1628,0.164,0.1624,0.1635,0.1629,0.1622,0.1641
9/1/2022,6.5889,0.1315,0.13,0.1482,0.1249,0.1037,0.1297,0.1423,0.1315,0.1267,0.1428,0.1472,0.138,0.1454,0.1454,0.1404,0.1434,0.1372,0.142,0.1359,0.1415,0.1437,0.1451,0.1431,0.1461,0.1444,0.1469,0.1383,0.151,0.1421,0.1418,0.1559,0.1461,0.1566,0.1462,0.1537,0.1456,0.1509,0.1475,0.0447,0.0278,0.1284,0.1502,0.1504,0.1396,0.1425,0.1447,0.1418,0.1461
8/31/2022,11.3477,0.2296,0.2571,0.2601,0.2838,0.3049,0.2584,0.3049,0.2547,0.2065,0.2594,0.2668,0.2179,0.2092,0.2309,0.2373,0.2122,0.2437,0.246,0.2437,0.234,0.2062,0.2209,0.2276,0.2209,0.2303,0.2263,0.2159,0.2001,0.2437,0.2326,0.2035,0.2005,0.1934,0.2115,0.2152,0.2192,0.239,0.2417,0.2684,0.2825,0.2212,0.2537,0.2443,0.2319,0.2463,0.2437,0.2165,0.2296
8/30/2022,23.9962,0.6066,0.5154,0.5426,0.5538,0.7457,0.6082,0.7841,0.5202,0.7217,0.7122,0.4562,0.6146,0.4338,0.461,0.4754,0.445,0.4834,0.4466,0.501,0.4642,0.4466,0.4338,0.5378,0.4882,0.3138,0.4034,0.3362,0.3426,0.517,0.4578,0.4082,0.3474,0.3346,0.285,0.3106,0.4114,0.4354,0.365,1.1482,1.2839,0.381,0.501,0.4066,0.3154,0.549,0.389,0.3602,0.3954
8/29/2022,9.7205,0.2143,0.1896,0.2092,0.2056,0.2033,0.2265,0.2073,0.213,0.1908,0.1921,0.1945,0.188,0.2007,0.1978,0.1957,0.208,0.1902,0.1896,0.2074,0.2085,0.1978,0.1861,0.1983,0.1863,0.1949,0.1875,0.2207,0.1914,0.2043,0.1926,0.178,0.1801,0.1889,0.1897,0.1897,0.1926,0.2074,0.2004,0.3163,0.3369,0.1973,0.1878,0.1966,0.1839,0.2016,0.1956,0.2011,0.1846
8/28/2022,23.061,0.3775,0.4257,0.4724,0.7074,0.8791,0.7917,0.7405,0.4619,0.3444,0.6592,0.5748,0.3835,0.3459,0.4363,0.3474,0.5296,0.3549,0.3775,0.3911,0.4739,0.4302,0.4649,0.5372,0.5583,0.3037,0.379,0.5055,0.3323,0.5914,0.4016,0.2781,0.2887,0.3971,0.3022,0.3489,0.4317,0.3338,0.4332,0.8914,0.9917,0.5055,0.489,0.37,0.4122,0.504,0.5628,0.4589,0.483
8/27/2022,10.2088,0.2005,0.2201,0.2095,0.2261,0.2639,0.2497,0.2161,0.2488,0.2369,0.202,0.2499,0.2243,0.2062,0.2124,0.1952,0.2027,0.2051,0.2007,0.2164,0.2199,0.1965,0.2157,0.2002,0.1987,0.2086,0.208,0.1907,0.1894,0.2221,0.2049,0.1868,0.1958,0.1823,0.1868,0.1896,0.1989,0.2005,0.2175,0.2493,0.2607,0.2124,0.223,0.2073,0.2036,0.204,0.2241,0.2115,0.2135
8/26/2022,3.4976,0.051,0.0847,0.0424,0.0388,0.0275,0.0086,0.0793,0.0487,0.0442,0.0321,0.014,0.1171,0.0933,0.0865,0.1036,0.0865,0.1099,0.105,0.0663,0.1032,0.0847,0.1036,0.0888,0.1212,0.1189,0.0816,0.1176,0.1167,0.069,0.0816,0.1243,0.1018,0.0978,0.1334,0.1153,0.1027,0.0784,0.0924,-0.1247,-0.165,0.0879,0.0789,0.0559,0.0991,0.0946,0.0492,0.0721,0.0771
8/25/2022,4.0267,0.1051,0.0693,0.0626,0.0161,0.0141,0.0232,0.09,0.0399,0.0435,0.0936,0.0459,0.0602,0.0943,0.0999,0.0741,0.088,0.0729,0.1039,0.1075,0.0884,0.0832,0.0904,0.1158,0.0828,0.1063,0.117,0.0467,0.1134,0.0729,0.0828,0.1122,0.1277,0.1361,0.1242,0.1162,0.1075,0.1071,0.0745,0.0347,0.0165,0.0872,0.1249,0.0947,0.086,0.1031,0.1071,0.0832,0.08
8/24/2022,3.579,0.0871,0.0791,0.0813,0.0615,-0.057,0.0584,0.0128,0.0177,0.0177,0.0743,0.0062,0.1065,0.0769,0.1101,0.0973,0.0866,0.0906,0.0889,0.0645,0.0778,0.0844,0.1074,0.0539,0.0619,0.122,0.076,0.065,0.1096,0.0641,0.0889,0.1211,0.111,0.1172,0.1251,0.1309,0.0995,0.0977,0.0933,-0.0548,-0.0854,0.1154,0.0491,0.1034,0.1074,0.1092,0.1043,0.0632,0.0999
8/23/2022,4.0672,0.0998,0.1077,0.1222,0.0396,0.0353,0.0904,0.0353,0.0786,0.0345,0.0381,0.0644,0.1077,0.086,0.0876,0.1124,0.099,0.0723,0.0766,0.0947,0.1096,0.0821,0.1151,0.0707,0.1183,0.0908,0.0857,0.0483,0.1214,0.0448,0.1104,0.1297,0.1258,0.1081,0.1226,0.1159,0.1124,0.0892,0.1199,-0.064,-0.0959,0.1057,0.1077,0.099,0.0951,0.101,0.103,0.1148,0.0978
8/22/2022,4.0271,0.0741,0.0689,0.1023,0.0161,0.0431,0.0705,0.0093,0.0439,0.0908,0.0852,0.0288,0.1051,0.1055,0.1075,0.0844,0.0773,0.0717,0.0991,0.1079,0.0932,0.1206,0.119,0.057,0.1166,0.1087,0.1087,0.1206,0.115,0.0709,0.1015,0.1067,0.1222,0.1242,0.1357,0.1242,0.0975,0.1087,0.1218,-0.113,-0.1517,0.1051,0.1273,0.0757,0.1059,0.1138,0.117,0.0808,0.1019
8/21/2022,4.0266,0.0681,0.0733,0.1031,0.0721,0.0113,0.0626,0.0427,0.0824,0.113,0.057,0.0943,0.0673,0.1059,0.0959,0.1202,0.0904,0.1091,0.0673,0.0769,0.1079,0.0824,0.0848,0.1182,0.0693,0.0924,0.0936,0.1138,0.1253,0.1071,0.1015,0.1023,0.1222,0.1154,0.1142,0.1206,0.1126,0.1174,0.0888,-0.0883,-0.1235,0.1154,0.0554,0.0888,0.1234,0.0737,0.0824,0.1122,0.0844
8/20/2022,4.0265,0.0916,0.0912,0.0661,0.0403,0.001,0.053,-0.0062,0.057,0.123,0.0804,0.032,0.0701,0.1047,0.1015,0.0864,0.1079,0.0868,0.0673,0.1011,0.0888,0.0796,0.094,0.1047,0.0769,0.0936,0.1142,0.0367,0.1186,0.0375,0.092,0.1261,0.1098,0.117,0.111,0.1301,0.0967,0.119,0.1198,0.0804,0.0685,0.0943,0.0765,0.0868,0.0896,0.084,0.0578,0.0745,0.0928
8/19/2022,3.7417,0.0751,0.0866,0.0981,0.0709,0.0453,-0.0045,0.01,0.0134,0.053,0.0768,0.0836,0.0568,0.1147,0.0917,0.1062,0.1019,0.087,0.1007,0.0675,0.0921,0.0904,0.0917,0.0853,0.0909,0.1156,0.1207,0.096,0.1062,0.0666,0.0943,0.1317,0.1271,0.1173,0.1045,0.1245,0.0981,0.0692,0.0981,-0.0225,-0.0487,0.0747,0.0602,0.0755,0.0666,0.0653,0.0534,0.0657,0.0964
8/18/2022,4.5147,0.0778,0.0767,0.0827,0.053,0.0638,0.067,0.0715,0.0764,0.0621,0.1151,0.1011,0.1175,0.0977,0.1276,0.1088,0.0945,0.1036,0.0802,0.0952,0.0952,0.09,0.1255,0.0935,0.1043,0.0977,0.1102,0.0576,0.1172,0.0987,0.1029,0.1179,0.1106,0.1304,0.1301,0.1217,0.1071,0.0942,0.1053,0.019,-0.0014,0.098,0.0994,0.1029,0.082,0.1224,0.121,0.0994,0.0896
8/17/2022,5.3282,0.114,0.1298,0.1084,0.0865,0.0363,0.0606,0.059,0.1082,0.0788,0.1253,0.1322,0.1041,0.1247,0.1269,0.1151,0.1202,0.1023,0.1349,0.1138,0.1263,0.1191,0.1065,0.1311,0.129,0.1175,0.1148,0.1188,0.1333,0.1164,0.1204,0.1234,0.1349,0.1322,0.1314,0.129,0.1202,0.1236,0.1055,0.0176,-0.003,0.1349,0.1119,0.1277,0.1172,0.1311,0.1261,0.1143,0.1359
8/16/2022,5.0022,0.1238,0.0902,0.0887,0.0669,0.0321,0.072,0.0672,0.0417,0.0717,0.0878,0.1016,0.1004,0.1334,0.1163,0.0971,0.1019,0.119,0.0965,0.1202,0.0974,0.1052,0.1325,0.1172,0.089,0.1355,0.1274,0.0992,0.1247,0.0794,0.1181,0.1223,0.1202,0.1355,0.128,0.1367,0.1136,0.1082,0.1208,0.1009,0.0918,0.1181,0.1055,0.095,0.1013,0.1151,0.0932,0.1112,0.1307
8/15/2022,4.4738,0.1004,0.0961,0.0983,0.0302,0.0623,0.1025,0.0143,0.0246,0.1289,0.0856,0.0425,0.1187,0.1021,0.1025,0.1014,0.1067,0.1088,0.0983,0.0993,0.1106,0.1039,0.1014,0.1222,0.1043,0.1007,0.0969,0.087,0.1268,0.1078,0.0986,0.1318,0.1363,0.1208,0.1311,0.1303,0.1173,0.1046,0.1043,-0.0236,-0.0499,0.081,0.0923,0.1028,0.1208,0.0905,0.1229,0.0842,0.0926
8/14/2022,4.7183,0.1168,0.0931,0.0787,0.0308,0.0308,0.06,0.105,0.0886,0.1119,0.0915,0.1096,0.1247,0.1237,0.1184,0.1158,0.1279,0.0902,0.1017,0.104,0.1148,0.1266,0.1293,0.0777,0.1283,0.1014,0.126,0.1329,0.1194,0.1086,0.1233,0.1358,0.1237,0.1384,0.1368,0.1174,0.1119,0.0859,0.1293,-0.0949,-0.131,0.1056,0.121,0.1276,0.1181,0.0853,0.0813,0.0968,0.1178
8/13/2022,4.0268,0.0673,0.1011,0.0832,0.0459,0.024,0.0272,0.0999,0.0431,0.0554,0.0928,0.0534,0.0856,0.1047,0.1071,0.1083,0.1019,0.0733,0.0729,0.0789,0.0844,0.0789,0.0983,0.0709,0.0844,0.0848,0.1051,0.1087,0.1146,0.0717,0.0836,0.1369,0.1083,0.1202,0.1317,0.1087,0.1075,0.0697,0.0936,0.0163,-0.0045,0.0622,0.1178,0.0947,0.084,0.086,0.117,0.0729,0.0924
8/12/2022,5.8161,0.1302,0.137,0.1426,0.1081,0.0616,0.1092,0.0885,0.0878,0.1171,0.1365,0.0817,0.1341,0.1337,0.1274,0.133,0.135,0.1145,0.1352,0.1282,0.1241,0.1177,0.1304,0.1267,0.1289,0.1226,0.1319,0.1092,0.1407,0.107,0.123,0.1341,0.1348,0.1474,0.147,0.1381,0.1335,0.1322,0.1429,0.0437,0.0267,0.1416,0.1402,0.1287,0.1385,0.1123,0.1086,0.1202,0.142
8/11/2022,4.8401,0.1224,0.1107,0.1316,0.082,0.0921,0.0371,0.0864,0.0406,0.1291,0.1006,0.1171,0.1205,0.1073,0.1259,0.1287,0.1287,0.0911,0.0874,0.1167,0.0899,0.1092,0.1329,0.0842,0.0842,0.1013,0.1313,0.0731,0.1224,0.1243,0.1057,0.1445,0.1145,0.1316,0.1291,0.1389,0.1171,0.0921,0.1,-0.0429,-0.0719,0.1208,0.1085,0.1028,0.1032,0.1133,0.0798,0.1142,0.13
8/10/2022,4.5958,0.1214,0.1006,0.0918,0.0404,0.0458,0.054,0.0502,0.054,0.1241,0.0891,0.0982,0.086,0.1268,0.1248,0.0897,0.1119,0.0894,0.0877,0.1156,0.0999,0.1142,0.134,0.0982,0.1105,0.1176,0.1078,0.1108,0.1285,0.0976,0.1105,0.1425,0.1265,0.1224,0.1139,0.1251,0.1119,0.0976,0.1115,-0.0837,-0.1184,0.1279,0.0758,0.0948,0.1268,0.1187,0.1194,0.1214,0.1306
8/9/2022,5.4905,0.1054,0.1092,0.1067,0.1039,0.0532,0.1175,0.1175,0.0773,0.0803,0.1315,0.0713,0.1223,0.1167,0.116,0.1308,0.114,0.1243,0.1315,0.1295,0.1185,0.1378,0.1401,0.1192,0.117,0.1396,0.1235,0.1378,0.1373,0.111,0.1315,0.1458,0.1471,0.1453,0.1343,0.1396,0.1343,0.133,0.1243,-0.0178,-0.0433,0.1032,0.1393,0.1057,0.1368,0.129,0.1187,0.1112,0.1318
8/8/2022,11.5105,0.2593,0.2527,0.2516,0.2604,0.3218,0.2411,0.3194,0.2411,0.2291,0.2306,0.2994,0.2348,0.2369,0.2235,0.2471,0.2348,0.22,0.2534,0.2284,0.2214,0.2358,0.2467,0.2179,0.2204,0.2365,0.2035,0.2221,0.2098,0.22,0.2148,0.2204,0.2007,0.1962,0.2098,0.2169,0.2204,0.232,0.2242,0.3451,0.3698,0.2281,0.2671,0.2053,0.2025,0.2337,0.2162,0.2418,0.246
8/7/2022,23.6307,0.509,0.5434,0.3667,0.5121,0.6919,0.77,0.5121,0.5152,0.634,0.6997,0.6184,0.5246,0.4543,0.3417,0.4715,0.4465,0.5449,0.4214,0.3933,0.4668,0.5137,0.5481,0.4746,0.3198,0.3746,0.4511,0.5621,0.3605,0.4449,0.4543,0.2698,0.323,0.4027,0.2917,0.3667,0.4058,0.4543,0.3652,1.0248,1.1435,0.4261,0.4621,0.4918,0.5059,0.4496,0.4527,0.5074,0.3464
8/6/2022,12.8526,0.2914,0.2365,0.2661,0.3239,0.3603,0.3253,0.2744,0.354,0.2448,0.3137,0.2467,0.2239,0.2244,0.223,0.2603,0.238,0.2627,0.2458,0.2744,0.2642,0.2579,0.2375,0.2657,0.2239,0.2264,0.2438,0.3006,0.2317,0.3122,0.2458,0.2438,0.2419,0.2162,0.2288,0.2142,0.2511,0.2783,0.2361,0.4555,0.4955,0.2244,0.271,0.2186,0.2244,0.2526,0.2875,0.2424,0.271
8/5/2022,6.5077,0.1447,0.1422,0.1347,0.1182,0.1237,0.1346,0.1313,0.1304,0.1295,0.1338,0.1161,0.1337,0.1416,0.1385,0.1365,0.1373,0.1446,0.1341,0.1346,0.1417,0.1379,0.1355,0.1277,0.1443,0.151,0.1355,0.1192,0.147,0.1376,0.1468,0.1488,0.1479,0.1517,0.1432,0.1485,0.1471,0.1323,0.1314,0.0788,0.0666,0.1477,0.1461,0.1522,0.1528,0.1349,0.1301,0.1453,0.138
8/4/2022,6.1822,0.139,0.1325,0.1443,0.0949,0.0927,0.1058,0.0874,0.0947,0.1176,0.1149,0.1359,0.1443,0.1372,0.1334,0.1412,0.1365,0.1249,0.1365,0.1392,0.1269,0.1378,0.1336,0.1341,0.129,0.1472,0.1378,0.1127,0.1472,0.1321,0.1421,0.1429,0.1459,0.1519,0.1523,0.145,0.1436,0.1269,0.1441,0.0897,0.0791,0.1212,0.1156,0.1339,0.1287,0.1256,0.1358,0.1336,0.133
8/3/2022,6.5074,0.1271,0.1411,0.1467,0.1211,0.1117,0.1213,0.1413,0.1103,0.1128,0.1189,0.1114,0.1307,0.1483,0.1461,0.1358,0.1458,0.1352,0.1373,0.1398,0.1441,0.1449,0.1492,0.1258,0.1377,0.1398,0.1362,0.1328,0.1464,0.1182,0.1376,0.1505,0.1547,0.1467,0.1523,0.1453,0.1461,0.1488,0.1426,0.12,0.1136,0.1359,0.1325,0.1311,0.1416,0.1323,0.1438,0.1308,0.1434
8/2/2022,6.7919,0.1426,0.135,0.153,0.1274,0.1226,0.1354,0.1304,0.1291,0.1243,0.1386,0.145,0.1521,0.1512,0.1492,0.1395,0.1455,0.145,0.1391,0.1479,0.1373,0.1523,0.1417,0.1464,0.1463,0.1421,0.1495,0.1367,0.1517,0.1401,0.1502,0.1511,0.1488,0.1548,0.1479,0.1527,0.1466,0.142,0.1472,0.1021,0.0931,0.1376,0.1478,0.1423,0.1537,0.1378,0.1478,0.1512,0.1402
8/1/2022,8.785,0.1777,0.1854,0.1831,0.1985,0.2066,0.1968,0.1944,0.1832,0.1944,0.1866,0.1911,0.1853,0.1803,0.1766,0.185,0.1782,0.1826,0.1771,0.1783,0.1843,0.1829,0.1847,0.1831,0.1824,0.1796,0.1785,0.1798,0.1774,0.1786,0.178,0.1734,0.1767,0.179,0.1731,0.1748,0.1785,0.1776,0.1828,0.1897,0.1929,0.1828,0.1857,0.1822,0.1833,0.185,0.1814,0.1767,0.1789
7/31/2022,19.2379,0.3431,0.4645,0.4723,0.5656,0.687,0.5252,0.5836,0.4161,0.5566,0.4892,0.4802,0.4499,0.3015,0.3521,0.3004,0.3071,0.3532,0.324,0.3858,0.3723,0.3105,0.4341,0.3218,0.3611,0.3802,0.3847,0.3161,0.2892,0.4757,0.3588,0.3285,0.3173,0.2892,0.3139,0.3161,0.3498,0.2925,0.2869,0.5235,0.5729,0.3892,0.4285,0.4386,0.3454,0.4465,0.4589,0.3678,0.4105
7/30/2022,19.0754,0.3937,0.3527,0.4402,0.5731,0.6064,0.5344,0.3981,0.5421,0.3394,0.3915,0.5266,0.3306,0.3716,0.3738,0.3239,0.335,0.4236,0.4369,0.3693,0.4004,0.3239,0.3594,0.3417,0.3118,0.3173,0.304,0.5078,0.3007,0.4292,0.3826,0.2697,0.3339,0.2686,0.2542,0.2929,0.3095,0.3527,0.4269,0.7789,0.8636,0.3738,0.3262,0.294,0.3062,0.4347,0.4402,0.4247,0.283
7/29/2022,9.3547,0.1863,0.1879,0.1843,0.2127,0.2157,0.2141,0.1965,0.1931,0.2129,0.2091,0.2024,0.2005,0.1831,0.1878,0.1984,0.1916,0.1828,0.1996,0.1982,0.1898,0.1935,0.1952,0.1851,0.1863,0.1916,0.1959,0.2039,0.1843,0.192,0.1925,0.1798,0.189,0.182,0.1776,0.1818,0.1854,0.1938,0.192,0.2298,0.2386,0.1915,0.2057,0.1835,0.1886,0.1988,0.1971,0.1866,0.186
7/28/2022,6.1819,0.1381,0.1178,0.1241,0.0945,0.1076,0.1009,0.1163,0.127,0.1047,0.1245,0.1214,0.1263,0.1456,0.1459,0.1381,0.1272,0.1232,0.1259,0.1301,0.1305,0.1299,0.1438,0.137,0.1332,0.135,0.1416,0.1469,0.1438,0.1398,0.1396,0.1487,0.1481,0.1443,0.1459,0.1447,0.1399,0.1414,0.1234,0.0716,0.0585,0.1194,0.1192,0.1389,0.1381,0.1399,0.1332,0.141,0.1254
7/27/2022,6.8736,0.137,0.1499,0.1412,0.1329,0.1369,0.1274,0.1424,0.1359,0.1473,0.1495,0.137,0.1406,0.1455,0.1427,0.1532,0.141,0.1506,0.1506,0.1428,0.1464,0.1412,0.1481,0.1475,0.1535,0.1563,0.1461,0.1313,0.1532,0.1397,0.1486,0.159,0.1581,0.1565,0.1579,0.1512,0.1483,0.1488,0.1417,0.0883,0.0774,0.1463,0.1492,0.1386,0.1456,0.1483,0.1413,0.1501,0.1507
7/26/2022,6.6703,0.1395,0.1387,0.1317,0.1313,0.1342,0.1284,0.131,0.1394,0.132,0.1213,0.1143,0.1515,0.1445,0.141,0.1503,0.1446,0.143,0.1349,0.1478,0.137,0.147,0.1427,0.1365,0.1443,0.1461,0.1423,0.1294,0.1498,0.1422,0.1397,0.1461,0.1519,0.154,0.1556,0.1495,0.147,0.1453,0.1455,0.096,0.0862,0.1494,0.1282,0.1361,0.1466,0.1447,0.1491,0.145,0.1377
7/25/2022,9.4765,0.2034,0.199,0.2005,0.2152,0.2405,0.2284,0.2197,0.2147,0.2129,0.187,0.2116,0.1919,0.191,0.194,0.1997,0.1999,0.1952,0.1932,0.1932,0.1949,0.1844,0.1927,0.2065,0.1961,0.1956,0.1912,0.1913,0.1819,0.2096,0.198,0.1839,0.1859,0.1866,0.1872,0.19,0.1922,0.1935,0.1918,0.1797,0.1815,0.2003,0.199,0.1931,0.1981,0.1915,0.1977,0.2,0.1913
7/24/2022,9.192,0.1987,0.1927,0.1804,0.2004,0.2049,0.2033,0.1966,0.2111,0.2066,0.1887,0.1979,0.1861,0.1904,0.1805,0.1825,0.1838,0.1892,0.1923,0.1947,0.1842,0.1811,0.1805,0.1841,0.1875,0.1867,0.1916,0.1968,0.1823,0.1857,0.1849,0.1828,0.1763,0.1801,0.1829,0.1834,0.1849,0.181,0.1882,0.2348,0.2443,0.185,0.1984,0.1943,0.1911,0.1937,0.1844,0.1861,0.1941
7/23/2022,21.475,0.3311,0.5049,0.354,0.6962,0.5763,0.4537,0.4038,0.5035,0.5372,0.5574,0.5938,0.3499,0.385,0.3365,0.4483,0.4416,0.3284,0.4133,0.3661,0.4079,0.3728,0.3028,0.3688,0.3755,0.3108,0.4011,0.4766,0.3499,0.3607,0.3634,0.3176,0.3621,0.3742,0.2745,0.3391,0.3418,0.3944,0.3863,1.2638,1.4155,0.4631,0.4806,0.3324,0.3594,0.4227,0.354,0.4739,0.4483
7/22/2022,19.7255,0.4774,0.3859,0.3144,0.536,0.4434,0.5876,0.427,0.6533,0.359,0.4809,0.4622,0.3719,0.3906,0.4047,0.4117,0.3519,0.339,0.3824,0.4446,0.366,0.3472,0.4235,0.3308,0.3543,0.3895,0.4258,0.5114,0.3003,0.5231,0.3519,0.3156,0.3484,0.2957,0.2874,0.2616,0.3461,0.3906,0.3918,0.726,0.8034,0.3355,0.4223,0.3988,0.3261,0.3777,0.4282,0.3062,0.4164
7/21/2022,9.5986,0.2103,0.1953,0.2082,0.2181,0.2295,0.2217,0.2188,0.2337,0.1859,0.2141,0.198,0.2094,0.19,0.1967,0.2004,0.1897,0.1868,0.205,0.2007,0.1892,0.1988,0.2031,0.1983,0.2063,0.1827,0.1951,0.2052,0.1874,0.1982,0.1898,0.1918,0.1894,0.1782,0.1874,0.183,0.1929,0.1862,0.1946,0.2329,0.2421,0.2081,0.1937,0.2034,0.1836,0.1948,0.1954,0.1865,0.1882
7/20/2022,7.7685,0.1627,0.1615,0.1612,0.1572,0.1561,0.16,0.1601,0.157,0.1608,0.1634,0.1584,0.1629,0.1626,0.1637,0.1632,0.1618,0.1614,0.1623,0.1621,0.1611,0.1629,0.1615,0.1631,0.162,0.1632,0.1625,0.163,0.1643,0.1589,0.163,0.1631,0.1635,0.1649,0.1635,0.1631,0.163,0.1619,0.1626,0.1606,0.1598,0.1623,0.1623,0.1631,0.1638,0.1615,0.1618,0.1613,0.1625
7/19/2022,5.6536,0.1186,0.1265,0.1148,0.1003,0.0981,0.1172,0.1096,0.0993,0.1115,0.1301,0.0742,0.1294,0.1392,0.119,0.1226,0.1204,0.1371,0.1357,0.1141,0.1226,0.1235,0.1404,0.1315,0.1404,0.1254,0.1427,0.1066,0.138,0.1355,0.1348,0.1329,0.143,0.138,0.1373,0.1369,0.1317,0.1233,0.1134,-0.0033,-0.0268,0.1092,0.1221,0.1385,0.1258,0.1298,0.1089,0.1108,0.123
7/18/2022,6.711,0.14,0.1395,0.1352,0.138,0.138,0.1429,0.1315,0.1176,0.1271,0.14,0.1454,0.1373,0.1472,0.15,0.1383,0.1468,0.1383,0.1396,0.144,0.136,0.1396,0.1497,0.1493,0.1503,0.1472,0.146,0.1441,0.1516,0.1391,0.1449,0.1507,0.1489,0.1482,0.1529,0.1511,0.1438,0.1446,0.1515,0.0617,0.0472,0.146,0.1503,0.1454,0.1509,0.1481,0.1494,0.1459,0.1399
7/17/2022,14.2761,0.3016,0.316,0.2508,0.3757,0.4648,0.2815,0.2828,0.4102,0.2715,0.2708,0.3336,0.2489,0.2564,0.2621,0.3104,0.2621,0.3003,0.2708,0.2909,0.2928,0.2784,0.2464,0.3242,0.2752,0.2232,0.2344,0.3606,0.2414,0.2847,0.2627,0.2589,0.2577,0.2363,0.2175,0.2633,0.2501,0.2803,0.2985,0.5729,0.6291,0.2934,0.2464,0.316,0.2332,0.2658,0.3273,0.242,0.3022
7/16/2022,6.8332,0.1485,0.1412,0.144,0.1301,0.1109,0.1338,0.1346,0.1443,0.1324,0.1408,0.1509,0.1483,0.1471,0.1441,0.1465,0.1439,0.1476,0.1433,0.1492,0.1426,0.1527,0.1394,0.1476,0.1415,0.1543,0.1439,0.1346,0.1549,0.1362,0.148,0.1574,0.1515,0.1563,0.1506,0.1527,0.1472,0.1426,0.1422,0.1038,0.0951,0.1404,0.1374,0.1474,0.1537,0.1419,0.1536,0.1399,0.1423
7/15/2022,3.742,0.1105,0.0645,0.056,0.0496,-0.0526,0.0772,0.0517,0.0807,0.0679,0.0572,0.0704,0.1143,0.1168,0.1062,0.1024,0.1019,0.1122,0.0917,0.0628,0.067,0.0926,0.1173,0.0534,0.1215,0.1117,0.1224,0.0321,0.1215,0.0994,0.1019,0.1109,0.1207,0.1352,0.1322,0.0977,0.0998,0.0892,0.0947,-0.1621,-0.2076,0.1109,0.0713,0.1168,0.0794,0.1045,0.0836,0.0973,0.0853
7/14/2022,13.5843,0.3107,0.3113,0.2895,0.3342,0.3884,0.3107,0.3493,0.2744,0.3599,0.2784,0.2929,0.3052,0.2795,0.2661,0.256,0.2733,0.2839,0.2415,0.2756,0.2862,0.2331,0.3001,0.2834,0.2303,0.2432,0.2242,0.2499,0.2409,0.304,0.2845,0.222,0.2599,0.2326,0.2186,0.2348,0.2482,0.2979,0.2744,0.4341,0.4711,0.2912,0.3135,0.2705,0.2287,0.3057,0.2331,0.2314,0.256
7/13/2022,8.4599,0.1781,0.1785,0.1749,0.1792,0.178,0.1779,0.1833,0.1806,0.1798,0.1811,0.1842,0.1761,0.1722,0.1737,0.1721,0.1763,0.1773,0.1766,0.1732,0.174,0.1763,0.1777,0.1751,0.1712,0.1758,0.1742,0.1792,0.172,0.1769,0.1727,0.1719,0.1728,0.1725,0.1737,0.1718,0.1748,0.1777,0.1719,0.1879,0.1908,0.1755,0.1716,0.1712,0.1753,0.1737,0.1786,0.1744,0.1756
7/12/2022,6.9144,0.1506,0.1444,0.1528,0.1426,0.1301,0.1333,0.1416,0.1372,0.1451,0.1489,0.1524,0.1502,0.1514,0.1454,0.1442,0.1409,0.1529,0.1529,0.1471,0.1406,0.1458,0.1499,0.1422,0.1496,0.1501,0.1533,0.1514,0.1552,0.1456,0.1522,0.1542,0.1488,0.1496,0.1519,0.1577,0.1485,0.1405,0.1477,0.0779,0.0656,0.1531,0.1415,0.1436,0.144,0.1436,0.1478,0.145,0.1535
7/11/2022,8.0938,0.1684,0.1687,0.1688,0.17,0.1698,0.1685,0.1695,0.1694,0.1679,0.1692,0.168,0.1689,0.1683,0.1686,0.1685,0.1687,0.1683,0.1684,0.1687,0.1684,0.1678,0.1682,0.1686,0.1681,0.1681,0.168,0.1684,0.1678,0.1689,0.168,0.1677,0.168,0.1676,0.168,0.1682,0.1682,0.1685,0.1678,0.1723,0.1731,0.1684,0.1693,0.168,0.1682,0.1688,0.1681,0.1683,0.1684
7/10/2022,16.2285,0.2967,0.3205,0.2745,0.4275,0.4522,0.4588,0.3049,0.4942,0.2588,0.3502,0.3683,0.2876,0.2991,0.2646,0.3321,0.3395,0.3559,0.3329,0.346,0.2917,0.346,0.2498,0.2621,0.2745,0.286,0.2736,0.3872,0.2671,0.3897,0.3419,0.2662,0.2967,0.2399,0.2884,0.2646,0.3008,0.295,0.2572,0.7466,0.8268,0.3724,0.2991,0.3041,0.3444,0.2802,0.374,0.2827,0.2555
7/9/2022,20.9463,0.511,0.3622,0.423,0.5797,0.6651,0.5292,0.7208,0.4826,0.3712,0.467,0.6004,0.3078,0.3285,0.4372,0.3181,0.4385,0.4139,0.4929,0.3829,0.4114,0.4424,0.344,0.4126,0.4528,0.3868,0.4178,0.511,0.3246,0.4864,0.3997,0.2625,0.313,0.3324,0.3013,0.3259,0.3842,0.3634,0.3842,0.7055,0.78,0.4411,0.3363,0.4463,0.4308,0.4722,0.4787,0.3246,0.4424
7/8/2022,8.216,0.1716,0.1716,0.1718,0.174,0.177,0.1746,0.173,0.1753,0.1714,0.1741,0.1734,0.1718,0.1691,0.1693,0.1694,0.1714,0.1709,0.1701,0.1714,0.1699,0.1704,0.1697,0.1716,0.1692,0.1696,0.1702,0.1693,0.1695,0.1717,0.1702,0.1691,0.1685,0.1688,0.1683,0.1687,0.1699,0.1691,0.1716,0.1773,0.1788,0.1693,0.1716,0.1698,0.1691,0.1709,0.1705,0.1711,0.1711
7/7/2022,6.589,0.1276,0.1342,0.1428,0.1142,0.1318,0.1075,0.1188,0.1345,0.1463,0.1423,0.1183,0.1463,0.15,0.1389,0.1397,0.1345,0.1394,0.1451,0.1363,0.1397,0.1499,0.1511,0.1496,0.1358,0.1392,0.143,0.1452,0.151,0.1377,0.1382,0.1442,0.1451,0.1461,0.1509,0.1489,0.1417,0.1373,0.1341,0.0928,0.0825,0.1475,0.1346,0.1369,0.1462,0.1421,0.1392,0.1492,0.1408
7/6/2022,6.0192,0.1302,0.1215,0.1247,0.1124,0.1086,0.0837,0.1078,0.0962,0.0975,0.1067,0.0983,0.1419,0.1411,0.1403,0.1435,0.1358,0.1391,0.1176,0.13,0.135,0.133,0.128,0.113,0.1162,0.129,0.1344,0.1023,0.1465,0.0993,0.1393,0.1498,0.1506,0.136,0.1397,0.136,0.1395,0.1209,0.1455,0.0966,0.087,0.136,0.1284,0.1253,0.1233,0.135,0.1389,0.1379,0.1399
7/5/2022,6.5891,0.1283,0.1455,0.1403,0.125,0.1005,0.1239,0.1152,0.1133,0.1276,0.1279,0.1431,0.1439,0.14,0.1461,0.1448,0.1359,0.1363,0.1431,0.1439,0.1321,0.1462,0.1399,0.138,0.1423,0.1377,0.1471,0.1332,0.1473,0.1341,0.1425,0.1479,0.1444,0.155,0.1479,0.1471,0.1485,0.1475,0.1511,0.0961,0.0864,0.1497,0.1496,0.1499,0.1406,0.1352,0.1376,0.1376,0.152
7/4/2022,12.4049,0.2772,0.2614,0.2398,0.2755,0.2702,0.3358,0.2834,0.3292,0.3191,0.2768,0.2838,0.2416,0.2186,0.2332,0.253,0.2477,0.2486,0.242,0.2592,0.2402,0.2186,0.253,0.2759,0.2741,0.2385,0.231,0.2244,0.2142,0.2794,0.2433,0.1971,0.2217,0.2358,0.2164,0.2222,0.2438,0.2733,0.2429,0.3799,0.4094,0.2803,0.2671,0.2098,0.2631,0.268,0.2169,0.2499,0.2186
7/3/2022,13.0559,0.2374,0.2481,0.2728,0.2814,0.4104,0.2622,0.3421,0.3345,0.2754,0.2698,0.243,0.2708,0.2304,0.2764,0.2718,0.2283,0.2647,0.2693,0.2501,0.2683,0.2465,0.245,0.2941,0.2779,0.2395,0.2774,0.2885,0.2243,0.2562,0.2349,0.2046,0.238,0.2107,0.2071,0.242,0.2567,0.2289,0.2253,0.4859,0.53,0.2435,0.3092,0.285,0.246,0.2567,0.2562,0.2713,0.2673
7/2/2022,4.718,0.1178,0.1128,0.0931,0.0331,0.0321,0.1004,0.0981,0.0954,0.121,0.08,0.1201,0.1014,0.1296,0.0981,0.0938,0.1109,0.0951,0.101,0.1086,0.1171,0.1109,0.1296,0.0777,0.1096,0.1338,0.0997,0.0836,0.1207,0.1079,0.1059,0.1342,0.1345,0.1194,0.1306,0.126,0.1237,0.1105,0.1273,-0.1013,-0.1384,0.1014,0.123,0.1286,0.1171,0.1105,0.1125,0.1109,0.1086
7/1/2022,7.4838,0.1538,0.1525,0.1607,0.1478,0.152,0.1491,0.1446,0.147,0.1495,0.1571,0.1494,0.1587,0.1601,0.1602,0.1571,0.1584,0.1563,0.1589,0.1584,0.1543,0.1608,0.1569,0.1526,0.1536,0.1612,0.1554,0.1559,0.161,0.149,0.1559,0.1618,0.1616,0.1606,0.1591,0.1602,0.1588,0.1541,0.1552,0.1487,0.1462,0.1602,0.1604,0.1615,0.1544,0.1561,0.1596,0.1606,0.1565
6/30/2022,6.5076,0.1405,0.1338,0.1455,0.1267,0.1185,0.1292,0.102,0.1156,0.15,0.145,0.1079,0.1386,0.1446,0.1356,0.1364,0.1431,0.1358,0.1337,0.1311,0.1379,0.1332,0.1408,0.1352,0.138,0.1471,0.1477,0.1214,0.147,0.1234,0.1365,0.1494,0.1502,0.1556,0.1446,0.1534,0.147,0.1329,0.1432,0.098,0.0885,0.1297,0.1483,0.1303,0.1498,0.1456,0.1443,0.1382,0.1368
6/29/2022,5.8563,0.1347,0.1274,0.1431,0.1159,0.0972,0.1047,0.0998,0.1249,0.1304,0.127,0.0942,0.1178,0.1349,0.1292,0.1392,0.1403,0.1403,0.1129,0.1154,0.1199,0.13,0.124,0.1225,0.121,0.1386,0.1199,0.0979,0.1439,0.1099,0.1307,0.1352,0.1388,0.1347,0.1373,0.1386,0.1358,0.1373,0.1236,0.0469,0.0303,0.115,0.1064,0.1347,0.1403,0.1139,0.1191,0.1416,0.1392
6/28/2022,9.3546,0.1898,0.1893,0.1929,0.2077,0.2188,0.1923,0.1934,0.2129,0.1959,0.186,0.2073,0.1844,0.1827,0.1856,0.1863,0.1866,0.1936,0.1997,0.1869,0.1978,0.184,0.1886,0.2045,0.1801,0.1854,0.1821,0.2004,0.1825,0.2013,0.1893,0.1859,0.1766,0.1869,0.1863,0.1822,0.1905,0.1915,0.1904,0.255,0.2672,0.1992,0.2038,0.1894,0.1952,0.1967,0.1924,0.1902,0.1871
6/27/2022,9.4357,0.1929,0.1869,0.1928,0.2021,0.2385,0.2003,0.1927,0.226,0.1875,0.2106,0.2184,0.2054,0.1948,0.1954,0.1955,0.1917,0.1873,0.1858,0.1984,0.2008,0.1896,0.1925,0.1911,0.183,0.181,0.1978,0.1904,0.1846,0.2041,0.1931,0.18,0.1792,0.1875,0.1817,0.1836,0.1889,0.1912,0.1929,0.2354,0.2449,0.2043,0.1904,0.2001,0.1917,0.195,0.1978,0.1935,0.1866
6/26/2022,16.6754,0.3315,0.3428,0.2742,0.5102,0.6083,0.4668,0.5432,0.4191,0.3792,0.4096,0.3489,0.3645,0.276,0.2985,0.3393,0.2855,0.276,0.3844,0.3549,0.3176,0.315,0.2586,0.361,0.3662,0.3011,0.3419,0.3055,0.2907,0.2881,0.3376,0.3003,0.2794,0.2734,0.3046,0.256,0.3176,0.348,0.2959,0.4024,0.435,0.2699,0.4191,0.3428,0.3784,0.3749,0.3922,0.2812,0.3081
6/25/2022,19.36,0.3382,0.4007,0.4779,0.4336,0.4234,0.5188,0.3689,0.4836,0.4745,0.3882,0.3132,0.353,0.3087,0.3178,0.3393,0.4041,0.3268,0.3689,0.3802,0.3791,0.2973,0.3303,0.3268,0.3325,0.2859,0.2848,0.3507,0.2882,0.3348,0.4064,0.2666,0.261,0.2894,0.3337,0.303,0.3371,0.4291,0.4416,1.2409,1.3894,0.4427,0.2973,0.4155,0.3359,0.3961,0.3291,0.4314,0.3836
6/24/2022,20.5802,0.4095,0.4132,0.3113,0.6762,0.6095,0.5856,0.5705,0.6296,0.3176,0.3491,0.6284,0.3516,0.3692,0.3139,0.3415,0.4044,0.4497,0.4787,0.4585,0.4673,0.3742,0.2862,0.3667,0.3264,0.3642,0.3088,0.3189,0.3076,0.573,0.4208,0.3566,0.3214,0.3264,0.3591,0.3554,0.3654,0.4007,0.3944,0.7568,0.8384,0.4007,0.4208,0.3541,0.3679,0.4082,0.4598,0.4598,0.4522
6/23/2022,8.0123,0.1669,0.1669,0.1669,0.1671,0.1671,0.1669,0.1671,0.1671,0.167,0.1669,0.1671,0.1668,0.1668,0.1669,0.1668,0.167,0.1668,0.1669,0.1669,0.167,0.1668,0.1669,0.167,0.1668,0.1669,0.1669,0.1668,0.1668,0.1669,0.1669,0.1668,0.1669,0.1668,0.1668,0.1668,0.1668,0.1669,0.1669,0.1674,0.1675,0.1669,0.167,0.1669,0.1668,0.1668,0.1669,0.1669,0.1669
6/22/2022,6.7111,0.1405,0.1332,0.1438,0.1306,0.123,0.1231,0.1311,0.1406,0.1321,0.1405,0.1167,0.1332,0.1457,0.1424,0.1378,0.142,0.1506,0.1445,0.1433,0.1406,0.148,0.1472,0.1517,0.1355,0.1545,0.1453,0.141,0.1494,0.1313,0.1494,0.1552,0.1557,0.1468,0.1507,0.1561,0.1475,0.1478,0.145,0.0918,0.0814,0.1435,0.1409,0.1404,0.1508,0.1431,0.1466,0.1373,0.1419
6/21/2022,7.1177,0.1448,0.1476,0.1493,0.1378,0.1325,0.1315,0.1372,0.1427,0.154,0.1383,0.1463,0.1533,0.1509,0.1565,0.1505,0.1529,0.1453,0.1476,0.148,0.1476,0.1558,0.1473,0.1535,0.1477,0.157,0.1522,0.1398,0.1548,0.1555,0.1538,0.155,0.1544,0.1602,0.153,0.1535,0.151,0.1552,0.1563,0.1302,0.1252,0.1477,0.1447,0.1508,0.153,0.1479,0.145,0.1561,0.1465
6/20/2022,11.8359,0.2472,0.2438,0.2269,0.2718,0.3431,0.3186,0.3258,0.2392,0.2138,0.2791,0.2787,0.2457,0.2138,0.2361,0.2254,0.2487,0.2238,0.258,0.2461,0.2557,0.253,0.2177,0.2131,0.2591,0.2177,0.2177,0.2549,0.2077,0.2917,0.2361,0.2146,0.2008,0.2023,0.1981,0.2043,0.2173,0.2365,0.233,0.3295,0.3521,0.2572,0.2269,0.2177,0.2606,0.2453,0.2399,0.2361,0.2537
6/19/2022,8.2158,0.171,0.1724,0.1698,0.1752,0.1718,0.1736,0.1719,0.1745,0.1716,0.1726,0.172,0.1724,0.169,0.1708,0.1712,0.1707,0.1703,0.1702,0.1698,0.1706,0.1714,0.169,0.1726,0.1715,0.1698,0.169,0.1735,0.1693,0.1738,0.1696,0.1686,0.1694,0.17,0.1684,0.169,0.1701,0.1711,0.1713,0.1769,0.1784,0.1694,0.1723,0.1705,0.1688,0.1715,0.1691,0.1708,0.1693
6/18/2022,21.6375,0.4285,0.509,0.4585,0.6794,0.5976,0.6767,0.5253,0.5212,0.6085,0.569,0.4872,0.3303,0.4408,0.3644,0.3453,0.4053,0.3467,0.3903,0.4612,0.4353,0.4326,0.4803,0.4217,0.389,0.4108,0.4135,0.5376,0.3044,0.3576,0.4094,0.2608,0.314,0.3262,0.3153,0.3399,0.3917,0.333,0.449,0.8172,0.9072,0.4831,0.5008,0.3835,0.3671,0.4653,0.4326,0.4544,0.359
6/17/2022,19.8889,0.364,0.4782,0.37,0.521,0.5792,0.4377,0.5138,0.5412,0.5305,0.3426,0.3735,0.3236,0.3343,0.3284,0.32,0.3581,0.4472,0.3854,0.4568,0.3997,0.3367,0.3735,0.3759,0.4033,0.3117,0.3343,0.4579,0.307,0.345,0.3509,0.2594,0.3569,0.2915,0.3509,0.3486,0.3795,0.4068,0.3545,1.0262,1.1451,0.3759,0.3652,0.4354,0.4151,0.3462,0.307,0.3212,0.4021
6/16/2022,8.3376,0.1738,0.174,0.1711,0.1789,0.1775,0.1778,0.1762,0.176,0.1739,0.1764,0.1737,0.1748,0.1722,0.172,0.171,0.1724,0.1709,0.1713,0.1716,0.1719,0.1715,0.1743,0.1744,0.1741,0.1726,0.1739,0.1743,0.1707,0.1748,0.1723,0.1712,0.1706,0.1705,0.1695,0.1694,0.1715,0.1704,0.1705,0.1865,0.1893,0.1749,0.174,0.175,0.1735,0.1714,0.1753,0.1733,0.1705
6/15/2022,7.8497,0.1641,0.1628,0.1642,0.1605,0.1594,0.161,0.1625,0.1616,0.1613,0.1622,0.1621,0.1636,0.1639,0.1642,0.1648,0.1636,0.1634,0.1633,0.1642,0.1631,0.1643,0.1651,0.1628,0.163,0.165,0.1646,0.1633,0.1648,0.1637,0.1643,0.1642,0.1645,0.1646,0.1653,0.1652,0.1646,0.1636,0.1637,0.1632,0.1627,0.1647,0.1633,0.1637,0.1641,0.1634,0.1649,0.1635,0.1638
6/14/2022,8.2972,0.1748,0.1748,0.1749,0.1768,0.1778,0.1722,0.1771,0.1785,0.1703,0.173,0.1753,0.1723,0.1709,0.1717,0.1727,0.1737,0.1731,0.1735,0.1721,0.1714,0.1715,0.1709,0.1731,0.1742,0.1727,0.1716,0.1731,0.1708,0.1743,0.173,0.1693,0.169,0.1693,0.1702,0.1701,0.1706,0.1719,0.1736,0.1746,0.1757,0.1733,0.1736,0.1739,0.1727,0.1717,0.1731,0.1716,0.1709
6/13/2022,6.5078,0.1467,0.1365,0.1492,0.1134,0.121,0.1113,0.1295,0.1041,0.147,0.1459,0.1098,0.1379,0.1382,0.1488,0.1391,0.1462,0.137,0.1479,0.1449,0.14,0.1329,0.1382,0.13,0.1295,0.1434,0.1362,0.1208,0.1465,0.1341,0.1458,0.1438,0.1553,0.145,0.151,0.1513,0.1447,0.1477,0.1411,0.0965,0.0867,0.131,0.1282,0.1355,0.1422,0.1346,0.1346,0.1455,0.1413
6/12/2022,18.6279,0.4515,0.4472,0.3325,0.46,0.4462,0.4908,0.4908,0.4738,0.5355,0.4366,0.3718,0.3505,0.3314,0.2942,0.3824,0.4037,0.3707,0.3686,0.3909,0.4164,0.3399,0.3059,0.4409,0.4037,0.3612,0.3707,0.4993,0.3144,0.4345,0.3856,0.2963,0.2517,0.2506,0.2804,0.2985,0.341,0.291,0.3888,0.6259,0.6894,0.2995,0.3739,0.3548,0.3537,0.3516,0.4047,0.3665,0.308
6/11/2022,23.8743,0.4667,0.581,0.4222,0.6048,0.9191,0.5556,0.5143,0.7969,0.7223,0.6508,0.4492,0.4667,0.4,0.3873,0.4699,0.4572,0.4461,0.5048,0.5111,0.4492,0.4937,0.4175,0.5397,0.527,0.4191,0.4429,0.4778,0.3889,0.4207,0.4349,0.4207,0.3841,0.346,0.3032,0.4222,0.4159,0.5318,0.4095,0.9447,1.0523,0.4254,0.3683,0.5048,0.3619,0.454,0.3476,0.4016,0.4429
6/10/2022,8.5003,0.1758,0.1799,0.1764,0.1817,0.1919,0.1825,0.1782,0.182,0.1759,0.1821,0.1737,0.1772,0.1731,0.1737,0.1726,0.1749,0.1744,0.1789,0.1758,0.1779,0.1761,0.1774,0.1775,0.1733,0.1756,0.1754,0.1779,0.1726,0.1767,0.1742,0.1711,0.1725,0.1731,0.1737,0.1719,0.1731,0.1789,0.1775,0.1908,0.1941,0.1752,0.1733,0.1754,0.1766,0.1773,0.1801,0.1754,0.175
6/9/2022,7.7683,0.1619,0.1606,0.1633,0.1593,0.1603,0.1574,0.1568,0.1606,0.1589,0.1621,0.1622,0.1607,0.164,0.1621,0.1624,0.1637,0.1633,0.1609,0.162,0.1623,0.1631,0.1639,0.1611,0.162,0.1641,0.1616,0.1592,0.1633,0.161,0.1623,0.1636,0.1644,0.1649,0.1638,0.1632,0.1637,0.1632,0.1625,0.1568,0.1554,0.163,0.16,0.1622,0.1629,0.1613,0.1637,0.1634,0.1639
6/8/2022,7.1988,0.155,0.1555,0.1512,0.1358,0.1495,0.1477,0.1487,0.1502,0.1488,0.147,0.1402,0.151,0.1558,0.1543,0.1564,0.1479,0.1555,0.1518,0.153,0.1549,0.153,0.1543,0.1466,0.1518,0.1563,0.1514,0.1542,0.1571,0.1394,0.1532,0.1611,0.1541,0.1602,0.1561,0.1575,0.153,0.1516,0.1524,0.1098,0.1019,0.1472,0.1527,0.1547,0.1502,0.1533,0.1498,0.1539,0.1518
6/7/2022,13.0152,0.2976,0.2971,0.2273,0.3397,0.3693,0.278,0.3236,0.3708,0.2795,0.2404,0.2805,0.2956,0.2243,0.2424,0.2409,0.2529,0.2715,0.2645,0.2815,0.2675,0.2449,0.2143,0.281,0.275,0.2148,0.2228,0.2579,0.2208,0.3126,0.2579,0.2018,0.2118,0.2133,0.2088,0.2409,0.2354,0.286,0.2745,0.4132,0.4473,0.2394,0.3051,0.27,0.2153,0.271,0.279,0.282,0.2735
6/6/2022,8.0123,0.1669,0.1668,0.167,0.1671,0.167,0.167,0.167,0.1671,0.167,0.1668,0.167,0.167,0.1669,0.1669,0.1669,0.1669,0.167,0.1669,0.1669,0.1669,0.1669,0.1669,0.167,0.1669,0.1669,0.1668,0.167,0.1668,0.1669,0.1668,0.1668,0.1668,0.1668,0.1668,0.1669,0.1668,0.1668,0.1669,0.1672,0.1673,0.1669,0.167,0.167,0.1668,0.1669,0.167,0.1669,0.1668
6/5/2022,3.8639,0.11,0.098,0.0612,0.0153,0.0256,0.079,0.1001,0.0372,0.0467,0.0298,0.1021,0.0815,0.1071,0.1158,0.1088,0.115,0.0773,0.0922,0.0918,0.1067,0.0955,0.1137,0.0997,0.1191,0.0972,0.0757,0.0798,0.1092,0.048,0.081,0.1315,0.1203,0.1195,0.1166,0.1117,0.1063,0.11,0.1017,-0.1446,-0.1876,0.0794,0.1187,0.0823,0.122,0.1001,0.0802,0.0827,0.093
6/4/2022,4.718,0.1237,0.1037,0.1207,0.0603,0.0298,0.0669,0.062,0.038,0.1148,0.1138,0.103,0.1286,0.1109,0.1289,0.1187,0.1066,0.1151,0.1089,0.1194,0.0987,0.1115,0.1207,0.0872,0.1014,0.1027,0.1089,0.1007,0.123,0.1201,0.1178,0.1187,0.1401,0.1247,0.1375,0.1263,0.1109,0.0938,0.1063,-0.0494,-0.0793,0.0803,0.1312,0.1089,0.0876,0.1148,0.1023,0.1056,0.0912
6/3/2022,7.8905,0.1638,0.1647,0.1654,0.1623,0.1632,0.1643,0.1636,0.1641,0.1627,0.1642,0.1645,0.1654,0.1647,0.1644,0.1646,0.1649,0.1645,0.1653,0.1649,0.165,0.1652,0.1642,0.1639,0.1642,0.1648,0.1649,0.1634,0.1656,0.1631,0.165,0.1657,0.1657,0.1658,0.1659,0.1654,0.1652,0.1649,0.1643,0.1602,0.1593,0.1648,0.1644,0.1648,0.1649,0.1641,0.1648,0.1643,0.1652
6/2/2022,7.077,0.1459,0.1526,0.1541,0.1403,0.1309,0.1414,0.132,0.1298,0.1346,0.1405,0.1511,0.1414,0.1477,0.1553,0.1557,0.1516,0.1448,0.1443,0.1448,0.1537,0.1507,0.1523,0.153,0.1503,0.1548,0.1491,0.1416,0.1548,0.1468,0.1475,0.1543,0.1581,0.1587,0.1586,0.1572,0.1506,0.1443,0.1491,0.1341,0.1296,0.1515,0.1529,0.1458,0.1445,0.1455,0.1537,0.1491,0.146
6/1/2022,8.3379,0.1723,0.175,0.1722,0.1768,0.1743,0.1752,0.1735,0.1788,0.1717,0.1751,0.1764,0.1751,0.1716,0.1738,0.1707,0.1717,0.1727,0.172,0.1732,0.172,0.1734,0.1717,0.1758,0.1722,0.1703,0.1716,0.1714,0.1701,0.1749,0.1729,0.1717,0.1709,0.1705,0.1717,0.1709,0.1718,0.1743,0.1727,0.1894,0.1925,0.1741,0.1763,0.1746,0.1698,0.1735,0.1715,0.1726,0.1707
5/31/2022,5.6127,0.1103,0.1163,0.1375,0.0908,0.0674,0.0905,0.1044,0.1177,0.0896,0.1278,0.09,0.111,0.1266,0.1251,0.134,0.1321,0.1347,0.1304,0.1239,0.1232,0.1261,0.1204,0.1196,0.1423,0.1366,0.118,0.1261,0.1361,0.1077,0.133,0.1294,0.1309,0.1373,0.1492,0.1426,0.133,0.1072,0.1323,0.0235,0.0037,0.102,0.1158,0.1366,0.1363,0.112,0.1289,0.1301,0.1127
5/30/2022,13.8283,0.2424,0.2978,0.2885,0.4074,0.4348,0.2984,0.2867,0.3986,0.3345,0.3287,0.2611,0.2605,0.2535,0.2628,0.3007,0.2483,0.2838,0.2885,0.2663,0.3031,0.2961,0.2617,0.3141,0.3112,0.2407,0.2757,0.3456,0.2477,0.264,0.2599,0.2354,0.2372,0.2244,0.25,0.2197,0.2692,0.25,0.2401,0.4232,0.4586,0.3013,0.2669,0.2296,0.2809,0.285,0.2389,0.306,0.2488
5/29/2022,11.6728,0.257,0.2456,0.2636,0.2926,0.3007,0.26,0.2912,0.2673,0.2258,0.2853,0.2761,0.2629,0.2291,0.2118,0.2387,0.2368,0.2449,0.2258,0.2221,0.2247,0.2379,0.235,0.2618,0.2229,0.2038,0.2357,0.2405,0.2185,0.271,0.2453,0.2078,0.2243,0.21,0.2199,0.203,0.2273,0.2335,0.2445,0.2824,0.2985,0.2291,0.2034,0.2511,0.2383,0.2578,0.26,0.2357,0.2118
5/28/2022,8.2155,0.1714,0.1714,0.1693,0.1742,0.1763,0.1733,0.1759,0.1746,0.1701,0.1719,0.1723,0.17,0.169,0.1708,0.1698,0.1702,0.1712,0.1721,0.1702,0.1703,0.1712,0.1708,0.17,0.1705,0.1687,0.1704,0.1728,0.1693,0.1731,0.171,0.1688,0.169,0.1688,0.1692,0.1684,0.1698,0.1712,0.171,0.1773,0.1788,0.1704,0.1687,0.1693,0.1708,0.1699,0.1714,0.1696,0.171
5/27/2022,23.3861,0.4913,0.4082,0.359,0.5713,0.7898,0.5821,0.5759,0.7806,0.6606,0.6683,0.719,0.4005,0.3436,0.4652,0.3775,0.4605,0.3913,0.4113,0.4005,0.5375,0.4298,0.3975,0.5144,0.3636,0.3359,0.3836,0.659,0.339,0.4405,0.3805,0.3205,0.3775,0.3805,0.3421,0.3975,0.3621,0.3636,0.5359,0.933,1.039,0.5421,0.4252,0.3405,0.5236,0.4113,0.539,0.4205,0.4944
5/26/2022,21.9632,0.4389,0.5227,0.3929,0.647,0.7364,0.499,0.3943,0.4389,0.5828,0.6093,0.714,0.5451,0.3635,0.3231,0.4892,0.5004,0.3943,0.432,0.3887,0.4976,0.344,0.3761,0.5088,0.3035,0.4501,0.3426,0.5353,0.3244,0.358,0.4292,0.2672,0.2951,0.2881,0.3286,0.3161,0.404,0.4208,0.4599,1.0051,1.1211,0.5465,0.3454,0.3356,0.3901,0.4445,0.3789,0.3524,0.3817
5/25/2022,6.7928,0.1441,0.136,0.133,0.1184,0.1272,0.1409,0.114,0.1244,0.1487,0.1303,0.1484,0.1472,0.1464,0.1504,0.1415,0.1516,0.151,0.1391,0.1495,0.1382,0.1495,0.1461,0.1467,0.1527,0.1527,0.1512,0.1388,0.1516,0.1335,0.1436,0.1482,0.151,0.1486,0.1483,0.1505,0.1457,0.1368,0.1412,0.1063,0.0979,0.1426,0.1546,0.1527,0.1527,0.1376,0.1504,0.1417,0.1393
5/24/2022,7.3616,0.1578,0.1512,0.1506,0.151,0.1421,0.1457,0.1416,0.1428,0.1558,0.1525,0.1429,0.1563,0.1538,0.1562,0.1586,0.1548,0.1517,0.1586,0.1513,0.1558,0.1524,0.1528,0.1503,0.1538,0.1565,0.1549,0.1528,0.1582,0.1492,0.1576,0.16,0.1579,0.1577,0.158,0.1573,0.1558,0.1565,0.1519,0.15,0.1477,0.1573,0.1573,0.1573,0.1543,0.1515,0.1494,0.1577,0.1544
5/23/2022,8.4191,0.1745,0.1745,0.1738,0.1805,0.1826,0.1828,0.1819,0.1789,0.1778,0.1788,0.1828,0.174,0.1739,0.1715,0.1747,0.1722,0.1761,0.1735,0.1738,0.1751,0.1744,0.1742,0.1778,0.1753,0.1719,0.1745,0.171,0.172,0.1722,0.1754,0.172,0.1718,0.1697,0.1714,0.1706,0.1727,0.174,0.1753,0.1823,0.1845,0.1749,0.1769,0.1768,0.1712,0.1771,0.1769,0.1761,0.1725
5/22/2022,13.9098,0.3221,0.3138,0.3245,0.357,0.38,0.3493,0.4214,0.3711,0.3262,0.2459,0.3853,0.3209,0.2725,0.2813,0.2695,0.2754,0.2748,0.3138,0.2902,0.2518,0.2476,0.2429,0.2849,0.3233,0.2878,0.2293,0.2884,0.2423,0.263,0.2459,0.2293,0.2411,0.2181,0.2269,0.234,0.2689,0.2701,0.2482,0.4046,0.4375,0.2453,0.2701,0.2583,0.2831,0.2937,0.2382,0.3014,0.2388
5/21/2022,23.5495,0.4808,0.4217,0.5896,0.6549,0.5274,0.6207,0.6285,0.4714,0.7109,0.5803,0.7202,0.3377,0.3533,0.347,0.4497,0.4357,0.5259,0.5274,0.5041,0.5259,0.4015,0.3812,0.4294,0.4092,0.3284,0.473,0.5554,0.3766,0.4574,0.4046,0.2911,0.3222,0.2895,0.3781,0.403,0.4186,0.3408,0.4637,1.1564,1.2932,0.4605,0.4823,0.4248,0.473,0.4839,0.3937,0.3952,0.4497
5/20/2022,14.5606,0.3281,0.3228,0.3366,0.351,0.4842,0.3799,0.3392,0.4042,0.3267,0.3012,0.3714,0.2651,0.2592,0.3077,0.2539,0.311,0.3143,0.248,0.3241,0.3176,0.2677,0.2697,0.2618,0.2434,0.2808,0.2939,0.3123,0.2447,0.3405,0.3064,0.2185,0.2146,0.2146,0.2178,0.2546,0.2638,0.3143,0.2611,0.4431,0.4813,0.3274,0.3202,0.2585,0.2913,0.2802,0.2598,0.3051,0.267
5/19/2022,23.3052,0.5202,0.3825,0.4636,0.5661,0.7743,0.4957,0.6809,0.6289,0.5034,0.508,0.5738,0.4238,0.358,0.4223,0.4712,0.5371,0.3687,0.5187,0.5202,0.5003,0.4544,0.384,0.4774,0.3457,0.3381,0.4376,0.5309,0.3687,0.4712,0.4498,0.3411,0.3243,0.3212,0.2906,0.407,0.3626,0.5187,0.3825,1.0191,1.137,0.5753,0.4146,0.5386,0.3718,0.5003,0.4743,0.5279,0.3228
5/18/2022,11.4694,0.2326,0.2558,0.21,0.2687,0.2649,0.2312,0.2826,0.2756,0.2402,0.2458,0.2704,0.2385,0.2128,0.2347,0.2204,0.2097,0.2208,0.209,0.2444,0.2506,0.2201,0.2416,0.2319,0.2371,0.2003,0.2319,0.2721,0.2034,0.2763,0.2392,0.2024,0.2107,0.2149,0.2198,0.2034,0.2159,0.2107,0.2093,0.3789,0.4083,0.2433,0.2014,0.2423,0.2475,0.2256,0.2066,0.243,0.2128
5/17/2022,8.1752,0.1712,0.171,0.1694,0.1727,0.171,0.1733,0.174,0.1709,0.1726,0.1715,0.1704,0.1699,0.1693,0.1697,0.1691,0.1691,0.1705,0.1692,0.1696,0.1692,0.1697,0.1698,0.17,0.1692,0.1684,0.1688,0.1687,0.1689,0.1695,0.1693,0.1692,0.1686,0.1685,0.1688,0.1695,0.1696,0.1693,0.1698,0.1787,0.1804,0.1689,0.1711,0.1697,0.1693,0.1692,0.1699,0.1704,0.1684
5/16/2022,11.5509,0.2601,0.2469,0.2618,0.2941,0.265,0.2572,0.2743,0.2338,0.2586,0.2757,0.2807,0.2089,0.238,0.2245,0.2111,0.2249,0.2437,0.2377,0.2306,0.2473,0.2214,0.2427,0.221,0.2583,0.2398,0.2285,0.2554,0.2142,0.2682,0.2139,0.2054,0.1972,0.1929,0.2189,0.2082,0.2228,0.2228,0.2121,0.3429,0.3672,0.2373,0.2487,0.2405,0.2277,0.2182,0.2061,0.2103,0.2334
5/15/2022,19.4817,0.3205,0.4319,0.4652,0.5881,0.6007,0.6018,0.4618,0.4342,0.3423,0.5548,0.394,0.3791,0.3446,0.3561,0.3171,0.4296,0.3102,0.3825,0.4388,0.3745,0.3022,0.3377,0.371,0.2872,0.3883,0.4043,0.5352,0.3194,0.5444,0.3733,0.2987,0.2689,0.2631,0.301,0.2689,0.3492,0.3446,0.4296,0.6623,0.7308,0.3733,0.4755,0.34,0.3481,0.4537,0.4078,0.4101,0.3653
5/14/2022,25.2979,0.5593,0.4365,0.4746,0.7946,0.8863,0.76,0.715,0.8188,0.7842,0.6372,0.4659,0.4382,0.3829,0.3812,0.4209,0.4469,0.4953,0.5144,0.5299,0.5403,0.4227,0.4296,0.504,0.4607,0.395,0.4244,0.5714,0.414,0.6527,0.4382,0.2947,0.4002,0.2964,0.3102,0.331,0.4019,0.5939,0.3673,1.139,1.2735,0.4521,0.5663,0.395,0.3639,0.4452,0.5784,0.5507,0.3431
5/13/2022,13.1371,0.2401,0.2684,0.2977,0.3156,0.3177,0.309,0.3408,0.3172,0.2956,0.2504,0.2761,0.2843,0.2643,0.2694,0.2489,0.2561,0.234,0.2874,0.2401,0.2843,0.2442,0.2304,0.2555,0.2221,0.2406,0.2504,0.2566,0.235,0.3049,0.274,0.217,0.215,0.2206,0.2042,0.235,0.2525,0.292,0.2252,0.4787,0.5219,0.291,0.2365,0.2946,0.2381,0.2781,0.2704,0.2884,0.2668
5/12/2022,12.2017,0.241,0.2511,0.2696,0.3246,0.2646,0.3095,0.2381,0.2444,0.223,0.2839,0.2452,0.2268,0.2179,0.252,0.2398,0.2654,0.2541,0.265,0.2662,0.27,0.2398,0.2377,0.2578,0.2095,0.2381,0.2314,0.2927,0.2204,0.2339,0.2385,0.2125,0.2028,0.2167,0.2146,0.2053,0.2419,0.2381,0.2352,0.3881,0.4187,0.2478,0.281,0.2704,0.2545,0.2696,0.2721,0.2461,0.2343
5/11/2022,11.0629,0.2053,0.2224,0.234,0.2543,0.2488,0.2619,0.2971,0.2932,0.2631,0.2576,0.2852,0.2282,0.2092,0.2117,0.2071,0.2249,0.2307,0.2246,0.2371,0.2166,0.2053,0.2267,0.2255,0.2368,0.1936,0.234,0.2108,0.2074,0.2662,0.2227,0.2123,0.2132,0.2099,0.2022,0.2157,0.2108,0.2402,0.2089,0.2982,0.3163,0.2102,0.197,0.208,0.2074,0.2325,0.2089,0.2169,0.2123
5/10/2022,11.876,0.2399,0.2562,0.2205,0.3054,0.2826,0.3097,0.324,0.314,0.2112,0.2372,0.3058,0.2217,0.243,0.2318,0.2554,0.2523,0.2209,0.2225,0.2411,0.2461,0.2477,0.2581,0.2539,0.2364,0.2097,0.2151,0.2171,0.2074,0.2361,0.2225,0.2236,0.2109,0.2031,0.2043,0.2085,0.2291,0.2469,0.2581,0.3833,0.4133,0.238,0.2426,0.245,0.2271,0.2209,0.2155,0.2256,0.2349
5/9/2022,19.8888,0.3355,0.4472,0.4211,0.6184,0.7421,0.389,0.3652,0.3926,0.4591,0.4924,0.4746,0.364,0.3141,0.3105,0.4187,0.3177,0.3557,0.3652,0.4175,0.3961,0.3153,0.4425,0.3129,0.4175,0.3165,0.3676,0.3854,0.3331,0.5007,0.4044,0.3486,0.2642,0.3402,0.2701,0.2808,0.3212,0.3022,0.3771,0.9517,1.0603,0.3557,0.3557,0.3795,0.433,0.3545,0.4889,0.4318,0.3807
5/8/2022,26.3963,0.4868,0.5806,0.6008,0.7921,0.7737,0.9007,0.8565,0.7977,0.5236,0.4426,0.7517,0.6689,0.4224,0.5015,0.4923,0.4224,0.4536,0.4628,0.5475,0.5456,0.5456,0.5052,0.6726,0.4978,0.4095,0.3764,0.61,0.4021,0.7241,0.4279,0.4334,0.4132,0.3727,0.4095,0.3286,0.415,0.3837,0.404,0.8764,0.9746,0.5732,0.3764,0.4481,0.5603,0.6027,0.5751,0.5456,0.5088
5/7/2022,12.9745,0.2726,0.2592,0.2736,0.2806,0.3298,0.3651,0.2662,0.2925,0.2308,0.3298,0.2696,0.295,0.2313,0.2463,0.2816,0.2726,0.2478,0.2652,0.2463,0.2676,0.2612,0.2836,0.2905,0.2363,0.2473,0.2766,0.3234,0.2293,0.2398,0.2373,0.2264,0.2209,0.2279,0.2458,0.2388,0.2413,0.2731,0.2348,0.4537,0.4934,0.2816,0.2159,0.2249,0.2726,0.2512,0.2627,0.2368,0.2239
5/6/2022,11.917,0.2481,0.274,0.2603,0.292,0.3672,0.3014,0.328,0.3186,0.2164,0.2607,0.2274,0.2618,0.2098,0.2485,0.2372,0.2188,0.2305,0.2313,0.2411,0.2454,0.2168,0.2403,0.2701,0.2325,0.2352,0.2239,0.2638,0.2152,0.2583,0.2274,0.2164,0.2094,0.2039,0.2011,0.216,0.2227,0.2474,0.2489,0.2927,0.3101,0.256,0.2524,0.227,0.2474,0.2278,0.2282,0.2528,0.2548
5/5/2022,11.7543,0.2665,0.2496,0.2324,0.2999,0.3003,0.2519,0.2921,0.2872,0.2823,0.2932,0.2586,0.2399,0.2384,0.2425,0.2478,0.2455,0.2395,0.2301,0.2583,0.2361,0.2256,0.2282,0.2125,0.2234,0.217,0.2252,0.2823,0.2136,0.2342,0.2429,0.2027,0.2207,0.2136,0.2106,0.1971,0.2215,0.2478,0.2444,0.3284,0.3507,0.2335,0.2147,0.2057,0.2489,0.2192,0.2162,0.2286,0.253
5/4/2022,15.293,0.3665,0.2921,0.303,0.4482,0.4613,0.3731,0.4197,0.3854,0.3023,0.279,0.3009,0.2812,0.252,0.3052,0.3125,0.2688,0.2957,0.306,0.2936,0.2775,0.2615,0.303,0.3133,0.2381,0.2994,0.2615,0.3351,0.2462,0.3789,0.2943,0.2148,0.2294,0.2367,0.2775,0.2819,0.2936,0.3009,0.2914,0.6479,0.7144,0.2724,0.26,0.3475,0.3147,0.3242,0.2607,0.2987,0.271
5/3/2022,10.0459,0.2203,0.2186,0.1908,0.2297,0.2436,0.2053,0.206,0.2403,0.2352,0.227,0.2418,0.2035,0.1951,0.2041,0.1967,0.2,0.2117,0.2127,0.1988,0.2139,0.2033,0.1955,0.2072,0.1963,0.1896,0.2072,0.1877,0.1871,0.2321,0.1978,0.1826,0.1953,0.1818,0.199,0.1861,0.1945,0.1927,0.2033,0.2743,0.2892,0.198,0.198,0.2168,0.1965,0.2078,0.2137,0.2037,0.2137
5/2/2022,10.6155,0.2085,0.2263,0.2378,0.2326,0.2315,0.2389,0.2517,0.2627,0.2271,0.2124,0.2658,0.2012,0.2043,0.2198,0.2226,0.2124,0.2135,0.1999,0.2258,0.2245,0.2067,0.2151,0.2205,0.2368,0.2137,0.2072,0.2247,0.1983,0.2315,0.2033,0.1981,0.2001,0.1923,0.2012,0.2001,0.2064,0.2247,0.1996,0.2875,0.3042,0.2203,0.219,0.23,0.1952,0.2137,0.2169,0.2258,0.2033
5/1/2022,9.0697,0.181,0.1876,0.1844,0.1933,0.1921,0.1915,0.2041,0.1917,0.2038,0.1905,0.203,0.1954,0.1829,0.1838,0.1899,0.1923,0.1812,0.1872,0.1898,0.182,0.1847,0.1903,0.189,0.1895,0.1822,0.1877,0.1982,0.1785,0.1962,0.1849,0.1738,0.1797,0.1776,0.1826,0.1822,0.1841,0.1805,0.189,0.2237,0.2316,0.1853,0.1824,0.1774,0.1865,0.1807,0.1937,0.1834,0.1868
4/30/2022,9.0698,0.1928,0.1887,0.184,0.2073,0.2113,0.2087,0.1868,0.198,0.1974,0.1905,0.1866,0.1966,0.1847,0.1877,0.1851,0.1903,0.1812,0.18,0.1851,0.1922,0.1859,0.1774,0.1943,0.1873,0.1784,0.1819,0.1813,0.1818,0.1963,0.186,0.1767,0.1776,0.1789,0.1829,0.1797,0.1838,0.1796,0.1798,0.2227,0.2305,0.1941,0.1887,0.1776,0.1781,0.1859,0.1932,0.1899,0.1845
4/29/2022,8.826,0.1795,0.1812,0.1858,0.1867,0.2043,0.1971,0.1982,0.1896,0.1782,0.1931,0.1906,0.1822,0.1772,0.1798,0.1814,0.1845,0.1772,0.1767,0.1856,0.1819,0.1828,0.1786,0.1819,0.1804,0.1749,0.1804,0.1934,0.1781,0.1943,0.1792,0.1754,0.1732,0.1761,0.175,0.1768,0.1794,0.1853,0.181,0.2024,0.2074,0.1824,0.1865,0.1781,0.1864,0.1783,0.1804,0.1865,0.1806
4/28/2022,11.9169,0.2517,0.2528,0.2517,0.2826,0.341,0.2767,0.2685,0.2595,0.2626,0.2434,0.2959,0.2501,0.2313,0.2301,0.2403,0.2188,0.2141,0.2474,0.2591,0.2493,0.2152,0.245,0.2618,0.2148,0.2051,0.2215,0.2951,0.2227,0.2611,0.2368,0.2098,0.2278,0.1964,0.2105,0.2164,0.2278,0.2262,0.2168,0.4213,0.4565,0.2117,0.2254,0.2278,0.2188,0.263,0.2137,0.2309,0.2101
4/27/2022,21.6375,0.5335,0.4708,0.3303,0.4981,0.7776,0.4694,0.5485,0.5267,0.5581,0.3876,0.6904,0.5335,0.3494,0.4503,0.4285,0.4081,0.3603,0.3821,0.4203,0.3671,0.4503,0.329,0.333,0.5212,0.3876,0.3999,0.479,0.3549,0.5744,0.4326,0.2812,0.3112,0.2635,0.3808,0.3753,0.4012,0.4449,0.4421,0.6533,0.7206,0.3644,0.434,0.464,0.4967,0.4967,0.5417,0.3644,0.449
4/26/2022,14.1949,0.2906,0.306,0.3333,0.3141,0.4089,0.3853,0.3457,0.3463,0.2534,0.3395,0.2881,0.2342,0.2466,0.298,0.2484,0.2509,0.2714,0.2788,0.2868,0.2652,0.246,0.3178,0.329,0.2546,0.2726,0.246,0.2286,0.2367,0.3036,0.2751,0.2255,0.2416,0.2212,0.2614,0.2317,0.2738,0.3042,0.2788,0.5682,0.6237,0.3135,0.2776,0.3054,0.2367,0.2491,0.2652,0.3085,0.3073
4/25/2022,29.7315,0.6991,0.5383,0.7425,0.7904,0.6774,0.8729,0.9229,0.5948,0.886,0.6643,0.7121,0.6687,0.4057,0.5513,0.447,0.4926,0.46,0.4448,0.6209,0.6209,0.5839,0.673,0.5361,0.6448,0.4905,0.5861,0.8164,0.3927,0.5187,0.4753,0.4188,0.3644,0.3557,0.334,0.3948,0.4535,0.7034,0.5948,1.4462,1.6231,0.686,0.4253,0.56,0.6448,0.4709,0.4687,0.6122,0.6448
4/24/2022,14.1946,0.2559,0.2986,0.2404,0.3054,0.363,0.3977,0.3197,0.3829,0.3692,0.2937,0.3302,0.2583,0.2546,0.2751,0.2912,0.2769,0.2825,0.2999,0.2565,0.2732,0.2503,0.2961,0.2806,0.2837,0.2788,0.2961,0.2336,0.2299,0.3729,0.2676,0.2131,0.2571,0.2466,0.2274,0.2199,0.2509,0.2906,0.241,0.5543,0.6079,0.2745,0.329,0.3172,0.2311,0.311,0.3265,0.2391,0.2429
4/23/2022,8.9072,0.1833,0.1884,0.1888,0.1944,0.2084,0.202,0.1972,0.1962,0.1842,0.1816,0.1889,0.1863,0.1773,0.1844,0.1803,0.1781,0.1817,0.1806,0.1851,0.1889,0.1862,0.1873,0.1906,0.1818,0.1813,0.186,0.192,0.1782,0.1926,0.1849,0.1766,0.1752,0.1738,0.1798,0.1747,0.182,0.182,0.1874,0.1839,0.1863,0.1795,0.1865,0.1877,0.185,0.1868,0.1906,0.1854,0.187
4/22/2022,18.2213,0.3772,0.4161,0.3486,0.4079,0.4651,0.5173,0.5857,0.5029,0.3711,0.3731,0.3353,0.4324,0.3517,0.2883,0.2893,0.3609,0.3742,0.3629,0.3445,0.3343,0.2944,0.3793,0.4529,0.3742,0.2699,0.3343,0.3997,0.3139,0.3956,0.3854,0.2535,0.3026,0.3282,0.3159,0.3006,0.3343,0.2944,0.4028,0.6346,0.6994,0.3639,0.3404,0.4161,0.2975,0.4018,0.3823,0.3752,0.3394
4/21/2022,16.3095,0.3794,0.3113,0.3653,0.4276,0.3594,0.3902,0.4799,0.3395,0.4484,0.3204,0.3727,0.2946,0.2855,0.3054,0.2739,0.3378,0.3378,0.3503,0.3553,0.3619,0.2896,0.3005,0.3179,0.2863,0.2639,0.2955,0.3229,0.2813,0.4068,0.3088,0.2938,0.2847,0.2647,0.2813,0.2439,0.2847,0.3503,0.3395,0.6081,0.6692,0.3387,0.2805,0.3437,0.298,0.3121,0.3927,0.283,0.2705
4/20/2022,14.6013,0.3436,0.3291,0.3277,0.3872,0.3205,0.4142,0.2769,0.3383,0.3284,0.3482,0.3779,0.2888,0.2928,0.2459,0.2822,0.3185,0.2842,0.2663,0.306,0.3198,0.2743,0.3211,0.3099,0.2597,0.2267,0.2855,0.3046,0.2472,0.2795,0.2663,0.2294,0.271,0.2215,0.2274,0.2215,0.271,0.2914,0.3053,0.5726,0.6288,0.2432,0.2406,0.2663,0.3185,0.3053,0.2941,0.2624,0.2597
4/19/2022,12.4051,0.2411,0.242,0.2605,0.2962,0.2922,0.2808,0.2464,0.2944,0.2728,0.2662,0.2345,0.2349,0.2455,0.242,0.2534,0.2495,0.2195,0.2279,0.2442,0.2689,0.2319,0.2235,0.227,0.2689,0.2411,0.2376,0.2156,0.2125,0.2411,0.2371,0.2028,0.227,0.2336,0.2019,0.2204,0.2301,0.2728,0.2429,0.6088,0.6699,0.2341,0.2301,0.2248,0.2098,0.231,0.2275,0.2653,0.2231
4/18/2022,6.6699,0.1479,0.1442,0.152,0.1181,0.1231,0.1137,0.1096,0.1129,0.1223,0.1426,0.1254,0.1366,0.1463,0.1482,0.1405,0.1389,0.1508,0.1362,0.1378,0.1481,0.1447,0.1429,0.1378,0.1508,0.1484,0.1383,0.1511,0.1482,0.1467,0.1451,0.1543,0.1566,0.156,0.1547,0.1507,0.1475,0.1474,0.1514,0.0761,0.0636,0.1506,0.1446,0.1391,0.1421,0.1475,0.1411,0.1482,0.1492
4/17/2022,6.7514,0.1491,0.1444,0.1403,0.1177,0.137,0.1434,0.1131,0.1335,0.1291,0.1242,0.1213,0.1509,0.1417,0.1473,0.1502,0.1501,0.1413,0.1436,0.1372,0.1479,0.1517,0.1427,0.1333,0.1531,0.1504,0.1392,0.1453,0.1512,0.1347,0.1451,0.1558,0.1463,0.1479,0.1498,0.1524,0.1479,0.1436,0.1503,0.1078,0.0997,0.1526,0.1312,0.138,0.1419,0.14,0.1477,0.1459,0.1426
4/16/2022,6.386,0.1339,0.1394,0.1423,0.1234,0.1102,0.1005,0.1144,0.1092,0.1313,0.1215,0.1066,0.1378,0.1332,0.1341,0.14,0.1341,0.1362,0.1353,0.1436,0.1315,0.1466,0.1507,0.1458,0.146,0.1391,0.1405,0.1497,0.1476,0.1184,0.1378,0.1407,0.1428,0.1483,0.1462,0.1465,0.1395,0.1399,0.141,0.084,0.0726,0.1328,0.136,0.14,0.1424,0.132,0.1297,0.141,0.1499
4/15/2022,13.0965,0.2834,0.2513,0.2395,0.2813,0.3537,0.3175,0.2946,0.3563,0.2808,0.2594,0.3119,0.2553,0.2671,0.2655,0.2467,0.2655,0.2457,0.2339,0.2905,0.2513,0.2513,0.2268,0.2768,0.2375,0.2594,0.2645,0.239,0.2304,0.2487,0.2513,0.2018,0.2339,0.2161,0.2401,0.2385,0.2533,0.2686,0.29,0.5738,0.6301,0.2263,0.235,0.2452,0.2304,0.264,0.2232,0.263,0.2263
4/14/2022,16.2686,0.3502,0.3899,0.2667,0.4189,0.5379,0.4966,0.4883,0.4503,0.3246,0.361,0.3585,0.2973,0.3048,0.2973,0.3312,0.3527,0.2725,0.3072,0.294,0.3337,0.2675,0.2783,0.3072,0.2882,0.294,0.3494,0.2833,0.2733,0.3775,0.318,0.299,0.2725,0.256,0.2973,0.2841,0.28,0.375,0.3502,0.471,0.5131,0.3163,0.3717,0.3726,0.2742,0.2882,0.3916,0.313,0.2725
4/13/2022,14.3166,0.2987,0.3353,0.3056,0.3423,0.473,0.36,0.3871,0.365,0.2482,0.2696,0.2627,0.2943,0.2437,0.2393,0.2816,0.3195,0.25,0.2747,0.2589,0.2545,0.2482,0.2715,0.2766,0.2886,0.2494,0.274,0.245,0.2519,0.2633,0.2709,0.2684,0.2393,0.2412,0.2494,0.269,0.2785,0.317,0.2633,0.6393,0.7047,0.2785,0.2336,0.3176,0.281,0.257,0.2406,0.2614,0.2734
4/12/2022,15.9841,0.2721,0.2968,0.3527,0.4301,0.5435,0.3719,0.3208,0.4485,0.3679,0.3806,0.3934,0.3774,0.3311,0.2952,0.3383,0.3319,0.3271,0.3008,0.3551,0.2888,0.2657,0.2521,0.387,0.2441,0.2545,0.3375,0.4134,0.2633,0.3998,0.2928,0.2944,0.2561,0.2761,0.2609,0.2577,0.2992,0.32,0.2505,0.5274,0.5772,0.324,0.3495,0.2713,0.2553,0.2904,0.2729,0.3375,0.3295
4/11/2022,13.5846,0.2979,0.2689,0.2398,0.3426,0.4442,0.3811,0.332,0.3381,0.3465,0.2973,0.2728,0.3046,0.2443,0.2627,0.2929,0.232,0.2521,0.299,0.2627,0.2901,0.2677,0.2728,0.3197,0.27,0.2203,0.2789,0.2968,0.2449,0.2683,0.251,0.2337,0.2415,0.2398,0.227,0.2153,0.251,0.2733,0.2772,0.3336,0.3566,0.3013,0.3124,0.2337,0.294,0.3046,0.2811,0.2666,0.2499
4/10/2022,23.9557,0.5113,0.4236,0.3869,0.8272,0.6086,0.5209,0.7267,0.8272,0.4794,0.4603,0.6852,0.5273,0.4714,0.3869,0.5368,0.4012,0.5129,0.4794,0.4076,0.4826,0.4427,0.3901,0.4938,0.3996,0.3709,0.5177,0.6469,0.3278,0.5496,0.3948,0.4267,0.3502,0.3342,0.2879,0.422,0.3853,0.5113,0.3869,0.8979,0.9991,0.5704,0.3948,0.4028,0.5129,0.5368,0.5847,0.4283,0.3262
4/9/2022,30.9519,0.628,0.6303,0.6073,1.1146,0.8437,0.6395,0.9746,1.0434,0.6349,0.9149,0.6624,0.69,0.6188,0.527,0.6234,0.4949,0.5683,0.4444,0.589,0.6005,0.4375,0.3893,0.4444,0.5224,0.6119,0.4513,0.4834,0.4421,0.4995,0.6372,0.3204,0.3503,0.4949,0.4077,0.3526,0.4857,0.6762,0.5913,1.723,1.9383,0.5155,0.7037,0.6234,0.5064,0.6509,0.5362,0.7198,0.5867
4/8/2022,17.8549,0.3618,0.3431,0.4219,0.4012,0.6239,0.5569,0.4663,0.414,0.4475,0.4249,0.3519,0.2918,0.345,0.3194,0.3076,0.3224,0.3766,0.3618,0.3155,0.3312,0.3766,0.3352,0.3322,0.3864,0.349,0.3263,0.4741,0.2859,0.4889,0.3243,0.2426,0.2652,0.2426,0.2918,0.279,0.3421,0.2968,0.2761,0.7428,0.8224,0.2997,0.2662,0.2652,0.283,0.3776,0.4101,0.349,0.3391
4/7/2022,20.1733,0.4625,0.4199,0.4868,0.5075,0.4893,0.5063,0.6487,0.5854,0.3614,0.4199,0.3541,0.4844,0.331,0.3846,0.4101,0.454,0.3468,0.4552,0.4162,0.3602,0.3992,0.3943,0.4856,0.4564,0.3785,0.2945,0.4235,0.3225,0.5526,0.3785,0.2628,0.3225,0.359,0.2981,0.2726,0.3468,0.4284,0.3992,0.527,0.5769,0.4235,0.5185,0.4625,0.3456,0.432,0.3858,0.4394,0.4028
4/6/2022,24.9728,0.557,0.5435,0.3703,0.7437,0.5486,0.6198,0.8235,0.7047,0.5791,0.3975,0.7964,0.4094,0.389,0.4382,0.4756,0.4416,0.5401,0.4959,0.5248,0.4925,0.4756,0.4535,0.5146,0.6164,0.4179,0.5282,0.4348,0.3958,0.6555,0.5095,0.3466,0.3924,0.2991,0.3262,0.3466,0.4111,0.4671,0.4722,1.0485,1.1705,0.5553,0.4722,0.4297,0.3619,0.5452,0.5757,0.4247,0.4348
4/5/2022,29.162,0.4672,0.6216,0.4735,0.6957,0.7232,0.609,0.6661,1.0131,0.446,0.8079,0.6195,0.4587,0.3994,0.537,0.4608,0.5285,0.4291,0.5857,0.5201,0.5624,0.4608,0.5285,0.7148,0.7169,0.427,0.4926,0.5836,0.4185,0.5391,0.4608,0.4164,0.5074,0.3614,0.3529,0.3423,0.5328,0.4862,0.4629,1.7561,1.9759,0.5328,0.6999,0.6428,0.683,0.6788,0.7338,0.6047,0.4248
4/4/2022,29.3251,0.4972,0.4546,0.5356,0.8533,1.1348,0.736,1.0197,0.6486,0.6145,0.5889,0.6017,0.4951,0.4503,0.4588,0.6657,0.5185,0.446,0.5292,0.6742,0.5121,0.4865,0.4098,0.5462,0.5143,0.5143,0.3948,0.7659,0.4354,0.7232,0.5015,0.4034,0.4503,0.4162,0.5036,0.4546,0.4418,0.623,0.5335,1.4532,1.6311,0.5377,0.4226,0.5228,0.655,0.6593,0.7424,0.6166,0.5313
4/3/2022,35.1408,0.7312,0.5711,0.6389,1.0623,1.1817,1.2876,1.3446,0.9293,1.046,0.8452,1.1302,0.8126,0.7068,0.5032,0.5711,0.5575,0.8208,0.7909,0.6796,0.5656,0.7529,0.5982,0.6742,0.4761,0.4489,0.6118,0.6959,0.5005,0.818,0.5466,0.6091,0.5086,0.4354,0.5222,0.4625,0.5901,0.5982,0.6362,0.9257,1.0307,0.8995,0.7095,0.7963,0.7746,0.7176,0.6905,0.6823,0.6525
4/2/2022,36.6457,0.5849,0.6193,0.6336,0.9458,1.2065,1.1635,0.8714,0.7396,0.9773,0.6508,0.8714,0.7568,0.5362,0.6852,0.751,0.5562,0.6279,0.5219,0.8255,0.7195,0.5677,0.837,0.5849,0.8799,0.668,0.5133,0.8398,0.4703,1.0977,0.6622,0.5219,0.625,0.4359,0.4273,0.5706,0.5792,0.8771,0.4674,1.6403,1.8441,0.8026,0.9716,0.7911,0.6937,0.8284,0.5505,0.8341,0.8198
4/1/2022,24.8914,0.464,0.5602,0.3711,0.7815,0.5822,0.6819,0.5281,0.7325,0.6599,0.4521,0.4572,0.3525,0.4183,0.4167,0.4876,0.3829,0.5045,0.5113,0.4048,0.4031,0.4454,0.3643,0.4437,0.5045,0.4234,0.3863,0.6075,0.3457,0.4302,0.4792,0.3423,0.3254,0.3221,0.4183,0.3913,0.3981,0.5129,0.464,1.7268,1.9426,0.3879,0.4167,0.366,0.4792,0.3778,0.5163,0.3896,0.5315
3/31/2022,25.3389,0.6348,0.5464,0.4372,0.8255,0.8394,0.7371,0.5134,0.5499,0.4788,0.5568,0.7995,0.5533,0.4077,0.4614,0.4372,0.477,0.5082,0.4528,0.4458,0.4111,0.5204,0.3747,0.5516,0.5065,0.477,0.4597,0.399,0.3678,0.6053,0.536,0.3955,0.3401,0.3817,0.4337,0.3834,0.4528,0.4354,0.4961,1.0221,1.1404,0.4684,0.6626,0.399,0.4632,0.5117,0.5655,0.5759,0.3401
3/30/2022,19.1975,0.4724,0.3279,0.478,0.4455,0.6011,0.553,0.4791,0.5866,0.3346,0.3682,0.4276,0.4668,0.3436,0.4074,0.3794,0.4152,0.3985,0.3581,0.4287,0.3705,0.366,0.3727,0.4253,0.3973,0.2854,0.3313,0.3805,0.3145,0.3637,0.3962,0.3357,0.2966,0.3223,0.3335,0.2932,0.3425,0.4119,0.3044,0.6437,0.7097,0.4477,0.3917,0.4152,0.3649,0.3481,0.3167,0.3335,0.3111
3/29/2022,18.2622,0.3863,0.3873,0.3155,0.4612,0.5977,0.4622,0.4314,0.3986,0.4099,0.3011,0.3996,0.4509,0.3688,0.3114,0.3257,0.3729,0.3165,0.3452,0.3237,0.3545,0.3288,0.2713,0.3935,0.3124,0.3411,0.2898,0.4612,0.2847,0.4427,0.3155,0.2765,0.2867,0.3114,0.2416,0.257,0.3155,0.3144,0.413,0.8549,0.95,0.3873,0.3668,0.3586,0.2888,0.3883,0.3811,0.3298,0.3791
3/28/2022,22.1258,0.4139,0.5339,0.4336,0.7162,0.5198,0.7232,0.6173,0.5452,0.322,0.5029,0.4195,0.3644,0.3673,0.4449,0.4831,0.4082,0.4238,0.4223,0.4068,0.476,0.3291,0.3842,0.4817,0.3828,0.3249,0.4252,0.6173,0.3249,0.5791,0.4393,0.2811,0.3997,0.3687,0.2726,0.3545,0.3461,0.4139,0.469,1.0724,1.1976,0.4082,0.3164,0.4647,0.4026,0.3658,0.4577,0.3856,0.3164
3/27/2022,15.9841,0.3695,0.2729,0.3679,0.3822,0.4884,0.3335,0.2968,0.4669,0.3551,0.3886,0.2721,0.2992,0.2617,0.2545,0.3367,0.3248,0.3319,0.2649,0.3072,0.3503,0.2832,0.2665,0.3591,0.3104,0.2505,0.2561,0.4246,0.2649,0.3447,0.304,0.2361,0.2776,0.2832,0.2497,0.2465,0.3024,0.2768,0.2952,0.7443,0.8242,0.3208,0.3798,0.2633,0.2792,0.3495,0.2808,0.2864,0.2992
3/26/2022,18.6686,0.3171,0.3822,0.2968,0.4408,0.6137,0.5923,0.4707,0.5529,0.4931,0.4163,0.4366,0.3875,0.348,0.3267,0.4046,0.3459,0.38,0.3182,0.396,0.3864,0.2926,0.2894,0.3715,0.3886,0.3534,0.3779,0.3907,0.2734,0.3619,0.3875,0.2808,0.2648,0.252,0.3192,0.3246,0.3544,0.396,0.3096,0.8093,0.8982,0.331,0.331,0.3214,0.332,0.3374,0.3224,0.3171,0.3747
3/25/2022,15.6181,0.3015,0.2794,0.3305,0.4767,0.3876,0.3358,0.4965,0.4821,0.3289,0.2825,0.3586,0.3145,0.3206,0.2847,0.3061,0.2886,0.2604,0.3388,0.3381,0.2886,0.3274,0.268,0.3518,0.3411,0.239,0.2817,0.2771,0.2672,0.4158,0.3129,0.2855,0.2345,0.2566,0.2413,0.2588,0.2741,0.3,0.3099,0.5689,0.6245,0.3274,0.2535,0.2733,0.2901,0.3388,0.2771,0.2825,0.3388
3/24/2022,24.5661,0.3903,0.5527,0.6239,0.6769,0.5377,0.5659,0.8873,0.8343,0.546,0.4135,0.6537,0.6338,0.3986,0.4533,0.3588,0.3853,0.3771,0.4483,0.4947,0.4798,0.4334,0.3323,0.5162,0.5278,0.445,0.5013,0.6636,0.3969,0.6852,0.4284,0.4036,0.2876,0.3969,0.3837,0.3274,0.4334,0.4002,0.5527,1.1583,1.2955,0.4118,0.387,0.3522,0.3605,0.4765,0.5493,0.392,0.3555
3/23/2022,18.0991,0.4191,0.404,0.4101,0.5363,0.603,0.3767,0.5353,0.3545,0.3283,0.4535,0.511,0.2879,0.3434,0.3121,0.3848,0.3838,0.3808,0.3545,0.409,0.3555,0.3313,0.3182,0.4181,0.3646,0.3646,0.3141,0.4212,0.2697,0.3434,0.3697,0.2868,0.2666,0.2626,0.3222,0.3232,0.3272,0.3161,0.3888,0.416,0.4505,0.3727,0.4585,0.3919,0.2788,0.4,0.3858,0.401,0.3919
3/22/2022,20.3359,0.3591,0.496,0.501,0.5972,0.5405,0.4973,0.4973,0.4652,0.3751,0.5355,0.422,0.464,0.3628,0.3764,0.4442,0.3788,0.4467,0.4541,0.4208,0.3862,0.332,0.3147,0.3554,0.4825,0.3591,0.3924,0.3455,0.3332,0.3788,0.3443,0.2506,0.2629,0.3418,0.3381,0.327,0.3517,0.369,0.3246,1.024,1.1425,0.3036,0.3184,0.3628,0.3529,0.4233,0.3875,0.4627,0.3344
3/21/2022,17.9363,0.3058,0.3197,0.42,0.5731,0.6198,0.5433,0.5134,0.3525,0.4399,0.4379,0.429,0.275,0.3555,0.3048,0.2978,0.3912,0.3018,0.3396,0.3048,0.4101,0.3902,0.3306,0.4121,0.3356,0.3157,0.3018,0.2968,0.273,0.3038,0.3187,0.278,0.267,0.268,0.2392,0.2919,0.3078,0.3276,0.2789,0.7215,0.7982,0.2978,0.3803,0.3763,0.4061,0.3624,0.4012,0.4051,0.3157
3/20/2022,25.8268,0.484,0.6444,0.5589,0.8298,1.0081,0.6088,0.7104,0.7157,0.8138,0.4305,0.4679,0.3877,0.5125,0.4252,0.4822,0.3913,0.4038,0.4145,0.5,0.4911,0.5392,0.5339,0.6337,0.4145,0.4911,0.443,0.3699,0.3449,0.5089,0.4073,0.2879,0.3396,0.361,0.3556,0.3663,0.4769,0.4769,0.4608,1.2546,1.4051,0.5856,0.4483,0.4965,0.5571,0.5196,0.5945,0.4287,0.4448
3/19/2022,15.9842,0.2952,0.3264,0.3575,0.4142,0.3703,0.387,0.4397,0.3279,0.3136,0.2976,0.3359,0.3615,0.2737,0.3152,0.3216,0.3543,0.3311,0.3671,0.3032,0.3144,0.3367,0.312,0.2761,0.2984,0.2441,0.2665,0.3798,0.28,0.2904,0.3144,0.2481,0.2329,0.2816,0.2369,0.2721,0.3016,0.3048,0.3064,0.7017,0.7757,0.3806,0.2481,0.3072,0.32,0.3136,0.2992,0.3543,0.2936
3/18/2022,18.9126,0.3718,0.4569,0.35,0.4395,0.5213,0.5584,0.5803,0.5432,0.4046,0.326,0.4973,0.4417,0.3915,0.3849,0.4111,0.3282,0.2954,0.3184,0.3827,0.4187,0.3991,0.4067,0.4362,0.3358,0.3544,0.3118,0.458,0.2965,0.4766,0.3522,0.3271,0.3391,0.3293,0.2845,0.2758,0.3478,0.4166,0.4078,0.4019,0.4345,0.4526,0.3107,0.4264,0.3533,0.3696,0.4537,0.3598,0.3729
3/17/2022,13.9911,0.2961,0.2553,0.2416,0.3871,0.362,0.3572,0.4147,0.4159,0.3296,0.3332,0.3518,0.3003,0.2691,0.2619,0.2392,0.2493,0.2865,0.2907,0.2793,0.2517,0.2643,0.2841,0.2841,0.3158,0.2637,0.2649,0.2278,0.2487,0.2949,0.2487,0.2218,0.2146,0.2338,0.2619,0.2284,0.2661,0.2398,0.2883,0.4799,0.5232,0.244,0.2625,0.2601,0.3003,0.3129,0.2541,0.2901,0.2398
3/16/2022,17.733,0.3059,0.4149,0.2932,0.4509,0.5336,0.4772,0.5628,0.3983,0.3847,0.2893,0.3535,0.3273,0.3029,0.372,0.3623,0.3779,0.2883,0.3934,0.3156,0.3701,0.2951,0.2621,0.3127,0.3088,0.3448,0.2922,0.4499,0.3059,0.3516,0.3097,0.299,0.2854,0.2367,0.2465,0.3175,0.2981,0.3983,0.3574,0.783,0.8682,0.2932,0.4051,0.3574,0.3642,0.3779,0.3701,0.3253,0.3428
3/15/2022,20.8649,0.4806,0.5166,0.4741,0.6993,0.5616,0.7031,0.6967,0.4574,0.5861,0.3429,0.4651,0.3262,0.3146,0.3892,0.3815,0.4162,0.3288,0.4072,0.3674,0.3969,0.3635,0.424,0.4677,0.478,0.4278,0.406,0.4085,0.3262,0.5603,0.3661,0.3352,0.3596,0.2722,0.2979,0.3403,0.3391,0.4265,0.4677,0.5619,0.6166,0.4548,0.3867,0.3584,0.2902,0.4613,0.5205,0.4137,0.4227
3/14/2022,27.535,0.5124,0.6296,0.6746,0.657,0.7293,0.6003,0.6277,0.8582,0.8074,0.5574,0.6629,0.5554,0.4089,0.4284,0.4245,0.5124,0.5183,0.4402,0.5769,0.6296,0.5496,0.53,0.4695,0.3796,0.5671,0.4499,0.4382,0.3757,0.4734,0.5163,0.3015,0.3347,0.3151,0.3776,0.3913,0.4206,0.6179,0.5847,1.6403,1.8441,0.6414,0.4851,0.3757,0.4402,0.532,0.659,0.5046,0.5085
3/13/2022,30.4227,0.6241,0.6174,0.66,0.8124,0.9223,0.5994,0.8483,0.8304,0.6824,0.7967,0.8842,0.6331,0.4223,0.4156,0.586,0.577,0.4425,0.6039,0.4783,0.6241,0.5523,0.6151,0.6375,0.7295,0.3797,0.6151,0.66,0.429,0.7497,0.5008,0.4649,0.5097,0.4963,0.3842,0.5097,0.4851,0.42,0.642,1.4449,1.6217,0.6263,0.4021,0.6129,0.6062,0.651,0.6532,0.5277,0.4357
3/12/2022,31.1551,0.7571,0.7062,0.7247,0.9748,1.3082,0.9632,0.8706,0.9609,0.9076,0.5256,1.0512,0.6946,0.47,0.5348,0.6969,0.6923,0.5256,0.7479,0.5742,0.6182,0.4283,0.4121,0.4769,0.7895,0.4978,0.6506,0.6853,0.4028,0.6691,0.5186,0.3959,0.3635,0.4908,0.4978,0.3913,0.4955,0.5325,0.646,1.0167,1.1343,0.4515,0.4677,0.5719,0.7015,0.5302,0.4214,0.6275,0.5835
3/11/2022,21.3528,0.4898,0.3937,0.4484,0.6901,0.8023,0.6006,0.63,0.5953,0.4497,0.3923,0.4003,0.4324,0.3857,0.415,0.403,0.4164,0.415,0.4511,0.4471,0.4671,0.4017,0.4431,0.3803,0.5125,0.4084,0.3162,0.4377,0.3242,0.5539,0.4043,0.2628,0.2922,0.2708,0.2708,0.3763,0.3456,0.395,0.4791,0.6687,0.7382,0.4097,0.5365,0.3456,0.4845,0.367,0.3322,0.4311,0.4391
3/10/2022,18.4249,0.4335,0.3501,0.3793,0.4513,0.4075,0.3741,0.4294,0.5472,0.3095,0.5107,0.4659,0.3397,0.3262,0.3408,0.3825,0.3147,0.3199,0.2991,0.3522,0.3626,0.395,0.3282,0.3241,0.4096,0.3116,0.395,0.2772,0.3064,0.4909,0.3064,0.3251,0.248,0.3324,0.3282,0.3116,0.347,0.3856,0.3053,0.8594,0.9552,0.4043,0.3762,0.2897,0.2699,0.3772,0.3105,0.3689,0.3898
3/9/2022,24.2812,0.5672,0.3979,0.419,0.6225,0.5118,0.5476,0.5428,0.8,0.3539,0.5574,0.4923,0.5118,0.3588,0.5053,0.5476,0.362,0.4207,0.4255,0.4809,0.4728,0.4825,0.5314,0.4988,0.3832,0.3132,0.3604,0.3425,0.3523,0.686,0.4597,0.3881,0.4288,0.4027,0.4239,0.3588,0.4402,0.3458,0.4255,1.4474,1.6245,0.5998,0.4695,0.3881,0.3181,0.4874,0.4158,0.5151,0.4939
3/8/2022,26.7217,0.4774,0.6403,0.659,0.7695,0.8126,0.7639,0.9773,0.5186,0.4157,0.4494,0.4774,0.382,0.4831,0.3988,0.5954,0.5411,0.4381,0.498,0.5486,0.4269,0.4288,0.5055,0.4363,0.4906,0.3969,0.3782,0.6235,0.3988,0.425,0.498,0.3483,0.4232,0.3052,0.367,0.3595,0.4887,0.5579,0.4962,1.796,2.0214,0.4063,0.3726,0.4269,0.5037,0.4269,0.4906,0.5823,0.4943
3/7/2022,31.8462,0.5029,0.6126,0.7271,0.7867,1.0394,0.6507,0.6722,1.0132,0.5625,0.7819,0.8201,0.5768,0.5458,0.4337,0.7008,0.708,0.7175,0.7485,0.7056,0.6651,0.4361,0.5721,0.5148,0.5673,0.3884,0.6722,0.6984,0.4671,0.5697,0.5077,0.5363,0.4337,0.336,0.5458,0.3932,0.5554,0.7366,0.5792,1.5395,1.7293,0.7533,0.522,0.6269,0.5601,0.6555,0.8153,0.5482,0.615
3/6/2022,30.8707,0.56,0.5326,0.4434,0.8413,1.0495,1.1043,1.1112,0.6401,0.6721,0.9191,0.5738,0.5463,0.4503,0.5029,0.6927,0.5875,0.5898,0.4503,0.6767,0.6172,0.432,0.5463,0.4686,0.5509,0.4663,0.4503,0.9054,0.48,0.5692,0.6103,0.3702,0.5463,0.3451,0.432,0.3611,0.4686,0.4548,0.6904,1.7047,1.9174,0.432,0.5143,0.5829,0.6424,0.6035,0.5943,0.6103,0.56
3/5/2022,25.5011,0.641,0.5517,0.5517,0.802,0.7897,0.8807,0.7302,0.6287,0.7162,0.6042,0.4659,0.4624,0.3732,0.4747,0.4607,0.4134,0.571,0.4537,0.4589,0.5097,0.4817,0.5219,0.5044,0.5167,0.4379,0.5009,0.6847,0.3644,0.5429,0.4659,0.3977,0.4414,0.2962,0.3574,0.3907,0.3977,0.5745,0.3644,0.8877,0.9875,0.5955,0.6602,0.4887,0.3469,0.4957,0.3679,0.4922,0.3977
3/4/2022,26.0303,0.6661,0.4209,0.3722,0.8735,0.6913,0.8212,0.5669,0.8248,0.5543,0.5038,0.6445,0.3812,0.457,0.4299,0.4263,0.4173,0.5471,0.383,0.5615,0.511,0.484,0.4786,0.6282,0.5742,0.338,0.5183,0.5543,0.4245,0.5165,0.4552,0.3668,0.4191,0.3055,0.4407,0.374,0.4065,0.5092,0.3866,1.3859,1.5546,0.3957,0.6877,0.4461,0.5417,0.5381,0.4173,0.475,0.3542
3/3/2022,25.745,0.5269,0.4346,0.5056,0.7771,0.7398,0.5287,0.4914,0.8516,0.4258,0.7221,0.8516,0.6671,0.4754,0.5482,0.4346,0.5198,0.4435,0.3991,0.5411,0.4843,0.4932,0.4009,0.4896,0.4204,0.3974,0.5535,0.5872,0.3849,0.6369,0.5411,0.4151,0.337,0.4275,0.337,0.392,0.4488,0.5801,0.3991,1.097,1.2256,0.605,0.5926,0.424,0.392,0.4861,0.4275,0.4133,0.4719
3/2/2022,24.729,0.5682,0.5748,0.3691,0.7271,0.5548,0.5481,0.8676,0.5765,0.4628,0.3959,0.6585,0.4695,0.5012,0.4661,0.5498,0.3691,0.5481,0.5698,0.4159,0.5314,0.3657,0.3256,0.6117,0.4962,0.3289,0.4845,0.6702,0.3674,0.523,0.4393,0.334,0.4193,0.4025,0.3674,0.3273,0.3892,0.3607,0.5615,1.1634,1.3012,0.513,0.5615,0.5464,0.3975,0.4076,0.441,0.4711,0.4276
3/1/2022,24.5663,0.5162,0.5858,0.604,0.6835,0.9519,0.7465,0.7647,0.773,0.7283,0.5344,0.599,0.6173,0.4102,0.4698,0.4152,0.4715,0.4466,0.4483,0.5427,0.5063,0.4002,0.5477,0.4251,0.5344,0.339,0.3555,0.387,0.3323,0.4649,0.5063,0.3108,0.3307,0.2975,0.4036,0.382,0.3986,0.5212,0.4301,0.623,0.6861,0.4185,0.5659,0.5742,0.4102,0.5676,0.5411,0.4996,0.498
2/28/2022,30.2602,0.6364,0.6208,0.5406,0.8612,0.8923,1.0215,0.8167,0.8189,0.7477,0.8011,0.9391,0.4805,0.6275,0.6341,0.5651,0.6965,0.4672,0.5228,0.6408,0.6119,0.4382,0.6742,0.7165,0.5985,0.3959,0.5874,0.5495,0.4627,0.8901,0.5562,0.3403,0.3336,0.4828,0.4716,0.4627,0.5206,0.6208,0.6898,0.6841,0.7556,0.672,0.7499,0.6074,0.6876,0.574,0.7677,0.5807,0.4471
2/27/2022,22.4102,0.4938,0.39,0.563,0.55,0.746,0.6754,0.5197,0.7431,0.4419,0.4419,0.7171,0.5111,0.465,0.4736,0.3828,0.5068,0.4131,0.4073,0.452,0.4088,0.3742,0.3756,0.4923,0.3641,0.3756,0.3497,0.4246,0.3194,0.524,0.452,0.4001,0.3554,0.3612,0.3367,0.3165,0.3641,0.4044,0.4116,0.8217,0.9123,0.5572,0.3799,0.4145,0.3554,0.4563,0.3367,0.4405,0.4318
2/26/2022,23.468,0.4791,0.4575,0.4698,0.7266,0.5719,0.7684,0.6307,0.7684,0.6462,0.6075,0.6725,0.4559,0.3554,0.377,0.4838,0.4575,0.4698,0.4977,0.4683,0.3925,0.4621,0.3538,0.5162,0.3724,0.394,0.3925,0.3306,0.3832,0.3786,0.4652,0.3569,0.3956,0.3152,0.3368,0.3353,0.394,0.5472,0.4652,0.8763,0.9744,0.5333,0.507,0.4343,0.4451,0.4265,0.4915,0.3677,0.4606
2/25/2022,20.8244,0.3795,0.4962,0.4475,0.5501,0.6745,0.6399,0.4398,0.4334,0.5501,0.4898,0.4706,0.3629,0.3975,0.3462,0.3283,0.4552,0.3603,0.4296,0.4373,0.3577,0.3129,0.4514,0.5219,0.4514,0.3475,0.3706,0.3052,0.3257,0.5386,0.4052,0.2898,0.2872,0.2654,0.318,0.3129,0.3334,0.4578,0.4078,0.8408,0.934,0.4744,0.4206,0.486,0.309,0.3795,0.4283,0.4257,0.377
2/24/2022,22.5731,0.3692,0.3998,0.4159,0.5907,0.8254,0.5631,0.6505,0.5529,0.5791,0.4785,0.4217,0.5062,0.3619,0.4465,0.3561,0.3896,0.3998,0.4654,0.4319,0.4465,0.343,0.3182,0.5208,0.327,0.3867,0.4873,0.5179,0.3532,0.3853,0.3605,0.3386,0.3051,0.3299,0.3328,0.3867,0.3707,0.48,0.3386,1.3655,1.5313,0.3896,0.4363,0.429,0.3299,0.4144,0.3561,0.4246,0.3634
2/23/2022,26.3148,0.4835,0.5165,0.5824,0.5788,1.0549,0.6245,0.9451,0.5238,0.5494,0.6429,0.7106,0.5934,0.4835,0.5586,0.4469,0.4011,0.5824,0.4011,0.5861,0.4341,0.3755,0.4542,0.467,0.4799,0.4103,0.4139,0.5659,0.3956,0.4231,0.5421,0.3315,0.4652,0.3571,0.3077,0.3626,0.4707,0.3993,0.478,1.2356,1.3834,0.4853,0.6831,0.6081,0.5788,0.5201,0.4212,0.6007,0.3993
2/22/2022,21.0272,0.4806,0.465,0.4715,0.5966,0.4689,0.6461,0.6422,0.6383,0.3269,0.3907,0.4207,0.3907,0.3477,0.4103,0.4259,0.4259,0.3504,0.3868,0.3816,0.478,0.3165,0.4598,0.3295,0.3412,0.2982,0.3035,0.3946,0.3464,0.5497,0.3829,0.3543,0.3399,0.293,0.3347,0.293,0.3946,0.409,0.3764,1.0458,1.1674,0.4911,0.3464,0.3334,0.31,0.4455,0.3595,0.4715,0.3946
2/21/2022,21.4342,0.5294,0.3695,0.5025,0.5549,0.7228,0.61,0.6839,0.7161,0.473,0.528,0.5334,0.5415,0.3816,0.387,0.3736,0.4152,0.3413,0.4165,0.3964,0.4595,0.3695,0.3682,0.5119,0.4582,0.3118,0.3077,0.4259,0.3373,0.606,0.3642,0.3856,0.3319,0.297,0.2809,0.3561,0.3507,0.4327,0.4515,0.7202,0.7967,0.4542,0.3937,0.3252,0.3265,0.3346,0.3709,0.4877,0.3413
2/20/2022,26.8028,0.4675,0.5822,0.4036,0.7834,0.8755,0.8849,0.7007,0.7853,0.5897,0.4581,0.4092,0.6104,0.3885,0.5446,0.4374,0.5014,0.4581,0.6367,0.6217,0.5728,0.5822,0.3979,0.3942,0.633,0.3923,0.5371,0.6762,0.3942,0.8022,0.5559,0.3566,0.3114,0.3096,0.3848,0.4036,0.4638,0.4055,0.5427,1.002,1.1176,0.6612,0.6537,0.475,0.5427,0.5672,0.6085,0.5578,0.3622
2/19/2022,31.4802,0.5071,0.7701,0.439,0.8852,1.1975,0.7138,0.7959,0.7701,0.7325,0.5259,1.0894,0.6551,0.533,0.6457,0.5424,0.6222,0.5494,0.7325,0.7302,0.6785,0.5377,0.6198,0.5752,0.7091,0.4273,0.6457,0.749,0.4226,0.4977,0.5799,0.5048,0.4015,0.4649,0.439,0.5447,0.5001,0.479,0.5353,1.3306,1.4916,0.7936,0.6879,0.5752,0.6832,0.5611,0.702,0.439,0.4672
2/18/2022,15.9842,0.2904,0.2864,0.2625,0.4773,0.4381,0.3743,0.4781,0.3862,0.395,0.3719,0.3551,0.2872,0.2848,0.3256,0.3264,0.3447,0.3311,0.3607,0.2776,0.308,0.3136,0.3128,0.3806,0.3455,0.312,0.288,0.3623,0.2673,0.4254,0.2992,0.2641,0.2401,0.2337,0.2481,0.2377,0.2721,0.3575,0.3415,0.4896,0.5343,0.3846,0.3136,0.2944,0.3,0.3072,0.2713,0.3495,0.2768
2/17/2022,16.2284,0.3847,0.3748,0.3518,0.3979,0.5871,0.4012,0.5188,0.3979,0.2654,0.3872,0.3222,0.258,0.3255,0.2827,0.2703,0.2712,0.3304,0.3674,0.295,0.2876,0.3041,0.3148,0.3107,0.2786,0.3156,0.2901,0.3214,0.2703,0.4045,0.3082,0.2843,0.2662,0.2753,0.2333,0.2983,0.2712,0.2671,0.3345,0.5172,0.5657,0.2819,0.3987,0.3584,0.3263,0.3329,0.3699,0.3304,0.3214
2/16/2022,22.6544,0.3718,0.3865,0.5623,0.7426,0.8115,0.7484,0.5272,0.5506,0.4011,0.6224,0.6297,0.3997,0.3806,0.4642,0.4979,0.448,0.344,0.5345,0.4275,0.4759,0.3337,0.4129,0.4656,0.4612,0.3938,0.3498,0.5975,0.3249,0.6063,0.385,0.3015,0.4114,0.3733,0.3909,0.2942,0.4041,0.4143,0.511,0.7465,0.8266,0.3865,0.5829,0.4554,0.3557,0.3938,0.3572,0.4099,0.3821
2/15/2022,30.0566,0.4821,0.5593,0.4777,0.7666,0.9012,0.9342,0.8482,0.6056,0.8791,0.7379,0.9298,0.6078,0.5416,0.6078,0.4711,0.546,0.6916,0.5482,0.5218,0.6343,0.4181,0.7026,0.6872,0.6034,0.3894,0.5813,0.5835,0.4688,0.4688,0.6056,0.385,0.438,0.4181,0.3387,0.3497,0.4755,0.6034,0.5284,1.3292,1.49,0.5505,0.4402,0.6431,0.6431,0.5946,0.7115,0.696,0.621
2/14/2022,39.1674,0.9272,0.6747,1.0113,1.4102,1.3012,1.0082,0.7027,1.2326,1.0082,0.7931,1.1297,1.0425,0.575,0.5812,0.5968,0.7152,0.7277,0.7775,0.871,0.8149,0.5251,0.6934,0.5687,0.5407,0.4939,0.7152,0.7807,0.5376,0.8679,0.7495,0.497,0.5812,0.6466,0.5905,0.6186,0.6279,0.8617,0.6716,2.0659,2.3286,1.0051,0.6903,0.5843,0.5313,0.8243,0.575,0.5937,0.5002
2/13/2022,29.04,0.5601,0.6821,0.72,1.0041,1.0251,0.7347,0.9578,0.7411,0.8315,0.76,0.7495,0.6674,0.5706,0.4065,0.5748,0.6653,0.6674,0.6022,0.6716,0.4823,0.4297,0.5896,0.4549,0.68,0.5096,0.457,0.7495,0.4191,0.6127,0.6064,0.4191,0.3834,0.4802,0.375,0.4991,0.537,0.4844,0.3918,0.9066,1.0089,0.4107,0.4297,0.4781,0.5791,0.4507,0.6401,0.4781,0.5054
2/12/2022,24.7692,0.5691,0.5691,0.4819,0.6664,0.9632,0.7351,0.8609,0.8475,0.7637,0.6194,0.5742,0.3813,0.5054,0.492,0.4685,0.4266,0.4232,0.3981,0.4517,0.5389,0.4014,0.5071,0.4115,0.4132,0.4819,0.4383,0.6144,0.3729,0.4819,0.5222,0.3495,0.336,0.3478,0.378,0.3897,0.383,0.549,0.4601,0.7525,0.8335,0.3914,0.4635,0.5507,0.4132,0.4568,0.5088,0.4719,0.3528
2/11/2022,27.5348,0.4402,0.5847,0.7097,0.7605,0.7625,0.6668,0.7898,0.8191,0.4734,0.7117,0.7039,0.5906,0.487,0.4499,0.4265,0.571,0.4343,0.6296,0.6277,0.6316,0.5535,0.5339,0.4304,0.4128,0.4167,0.5261,0.4558,0.3757,0.823,0.5144,0.4831,0.4109,0.3679,0.4245,0.4616,0.5007,0.4519,0.5632,1.1058,1.2357,0.5066,0.6003,0.3855,0.5574,0.4909,0.5398,0.5417,0.5945
2/10/2022,23.0614,0.4348,0.4197,0.4694,0.614,0.6245,0.5327,0.7872,0.6878,0.4317,0.6757,0.6607,0.5492,0.3384,0.4076,0.3926,0.4905,0.489,0.4152,0.4965,0.4227,0.507,0.3278,0.4498,0.4498,0.3911,0.3851,0.3941,0.3685,0.4438,0.4513,0.3263,0.367,0.3128,0.3926,0.3173,0.3715,0.3881,0.3851,1.0711,1.1961,0.3429,0.5357,0.4814,0.373,0.4513,0.4905,0.4227,0.3278
2/9/2022,25.095,0.3872,0.5222,0.5581,0.6727,1.0146,0.5479,0.606,0.7701,0.5291,0.724,0.3992,0.3701,0.4573,0.4436,0.4248,0.4299,0.4966,0.4385,0.4624,0.4949,0.3701,0.5308,0.394,0.6077,0.4641,0.3462,0.3684,0.3974,0.5462,0.4453,0.4265,0.3308,0.4197,0.3479,0.3855,0.4299,0.4949,0.3889,1.2875,1.4425,0.4145,0.4573,0.5445,0.5479,0.5923,0.3786,0.4573,0.5291
2/8/2022,24.2405,0.394,0.4704,0.4249,0.8277,0.6019,0.5288,0.6636,0.6117,0.5743,0.61,0.4054,0.5288,0.4655,0.4103,0.42,0.4298,0.3729,0.5418,0.5305,0.4005,0.394,0.472,0.4233,0.485,0.3518,0.407,0.5191,0.3908,0.5954,0.459,0.3778,0.3632,0.3551,0.3323,0.3745,0.433,0.5727,0.4574,1.1449,1.2802,0.4622,0.6344,0.4915,0.407,0.5028,0.3794,0.524,0.4379
2/7/2022,30.7481,0.4783,0.5329,0.4351,0.8377,1.2495,0.6444,0.6467,0.5989,0.8491,0.7809,1.0629,0.8036,0.5215,0.6012,0.583,0.5807,0.6285,0.6239,0.4988,0.6785,0.4806,0.699,0.5852,0.4396,0.451,0.5011,0.8104,0.4123,0.6398,0.5124,0.3623,0.4897,0.4442,0.4578,0.4146,0.5329,0.4396,0.5284,1.688,1.8984,0.699,0.4624,0.4851,0.6762,0.5056,0.4715,0.5511,0.4738
2/6/2022,35.019,0.8286,0.7179,0.5638,1.0259,1.3933,0.6746,0.6557,0.9556,0.6098,1.0313,0.526,0.7206,0.4828,0.4882,0.5071,0.7476,0.6962,0.6962,0.6017,0.7503,0.4828,0.4531,0.4936,0.5476,0.6422,0.6611,0.4666,0.4774,0.9961,0.6395,0.3774,0.5774,0.5449,0.4233,0.4125,0.5774,0.5719,0.6071,2.4108,2.7211,0.8638,0.4423,0.7314,0.4206,0.7692,0.7368,0.6557,0.6422
2/5/2022,34.2458,0.6155,0.6863,0.8963,1.1404,1.4947,1.0354,0.6548,0.8254,0.9777,1.0039,0.8097,0.8569,0.6207,0.6024,0.7546,0.7703,0.7178,0.6443,0.5341,0.7861,0.6942,0.6181,0.5105,0.7782,0.6837,0.5866,0.6706,0.5315,0.6207,0.5814,0.4239,0.5052,0.416,0.4239,0.4764,0.6076,0.7047,0.4895,1.4579,1.6365,0.5026,0.5709,0.4449,0.6653,0.5525,0.5367,0.5052,0.6233
2/4/2022,22.6546,0.5491,0.4876,0.4261,0.6957,0.8818,0.5946,0.6224,0.7426,0.3498,0.5506,0.3938,0.429,0.4612,0.4671,0.451,0.4202,0.4099,0.448,0.5037,0.5125,0.3425,0.3733,0.5242,0.5316,0.4422,0.385,0.492,0.3704,0.4261,0.3704,0.3249,0.2766,0.3469,0.366,0.2898,0.4114,0.3879,0.366,0.8684,0.9655,0.4759,0.3235,0.4979,0.4011,0.4041,0.5096,0.3381,0.4466
2/3/2022,31.8461,0.7318,0.7032,0.5887,0.9965,1.3709,1.0871,0.9584,0.8606,0.7414,0.987,0.8558,0.77,0.5363,0.5172,0.677,0.5673,0.5697,0.5697,0.6865,0.7461,0.5124,0.7104,0.5172,0.6627,0.5291,0.5458,0.5625,0.4099,0.646,0.4814,0.4194,0.4719,0.3813,0.4337,0.491,0.5411,0.4814,0.6865,0.8547,0.9499,0.6579,0.5005,0.46,0.6817,0.7127,0.6269,0.7366,0.6603
2/2/2022,27.9418,0.6054,0.6951,0.4778,0.8387,1.1159,0.5874,0.6373,0.5456,0.6233,0.5874,0.5216,0.5535,0.4638,0.5695,0.4837,0.5675,0.4419,0.5017,0.4937,0.5236,0.5635,0.5176,0.5156,0.5914,0.3461,0.4459,0.6832,0.408,0.8028,0.5456,0.3242,0.4538,0.4618,0.3701,0.3481,0.4698,0.4179,0.4439,1.6691,1.8769,0.5416,0.5755,0.3741,0.3581,0.4319,0.5137,0.4698,0.5874
2/1/2022,31.7648,0.4566,0.6063,0.7798,0.7917,0.8131,1.0864,0.5707,0.8725,0.6824,0.7632,0.8059,0.5944,0.5588,0.5517,0.5778,0.497,0.5445,0.718,0.6491,0.5231,0.6348,0.3948,0.6943,0.5944,0.5968,0.661,0.5493,0.4281,0.7655,0.5445,0.4851,0.4091,0.352,0.5279,0.5231,0.5659,0.7085,0.4922,2.0038,2.2579,0.5255,0.4518,0.5303,0.4423,0.6729,0.4732,0.5921,0.4447
1/31/2022,4.3925,0.1122,0.0804,0.1183,0.0292,0.0292,0.0559,0.0819,0.061,0.0404,0.1108,0.0375,0.0703,0.1201,0.0906,0.1118,0.1219,0.1133,0.0794,0.1086,0.096,0.1126,0.0909,0.1241,0.0848,0.1151,0.0967,0.1212,0.1237,0.1064,0.1115,0.1403,0.1306,0.1324,0.1176,0.1356,0.1075,0.0924,0.0859,-0.042,-0.0709,0.1248,0.1025,0.1151,0.0808,0.1111,0.0786,0.1089,0.0855
1/30/2022,31.8465,0.7771,0.5721,0.6269,1.0013,0.9846,0.8582,0.6555,0.8582,0.5029,0.8415,1.0228,0.8272,0.6412,0.4433,0.4743,0.522,0.4647,0.4886,0.5792,0.7032,0.4814,0.5196,0.6197,0.4481,0.6603,0.6221,0.9464,0.4123,0.8606,0.6531,0.4624,0.491,0.3813,0.4528,0.5029,0.5649,0.5029,0.6746,1.477,1.6583,0.5554,0.4791,0.4624,0.677,0.6651,0.7533,0.5315,0.4862
1/29/2022,30.2601,0.6319,0.5228,0.7766,1.0749,0.8679,1.0036,0.5429,1.0771,0.534,0.4961,0.7165,0.5763,0.6096,0.5028,0.5718,0.5852,0.5763,0.6497,0.4894,0.5584,0.4961,0.6119,0.7276,0.6141,0.4828,0.5718,0.4805,0.436,0.8389,0.465,0.4138,0.3603,0.465,0.4939,0.4716,0.456,0.7098,0.6675,1.3201,1.4796,0.6542,0.4627,0.6386,0.4983,0.5718,0.4828,0.5874,0.4382
1/28/2022,33.0664,0.8485,0.6329,0.8635,1.054,1.1794,0.6304,0.9487,0.673,0.5076,0.658,0.495,0.5126,0.4549,0.5176,0.4825,0.7357,0.4725,0.7808,0.6028,0.7206,0.658,0.5552,0.4925,0.6304,0.4599,0.7131,0.9838,0.4524,0.7758,0.6279,0.485,0.5778,0.4449,0.3622,0.5326,0.5953,0.5853,0.7457,1.7363,1.9534,0.5377,0.7206,0.5677,0.5978,0.6053,0.7808,0.5026,0.6154
1/27/2022,30.8296,0.5502,0.7169,0.621,1.0456,1.0913,1.0547,0.742,1.0045,0.863,0.5045,0.5913,0.678,0.5091,0.4269,0.4475,0.5776,0.4954,0.7306,0.6004,0.6529,0.5365,0.4863,0.6187,0.6507,0.5365,0.4771,0.4954,0.4566,0.484,0.5023,0.4452,0.5456,0.4475,0.4429,0.4543,0.4886,0.7077,0.6255,1.3155,1.4743,0.5297,0.6484,0.605,0.6666,0.5068,0.5708,0.678,0.5297
1/26/2022,30.9515,0.6096,0.5591,0.6096,0.7657,0.7359,1.126,1.1054,1.0618,0.4788,0.6968,0.6418,0.4352,0.4811,0.6441,0.5316,0.5339,0.4467,0.6877,0.6555,0.6739,0.4742,0.4145,0.6349,0.7749,0.6142,0.4536,0.5247,0.3985,0.7106,0.6395,0.4122,0.3801,0.4627,0.3595,0.5293,0.4857,0.729,0.4077,1.5298,1.7184,0.5637,0.5201,0.7198,0.4237,0.7405,0.7932,0.628,0.4283
1/25/2022,31.8465,0.4791,0.6961,0.6627,0.6961,0.894,0.832,0.77,0.9321,0.4314,0.4981,0.7151,0.7914,0.5649,0.5697,0.7175,0.6817,0.6412,0.5911,0.5291,0.6961,0.4576,0.5577,0.5506,0.4147,0.3789,0.4457,0.6412,0.4981,0.6531,0.5387,0.3551,0.4433,0.5053,0.367,0.5172,0.5315,0.646,0.4266,2.1015,2.3691,0.6054,0.6579,0.5864,0.6126,0.6317,0.6937,0.6794,0.5911
1/24/2022,38.72,0.8763,0.7319,0.5599,0.8671,1.6566,1.1589,1.3279,1.3279,1.0207,0.9009,1.2634,0.6213,0.5138,0.566,0.6705,0.8609,0.7381,0.7903,0.8118,0.7012,0.5691,0.7626,0.8671,0.8364,0.778,0.5752,1.1589,0.5199,0.5722,0.7288,0.3725,0.4094,0.5568,0.437,0.4216,0.6244,0.7596,0.4954,1.7398,1.9574,0.8548,1.0053,0.5445,0.7073,0.5875,0.5384,0.7534,0.6213
1/23/2022,34.7342,0.5891,0.5891,0.6345,0.8511,1.3109,1.0596,1.1184,1.0248,0.5597,0.8297,0.5383,0.6211,0.5276,0.6639,0.7254,0.7308,0.688,0.6399,0.696,0.565,0.5035,0.4634,0.8992,0.8136,0.4688,0.4901,0.5436,0.4554,1.0168,0.7147,0.4821,0.418,0.5276,0.5356,0.5329,0.6265,0.6907,0.5303,1.8658,2.1007,0.7388,0.7922,0.6933,0.6666,0.5008,0.5035,0.4821,0.7147
1/22/2022,29.8938,0.5564,0.4863,0.5038,0.9636,0.8914,0.6965,0.806,1.0293,0.6024,0.8717,0.7775,0.5235,0.4776,0.6264,0.5783,0.5498,0.6812,0.4841,0.6045,0.6702,0.6483,0.4885,0.7819,0.6527,0.5257,0.4622,0.633,0.4403,0.6396,0.6002,0.3812,0.355,0.46,0.3747,0.4316,0.4973,0.4688,0.6505,1.1414,1.2762,0.7118,0.5498,0.5805,0.4403,0.5542,0.7337,0.4491,0.5848
1/21/2022,30.4636,0.6901,0.7238,0.7148,0.9709,0.7575,0.5957,0.9237,0.863,0.9192,0.6092,0.8496,0.4789,0.4969,0.5306,0.6272,0.6496,0.4542,0.6204,0.5912,0.6204,0.4609,0.6901,0.7103,0.6743,0.3958,0.4183,0.6788,0.416,0.6541,0.4991,0.5193,0.4003,0.3688,0.3711,0.3531,0.5396,0.5845,0.7103,1.2834,1.4378,0.6766,0.4452,0.5261,0.6227,0.6631,0.5755,0.434,0.6676
1/20/2022,24.8103,0.5987,0.4188,0.5953,0.7113,0.7197,0.6273,0.4978,0.8441,0.5281,0.4777,0.8038,0.5012,0.4037,0.4205,0.4877,0.5718,0.5281,0.5331,0.523,0.518,0.4323,0.4491,0.5281,0.5533,0.3449,0.4978,0.6458,0.3516,0.676,0.5029,0.3499,0.3902,0.3079,0.3684,0.3348,0.4121,0.5651,0.4121,0.7516,0.8324,0.5331,0.4222,0.4289,0.4003,0.4726,0.4877,0.5399,0.5096
1/19/2022,31.7246,0.5439,0.5534,0.793,0.9116,1.3126,0.6459,1.1204,1.1275,0.7242,0.9496,1.0326,0.793,0.5937,0.5391,0.589,0.5178,0.6957,0.6435,0.6293,0.5012,0.589,0.4276,0.691,0.7242,0.3826,0.4324,0.8547,0.4585,0.7574,0.5463,0.4371,0.5557,0.5083,0.366,0.449,0.57,0.6933,0.5107,0.7225,0.7994,0.6459,0.8072,0.4822,0.6696,0.7313,0.6791,0.5463,0.4703
1/18/2022,37.1336,0.6299,0.9504,0.8804,0.9678,1.6234,1.1543,1.1718,1.0115,0.8455,0.694,0.7756,0.5571,0.7056,0.6037,0.8105,0.7464,0.8251,0.5279,0.793,0.6765,0.793,0.5308,0.9708,0.6794,0.6969,0.7202,1.0115,0.5046,1.0698,0.6241,0.4667,0.627,0.4376,0.6008,0.5163,0.5425,0.5046,0.592,1.3425,1.5051,0.5454,0.93,0.4493,0.8484,0.8571,0.6182,0.726,0.4726
1/17/2022,30.9112,0.5951,0.5149,0.7853,1.0716,1.2756,0.8425,0.5997,0.8357,0.6066,0.7509,0.838,0.4783,0.476,0.437,0.4508,0.7188,0.437,0.4531,0.7234,0.5126,0.5676,0.437,0.4622,0.7097,0.5012,0.6043,0.4989,0.4301,0.9319,0.5241,0.5035,0.3431,0.4439,0.5264,0.3797,0.4645,0.6455,0.492,1.6763,1.8851,0.4714,0.6936,0.547,0.5722,0.5539,0.7371,0.5103,0.3958
1/16/2022,31.9682,0.483,0.7203,0.6077,0.7587,1.0295,0.6388,1.0056,0.8881,0.6245,0.658,1.0151,0.7275,0.4567,0.6053,0.4998,0.6628,0.6508,0.694,0.7347,0.6868,0.6532,0.7491,0.6269,0.8066,0.4998,0.694,0.4807,0.4183,0.7299,0.5981,0.4255,0.3512,0.4974,0.4735,0.3608,0.5837,0.4543,0.4878,1.4658,1.6455,0.6604,0.4663,0.7275,0.5813,0.6197,0.4471,0.694,0.6221
1/15/2022,29.081,0.6199,0.6115,0.4639,0.8096,0.7443,0.9319,0.5461,0.953,0.8539,0.6684,0.8771,0.681,0.4787,0.4007,0.4766,0.426,0.582,0.4766,0.5018,0.6853,0.5314,0.5904,0.719,0.3796,0.504,0.5524,0.4133,0.4196,0.6304,0.4934,0.4997,0.3522,0.4913,0.3859,0.4217,0.4576,0.641,0.5609,1.3448,1.5077,0.5524,0.6937,0.4744,0.5546,0.6073,0.4997,0.4323,0.582
1/14/2022,27.25,0.5324,0.6576,0.4554,0.9232,0.9271,0.5324,0.8847,0.9444,0.6518,0.6441,0.7634,0.6864,0.4265,0.4169,0.4843,0.4747,0.4111,0.4824,0.4939,0.4535,0.5189,0.5324,0.5825,0.5478,0.3669,0.4419,0.3726,0.3957,0.5844,0.4535,0.3592,0.3842,0.3341,0.44,0.4496,0.44,0.415,0.3977,1.5549,1.7469,0.3938,0.415,0.4997,0.4727,0.4169,0.465,0.5517,0.4708
1/13/2022,26.7219,0.5448,0.5542,0.4157,0.8032,0.8144,0.8294,0.6497,0.5355,0.5673,0.5074,0.6871,0.513,0.498,0.5411,0.4157,0.3951,0.6179,0.4344,0.4306,0.4756,0.5879,0.5898,0.601,0.5842,0.5037,0.4569,0.3689,0.4232,0.7171,0.5617,0.47,0.3445,0.4175,0.3932,0.3389,0.4175,0.4906,0.5561,1.1271,1.26,0.5954,0.5374,0.5037,0.5673,0.6197,0.5598,0.4007,0.498
1/12/2022,27.8602,0.6254,0.6254,0.6215,0.7843,1.0008,0.7049,0.9313,0.5877,0.826,0.6711,0.6532,0.5182,0.5162,0.5539,0.4427,0.5818,0.4507,0.4467,0.4566,0.5043,0.4169,0.3692,0.6354,0.6294,0.3514,0.4308,0.5083,0.4507,0.4586,0.546,0.2977,0.3752,0.4507,0.4348,0.3434,0.4924,0.5837,0.6115,1.3082,1.466,0.7049,0.4129,0.3931,0.5301,0.5798,0.5857,0.5917,0.399
1/11/2022,22.5324,0.5154,0.4588,0.3338,0.4849,0.5154,0.5387,0.4021,0.4326,0.3352,0.5111,0.4995,0.389,0.3469,0.3381,0.4355,0.4079,0.4806,0.389,0.4602,0.4413,0.3585,0.3062,0.5082,0.3512,0.3047,0.45,0.4835,0.3193,0.6215,0.4181,0.3556,0.3512,0.3963,0.389,0.312,0.3585,0.3585,0.3222,1.5517,1.7433,0.5489,0.4341,0.4806,0.3512,0.4791,0.3527,0.4181,0.4922
1/10/2022,18.2619,0.299,0.4448,0.375,0.4017,0.4489,0.4027,0.5084,0.5884,0.4899,0.4981,0.3688,0.2939,0.3699,0.374,0.3976,0.3945,0.3575,0.3822,0.3257,0.4181,0.3822,0.2703,0.4283,0.3935,0.3093,0.299,0.3893,0.2754,0.3185,0.3083,0.3329,0.2826,0.2919,0.3237,0.3052,0.3319,0.3134,0.3329,0.5683,0.6239,0.3001,0.4345,0.3668,0.3893,0.4212,0.4242,0.4017,0.3042
1/9/2022,18.5059,0.2959,0.3337,0.4262,0.568,0.5491,0.4524,0.6069,0.4987,0.3946,0.402,0.5155,0.3201,0.2833,0.2822,0.3022,0.3516,0.3074,0.3988,0.3558,0.4251,0.3925,0.3904,0.4566,0.3074,0.3526,0.2906,0.3516,0.3053,0.4987,0.3589,0.2686,0.2633,0.277,0.3201,0.2696,0.3032,0.3053,0.4146,0.6187,0.6812,0.3032,0.443,0.4073,0.3474,0.4115,0.4293,0.3894,0.2791
1/8/2022,21.0274,0.4181,0.4663,0.3842,0.4741,0.5002,0.4194,0.6552,0.4455,0.3373,0.4415,0.5314,0.5132,0.3816,0.4012,0.3399,0.4702,0.379,0.4898,0.366,0.4793,0.3321,0.3946,0.4194,0.3504,0.4051,0.3973,0.4819,0.3048,0.3933,0.3399,0.3477,0.2943,0.3543,0.2852,0.3738,0.3764,0.4507,0.3295,1.0306,1.1501,0.4963,0.3152,0.4103,0.3256,0.465,0.4845,0.3842,0.4415
1/7/2022,29.2029,0.4359,0.6501,0.6777,0.9406,0.7667,0.9194,0.7582,0.6522,0.8133,0.6162,0.4529,0.472,0.4932,0.614,0.5822,0.419,0.5801,0.5165,0.5017,0.5865,0.4529,0.4126,0.472,0.6331,0.5229,0.4402,0.8727,0.4063,0.5229,0.5716,0.3087,0.3723,0.4317,0.4381,0.3723,0.4783,0.4953,0.6501,1.6491,1.8541,0.5526,0.5844,0.6777,0.402,0.6416,0.6056,0.5123,0.4211
1/6/2022,24.0375,0.4922,0.4185,0.38,0.6221,0.5179,0.5564,0.8306,0.6622,0.5564,0.4249,0.4682,0.5949,0.3511,0.5083,0.4569,0.5371,0.4906,0.5628,0.4425,0.4618,0.4874,0.3415,0.5035,0.5419,0.4778,0.5002,0.3575,0.38,0.4425,0.4217,0.4152,0.4185,0.4024,0.3463,0.3944,0.404,0.4714,0.412,1.1477,1.2833,0.3864,0.3319,0.3719,0.5067,0.4136,0.5836,0.489,0.4698
1/5/2022,23.4271,0.5277,0.4382,0.3595,0.6357,0.719,0.7915,0.5092,0.5693,0.6511,0.5817,0.4737,0.4968,0.4181,0.4798,0.4289,0.4876,0.4258,0.5431,0.4536,0.4829,0.466,0.3487,0.5307,0.5647,0.3209,0.3487,0.4428,0.3487,0.5986,0.4104,0.3718,0.2793,0.3826,0.3564,0.3549,0.4428,0.4305,0.395,0.9249,1.0298,0.4906,0.5909,0.4721,0.4984,0.3996,0.4505,0.3503,0.3533
1/4/2022,16.7976,0.4007,0.2995,0.3365,0.486,0.5423,0.4631,0.5239,0.3409,0.4631,0.3989,0.4763,0.289,0.2978,0.3224,0.3444,0.2784,0.3787,0.3329,0.3197,0.3127,0.3206,0.3022,0.318,0.3593,0.3083,0.3602,0.3857,0.2916,0.303,0.3329,0.2239,0.2793,0.2907,0.2555,0.2626,0.3127,0.3118,0.3523,0.4629,0.5039,0.3673,0.3804,0.2696,0.2978,0.3541,0.2784,0.3769,0.3285
1/3/2022,18.0992,0.4333,0.4303,0.3303,0.3989,0.5969,0.5444,0.4737,0.5151,0.4393,0.3575,0.4878,0.3384,0.299,0.3303,0.3474,0.407,0.3111,0.2939,0.3777,0.4131,0.2838,0.3828,0.3424,0.4343,0.3151,0.2858,0.3676,0.2697,0.4717,0.3161,0.2828,0.2747,0.3242,0.3242,0.2899,0.301,0.3616,0.3565,0.6248,0.6882,0.3858,0.2899,0.2717,0.3949,0.3899,0.306,0.298,0.3404
1/2/2022,20.4177,0.3914,0.4448,0.4908,0.6174,0.6336,0.4883,0.4485,0.3989,0.4846,0.4883,0.5479,0.5032,0.3703,0.384,0.3815,0.3591,0.4038,0.3244,0.4349,0.4399,0.307,0.4647,0.3989,0.3865,0.3927,0.3008,0.4225,0.3306,0.4063,0.3517,0.3653,0.3306,0.3405,0.2983,0.3616,0.3281,0.4026,0.3914,0.86,0.9559,0.3753,0.4026,0.4225,0.3157,0.4634,0.3132,0.3827,0.3107
1/1/2022,19.726,0.3472,0.3555,0.3437,0.5806,0.7682,0.4493,0.6674,0.4235,0.3472,0.3719,0.4071,0.4575,0.3754,0.4117,0.4012,0.3895,0.3437,0.3519,0.434,0.427,0.4141,0.3472,0.3402,0.3484,0.3191,0.3414,0.4199,0.3332,0.3918,0.393,0.2851,0.3086,0.325,0.2886,0.3015,0.3625,0.4328,0.4364,0.8291,0.9207,0.3789,0.366,0.3648,0.339,0.3508,0.4153,0.4211,0.298
12/31/2021,21.2926,0.3421,0.398,0.4272,0.6558,0.5202,0.5296,0.6199,0.4751,0.4073,0.5322,0.5296,0.4405,0.386,0.4059,0.3514,0.3501,0.4046,0.374,0.487,0.4923,0.3581,0.4591,0.4113,0.3342,0.4405,0.3873,0.3754,0.3568,0.4511,0.3913,0.2624,0.3568,0.2797,0.3076,0.3275,0.4006,0.4285,0.3209,1.1029,1.2323,0.3793,0.4671,0.3913,0.3594,0.4338,0.3833,0.4192,0.3461
12/30/2021,13.5536,0.2666,0.2561,0.2294,0.2966,0.3549,0.275,0.3749,0.3172,0.2511,0.3516,0.3094,0.2361,0.2522,0.26,0.2966,0.2988,0.2933,0.2694,0.2838,0.2988,0.2572,0.2716,0.3194,0.2211,0.2805,0.285,0.3349,0.2233,0.255,0.2783,0.2244,0.2111,0.225,0.2516,0.2361,0.2439,0.2666,0.2372,0.449,0.488,0.28,0.3061,0.2339,0.255,0.2639,0.3177,0.2733,0.2927
12/29/2021,13.0213,0.253,0.2691,0.2631,0.3545,0.4177,0.2832,0.2817,0.3665,0.3163,0.2666,0.253,0.2726,0.2365,0.2611,0.254,0.2857,0.2666,0.2611,0.2565,0.2827,0.2395,0.234,0.3017,0.2852,0.257,0.253,0.3098,0.2254,0.2957,0.2495,0.2324,0.2048,0.2214,0.2229,0.2078,0.2405,0.2264,0.2505,0.4001,0.4324,0.2324,0.2304,0.25,0.2154,0.2827,0.2817,0.2555,0.2817
12/28/2021,13.0213,0.242,0.2952,0.247,0.356,0.3042,0.3193,0.2706,0.2746,0.2686,0.3334,0.3208,0.2701,0.2345,0.25,0.238,0.2887,0.2576,0.2671,0.2385,0.2606,0.2515,0.2219,0.2465,0.2641,0.248,0.2465,0.236,0.239,0.2691,0.254,0.2264,0.2314,0.2289,0.2415,0.2445,0.2435,0.2892,0.2842,0.4205,0.4556,0.3032,0.2751,0.2601,0.2736,0.2676,0.2992,0.235,0.2284
12/27/2021,18.1807,0.2939,0.4426,0.3143,0.4802,0.5678,0.5515,0.5383,0.3662,0.2919,0.4171,0.4018,0.2837,0.2827,0.3357,0.3632,0.3967,0.3754,0.3693,0.3927,0.3082,0.3285,0.3,0.4334,0.3011,0.3591,0.3031,0.4802,0.2827,0.5159,0.3703,0.3,0.2899,0.244,0.3021,0.2929,0.3367,0.3061,0.3469,0.7404,0.8197,0.2949,0.2736,0.3733,0.3122,0.409,0.3611,0.3438,0.3866
12/26/2021,21.4565,0.3995,0.39,0.4789,0.6215,0.6053,0.5233,0.4869,0.4277,0.4264,0.3618,0.569,0.4223,0.3551,0.3685,0.46,0.4937,0.4641,0.4721,0.4479,0.4546,0.3376,0.4425,0.3403,0.425,0.312,0.4143,0.3403,0.3308,0.5246,0.3927,0.3255,0.2958,0.2958,0.2689,0.3255,0.3618,0.46,0.3672,1.2598,1.4109,0.3228,0.4573,0.3766,0.3228,0.4143,0.3725,0.351,0.3793
12/25/2021,17.9346,0.2928,0.423,0.2978,0.571,0.3991,0.3664,0.4588,0.5819,0.3872,0.4846,0.3336,0.4131,0.3197,0.3604,0.3266,0.3375,0.3077,0.4051,0.3405,0.3783,0.3326,0.3395,0.4359,0.3286,0.2601,0.3832,0.4667,0.273,0.416,0.3793,0.2452,0.2432,0.3067,0.264,0.3058,0.3137,0.3375,0.3852,0.5472,0.5998,0.4021,0.4548,0.3862,0.3266,0.3097,0.3852,0.3683,0.3534
12/24/2021,15.8056,0.3158,0.3095,0.3181,0.372,0.5109,0.3478,0.3064,0.3634,0.2759,0.3829,0.3236,0.361,0.2884,0.3259,0.2681,0.34,0.2775,0.2791,0.3017,0.2744,0.3251,0.3048,0.3563,0.3064,0.2736,0.2791,0.3946,0.2642,0.4289,0.3228,0.2845,0.2611,0.2478,0.2861,0.2814,0.2838,0.2822,0.354,0.5609,0.6154,0.3571,0.3696,0.3165,0.2603,0.3306,0.315,0.3392,0.2619
12/23/2021,17.7302,0.3408,0.3613,0.3739,0.4245,0.4401,0.3506,0.3292,0.5296,0.3632,0.3321,0.4167,0.4051,0.3301,0.3078,0.3331,0.3593,0.2902,0.4109,0.3116,0.3438,0.3593,0.2756,0.4342,0.3944,0.3584,0.299,0.4304,0.3058,0.3885,0.3185,0.3019,0.2747,0.3029,0.3019,0.2747,0.3262,0.3223,0.3749,0.7291,0.8069,0.3652,0.3749,0.3642,0.3739,0.3622,0.2971,0.2863,0.3729
12/22/2021,17.4025,0.3989,0.4102,0.3528,0.3951,0.4064,0.4393,0.5729,0.5287,0.3698,0.3557,0.4516,0.3077,0.2898,0.3284,0.3152,0.3575,0.3453,0.3049,0.3002,0.3651,0.303,0.3594,0.3961,0.2917,0.351,0.271,0.3491,0.2739,0.4676,0.3011,0.2767,0.272,0.2682,0.2851,0.2701,0.2992,0.397,0.3265,0.6468,0.7133,0.366,0.4008,0.3594,0.2673,0.3397,0.3669,0.2757,0.3124
12/21/2021,22.6441,0.5123,0.5196,0.5167,0.7392,0.9033,0.5064,0.7539,0.5005,0.4683,0.4552,0.3936,0.5123,0.3819,0.4024,0.483,0.4127,0.461,0.3556,0.4991,0.4991,0.4288,0.4215,0.3483,0.3351,0.2985,0.4215,0.6499,0.3395,0.4595,0.4317,0.3951,0.3395,0.3395,0.3995,0.3307,0.3585,0.3819,0.4083,0.996,1.1107,0.357,0.3277,0.4874,0.439,0.4185,0.338,0.4625,0.3439
12/20/2021,26.5747,0.618,0.4899,0.4267,0.9189,0.6143,0.5419,0.5679,0.5437,0.384,0.41,0.527,0.3877,0.3989,0.4657,0.5567,0.5029,0.54,0.579,0.605,0.5047,0.436,0.488,0.6478,0.4787,0.5103,0.4397,0.4862,0.3914,0.7778,0.5549,0.2985,0.4583,0.3654,0.4397,0.4416,0.4063,0.4434,0.397,1.6165,1.817,0.4341,0.5493,0.527,0.5995,0.4379,0.6106,0.4323,0.5066
12/19/2021,24.7729,0.529,0.5893,0.5256,0.6732,0.5776,0.4803,0.638,0.6967,0.4837,0.43,0.4015,0.5189,0.4434,0.43,0.4636,0.4937,0.4367,0.4602,0.5541,0.5306,0.5306,0.5726,0.378,0.383,0.4401,0.5273,0.5072,0.3495,0.6346,0.4434,0.383,0.3294,0.3076,0.3478,0.3495,0.4317,0.3528,0.5692,1.4547,1.6328,0.4652,0.4317,0.4183,0.3663,0.3998,0.5239,0.43,0.4568
12/18/2021,28.2127,0.5568,0.6235,0.5891,0.8903,0.9145,0.868,1.0196,0.7003,0.4315,0.4517,0.961,0.7346,0.4901,0.4658,0.484,0.486,0.482,0.5103,0.4577,0.5851,0.4052,0.5305,0.4941,0.676,0.5123,0.48,0.5851,0.4375,0.5123,0.5224,0.4719,0.3627,0.3567,0.3668,0.4496,0.48,0.4658,0.389,1.231,1.3782,0.6134,0.393,0.6033,0.6376,0.6538,0.6235,0.5022,0.3769
12/17/2021,26.2474,0.5134,0.4769,0.517,0.8619,0.7561,0.601,0.7834,0.601,0.736,0.4094,0.4659,0.3656,0.5042,0.3656,0.4787,0.4258,0.5462,0.4221,0.4477,0.4805,0.3875,0.5389,0.6666,0.5973,0.4422,0.3546,0.5991,0.3546,0.7196,0.4185,0.3437,0.4094,0.3072,0.444,0.4623,0.4531,0.4057,0.4039,1.4885,1.6713,0.6301,0.475,0.4331,0.5608,0.517,0.4586,0.5608,0.3856
12/16/2021,23.6671,0.4816,0.4377,0.48,0.773,0.5725,0.4643,0.6696,0.4894,0.5082,0.4111,0.6508,0.397,0.4847,0.4581,0.5239,0.4549,0.4048,0.4252,0.5176,0.3923,0.3594,0.3954,0.5834,0.3797,0.3327,0.3907,0.4267,0.3766,0.4095,0.4722,0.3421,0.3656,0.3045,0.4001,0.4095,0.4455,0.4691,0.4534,1.5266,1.7147,0.3703,0.4393,0.3515,0.3578,0.3625,0.4001,0.4643,0.3672
12/15/2021,25.7967,0.4496,0.5368,0.3802,0.6721,0.6685,0.8145,0.5849,0.7522,0.3962,0.4888,0.6632,0.5724,0.5262,0.5297,0.4336,0.4781,0.4425,0.3784,0.4657,0.5084,0.4318,0.5012,0.4425,0.5529,0.519,0.4212,0.3767,0.4016,0.4354,0.414,0.2806,0.3037,0.3927,0.4425,0.3375,0.4674,0.3624,0.5635,1.5241,1.7119,0.6205,0.4995,0.439,0.4301,0.5849,0.6472,0.4746,0.4763
12/14/2021,25.8791,0.4188,0.644,0.5797,0.7281,0.855,0.7763,0.8264,0.7513,0.5922,0.4492,0.6637,0.417,0.5207,0.4688,0.4635,0.5511,0.3866,0.6118,0.4545,0.5958,0.4921,0.5403,0.5511,0.4974,0.3955,0.5117,0.5689,0.358,0.5046,0.5064,0.3794,0.3973,0.3133,0.3008,0.3884,0.4116,0.501,0.4992,0.9217,1.0261,0.6011,0.4956,0.585,0.4599,0.5332,0.4885,0.5314,0.3651
12/13/2021,25.9195,0.62,0.5949,0.4552,0.8763,1.0143,0.9121,0.8781,0.8709,0.6505,0.4373,0.5932,0.3745,0.3656,0.4068,0.4301,0.5448,0.5519,0.4068,0.4623,0.5734,0.5161,0.4659,0.4014,0.4068,0.4892,0.4229,0.6218,0.4014,0.7025,0.4588,0.4552,0.4426,0.3512,0.3656,0.3656,0.4605,0.6111,0.6003,0.6477,0.7142,0.6057,0.4337,0.5967,0.3548,0.6075,0.4337,0.5734,0.3942
12/12/2021,25.142,0.5404,0.5404,0.4838,0.5832,0.8232,0.8266,0.7906,0.7049,0.4855,0.6861,0.7341,0.5181,0.4478,0.3809,0.3998,0.5352,0.5438,0.5592,0.4804,0.5078,0.4324,0.4495,0.6004,0.4941,0.4546,0.4546,0.4324,0.3827,0.7066,0.4049,0.3209,0.3124,0.4238,0.3621,0.3329,0.3929,0.5438,0.5318,0.7936,0.8803,0.3998,0.6072,0.4649,0.4564,0.4495,0.5421,0.5729,0.3707
12/11/2021,23.5449,0.5879,0.4496,0.5553,0.5926,0.8382,0.6299,0.4605,0.7138,0.7123,0.4574,0.4776,0.5506,0.4387,0.5024,0.4434,0.389,0.434,0.4387,0.5273,0.3952,0.5102,0.3579,0.591,0.5662,0.375,0.3936,0.3501,0.333,0.6828,0.4884,0.3672,0.3485,0.4014,0.3377,0.3858,0.4309,0.3563,0.4061,0.8304,0.9222,0.4434,0.4247,0.4356,0.4263,0.4371,0.4511,0.5102,0.3874
12/10/2021,26.7386,0.6595,0.6632,0.5733,0.8581,0.875,0.7738,0.7832,0.7026,0.5077,0.7944,0.7307,0.444,0.3859,0.5171,0.5827,0.4121,0.5489,0.6145,0.5546,0.6258,0.5883,0.4833,0.5021,0.6089,0.4534,0.4496,0.577,0.3915,0.7101,0.5433,0.3241,0.399,0.3953,0.4515,0.3541,0.4328,0.4084,0.5995,0.5777,0.6345,0.6126,0.5171,0.5002,0.3728,0.4552,0.6051,0.5958,0.5883
12/9/2021,32.1439,0.7461,0.5916,0.4781,1.0624,0.9393,0.9731,0.6906,0.8934,0.763,0.7171,1.0527,0.7365,0.6664,0.6833,0.7244,0.6302,0.5795,0.7027,0.5844,0.7244,0.454,0.7389,0.5554,0.7534,0.5964,0.4854,0.466,0.4105,0.594,0.565,0.5506,0.4009,0.3502,0.4322,0.3864,0.5143,0.5506,0.6592,1.3037,1.4609,0.7365,0.5723,0.7678,0.5868,0.5361,0.6061,0.6978,0.4733
12/8/2021,30.424,0.4896,0.6959,0.4739,0.7138,0.725,0.6376,0.7788,0.9739,0.7093,0.7452,0.5748,0.7788,0.5725,0.5098,0.4941,0.5658,0.4537,0.6039,0.5546,0.4851,0.586,0.6174,0.6667,0.4851,0.4559,0.4851,0.8551,0.4716,0.5681,0.6331,0.3259,0.3416,0.373,0.4761,0.5098,0.4694,0.4784,0.6757,1.7271,1.9429,0.4828,0.5613,0.7026,0.6129,0.6129,0.5658,0.6802,0.5254
12/7/2021,27.6392,0.4357,0.4848,0.4455,0.6851,0.8815,0.7853,0.9699,0.8049,0.5555,0.4927,0.587,0.6046,0.5418,0.4986,0.475,0.5221,0.5948,0.4593,0.4534,0.6302,0.4829,0.6439,0.532,0.6223,0.5241,0.4416,0.7735,0.3847,0.4357,0.4691,0.2904,0.3297,0.4259,0.3807,0.3709,0.4357,0.64,0.4927,1.3487,1.5122,0.5555,0.6243,0.4554,0.3866,0.4259,0.6144,0.6027,0.53
12/6/2021,28.6629,0.427,0.6977,0.5448,0.77,0.8155,0.9808,0.7618,0.894,0.7411,0.6275,0.9539,0.4745,0.5531,0.5138,0.5613,0.5737,0.4353,0.5758,0.6192,0.5117,0.4683,0.4394,0.4436,0.5055,0.3506,0.394,0.7142,0.4188,0.52,0.52,0.4807,0.3464,0.4828,0.4931,0.4993,0.4663,0.4766,0.5675,1.4103,1.5823,0.4374,0.6151,0.4105,0.5923,0.5035,0.6151,0.5035,0.3733
12/5/2021,27.394,0.539,0.6282,0.5177,0.9657,1.0413,0.7039,0.5972,0.8959,0.5119,0.8319,0.7291,0.572,0.5138,0.5274,0.3955,0.5099,0.5798,0.508,0.4576,0.5216,0.3936,0.4983,0.5545,0.5798,0.3645,0.4692,0.572,0.38,0.4595,0.477,0.2966,0.3587,0.4421,0.3238,0.4168,0.477,0.3916,0.4013,1.1952,1.3374,0.6399,0.6185,0.6108,0.6244,0.4246,0.5759,0.4401,0.5235
12/4/2021,19.8589,0.494,0.3457,0.3457,0.6102,0.5853,0.5141,0.6671,0.5509,0.4335,0.462,0.5082,0.3695,0.3315,0.3256,0.3339,0.322,0.4489,0.3078,0.3671,0.3552,0.3552,0.3398,0.4904,0.3991,0.2746,0.3422,0.5319,0.3125,0.5651,0.3801,0.3256,0.322,0.2971,0.2639,0.2912,0.379,0.354,0.4371,0.769,0.8523,0.3137,0.4382,0.3161,0.424,0.3505,0.3386,0.354,0.3635
12/3/2021,25.1415,0.5935,0.4632,0.5386,0.6243,0.6449,0.8078,0.4615,0.8009,0.4889,0.7152,0.6912,0.3809,0.3655,0.4992,0.5095,0.4821,0.5764,0.5575,0.4855,0.4958,0.5404,0.4855,0.5695,0.4838,0.4066,0.3741,0.7049,0.3792,0.5438,0.4598,0.2849,0.3741,0.3569,0.2918,0.3124,0.4186,0.4752,0.4221,1.2601,1.4113,0.4169,0.3861,0.4615,0.3467,0.4735,0.4889,0.3844,0.4461
12/2/2021,29.2369,0.5829,0.5978,0.5043,0.8696,0.9248,0.9121,0.9248,0.5553,0.8229,0.6424,0.6912,0.5149,0.4109,0.5086,0.4449,0.6615,0.5426,0.43,0.498,0.6636,0.6424,0.5426,0.6976,0.4364,0.5447,0.4491,0.5256,0.4236,0.5829,0.481,0.3578,0.4746,0.498,0.4661,0.4703,0.4725,0.5617,0.6487,1.2661,1.4181,0.6148,0.5149,0.5107,0.5404,0.5808,0.6148,0.602,0.5956
12/1/2021,27.0666,0.5632,0.5594,0.5518,0.6243,0.9636,0.8416,0.5709,0.8988,0.7425,0.7463,0.7768,0.6929,0.487,0.5213,0.4012,0.5308,0.4393,0.6338,0.5366,0.4584,0.5175,0.3497,0.4145,0.6357,0.5366,0.4508,0.5671,0.4355,0.4794,0.4431,0.3459,0.466,0.4527,0.3783,0.3478,0.4565,0.6109,0.508,1.0057,1.1217,0.466,0.4012,0.5957,0.5842,0.5118,0.5022,0.5137,0.4279
11/30/2021,27.3116,0.6862,0.522,0.4312,0.9546,0.9604,0.8715,0.8831,0.6398,0.6012,0.746,0.4737,0.4563,0.5008,0.4467,0.4872,0.4814,0.6089,0.6282,0.5394,0.6186,0.5877,0.4911,0.6128,0.6591,0.549,0.5626,0.4506,0.4216,0.719,0.4621,0.298,0.4621,0.3888,0.381,0.4197,0.4119,0.6514,0.3945,0.7131,0.7886,0.6726,0.6591,0.4119,0.4795,0.5104,0.5046,0.5587,0.5529
11/29/2021,28.909,0.7124,0.6413,0.6936,1.0281,0.6308,0.842,1.0197,0.7124,0.4218,0.7814,0.9006,0.6915,0.3967,0.4322,0.6413,0.5409,0.5326,0.5577,0.4573,0.6288,0.4343,0.4824,0.7228,0.6706,0.589,0.4113,0.6371,0.4552,0.4573,0.497,0.3005,0.3277,0.4468,0.3298,0.5054,0.5347,0.5493,0.6392,1.0809,1.2074,0.5054,0.5953,0.4364,0.6559,0.4406,0.658,0.5995,0.4761
11/28/2021,25.3058,0.3968,0.4799,0.5249,0.7239,0.9195,0.5457,0.5543,0.5318,0.3657,0.5024,0.5284,0.5405,0.3657,0.4678,0.4955,0.4228,0.5682,0.5457,0.582,0.4228,0.492,0.3674,0.5335,0.3536,0.3397,0.3951,0.6529,0.4159,0.6772,0.4159,0.3605,0.3882,0.4418,0.4418,0.3103,0.4124,0.383,0.4989,1.3976,1.5679,0.3761,0.5647,0.5076,0.3484,0.5197,0.6408,0.5197,0.4989
11/27/2021,24.0361,0.5323,0.5082,0.412,0.7696,0.8707,0.5291,0.7776,0.8225,0.5323,0.6975,0.7327,0.4842,0.4313,0.4938,0.4441,0.4714,0.3607,0.4585,0.3944,0.5467,0.4457,0.5339,0.5932,0.3848,0.4425,0.5082,0.3896,0.3944,0.6558,0.4553,0.3431,0.4168,0.3543,0.3815,0.327,0.4265,0.4874,0.4457,0.6076,0.6686,0.4553,0.3671,0.3928,0.4056,0.5098,0.473,0.3767,0.5243
11/26/2021,27.1887,0.4507,0.5293,0.5466,0.7692,0.8824,0.8901,0.8997,0.775,0.4468,0.6982,0.4392,0.4794,0.5504,0.5562,0.56,0.5735,0.4871,0.5524,0.5696,0.4852,0.4027,0.3797,0.6905,0.4986,0.4104,0.3912,0.7596,0.4334,0.5792,0.4238,0.3528,0.3528,0.3969,0.4583,0.4046,0.4794,0.5409,0.4948,1.0443,1.1657,0.6099,0.6253,0.4084,0.5581,0.5716,0.5869,0.4986,0.5293
11/25/2021,26.7385,0.5302,0.5339,0.4477,0.652,1.0661,0.8319,0.8919,0.5546,0.4871,0.6614,0.4234,0.3784,0.5264,0.4309,0.474,0.6126,0.414,0.4065,0.6108,0.5171,0.4159,0.4965,0.5695,0.5302,0.5096,0.3634,0.5396,0.4365,0.444,0.4571,0.4646,0.3597,0.4459,0.3559,0.4121,0.4777,0.5695,0.5227,1.3848,1.5532,0.4515,0.6539,0.384,0.5452,0.5339,0.3765,0.4459,0.5883
11/24/2021,29.5642,0.6885,0.6605,0.4664,0.9926,0.7403,0.8244,0.6368,0.8373,0.5462,0.5289,0.8524,0.5872,0.5742,0.4664,0.4254,0.5527,0.6109,0.6562,0.5764,0.475,0.5656,0.3888,0.6346,0.4578,0.4276,0.4319,0.7963,0.4599,0.488,0.4837,0.3241,0.4556,0.4082,0.3392,0.4103,0.5354,0.6001,0.447,1.8074,2.0344,0.557,0.5462,0.6799,0.5483,0.5268,0.406,0.6519,0.4535
11/23/2021,27.6395,0.6635,0.4436,0.6871,0.6498,0.6066,0.5909,0.9778,0.7617,0.7303,0.8246,0.7048,0.4455,0.3984,0.532,0.4063,0.4829,0.477,0.4475,0.4946,0.6203,0.4573,0.3866,0.6655,0.5752,0.4063,0.4397,0.5143,0.3886,0.6714,0.4554,0.3925,0.3748,0.3199,0.3572,0.4063,0.4789,0.5104,0.5614,1.4461,1.623,0.6203,0.6714,0.3807,0.4554,0.5614,0.6066,0.5909,0.3768
11/22/2021,25.0596,0.4106,0.4055,0.5335,0.7348,0.5539,0.501,0.4686,0.5539,0.704,0.5778,0.7638,0.4123,0.4192,0.5079,0.5044,0.513,0.3884,0.443,0.5317,0.559,0.4652,0.5437,0.4294,0.5659,0.4891,0.4737,0.3509,0.3594,0.7433,0.4277,0.4209,0.4345,0.3953,0.4123,0.4089,0.4021,0.4686,0.4789,1.1791,1.3191,0.4482,0.5778,0.5113,0.3901,0.5198,0.4226,0.443,0.4925
11/21/2021,17.8122,0.3973,0.3737,0.2844,0.4689,0.3727,0.3492,0.5327,0.4738,0.3973,0.4051,0.3737,0.4247,0.2942,0.3776,0.3266,0.3021,0.3825,0.3698,0.3806,0.3923,0.3796,0.3207,0.357,0.3649,0.3619,0.3207,0.2677,0.2923,0.4816,0.3138,0.2717,0.2805,0.2736,0.308,0.2628,0.3286,0.3963,0.3227,0.7329,0.8112,0.2766,0.3933,0.3472,0.2736,0.3178,0.3855,0.3659,0.3246
11/20/2021,21.4155,0.3934,0.5128,0.3961,0.6644,0.6872,0.4108,0.6282,0.4135,0.6496,0.4122,0.4283,0.5436,0.3598,0.4014,0.4806,0.4162,0.4578,0.4605,0.4001,0.4792,0.3719,0.3692,0.3692,0.3277,0.4122,0.3209,0.5208,0.3129,0.4095,0.3652,0.2941,0.325,0.3585,0.3035,0.2861,0.38,0.4953,0.3867,0.9816,1.0944,0.3974,0.3089,0.329,0.3558,0.4927,0.4672,0.3451,0.439
11/19/2021,23.7084,0.4683,0.4761,0.5782,0.6646,0.883,0.6426,0.6866,0.4934,0.4149,0.6112,0.7604,0.5594,0.3834,0.4793,0.4604,0.506,0.4903,0.407,0.4243,0.5154,0.4683,0.3379,0.3944,0.5044,0.4259,0.3363,0.5594,0.3347,0.4887,0.4447,0.3112,0.2876,0.3285,0.4023,0.3662,0.4337,0.4274,0.4808,1.0416,1.1626,0.3693,0.4541,0.33,0.352,0.4353,0.5625,0.4039,0.3599
11/18/2021,25.2642,0.5465,0.5361,0.4377,0.7709,0.6432,0.7001,0.8521,0.6932,0.5137,0.6656,0.6811,0.5758,0.4118,0.36,0.5154,0.4671,0.417,0.4878,0.4671,0.4774,0.543,0.4222,0.524,0.5655,0.4947,0.4394,0.6138,0.3652,0.7019,0.5292,0.4049,0.4135,0.3479,0.3842,0.3704,0.4066,0.5016,0.3756,0.9079,1.0104,0.5033,0.4118,0.5707,0.4015,0.5033,0.4032,0.5154,0.4135
11/17/2021,25.7966,0.5724,0.6258,0.6045,0.8091,0.8946,0.6596,0.7878,0.5742,0.455,0.4283,0.6899,0.4336,0.5048,0.4318,0.4852,0.5707,0.4995,0.4852,0.4568,0.4265,0.5137,0.4407,0.6418,0.5386,0.4852,0.3891,0.6632,0.3642,0.4016,0.4585,0.366,0.3518,0.3286,0.4336,0.4514,0.4799,0.471,0.414,1.1255,1.2581,0.519,0.4034,0.5048,0.4834,0.608,0.4568,0.4834,0.366
11/16/2021,25.3052,0.6253,0.4314,0.5266,0.8035,0.5699,0.8727,0.5508,0.8485,0.6287,0.7602,0.4003,0.5335,0.4609,0.4522,0.5439,0.4661,0.5439,0.3986,0.5422,0.4989,0.4643,0.518,0.5612,0.3709,0.4522,0.4557,0.4712,0.3518,0.5872,0.4885,0.357,0.2982,0.4314,0.3674,0.4159,0.3934,0.3934,0.4124,1.027,1.1459,0.4332,0.6287,0.3709,0.4799,0.4695,0.6062,0.5041,0.3916
11/15/2021,22.1113,0.5251,0.5265,0.3558,0.7198,0.8708,0.6394,0.4969,0.5717,0.3529,0.6408,0.6874,0.4545,0.3896,0.3656,0.4672,0.3572,0.4376,0.4277,0.4531,0.3713,0.4475,0.3727,0.5505,0.3515,0.4362,0.4644,0.4969,0.3445,0.4023,0.4193,0.3558,0.2965,0.2951,0.3868,0.3332,0.3473,0.4023,0.3473,0.6913,0.7639,0.4856,0.5138,0.4545,0.4926,0.3755,0.3812,0.463,0.3289
11/14/2021,23.1761,0.4398,0.5521,0.4247,0.6705,0.6766,0.7388,0.6736,0.587,0.3366,0.6128,0.6204,0.4414,0.3973,0.496,0.3882,0.4095,0.3822,0.364,0.408,0.452,0.4474,0.4095,0.3761,0.4626,0.4596,0.4186,0.6037,0.3579,0.4034,0.4231,0.279,0.3943,0.3002,0.3685,0.3731,0.3943,0.3943,0.3336,1.1028,1.2323,0.5749,0.3321,0.3655,0.4717,0.5294,0.3715,0.5324,0.3928
11/13/2021,19.2041,0.4255,0.4244,0.4457,0.4961,0.6115,0.3784,0.3952,0.5566,0.4535,0.3639,0.5162,0.3583,0.3527,0.384,0.412,0.3011,0.3795,0.3269,0.3291,0.4154,0.3246,0.3179,0.3246,0.3157,0.2966,0.3829,0.4882,0.328,0.3426,0.3291,0.3291,0.2473,0.2955,0.3415,0.2821,0.3605,0.2899,0.3773,0.9264,1.0315,0.3661,0.3336,0.291,0.4031,0.3908,0.4008,0.3415,0.4199
11/12/2021,19.9004,0.4796,0.3571,0.3297,0.5118,0.4999,0.5522,0.3571,0.4071,0.2928,0.3785,0.419,0.3238,0.2976,0.4035,0.3368,0.3178,0.4213,0.4654,0.4297,0.4225,0.4332,0.3773,0.4249,0.4451,0.3547,0.2964,0.4225,0.3047,0.5641,0.3321,0.2714,0.2702,0.3154,0.3285,0.3035,0.3368,0.4213,0.413,1.0772,1.2031,0.3987,0.4368,0.369,0.2809,0.4094,0.3809,0.4261,0.3
11/11/2021,22.3981,0.3783,0.5151,0.446,0.5324,0.5885,0.6418,0.6533,0.734,0.649,0.5511,0.7167,0.4071,0.4071,0.4143,0.4949,0.4791,0.4964,0.3711,0.4042,0.4273,0.4733,0.3884,0.4877,0.3092,0.3207,0.4633,0.4489,0.3553,0.5684,0.3769,0.3409,0.387,0.338,0.2819,0.3826,0.3553,0.387,0.5021,0.6037,0.6641,0.4143,0.5669,0.5151,0.3985,0.4402,0.5007,0.3927,0.4273
11/10/2021,23.9539,0.4794,0.5591,0.6054,0.5974,0.6453,0.5384,0.816,0.6995,0.69,0.398,0.5272,0.5145,0.3805,0.4634,0.4251,0.5464,0.3581,0.4969,0.4299,0.3948,0.5001,0.398,0.4842,0.3581,0.3326,0.4187,0.6086,0.382,0.39,0.4267,0.3485,0.3549,0.2943,0.3517,0.4235,0.3932,0.4873,0.4873,1.1247,1.2572,0.4602,0.5687,0.4379,0.331,0.3773,0.4507,0.5432,0.398
11/9/2021,24.937,0.6172,0.5664,0.4868,0.8679,1.0372,0.5715,0.8763,0.7459,0.4529,0.4495,0.5173,0.4258,0.4868,0.4986,0.4766,0.5139,0.5444,0.4529,0.4495,0.4648,0.4106,0.5494,0.4156,0.3394,0.3953,0.3631,0.6866,0.3699,0.5494,0.5122,0.3513,0.4394,0.4021,0.3377,0.4224,0.4021,0.4495,0.5698,0.7393,0.8185,0.4817,0.3259,0.563,0.5139,0.5715,0.48,0.4258,0.5494
11/8/2021,24.1184,0.5084,0.4794,0.5164,0.6712,0.5068,0.5761,0.4842,0.7179,0.726,0.5793,0.3939,0.4117,0.3843,0.431,0.4906,0.3746,0.3569,0.4922,0.5261,0.4584,0.4052,0.323,0.5374,0.5051,0.4842,0.4713,0.4971,0.344,0.5906,0.41,0.3536,0.4165,0.315,0.3021,0.3617,0.3826,0.5438,0.452,1.2921,1.4477,0.51,0.5841,0.344,0.4471,0.5342,0.3891,0.4471,0.3424
11/7/2021,27.0251,0.4387,0.6176,0.4901,0.6214,0.96,0.6956,0.4825,0.5281,0.61,0.648,0.4863,0.5776,0.3988,0.511,0.4121,0.4482,0.4597,0.5053,0.4349,0.4482,0.3874,0.5529,0.5681,0.667,0.3645,0.5205,0.6937,0.4387,0.7412,0.5491,0.3683,0.4444,0.3512,0.3398,0.4749,0.4197,0.589,0.57,1.4639,1.6433,0.5129,0.7165,0.4654,0.452,0.4463,0.5167,0.61,0.3836
11/6/2021,20.6374,0.4144,0.4573,0.355,0.5572,0.7922,0.4068,0.5357,0.5584,0.4965,0.4826,0.4409,0.4422,0.3385,0.312,0.451,0.3474,0.4599,0.4118,0.3449,0.4295,0.3941,0.3727,0.4043,0.3158,0.3891,0.3398,0.5344,0.3208,0.5559,0.379,0.3044,0.3537,0.3196,0.3284,0.3107,0.3701,0.3891,0.3562,0.8924,0.9928,0.3903,0.3221,0.3663,0.4434,0.3322,0.3524,0.355,0.4182
11/5/2021,20.4326,0.3246,0.5048,0.4651,0.5446,0.7398,0.6752,0.4253,0.6441,0.4128,0.4849,0.4178,0.3109,0.3706,0.3668,0.4054,0.378,0.3407,0.3183,0.429,0.4526,0.3333,0.291,0.3159,0.3668,0.4079,0.3345,0.3457,0.3084,0.3395,0.3382,0.2512,0.3308,0.3283,0.3345,0.3208,0.3743,0.4389,0.4315,0.9615,1.0714,0.4588,0.4439,0.4178,0.3457,0.3469,0.4775,0.3793,0.327
11/4/2021,16.3379,0.3593,0.3534,0.3559,0.4502,0.4777,0.5027,0.3268,0.3534,0.2917,0.3034,0.3459,0.3459,0.2792,0.2926,0.2751,0.2742,0.3159,0.3268,0.2909,0.3659,0.3443,0.2792,0.3226,0.2542,0.255,0.3101,0.2601,0.2809,0.4377,0.2784,0.2217,0.2842,0.2442,0.25,0.2826,0.3101,0.3151,0.3042,0.8319,0.9239,0.3509,0.2859,0.2809,0.3117,0.3134,0.3184,0.3393,0.2601
11/3/2021,15.3145,0.3276,0.2713,0.2537,0.438,0.4256,0.359,0.4541,0.4322,0.3649,0.3605,0.4212,0.2822,0.3159,0.2683,0.3042,0.2917,0.3217,0.332,0.321,0.3437,0.3195,0.2859,0.2815,0.2991,0.2552,0.3086,0.3539,0.2552,0.3115,0.302,0.2713,0.283,0.231,0.2822,0.2479,0.272,0.3034,0.283,0.482,0.5257,0.28,0.2874,0.2391,0.2676,0.2947,0.3371,0.2632,0.3027
11/2/2021,11.9153,0.2403,0.2403,0.2458,0.3143,0.2978,0.3006,0.2473,0.3209,0.308,0.2411,0.3166,0.2097,0.2317,0.2426,0.2321,0.2199,0.2571,0.2285,0.2524,0.2481,0.2364,0.225,0.2563,0.2078,0.2422,0.2469,0.2215,0.2207,0.2595,0.2234,0.2011,0.2003,0.2274,0.2211,0.1984,0.2191,0.2493,0.2489,0.3723,0.4008,0.2125,0.2469,0.2591,0.214,0.2187,0.2144,0.2238,0.2524
11/1/2021,10.3188,0.2086,0.2228,0.1952,0.2251,0.223,0.2328,0.2374,0.2286,0.233,0.2186,0.233,0.2093,0.1975,0.1996,0.2198,0.2186,0.217,0.1987,0.2214,0.2059,0.2179,0.2075,0.1998,0.217,0.195,0.2028,0.2038,0.1984,0.2341,0.2065,0.201,0.1924,0.1943,0.1922,0.2005,0.1977,0.2207,0.2003,0.3202,0.3414,0.2038,0.1968,0.2116,0.194,0.2207,0.1994,0.2121,0.191
10/31/2021,9.7047,0.2002,0.2074,0.1858,0.2137,0.2216,0.2284,0.2122,0.2067,0.2176,0.196,0.2025,0.2088,0.2004,0.1984,0.196,0.2018,0.203,0.1977,0.1963,0.2062,0.1895,0.205,0.2059,0.1849,0.1921,0.189,0.2054,0.1844,0.2011,0.1992,0.1885,0.1834,0.183,0.1927,0.1883,0.1895,0.202,0.2028,0.2612,0.2743,0.2035,0.1965,0.1977,0.1907,0.1968,0.1856,0.2062,0.2048
10/30/2021,10.6871,0.2056,0.2293,0.1997,0.2766,0.2846,0.2215,0.2674,0.2169,0.196,0.2043,0.2494,0.233,0.2105,0.2247,0.2166,0.2175,0.2129,0.2341,0.2207,0.2269,0.1992,0.1965,0.2094,0.1927,0.2105,0.2153,0.2239,0.1965,0.2457,0.2172,0.1976,0.2013,0.1922,0.2075,0.1954,0.2056,0.2226,0.2121,0.3251,0.3471,0.2209,0.2161,0.2115,0.2325,0.2126,0.2083,0.2078,0.2158
10/29/2021,11.6697,0.2177,0.2423,0.2191,0.2889,0.2889,0.2874,0.3087,0.2672,0.2599,0.2804,0.2478,0.2551,0.2151,0.2232,0.2507,0.2529,0.2162,0.2481,0.2507,0.2276,0.2489,0.2287,0.261,0.2052,0.2375,0.2445,0.2287,0.2136,0.2261,0.2177,0.1975,0.2136,0.2059,0.2239,0.2151,0.2151,0.2456,0.2092,0.3422,0.3665,0.2096,0.2037,0.258,0.2518,0.2525,0.2485,0.2254,0.2258
10/28/2021,12.5296,0.2414,0.2509,0.2786,0.3288,0.2672,0.274,0.265,0.2595,0.2849,0.2885,0.313,0.2695,0.2201,0.2414,0.2446,0.2609,0.2595,0.2251,0.2437,0.2754,0.2233,0.2459,0.2541,0.2659,0.2138,0.2228,0.2382,0.2147,0.2559,0.2509,0.2369,0.2278,0.2201,0.231,0.2296,0.2296,0.2423,0.2532,0.4414,0.4794,0.2523,0.2853,0.231,0.2142,0.2532,0.289,0.2731,0.2627
10/27/2021,14.2087,0.3237,0.3269,0.2561,0.3616,0.3591,0.374,0.2865,0.3473,0.2797,0.3734,0.356,0.2573,0.2859,0.2362,0.2455,0.2573,0.2964,0.3076,0.2567,0.2722,0.2381,0.2977,0.3026,0.2778,0.2697,0.2356,0.2648,0.2319,0.3095,0.2964,0.2449,0.2374,0.2567,0.2648,0.2573,0.2592,0.2523,0.2617,0.5348,0.5858,0.3306,0.3095,0.284,0.2828,0.2679,0.243,0.2747,0.2778
10/26/2021,13.1029,0.2641,0.3019,0.2264,0.3448,0.355,0.3774,0.3371,0.3412,0.231,0.3198,0.3136,0.2238,0.231,0.2233,0.2335,0.233,0.2672,0.2478,0.2641,0.2794,0.2483,0.2764,0.2718,0.2835,0.2539,0.2391,0.2733,0.2284,0.2789,0.2509,0.209,0.2356,0.2049,0.2202,0.2305,0.2381,0.2238,0.2493,0.4502,0.4894,0.2963,0.3121,0.2861,0.2611,0.235,0.257,0.2478,0.2366
10/25/2021,11.2608,0.2472,0.2166,0.2485,0.2625,0.3307,0.273,0.2792,0.2928,0.2267,0.2671,0.2244,0.241,0.2051,0.2198,0.2355,0.2113,0.2355,0.24,0.213,0.2244,0.2381,0.2022,0.2149,0.2325,0.226,0.2077,0.227,0.2029,0.2765,0.2293,0.2123,0.1934,0.2182,0.2162,0.1967,0.2156,0.2384,0.2214,0.2975,0.3156,0.243,0.2156,0.2169,0.2104,0.2417,0.2404,0.2077,0.2084
10/24/2021,9.9913,0.1914,0.2079,0.2081,0.2226,0.2591,0.2091,0.2115,0.218,0.2035,0.2314,0.2107,0.2097,0.1989,0.1995,0.1955,0.2011,0.2091,0.1939,0.2063,0.2003,0.1995,0.2015,0.192,0.2077,0.1949,0.2015,0.1947,0.188,0.2214,0.1959,0.1898,0.1926,0.1935,0.1878,0.1872,0.1961,0.2041,0.1898,0.2989,0.3172,0.2059,0.2208,0.2037,0.1892,0.2049,0.2089,0.2041,0.2121
10/23/2021,10.2368,0.2186,0.2233,0.2268,0.2248,0.2436,0.2512,0.2365,0.2074,0.2212,0.2172,0.2221,0.2206,0.2127,0.213,0.2078,0.2087,0.2206,0.1955,0.2076,0.2157,0.2036,0.2016,0.2121,0.2179,0.1917,0.2004,0.2333,0.1975,0.2139,0.2141,0.1843,0.1982,0.1837,0.1937,0.1855,0.1975,0.2224,0.2101,0.2501,0.2617,0.2107,0.217,0.2007,0.2036,0.1957,0.2273,0.1971,0.2165
10/22/2021,15.4371,0.2983,0.3288,0.2827,0.4099,0.4649,0.3377,0.3861,0.4627,0.36,0.2864,0.3719,0.2738,0.2968,0.2522,0.2916,0.3043,0.2648,0.3295,0.3333,0.3489,0.2596,0.3303,0.3429,0.2567,0.2693,0.3087,0.4047,0.2663,0.2998,0.3139,0.2767,0.2723,0.2797,0.27,0.2396,0.2775,0.3072,0.2581,0.5879,0.6461,0.2968,0.2611,0.2611,0.2626,0.308,0.3362,0.2849,0.2745
10/21/2021,10.6465,0.2048,0.2201,0.2397,0.2418,0.268,0.2421,0.2339,0.2228,0.2035,0.2278,0.2506,0.2344,0.2117,0.2138,0.2035,0.2098,0.2154,0.2098,0.2132,0.2072,0.2159,0.2027,0.2251,0.2037,0.2127,0.2172,0.2066,0.1958,0.2532,0.2199,0.2061,0.2027,0.2032,0.1945,0.2016,0.2037,0.2011,0.2122,0.3337,0.3568,0.227,0.205,0.2302,0.2079,0.2169,0.2159,0.2082,0.1931
10/20/2021,9.7859,0.1994,0.1988,0.2163,0.2163,0.2317,0.2358,0.2113,0.2181,0.1902,0.1954,0.2017,0.1902,0.2033,0.1881,0.202,0.2058,0.204,0.1952,0.2101,0.2104,0.2008,0.2095,0.1877,0.2115,0.2022,0.2029,0.214,0.1922,0.1936,0.2042,0.182,0.1801,0.1826,0.1802,0.1876,0.1952,0.204,0.1994,0.2709,0.2853,0.2129,0.1942,0.1872,0.2083,0.1986,0.2011,0.1876,0.186
10/19/2021,9.8685,0.207,0.216,0.1883,0.2113,0.233,0.2147,0.2291,0.2035,0.1878,0.2126,0.227,0.1945,0.1954,0.2018,0.2078,0.2083,0.2007,0.1915,0.2012,0.2037,0.1988,0.2083,0.2136,0.2126,0.2031,0.1874,0.1958,0.1917,0.1953,0.2009,0.1949,0.1953,0.1953,0.1947,0.1848,0.1953,0.1893,0.2012,0.2678,0.2817,0.2063,0.2057,0.2037,0.2016,0.2048,0.201,0.2085,0.1939
10/18/2021,12.4482,0.2899,0.2881,0.2485,0.3041,0.3922,0.2516,0.3188,0.2574,0.2845,0.3161,0.2316,0.289,0.2156,0.2534,0.2445,0.2392,0.2267,0.2623,0.2645,0.269,0.2196,0.2748,0.2312,0.2779,0.2552,0.2494,0.2134,0.2143,0.2939,0.2254,0.2009,0.2387,0.2143,0.2307,0.212,0.2369,0.2525,0.2312,0.3709,0.3992,0.2232,0.2494,0.2623,0.2396,0.2623,0.2721,0.2236,0.2263
10/17/2021,12.8164,0.2587,0.2394,0.2885,0.3338,0.3579,0.3242,0.2654,0.3112,0.2235,0.3169,0.2601,0.2558,0.2302,0.2664,0.2471,0.2736,0.2534,0.2408,0.2601,0.2803,0.2563,0.2139,0.2245,0.2307,0.236,0.2225,0.2485,0.2302,0.2929,0.2312,0.2066,0.2052,0.2418,0.2394,0.2355,0.2288,0.2876,0.2644,0.4678,0.5095,0.2861,0.276,0.2432,0.2721,0.2664,0.2418,0.2298,0.2404
10/16/2021,11.3836,0.2293,0.2293,0.258,0.2702,0.2621,0.2381,0.232,0.2587,0.2793,0.255,0.2293,0.2249,0.209,0.2049,0.2357,0.2083,0.2222,0.2235,0.2306,0.2293,0.2211,0.2384,0.26,0.2306,0.2326,0.2127,0.2472,0.2025,0.2665,0.2117,0.1934,0.2002,0.1914,0.2086,0.2194,0.2232,0.2337,0.2411,0.4111,0.4449,0.2066,0.214,0.2228,0.213,0.2218,0.2293,0.2123,0.2438
10/15/2021,11.9568,0.224,0.2747,0.26,0.2569,0.3463,0.3063,0.2719,0.2577,0.2925,0.2656,0.2509,0.2284,0.2375,0.2335,0.2589,0.2181,0.2395,0.2351,0.2268,0.2296,0.2521,0.2589,0.2624,0.2217,0.2474,0.2122,0.2434,0.2145,0.2288,0.2399,0.2062,0.2288,0.2106,0.2015,0.2308,0.2343,0.2466,0.2276,0.4087,0.4422,0.2153,0.2304,0.2244,0.2134,0.2292,0.2399,0.2236,0.2478
10/14/2021,13.2259,0.2816,0.2994,0.2957,0.3261,0.3135,0.2853,0.3872,0.2686,0.3349,0.2592,0.278,0.2989,0.2435,0.2707,0.2346,0.2733,0.2921,0.2801,0.2534,0.279,0.2832,0.2639,0.2487,0.2639,0.2377,0.2816,0.2471,0.2346,0.2728,0.2367,0.2153,0.2116,0.2341,0.2278,0.221,0.243,0.2508,0.2492,0.4382,0.4757,0.2519,0.3156,0.2754,0.2858,0.2325,0.2884,0.2372,0.2471
10/13/2021,12.8167,0.2991,0.2307,0.263,0.2823,0.381,0.3256,0.3218,0.2895,0.263,0.2524,0.2721,0.2259,0.2543,0.2249,0.2394,0.2616,0.2563,0.238,0.2471,0.2476,0.2423,0.263,0.2856,0.2558,0.2206,0.2649,0.3044,0.2182,0.3242,0.2327,0.2129,0.21,0.2009,0.224,0.2057,0.2505,0.2432,0.2611,0.4879,0.5323,0.2616,0.2437,0.2534,0.2288,0.2543,0.2341,0.2779,0.2471
10/12/2021,15.9287,0.2642,0.2991,0.2959,0.4814,0.4212,0.3276,0.3498,0.4315,0.3046,0.376,0.2721,0.2729,0.2634,0.2666,0.2919,0.2745,0.3435,0.3046,0.3403,0.3094,0.2777,0.242,0.2674,0.2983,0.2935,0.2904,0.2618,0.28,0.3538,0.326,0.2602,0.2824,0.2483,0.2618,0.265,0.2824,0.2547,0.2793,0.8886,0.9884,0.2586,0.3538,0.3118,0.33,0.2777,0.3776,0.3157,0.311
10/11/2021,12.6938,0.2272,0.2925,0.2943,0.3582,0.2671,0.3591,0.3155,0.2601,0.2521,0.2737,0.231,0.2197,0.231,0.2418,0.2526,0.2493,0.2756,0.2436,0.2709,0.2732,0.2713,0.2117,0.284,0.2638,0.2422,0.253,0.2427,0.2305,0.2272,0.2352,0.2192,0.2056,0.2361,0.2375,0.231,0.2474,0.2601,0.2507,0.4494,0.4885,0.2699,0.2493,0.2817,0.2446,0.2803,0.2192,0.2582,0.215
10/10/2021,10.4006,0.2111,0.2024,0.1984,0.2231,0.2519,0.2356,0.2581,0.2291,0.2454,0.2452,0.2461,0.1969,0.2125,0.1984,0.2118,0.218,0.2176,0.2152,0.2245,0.218,0.212,0.2171,0.219,0.1902,0.1988,0.2108,0.22,0.1931,0.2293,0.2015,0.1895,0.1873,0.1964,0.1892,0.201,0.2084,0.2058,0.2233,0.2814,0.2973,0.2132,0.2274,0.1967,0.1993,0.2132,0.231,0.1955,0.1936
10/9/2021,13.1031,0.2978,0.2662,0.2886,0.3591,0.3983,0.2851,0.2759,0.2871,0.2866,0.2488,0.2937,0.2845,0.2621,0.2764,0.2682,0.2749,0.2473,0.2738,0.2733,0.2498,0.2473,0.2733,0.2973,0.2993,0.2233,0.2544,0.2749,0.2315,0.3208,0.2463,0.2463,0.2386,0.2361,0.2381,0.231,0.257,0.2493,0.2356,0.329,0.3514,0.2453,0.2616,0.2845,0.257,0.2932,0.2805,0.2738,0.2289
10/8/2021,10.8918,0.2051,0.2254,0.2277,0.2771,0.3116,0.2335,0.2413,0.2291,0.21,0.2164,0.204,0.2355,0.2205,0.2155,0.221,0.2147,0.2216,0.2225,0.2115,0.2092,0.221,0.2317,0.2155,0.2022,0.2037,0.2254,0.2317,0.1988,0.2638,0.2202,0.2022,0.2017,0.1947,0.1904,0.2074,0.217,0.2297,0.2196,0.3406,0.3646,0.1999,0.2213,0.2251,0.2306,0.2144,0.2349,0.2329,0.1976
10/7/2021,12.1204,0.259,0.2429,0.2532,0.2746,0.3179,0.2792,0.2944,0.2787,0.2833,0.2483,0.2878,0.2614,0.2375,0.2244,0.2276,0.2169,0.2384,0.2466,0.2561,0.2425,0.2194,0.2618,0.2577,0.2355,0.2289,0.2359,0.2375,0.2108,0.2775,0.2491,0.2116,0.1967,0.2178,0.2161,0.205,0.2198,0.2334,0.2165,0.4147,0.449,0.2437,0.2833,0.2594,0.2165,0.2367,0.2721,0.2268,0.2165
10/6/2021,13.5125,0.2946,0.2549,0.2929,0.3017,0.3761,0.3717,0.3172,0.2874,0.2918,0.2675,0.289,0.289,0.2543,0.2334,0.2527,0.2571,0.2846,0.278,0.2946,0.3006,0.2472,0.2245,0.2477,0.3056,0.2339,0.256,0.3122,0.2245,0.3161,0.2846,0.2196,0.2582,0.2317,0.2179,0.2422,0.2527,0.2775,0.2962,0.4087,0.4422,0.2565,0.2995,0.3028,0.2962,0.2951,0.2516,0.272,0.2505
10/5/2021,12.9392,0.2822,0.2576,0.2501,0.2793,0.34,0.302,0.2699,0.3302,0.3109,0.2309,0.3573,0.2625,0.2319,0.2595,0.2269,0.2289,0.2437,0.258,0.2595,0.2393,0.2437,0.2373,0.2867,0.2294,0.2635,0.2615,0.3153,0.2225,0.261,0.2605,0.2126,0.2175,0.2017,0.2324,0.2314,0.2437,0.2304,0.2225,0.5349,0.5858,0.2264,0.306,0.2684,0.2175,0.2452,0.2822,0.2457,0.2329
10/4/2021,10.9332,0.2277,0.233,0.2347,0.2843,0.2849,0.2224,0.2192,0.2549,0.2632,0.2098,0.2514,0.2327,0.2168,0.2033,0.2118,0.2233,0.2283,0.2391,0.2283,0.2368,0.2265,0.2288,0.2203,0.2089,0.2057,0.2303,0.2151,0.2048,0.242,0.2215,0.2036,0.2104,0.1895,0.2039,0.2007,0.2066,0.2101,0.235,0.2885,0.3053,0.2168,0.1957,0.2365,0.2145,0.2347,0.2239,0.2297,0.218
10/3/2021,11.9155,0.2524,0.2215,0.2465,0.3088,0.2512,0.3037,0.2618,0.3276,0.2567,0.2418,0.2877,0.2105,0.2473,0.2442,0.2352,0.2465,0.2152,0.218,0.2305,0.252,0.2309,0.2512,0.2751,0.2309,0.2281,0.2129,0.2528,0.2184,0.2422,0.2387,0.2156,0.205,0.1976,0.2125,0.2176,0.2172,0.254,0.216,0.4044,0.4372,0.2254,0.2227,0.2176,0.2344,0.2595,0.2379,0.245,0.2556
10/2/2021,10.933,0.2148,0.2236,0.2382,0.245,0.3148,0.2544,0.2435,0.2441,0.2195,0.2643,0.272,0.2215,0.2101,0.203,0.2318,0.2171,0.2359,0.23,0.2107,0.2321,0.23,0.2016,0.2464,0.2412,0.2215,0.2174,0.2013,0.203,0.2242,0.2286,0.2118,0.1942,0.2115,0.1975,0.1901,0.2192,0.2039,0.2104,0.2717,0.2863,0.2385,0.2221,0.2112,0.2209,0.2315,0.2476,0.2159,0.2071
10/1/2021,10.81,0.2296,0.231,0.2361,0.2616,0.265,0.2765,0.2605,0.2268,0.2459,0.2074,0.2476,0.217,0.2203,0.2276,0.2057,0.2018,0.217,0.2271,0.2142,0.2178,0.2054,0.2291,0.2451,0.2091,0.2223,0.2071,0.2459,0.197,0.2139,0.2167,0.2029,0.1942,0.204,0.2001,0.2046,0.2099,0.1976,0.2285,0.3215,0.3429,0.2122,0.1984,0.1956,0.1965,0.2069,0.2248,0.2305,0.2108
9/30/2021,10.5236,0.2207,0.2022,0.1964,0.2282,0.2792,0.2257,0.2507,0.2684,0.251,0.2212,0.2351,0.2131,0.1987,0.2083,0.1972,0.2252,0.2237,0.2083,0.2171,0.203,0.2,0.2134,0.2229,0.2267,0.1947,0.2131,0.2207,0.1949,0.2477,0.204,0.1831,0.2035,0.1881,0.2,0.1954,0.2098,0.1995,0.2134,0.3075,0.3269,0.2038,0.1975,0.2164,0.2022,0.225,0.2075,0.2113,0.2212
9/29/2021,8.3533,0.1763,0.1724,0.1737,0.1766,0.1778,0.1809,0.18,0.1789,0.1716,0.1742,0.1784,0.1752,0.1738,0.1715,0.173,0.1749,0.1712,0.173,0.1745,0.1733,0.1737,0.1737,0.1753,0.1712,0.1733,0.1741,0.1781,0.1716,0.1764,0.1724,0.1711,0.1709,0.1695,0.1716,0.1711,0.1726,0.175,0.1726,0.178,0.1796,0.1712,0.1708,0.1718,0.1731,0.1753,0.1762,0.1712,0.1707
9/28/2021,10.2369,0.2067,0.2139,0.2174,0.2476,0.2271,0.236,0.2036,0.242,0.2282,0.2255,0.2103,0.2004,0.1964,0.2016,0.2139,0.1962,0.1978,0.2087,0.2063,0.2145,0.2098,0.2087,0.204,0.2215,0.2063,0.2132,0.2136,0.1899,0.2025,0.1962,0.1808,0.1987,0.2002,0.1957,0.2002,0.2002,0.2136,0.2002,0.2967,0.3147,0.2112,0.2228,0.1998,0.2031,0.2215,0.2177,0.2085,0.1915
9/27/2021,11.5882,0.2223,0.2435,0.2539,0.3012,0.2567,0.2714,0.3217,0.2377,0.2779,0.2173,0.2176,0.2488,0.2155,0.2435,0.2338,0.2298,0.2406,0.2496,0.2341,0.2244,0.2147,0.246,0.2546,0.2452,0.2065,0.2452,0.261,0.2083,0.2761,0.2323,0.2122,0.2022,0.2033,0.1929,0.2115,0.2255,0.2359,0.2183,0.3538,0.3796,0.2334,0.2478,0.2054,0.2076,0.2234,0.2352,0.2435,0.2255
9/26/2021,10.0729,0.2156,0.215,0.2152,0.2222,0.251,0.2506,0.2166,0.2253,0.2032,0.1936,0.2444,0.2185,0.1932,0.1936,0.1988,0.205,0.2073,0.2143,0.2032,0.2156,0.2071,0.2083,0.1965,0.2162,0.1988,0.2092,0.2007,0.1876,0.2365,0.2015,0.1833,0.1847,0.1818,0.1849,0.1936,0.2007,0.1978,0.1932,0.2731,0.2878,0.2092,0.1967,0.2002,0.217,0.1942,0.2007,0.2102,0.1992
9/25/2021,9.2949,0.1967,0.1953,0.1948,0.2054,0.2003,0.1953,0.1943,0.1918,0.2058,0.2112,0.2067,0.1861,0.1857,0.1874,0.1865,0.1841,0.1831,0.1858,0.1957,0.1909,0.187,0.1936,0.1858,0.1893,0.1928,0.1886,0.2056,0.1838,0.1945,0.1854,0.1788,0.1831,0.1858,0.1773,0.1835,0.1847,0.1822,0.1919,0.2584,0.271,0.1926,0.1876,0.1826,0.1897,0.1984,0.1962,0.1817,0.1801
9/24/2021,8.5172,0.1786,0.1773,0.1747,0.1809,0.1911,0.1854,0.1808,0.1858,0.1727,0.1749,0.1848,0.1779,0.1754,0.177,0.175,0.1741,0.1773,0.1736,0.1755,0.1751,0.1773,0.1756,0.1735,0.1732,0.1726,0.1781,0.1757,0.1737,0.175,0.1772,0.174,0.1708,0.1714,0.1706,0.174,0.1757,0.1785,0.1776,0.1934,0.1971,0.1789,0.1744,0.1723,0.1762,0.1786,0.1805,0.1783,0.1751
9/23/2021,9.7867,0.2129,0.2013,0.2128,0.239,0.221,0.2028,0.2045,0.2251,0.2108,0.1967,0.2154,0.1869,0.1983,0.1981,0.1885,0.1999,0.1894,0.1931,0.1929,0.1978,0.1999,0.1988,0.2133,0.2054,0.1974,0.1883,0.1997,0.1895,0.2208,0.204,0.179,0.1926,0.1876,0.1908,0.1869,0.1983,0.1985,0.1951,0.285,0.3013,0.1958,0.1901,0.1981,0.1961,0.2017,0.1936,0.202,0.1899
9/22/2021,9.7458,0.2045,0.1901,0.1958,0.2147,0.2199,0.2133,0.2058,0.2122,0.2232,0.225,0.1969,0.2154,0.1962,0.1981,0.189,0.1948,0.1883,0.2056,0.1981,0.1951,0.1935,0.1883,0.2063,0.1986,0.1881,0.1969,0.211,0.185,0.2014,0.199,0.1777,0.1885,0.1934,0.1871,0.1925,0.1965,0.2079,0.1979,0.2766,0.2918,0.1928,0.1922,0.1941,0.2002,0.2063,0.1897,0.2087,0.2018
9/21/2021,11.4243,0.2417,0.2167,0.2362,0.2639,0.3047,0.2995,0.2578,0.2732,0.2882,0.266,0.2663,0.2441,0.2273,0.2331,0.2132,0.2208,0.2228,0.2108,0.2314,0.2468,0.2064,0.2252,0.2369,0.2482,0.205,0.2187,0.2804,0.2108,0.2824,0.2126,0.1978,0.2232,0.1944,0.2023,0.2132,0.2201,0.2054,0.2245,0.2892,0.3061,0.2218,0.2375,0.2447,0.2252,0.2334,0.2601,0.2122,0.2221
9/20/2021,10.8102,0.2437,0.2271,0.1987,0.2465,0.3024,0.2661,0.2737,0.2659,0.2097,0.2178,0.269,0.2372,0.2147,0.2265,0.2307,0.2069,0.2052,0.2341,0.2142,0.2251,0.2158,0.2217,0.2344,0.2341,0.2215,0.2142,0.1981,0.1967,0.2032,0.2139,0.2111,0.1906,0.1922,0.2071,0.204,0.2024,0.2361,0.2164,0.2659,0.2796,0.2018,0.2372,0.2161,0.2291,0.2026,0.2046,0.2293,0.2153
9/19/2021,11.711,0.2127,0.2609,0.2309,0.2479,0.3478,0.2999,0.2468,0.2802,0.2643,0.2513,0.301,0.2123,0.2324,0.2409,0.2283,0.2494,0.2364,0.2127,0.2465,0.2487,0.2216,0.2498,0.2606,0.2661,0.2201,0.2375,0.2795,0.2041,0.226,0.2208,0.196,0.2234,0.1956,0.2168,0.2034,0.226,0.2138,0.2487,0.3607,0.3875,0.2264,0.2075,0.2186,0.216,0.2257,0.2346,0.229,0.2439
9/18/2021,9.9094,0.2106,0.2154,0.2091,0.2415,0.2604,0.2283,0.2461,0.2024,0.2169,0.2232,0.2047,0.1997,0.1984,0.2077,0.2108,0.1905,0.2079,0.205,0.2108,0.1974,0.1959,0.2071,0.202,0.1959,0.1986,0.1896,0.2182,0.1871,0.2016,0.2014,0.1819,0.1968,0.1903,0.1873,0.1972,0.197,0.2146,0.1968,0.2189,0.2261,0.1965,0.2058,0.2018,0.2001,0.2024,0.211,0.2035,0.1972
9/17/2021,9.0084,0.1863,0.1942,0.1948,0.2079,0.2025,0.2042,0.2088,0.2055,0.2021,0.1967,0.202,0.1904,0.181,0.1806,0.1812,0.1861,0.1802,0.1809,0.1844,0.1855,0.1809,0.1893,0.1902,0.1862,0.1874,0.1861,0.1783,0.18,0.185,0.1854,0.1788,0.1765,0.1743,0.175,0.1825,0.182,0.1805,0.1861,0.196,0.2,0.1886,0.1776,0.1764,0.1905,0.1814,0.188,0.1872,0.1829
9/16/2021,9.5817,0.2018,0.1924,0.1924,0.2206,0.2369,0.21,0.2246,0.1991,0.2013,0.1905,0.2258,0.1996,0.1841,0.1875,0.2015,0.1853,0.1921,0.2004,0.1983,0.1934,0.1852,0.1985,0.1856,0.192,0.1875,0.1852,0.2187,0.1868,0.2174,0.1955,0.1836,0.1811,0.1793,0.1793,0.1847,0.1936,0.2059,0.1913,0.267,0.2809,0.198,0.1877,0.198,0.1826,0.2046,0.1882,0.1874,0.1985
9/15/2021,9.6225,0.205,0.203,0.1869,0.2147,0.2226,0.2001,0.2257,0.2147,0.1946,0.2053,0.2153,0.2025,0.1954,0.196,0.2038,0.1998,0.192,0.2016,0.2004,0.2051,0.1868,0.186,0.1972,0.1983,0.1954,0.1921,0.1993,0.1886,0.2046,0.1921,0.1876,0.1814,0.1861,0.1839,0.1923,0.1889,0.1999,0.199,0.2359,0.2455,0.2001,0.2106,0.2029,0.2007,0.2006,0.1902,0.2029,0.1891
9/14/2021,8.6808,0.1803,0.1789,0.1787,0.1823,0.1945,0.1934,0.1912,0.1824,0.1789,0.1804,0.1806,0.1856,0.1769,0.1752,0.1809,0.181,0.1814,0.1772,0.1795,0.1792,0.1772,0.1753,0.1831,0.1742,0.1744,0.1772,0.1788,0.1757,0.1778,0.1761,0.1765,0.1761,0.1718,0.1751,0.1744,0.1778,0.1752,0.1757,0.2076,0.2133,0.185,0.1842,0.1827,0.1755,0.1814,0.1814,0.1826,0.1762
9/13/2021,9.7865,0.1997,0.1954,0.2154,0.2094,0.2424,0.2326,0.2369,0.2272,0.2256,0.2279,0.2299,0.211,0.2003,0.1949,0.1994,0.2004,0.2049,0.1954,0.1976,0.2099,0.2065,0.1942,0.2106,0.199,0.2026,0.1935,0.2044,0.1886,0.2156,0.2017,0.1854,0.1952,0.1869,0.186,0.1942,0.1978,0.201,0.2004,0.193,0.1966,0.1902,0.2154,0.1858,0.2013,0.1897,0.2035,0.1876,0.2036
9/12/2021,11.5884,0.237,0.2578,0.2061,0.2478,0.3407,0.3156,0.2897,0.2528,0.2147,0.2467,0.228,0.2675,0.2112,0.218,0.2259,0.2406,0.2513,0.2155,0.2456,0.2517,0.2155,0.2513,0.2492,0.2079,0.2061,0.2198,0.2571,0.2043,0.242,0.2216,0.213,0.2029,0.2187,0.2126,0.2191,0.2191,0.2101,0.2069,0.3872,0.4177,0.2259,0.218,0.2216,0.2287,0.2226,0.2363,0.2409,0.2481
9/11/2021,9.9911,0.2043,0.2151,0.216,0.23,0.2336,0.2469,0.1999,0.2495,0.2322,0.216,0.1929,0.1957,0.1929,0.2023,0.2053,0.2103,0.2071,0.2139,0.2139,0.1941,0.1898,0.2117,0.1924,0.2182,0.2039,0.1995,0.1876,0.1876,0.2003,0.1981,0.1866,0.1971,0.1947,0.1846,0.1957,0.1922,0.2011,0.2113,0.255,0.2673,0.1997,0.2186,0.2009,0.2011,0.2033,0.2025,0.2087,0.2097
9/10/2021,8.5991,0.1796,0.1766,0.1795,0.1895,0.1807,0.1791,0.1873,0.183,0.1785,0.1766,0.1851,0.1762,0.1771,0.1733,0.1736,0.1792,0.1773,0.1745,0.1804,0.1773,0.175,0.1778,0.1779,0.1736,0.1764,0.173,0.1767,0.1733,0.1792,0.1772,0.1758,0.1746,0.1746,0.1718,0.1736,0.1754,0.1809,0.1778,0.216,0.2228,0.1748,0.174,0.1806,0.1793,0.1764,0.1768,0.1746,0.1748
9/9/2021,9.7458,0.1888,0.1941,0.1962,0.2229,0.2484,0.2257,0.2037,0.2199,0.2278,0.2,0.1995,0.1976,0.1892,0.1997,0.1941,0.1874,0.1974,0.2096,0.2007,0.1988,0.1906,0.2004,0.1906,0.185,0.2004,0.2047,0.2229,0.1846,0.1937,0.1955,0.1778,0.1883,0.1937,0.1923,0.1944,0.1913,0.2075,0.2061,0.2672,0.281,0.1874,0.204,0.2056,0.1894,0.192,0.2091,0.196,0.1928
9/8/2021,10.1547,0.208,0.21,0.2149,0.2468,0.2572,0.2552,0.2132,0.249,0.1934,0.2287,0.2371,0.2106,0.2018,0.2091,0.1923,0.2182,0.2117,0.2141,0.2076,0.2152,0.1968,0.1886,0.1953,0.2091,0.1908,0.2078,0.2024,0.1936,0.1975,0.2007,0.196,0.2005,0.182,0.1975,0.1925,0.2003,0.1981,0.1953,0.2715,0.286,0.2014,0.2294,0.2145,0.2186,0.2117,0.1942,0.1977,0.1908
9/7/2021,10.4414,0.2067,0.225,0.2167,0.2206,0.2492,0.2492,0.2067,0.227,0.2148,0.2052,0.2465,0.2074,0.207,0.2131,0.2157,0.1972,0.2121,0.2267,0.2099,0.2179,0.2126,0.1913,0.2135,0.2001,0.2089,0.2165,0.2262,0.1935,0.2167,0.1999,0.1857,0.2033,0.186,0.2045,0.1869,0.1977,0.196,0.2201,0.3604,0.3872,0.227,0.236,0.1921,0.1925,0.2043,0.1991,0.2094,0.1994
9/6/2021,9.6223,0.2069,0.2053,0.1943,0.2129,0.2163,0.2007,0.2272,0.2153,0.1847,0.2045,0.2106,0.1894,0.1986,0.1882,0.1994,0.1962,0.1978,0.1936,0.1894,0.2066,0.1899,0.2061,0.2113,0.1921,0.1947,0.1866,0.2113,0.1889,0.2202,0.1889,0.1897,0.186,0.1869,0.1829,0.1813,0.1913,0.2033,0.1852,0.2537,0.2657,0.1941,0.2001,0.1994,0.1822,0.2051,0.1865,0.2004,0.2006
9/5/2021,8.0256,0.167,0.167,0.1674,0.1675,0.1679,0.1675,0.1673,0.1677,0.1672,0.1674,0.1675,0.1672,0.167,0.1671,0.1671,0.1671,0.167,0.1671,0.1673,0.1671,0.1671,0.1672,0.167,0.1673,0.1671,0.1672,0.1674,0.167,0.1674,0.1671,0.1669,0.1669,0.1669,0.167,0.167,0.1671,0.1671,0.167,0.1678,0.1679,0.1673,0.1671,0.1672,0.1669,0.167,0.167,0.1673,0.167
9/4/2021,7.657,0.1578,0.1604,0.1618,0.1531,0.1578,0.156,0.1589,0.1543,0.1578,0.1563,0.1615,0.162,0.1611,0.1605,0.1606,0.1599,0.1617,0.1587,0.1609,0.1617,0.1604,0.1607,0.1576,0.1623,0.1611,0.1631,0.1583,0.1625,0.1591,0.1617,0.1643,0.1614,0.1641,0.1615,0.1637,0.161,0.1583,0.1602,0.1487,0.1462,0.1596,0.157,0.1581,0.16,0.1596,0.1628,0.1599,0.161
9/3/2021,8.6807,0.1823,0.1771,0.1786,0.1901,0.1951,0.1919,0.1816,0.1801,0.1854,0.1815,0.1835,0.1812,0.1802,0.1749,0.1792,0.181,0.1814,0.1799,0.1776,0.1765,0.1747,0.181,0.1852,0.177,0.1757,0.178,0.1871,0.1755,0.1785,0.1792,0.1725,0.1716,0.1763,0.1729,0.1769,0.1781,0.1753,0.1792,0.2099,0.2159,0.1778,0.1733,0.1793,0.1735,0.1813,0.1788,0.1825,0.1746
9/2/2021,6.3059,0.1272,0.1384,0.1297,0.1008,0.1308,0.116,0.1072,0.1213,0.1292,0.1287,0.1248,0.1426,0.1399,0.1331,0.1409,0.1304,0.1348,0.1287,0.136,0.1399,0.1358,0.1482,0.1284,0.1496,0.1323,0.1474,0.1257,0.1435,0.1182,0.133,0.1516,0.1492,0.1421,0.1531,0.1485,0.137,0.1394,0.1475,0.0542,0.0386,0.1426,0.1485,0.1448,0.1465,0.1335,0.1216,0.1353,0.1294
9/1/2021,9.6228,0.191,0.1985,0.1985,0.2257,0.2202,0.2163,0.2127,0.2175,0.2209,0.2108,0.2012,0.1941,0.1847,0.1943,0.1977,0.1938,0.1968,0.2011,0.2045,0.192,0.1873,0.2006,0.1941,0.1988,0.1921,0.1845,0.1904,0.1857,0.2189,0.1946,0.193,0.1796,0.1832,0.1837,0.1796,0.1944,0.2035,0.1837,0.2549,0.2671,0.2087,0.1977,0.2058,0.1994,0.1965,0.198,0.1907,0.184
8/31/2021,7.8621,0.1643,0.1631,0.1638,0.1635,0.1613,0.1623,0.161,0.1613,0.1645,0.164,0.1632,0.1638,0.1649,0.1647,0.1647,0.1639,0.1634,0.1634,0.1642,0.1645,0.1648,0.1653,0.165,0.1629,0.1649,0.1637,0.1622,0.1651,0.1632,0.1647,0.1646,0.1653,0.1653,0.1655,0.1653,0.1643,0.1635,0.1645,0.1591,0.1581,0.1634,0.1651,0.1642,0.1648,0.1642,0.1646,0.1647,0.164
8/30/2021,9.2128,0.1986,0.1918,0.1862,0.2142,0.2245,0.189,0.1983,0.2052,0.1827,0.1971,0.2067,0.1901,0.1863,0.1887,0.1889,0.1958,0.1919,0.1919,0.1868,0.1952,0.1879,0.1961,0.1934,0.1844,0.1776,0.184,0.1805,0.1788,0.1824,0.1864,0.183,0.1858,0.1756,0.185,0.1766,0.1875,0.1857,0.1954,0.2252,0.2333,0.1828,0.2017,0.1914,0.1902,0.1834,0.1942,0.181,0.1936
8/29/2021,7.043,0.147,0.1465,0.1404,0.1327,0.1439,0.1417,0.1437,0.1378,0.1521,0.141,0.1346,0.1403,0.1475,0.1488,0.1447,0.1465,0.1469,0.1526,0.1518,0.1433,0.1537,0.1511,0.1406,0.1472,0.1559,0.1535,0.1416,0.1556,0.1446,0.1475,0.1545,0.1583,0.1556,0.1569,0.1539,0.1537,0.1493,0.1531,0.1228,0.1167,0.1421,0.1437,0.1573,0.1536,0.1487,0.1471,0.1537,0.1469
8/28/2021,9.1721,0.1866,0.186,0.1971,0.2053,0.2111,0.193,0.2024,0.1993,0.1844,0.1844,0.2037,0.1803,0.1821,0.185,0.1927,0.193,0.1834,0.1957,0.1838,0.1871,0.183,0.1853,0.1876,0.1888,0.1834,0.1852,0.203,0.181,0.1998,0.1865,0.1858,0.1834,0.183,0.1845,0.1831,0.1827,0.1873,0.18,0.2325,0.2416,0.1914,0.1946,0.182,0.1875,0.1948,0.1885,0.1853,0.1841
8/27/2021,4.3406,0.1213,0.1077,0.0744,0.0444,0.055,0.0305,0.0247,0.0701,0.0591,0.0679,0.0346,0.0785,0.1253,0.1242,0.1056,0.0807,0.1107,0.1045,0.0938,0.0832,0.099,0.0887,0.1099,0.1015,0.1337,0.0935,0.1151,0.122,0.0631,0.1056,0.1264,0.1056,0.1275,0.1257,0.1158,0.1132,0.0902,0.1158,-0.0053,-0.0291,0.0668,0.1187,0.0979,0.1125,0.1088,0.1136,0.0902,0.118
8/26/2021,3.6442,0.0778,0.0543,0.0865,0.0295,0.0478,0.0495,0.036,0.0086,0.0377,0.0634,0.0809,0.0931,0.1183,0.0769,0.0952,0.1053,0.1018,0.0791,0.0687,0.0695,0.1,0.1026,0.0778,0.0582,0.0926,0.1209,0.1196,0.1222,0.0965,0.0887,0.131,0.1039,0.1275,0.1035,0.1174,0.1026,0.0809,0.0748,-0.1043,-0.1417,0.0926,0.083,0.1179,0.0887,0.0739,0.0713,0.0935,0.0687
8/25/2021,4.7091,0.085,0.0992,0.0834,0.065,0.0363,0.0883,0.0775,0.089,0.0669,0.1124,0.0505,0.1203,0.1272,0.1236,0.1242,0.0887,0.0979,0.0854,0.0933,0.1199,0.1186,0.1295,0.1061,0.1265,0.1074,0.1157,0.0795,0.1242,0.1249,0.1203,0.1453,0.1407,0.1147,0.1426,0.1186,0.1094,0.1091,0.0877,-0.0568,-0.0877,0.088,0.1255,0.1222,0.1078,0.1097,0.0916,0.1209,0.1331
8/24/2021,3.6033,0.091,0.0998,0.0963,0.0405,-0.0224,0.0431,-0.0198,0.0642,0.0686,0.0326,0.0607,0.0629,0.0919,0.1025,0.066,0.1121,0.0919,0.0897,0.0792,0.0954,0.1086,0.1148,0.0968,0.0585,0.0981,0.1165,0.0893,0.1064,0.0273,0.0801,0.0954,0.1284,0.1078,0.1113,0.1293,0.088,0.0792,0.0968,-0.0568,-0.0877,0.0814,0.062,0.0651,0.1209,0.0647,0.1152,0.0906,0.0691
8/23/2021,3.6441,0.0495,0.0791,0.1096,0.0608,-0.0577,0.0582,0.0556,0.0382,0.0695,0.0787,0.0717,0.0665,0.0839,0.0992,0.0774,0.0748,0.0839,0.0809,0.0822,0.0735,0.1144,0.1131,0.1061,0.1122,0.107,0.1209,0.0421,0.1148,0.0682,0.0787,0.1087,0.1296,0.1266,0.1,0.1288,0.097,0.0804,0.0961,-0.0892,-0.1246,0.0534,0.0865,0.0865,0.1205,0.0591,0.0978,0.0752,0.0987
8/22/2021,3.6033,0.0449,0.0713,0.0576,0.0598,0.0233,0.0255,-0.0193,-0.0004,0.0827,0.0677,0.11,0.0765,0.1034,0.0818,0.073,0.0906,0.1108,0.0708,0.099,0.0616,0.1121,0.0616,0.0796,0.1227,0.1267,0.1126,0.0524,0.1148,0.0809,0.0783,0.1319,0.1042,0.1293,0.1205,0.124,0.1038,0.0928,0.0686,-0.1029,-0.1402,0.1095,0.0959,0.1003,0.0818,0.084,0.0568,0.1003,0.1104
8/21/2021,3.6035,0.1126,0.0866,0.0757,-0.0026,-0.0083,0.0502,0.0304,0.0611,0.0831,0.0488,0.0339,0.0713,0.0924,0.1042,0.102,0.0752,0.0669,0.1078,0.073,0.0801,0.0774,0.102,0.0647,0.0875,0.095,0.0959,0.0383,0.1126,0.1082,0.084,0.124,0.1104,0.1236,0.1346,0.1082,0.0884,0.0695,0.1007,-0.0825,-0.117,0.1135,0.0396,0.1113,0.1236,0.0787,0.0796,0.0985,0.0888
8/20/2021,3.7261,0.0705,0.0513,0.0987,-0.0086,-0.0398,0.0833,-0.0056,0.0573,0.1081,0.109,0.0226,0.103,0.0944,0.0996,0.1073,0.0705,0.0748,0.1128,0.0761,0.0855,0.0987,0.0808,0.0744,0.0846,0.112,0.0735,0.0932,0.1179,0.0402,0.1098,0.1145,0.1179,0.1261,0.1295,0.1038,0.0983,0.0688,0.0739,0.0096,-0.0122,0.1034,0.0491,0.0773,0.0722,0.0833,0.0701,0.0902,0.0944
8/19/2021,3.6441,0.0565,0.0791,0.0839,0.0077,-0.0298,0.0547,0.0194,-0.0058,0.073,0.0743,0.0469,0.0569,0.087,0.0813,0.0713,0.1131,0.0643,0.0787,0.1031,0.0613,0.0765,0.11,0.0904,0.0769,0.0896,0.1113,0.0491,0.1066,0.0312,0.1013,0.1331,0.1344,0.1009,0.1092,0.1113,0.1109,0.1122,0.1131,0.0306,0.0118,0.0717,0.0547,0.0896,0.0922,0.1044,0.0586,0.0917,0.0939
8/18/2021,4.0538,0.0676,0.0905,0.0649,0.0167,0.0234,0.027,0.0029,0.008,0.038,0.0641,0.0242,0.0814,0.1067,0.081,0.0775,0.0929,0.0814,0.1158,0.0909,0.1039,0.1035,0.0763,0.1094,0.07,0.0948,0.0826,0.0996,0.1122,0.0439,0.0945,0.1319,0.1221,0.1047,0.1071,0.1142,0.098,0.1094,0.0767,0.1395,0.1358,0.0941,0.1229,0.0964,0.0889,0.0791,0.0791,0.1162,0.0921
8/17/2021,3.6034,0.0554,0.0946,0.0546,0.0414,0.0159,0.0238,0.0167,0.0022,0.0488,0.0475,0.1012,0.0801,0.1078,0.0818,0.0721,0.0708,0.0823,0.1064,0.091,0.0862,0.1139,0.1196,0.0783,0.0739,0.1113,0.0796,0.0273,0.1051,0.051,0.0779,0.1135,0.106,0.1126,0.1113,0.1209,0.1064,0.0563,0.0783,0.0125,-0.0089,0.051,0.0932,0.1091,0.0976,0.0682,0.0585,0.1016,0.0968
8/16/2021,3.7263,0.0675,0.0731,0.0521,0.0231,0.0756,0.044,0.094,0.0534,0.0128,0.0491,0.0205,0.0885,0.1004,0.1179,0.0786,0.0825,0.0932,0.0675,0.0632,0.1034,0.0846,0.0701,0.1038,0.062,0.1256,0.0966,0.032,0.1051,0.0496,0.0897,0.1325,0.1214,0.1047,0.1056,0.1021,0.112,0.1009,0.0671,0.0306,0.0117,0.0594,0.0496,0.1179,0.1043,0.0748,0.0526,0.1141,0.0855
8/15/2021,3.1937,0.0393,0.0681,0.0532,0.0182,-0.064,0.0105,0.0532,0.0754,0.0028,0.0042,0.0436,0.0648,0.1047,0.0989,0.0638,0.0975,0.0701,0.0489,0.0542,0.1003,0.0605,0.0729,0.0917,0.083,0.1027,0.1172,0.0672,0.1003,0.0321,0.0888,0.1085,0.1076,0.0955,0.1167,0.1119,0.1013,0.1119,0.0989,-0.0986,-0.1352,0.083,0.0912,0.1152,0.1032,0.1013,0.0782,0.0883,0.0907
8/14/2021,4.0129,0.0793,0.0981,0.1224,0.0582,0.0167,0.0303,0.0722,0.0387,0.1089,0.0447,0.0124,0.0917,0.0941,0.0809,0.0797,0.0849,0.0805,0.1168,0.0957,0.1085,0.077,0.1204,0.063,0.0869,0.126,0.1005,0.0339,0.1093,0.0674,0.1049,0.1344,0.13,0.1097,0.128,0.1308,0.1148,0.1188,0.0789,-0.0427,-0.0717,0.1172,0.059,0.0973,0.1025,0.0885,0.0809,0.1097,0.1228
8/13/2021,3.6032,0.0849,0.0594,0.0704,0.0365,0.0308,0.0119,0.0823,0.0647,0.0247,0.077,0.0814,0.0598,0.0941,0.1152,0.0809,0.0787,0.0884,0.073,0.0686,0.0651,0.0985,0.1143,0.0633,0.0963,0.1201,0.1042,0.0295,0.1161,0.0176,0.0809,0.1258,0.1231,0.1157,0.106,0.1205,0.0919,0.1104,0.1201,-0.0038,-0.0274,0.0682,0.0392,0.0844,0.0853,0.0585,0.0502,0.0796,0.0669
8/12/2021,3.6443,0.0952,0.0669,0.1127,0.0547,0.0303,0.0229,0.0665,0.0752,0.0586,0.0591,-0.0032,0.0504,0.1122,0.1039,0.1131,0.0756,0.0661,0.1144,0.0665,0.0804,0.1079,0.1013,0.0926,0.0948,0.0983,0.0983,0.0373,0.1201,0.0321,0.1087,0.1249,0.1148,0.1201,0.1135,0.1009,0.1048,0.0769,0.07,-0.068,-0.1004,0.0661,0.0552,0.1192,0.0704,0.0939,0.0809,0.0708,0.1174
8/11/2021,8.1485,0.1701,0.1707,0.1693,0.1711,0.1728,0.1722,0.1723,0.1697,0.171,0.1701,0.1708,0.1702,0.1687,0.1693,0.1686,0.1686,0.1699,0.1697,0.1688,0.1688,0.1685,0.1684,0.1703,0.1701,0.168,0.1689,0.1684,0.1688,0.1687,0.1698,0.1676,0.1688,0.168,0.1682,0.168,0.1691,0.1691,0.1687,0.1765,0.1779,0.1687,0.1684,0.1699,0.1686,0.1699,0.1705,0.1695,0.1685
8/10/2021,6.7561,0.15,0.1403,0.1341,0.1292,0.1315,0.1169,0.1463,0.1316,0.1422,0.1476,0.1211,0.1392,0.1466,0.146,0.1412,0.1495,0.1471,0.1401,0.1483,0.1475,0.1474,0.1393,0.1484,0.1415,0.1498,0.1392,0.1464,0.1529,0.145,0.1413,0.1588,0.1541,0.1522,0.1563,0.1471,0.1501,0.1519,0.1388,0.0812,0.0694,0.1486,0.1544,0.1434,0.1372,0.142,0.1338,0.1414,0.1479
8/9/2021,4.0539,0.1173,0.0893,0.1134,0.0534,0.081,0.0226,0.0408,0.0637,0.0282,0.0684,0.0676,0.1016,0.0881,0.1047,0.0771,0.0806,0.072,0.0692,0.072,0.0724,0.1019,0.1276,0.0877,0.0629,0.0893,0.1158,0.0645,0.1233,0.0416,0.1134,0.13,0.1256,0.1252,0.13,0.13,0.1142,0.1134,0.1193,-0.062,-0.0936,0.1039,0.0767,0.0771,0.1035,0.098,0.1205,0.1177,0.113
8/8/2021,7.739,0.1595,0.1624,0.1621,0.1578,0.158,0.1601,0.1574,0.1618,0.161,0.1613,0.1592,0.1634,0.1618,0.1614,0.1611,0.1612,0.1606,0.1617,0.1609,0.1622,0.1614,0.1615,0.1632,0.1632,0.1628,0.1629,0.1637,0.1631,0.1597,0.1612,0.1644,0.1636,0.1632,0.1635,0.1632,0.1633,0.1604,0.162,0.1507,0.1485,0.1603,0.1608,0.1639,0.1617,0.1631,0.1632,0.163,0.1626
8/7/2021,9.4179,0.1847,0.2052,0.1964,0.2123,0.2271,0.2214,0.2239,0.2245,0.2096,0.1857,0.192,0.1859,0.1834,0.1954,0.184,0.1908,0.2003,0.1959,0.1874,0.1984,0.1877,0.2013,0.1953,0.1964,0.1847,0.1852,0.2115,0.183,0.2153,0.1919,0.1885,0.1864,0.1825,0.1874,0.1789,0.1865,0.1906,0.1864,0.2066,0.2121,0.1922,0.1911,0.2017,0.1916,0.1903,0.2017,0.2001,0.1867
8/6/2021,7.1253,0.1518,0.1456,0.1481,0.1393,0.136,0.14,0.1506,0.1362,0.1515,0.1514,0.1328,0.152,0.1549,0.1556,0.1519,0.148,0.146,0.147,0.146,0.1504,0.1505,0.1462,0.1434,0.153,0.1521,0.1556,0.1473,0.1562,0.1404,0.1497,0.1547,0.1563,0.1577,0.1572,0.1538,0.1522,0.148,0.1573,0.1291,0.1239,0.1528,0.1582,0.1455,0.1456,0.1465,0.1532,0.1521,0.1517
8/5/2021,7.0842,0.1502,0.1429,0.1424,0.1311,0.1407,0.1297,0.1372,0.1448,0.1489,0.1544,0.1479,0.1469,0.1508,0.1468,0.1518,0.152,0.1461,0.145,0.1465,0.1486,0.1516,0.1527,0.1496,0.1518,0.1543,0.1565,0.1389,0.1552,0.1527,0.1489,0.1555,0.152,0.1522,0.1551,0.1579,0.1503,0.1468,0.1526,0.1142,0.107,0.1559,0.1581,0.1568,0.1577,0.1449,0.1518,0.1523,0.1462
8/4/2021,6.9199,0.1436,0.1427,0.1528,0.1246,0.127,0.1428,0.1477,0.1403,0.1383,0.1527,0.128,0.145,0.1528,0.1454,0.1449,0.1404,0.1505,0.1508,0.1406,0.1492,0.1483,0.1431,0.148,0.1512,0.1474,0.1456,0.1446,0.1523,0.1442,0.1494,0.1561,0.1492,0.1541,0.1512,0.1574,0.1485,0.1513,0.1501,0.1008,0.0916,0.1527,0.1463,0.1471,0.1472,0.147,0.1371,0.1512,0.1468
8/3/2021,7.5342,0.1583,0.1573,0.1591,0.153,0.156,0.1542,0.1521,0.1543,0.1575,0.1586,0.1539,0.1583,0.1606,0.1612,0.1587,0.1572,0.157,0.1573,0.1584,0.1575,0.159,0.1559,0.1606,0.1594,0.1592,0.1591,0.1546,0.1615,0.1514,0.1596,0.1606,0.1618,0.1597,0.1602,0.162,0.1608,0.1599,0.1614,0.1328,0.1281,0.1593,0.1575,0.1561,0.1615,0.1561,0.1581,0.1609,0.1566
8/2/2021,8.067,0.1676,0.1684,0.1684,0.1683,0.1697,0.1683,0.1683,0.1684,0.1682,0.1677,0.1689,0.1682,0.168,0.1675,0.1679,0.1681,0.168,0.1679,0.1677,0.168,0.168,0.168,0.1678,0.1684,0.1676,0.1681,0.1675,0.1674,0.1681,0.1678,0.1673,0.1678,0.1676,0.1674,0.1675,0.1677,0.1683,0.1681,0.1699,0.1703,0.1684,0.1678,0.168,0.1682,0.1678,0.1676,0.1676,0.1675
8/1/2021,6.1012,0.1186,0.1317,0.1298,0.1034,0.0736,0.0955,0.1276,0.1184,0.1403,0.1397,0.1205,0.1308,0.1412,0.1418,0.1426,0.126,0.1332,0.1238,0.1296,0.1294,0.134,0.138,0.1302,0.1369,0.1359,0.1336,0.1198,0.1437,0.1312,0.1374,0.1534,0.135,0.1376,0.1479,0.1426,0.1332,0.1439,0.1422,0.0464,0.0298,0.126,0.1397,0.126,0.1247,0.1257,0.1361,0.1407,0.1321
7/31/2021,8.3126,0.1708,0.1716,0.1751,0.1747,0.176,0.1728,0.1744,0.1731,0.1709,0.1747,0.1728,0.1729,0.1724,0.1723,0.1709,0.1737,0.1724,0.1728,0.173,0.1714,0.1731,0.1704,0.1722,0.1719,0.1726,0.1708,0.17,0.1703,0.1765,0.1723,0.1704,0.17,0.1705,0.171,0.1703,0.1712,0.1736,0.1717,0.1889,0.192,0.171,0.1758,0.1744,0.1742,0.1722,0.1725,0.1733,0.1708
7/30/2021,4.7087,0.1028,0.113,0.0765,0.0607,0.0903,0.1028,0.0702,0.0278,0.0699,0.063,0.0521,0.0785,0.1107,0.1298,0.1124,0.0916,0.1008,0.092,0.0999,0.0906,0.1203,0.1196,0.0916,0.1245,0.1038,0.1107,0.0883,0.1245,0.0597,0.1114,0.1324,0.1351,0.1384,0.1288,0.1305,0.1137,0.1189,0.1137,0.0437,0.0267,0.0979,0.0785,0.1008,0.1252,0.0976,0.1275,0.0929,0.1166
7/29/2021,6.1831,0.1225,0.1356,0.14,0.1176,0.0911,0.0918,0.1027,0.1225,0.1211,0.1225,0.1254,0.1252,0.1338,0.143,0.1296,0.1245,0.1271,0.1305,0.1231,0.1325,0.143,0.136,0.1265,0.1202,0.1421,0.1394,0.1272,0.146,0.1071,0.1392,0.1454,0.1534,0.1458,0.1476,0.1425,0.138,0.1449,0.1311,0.1062,0.0978,0.1223,0.1174,0.1412,0.1274,0.1416,0.1229,0.1336,0.1352
7/28/2021,4.7909,0.08,0.0842,0.0964,0.0919,0.0062,0.0704,0.056,0.0441,0.1073,0.1259,0.0499,0.1269,0.1211,0.1086,0.0929,0.1233,0.0922,0.1256,0.0929,0.1102,0.1233,0.1304,0.1208,0.1095,0.1076,0.131,0.1291,0.1282,0.1227,0.1006,0.1375,0.1259,0.1217,0.1362,0.1214,0.1185,0.1189,0.116,-0.0571,-0.0881,0.1002,0.0922,0.1266,0.1355,0.1233,0.1237,0.0957,0.1336
7/27/2021,5.2416,0.0947,0.1198,0.0933,0.1027,0.0522,0.0936,0.0853,0.0872,0.0861,0.0919,0.1024,0.1131,0.1347,0.1173,0.12,0.1143,0.1068,0.1154,0.1065,0.0996,0.1338,0.1027,0.0982,0.1308,0.122,0.1057,0.0947,0.1336,0.0809,0.1236,0.1231,0.1432,0.133,0.1366,0.1308,0.1181,0.1165,0.1297,0.0496,0.0335,0.101,0.1234,0.1038,0.1305,0.1272,0.1311,0.1245,0.1231
7/26/2021,5.5277,0.1311,0.111,0.138,0.1086,0.112,0.0806,0.0834,0.0782,0.1197,0.0942,0.0777,0.1056,0.1283,0.1264,0.137,0.1123,0.119,0.1046,0.115,0.1061,0.1385,0.1199,0.1209,0.1219,0.1402,0.1157,0.0893,0.137,0.116,0.1155,0.1424,0.1288,0.1276,0.1405,0.1318,0.1286,0.1261,0.1271,0.0509,0.0349,0.1113,0.1311,0.1224,0.1066,0.1345,0.1044,0.1353,0.1397
7/25/2021,6.5926,0.1375,0.1361,0.1439,0.135,0.1071,0.1211,0.1277,0.1244,0.1418,0.1419,0.1213,0.1329,0.1398,0.143,0.1399,0.1449,0.1416,0.134,0.1451,0.1457,0.1447,0.1413,0.1411,0.1304,0.1408,0.152,0.1433,0.1489,0.1382,0.1406,0.1475,0.146,0.1502,0.1501,0.1509,0.1482,0.1481,0.1337,0.0931,0.0829,0.1489,0.1425,0.1374,0.1353,0.1343,0.1353,0.1449,0.1373
7/24/2021,5.2413,0.125,0.1181,0.1016,0.0742,0.0373,0.1137,0.1145,0.0994,0.1211,0.1079,0.1217,0.0952,0.1308,0.1206,0.1063,0.1245,0.1228,0.1016,0.1098,0.1206,0.109,0.1118,0.0902,0.1234,0.1314,0.128,0.1211,0.1341,0.1303,0.1217,0.1258,0.1388,0.1385,0.1338,0.125,0.1283,0.1303,0.1371,-0.0519,-0.0821,0.1247,0.1264,0.0991,0.1143,0.1303,0.1126,0.1322,0.1104
7/23/2021,4.7498,0.102,0.1098,0.0984,0.0445,0.0942,0.0591,0.0825,0.1043,0.1072,0.075,0.0464,0.0981,0.115,0.128,0.126,0.0906,0.128,0.0997,0.0942,0.1137,0.0958,0.0935,0.0961,0.1267,0.1342,0.127,0.1199,0.1267,0.1238,0.0971,0.1351,0.114,0.1416,0.1355,0.1251,0.1208,0.1228,0.1143,-0.0876,-0.1228,0.0942,0.1244,0.1325,0.1338,0.1046,0.1013,0.0932,0.1095
7/22/2021,5.9782,0.1155,0.1359,0.1183,0.0866,0.1088,0.1234,0.088,0.1022,0.1279,0.1131,0.1234,0.1232,0.1432,0.1414,0.1287,0.1305,0.1414,0.1297,0.1228,0.1363,0.1236,0.1252,0.1315,0.1234,0.1402,0.1402,0.1016,0.1456,0.1349,0.1382,0.1537,0.1481,0.1355,0.145,0.1495,0.1367,0.1309,0.1416,0.0328,0.0143,0.125,0.1371,0.1327,0.1232,0.1307,0.1279,0.1412,0.1276
7/21/2021,6.2243,0.131,0.1304,0.123,0.1173,0.1089,0.1013,0.1226,0.1004,0.1413,0.1198,0.1223,0.1248,0.1359,0.1414,0.1386,0.139,0.1301,0.1349,0.1352,0.1374,0.1454,0.1489,0.1208,0.1411,0.1486,0.143,0.1118,0.1455,0.1162,0.1365,0.1413,0.1491,0.1427,0.147,0.1509,0.142,0.1454,0.1264,0.0704,0.0571,0.1244,0.1381,0.1256,0.1278,0.1388,0.1256,0.1438,0.1345
7/20/2021,6.5929,0.1326,0.1375,0.1332,0.1143,0.096,0.1159,0.1432,0.1284,0.116,0.1429,0.1363,0.1402,0.1411,0.1433,0.1494,0.1484,0.1498,0.1499,0.1381,0.145,0.1479,0.1503,0.1484,0.1498,0.1505,0.1512,0.133,0.1526,0.1291,0.146,0.154,0.144,0.1451,0.1453,0.1513,0.1471,0.1375,0.147,0.0892,0.0785,0.1395,0.1319,0.1349,0.1353,0.1349,0.1347,0.1398,0.1426
7/19/2021,6.7558,0.1326,0.1379,0.1444,0.1169,0.1328,0.134,0.1422,0.1246,0.1531,0.124,0.1345,0.144,0.1456,0.1515,0.1394,0.1504,0.1456,0.1429,0.141,0.1485,0.141,0.1478,0.148,0.1542,0.1517,0.1532,0.1378,0.1511,0.1276,0.1484,0.1493,0.1486,0.1475,0.1502,0.1558,0.1461,0.1432,0.1524,0.0855,0.0742,0.1527,0.1342,0.1485,0.1469,0.1398,0.1449,0.1379,0.1514
7/18/2021,6.5518,0.1376,0.1432,0.1312,0.1257,0.1184,0.1381,0.1286,0.115,0.1334,0.1387,0.1152,0.1286,0.1448,0.1432,0.1376,0.1391,0.1444,0.1344,0.1362,0.1367,0.1477,0.1348,0.1416,0.1289,0.1432,0.1376,0.1468,0.1473,0.1309,0.1361,0.1567,0.151,0.1533,0.1454,0.152,0.1426,0.1394,0.1316,0.106,0.0977,0.1342,0.1428,0.1405,0.1352,0.1438,0.1341,0.136,0.1445
7/17/2021,7.1253,0.1427,0.1461,0.1457,0.1364,0.1219,0.1335,0.1367,0.133,0.1442,0.141,0.1507,0.1566,0.1508,0.1514,0.1542,0.149,0.1546,0.1535,0.15,0.1467,0.1529,0.1469,0.1514,0.1463,0.1492,0.1569,0.1482,0.1549,0.1435,0.1528,0.1569,0.1598,0.1548,0.1594,0.1542,0.1516,0.1529,0.1556,0.1343,0.1298,0.1499,0.151,0.1502,0.1548,0.1498,0.1521,0.1495,0.157
7/16/2021,8.2714,0.1726,0.1741,0.1735,0.1755,0.1774,0.1734,0.1754,0.1745,0.1758,0.1713,0.1764,0.1721,0.1715,0.1725,0.1728,0.1707,0.172,0.1731,0.1728,0.1723,0.1704,0.17,0.1706,0.1734,0.1698,0.1718,0.1699,0.1701,0.1758,0.1721,0.1702,0.171,0.1707,0.1694,0.1699,0.1707,0.1731,0.1719,0.1728,0.1736,0.1723,0.1725,0.1714,0.1702,0.1729,0.1729,0.1723,0.17
7/15/2021,7.4527,0.1544,0.1519,0.1531,0.1479,0.1457,0.1558,0.1494,0.1489,0.1608,0.1549,0.1563,0.1546,0.1602,0.1586,0.1553,0.1572,0.1602,0.1549,0.1562,0.1576,0.1564,0.1534,0.1555,0.1531,0.1567,0.1556,0.161,0.1596,0.1574,0.1583,0.1611,0.1612,0.1589,0.1611,0.1619,0.1588,0.1582,0.157,0.1331,0.1285,0.1529,0.1564,0.1598,0.1597,0.1553,0.1579,0.1553,0.1547
7/14/2021,7.3706,0.1559,0.151,0.1567,0.1476,0.1443,0.1511,0.1489,0.1425,0.1516,0.1553,0.1501,0.1501,0.1587,0.1566,0.1538,0.1583,0.1516,0.1543,0.1577,0.1538,0.1545,0.1543,0.1574,0.1506,0.1601,0.1541,0.1574,0.1589,0.1487,0.1574,0.1601,0.1594,0.1613,0.1575,0.1596,0.158,0.1522,0.1519,0.1323,0.1276,0.1575,0.1498,0.1579,0.1588,0.1579,0.1565,0.1545,0.1545
7/13/2021,7.7804,0.1612,0.1626,0.1628,0.1601,0.1569,0.1605,0.1599,0.162,0.1599,0.1618,0.1616,0.163,0.1623,0.1628,0.1638,0.1619,0.1631,0.1631,0.1617,0.1626,0.1639,0.1643,0.1606,0.1631,0.1639,0.1632,0.163,0.1638,0.1623,0.1636,0.164,0.1643,0.1649,0.1649,0.164,0.1633,0.1614,0.1642,0.1507,0.1485,0.1624,0.1625,0.1644,0.1632,0.162,0.1635,0.1629,0.164
7/12/2021,8.6811,0.1818,0.185,0.1795,0.1844,0.1893,0.1855,0.1796,0.1835,0.1907,0.1807,0.1923,0.1789,0.1783,0.1803,0.1803,0.182,0.1801,0.1792,0.1832,0.1833,0.1784,0.174,0.1817,0.1816,0.1795,0.1773,0.1804,0.1755,0.1885,0.1809,0.1729,0.174,0.177,0.1769,0.1767,0.1759,0.1789,0.181,0.1854,0.1879,0.1793,0.1813,0.1769,0.1826,0.1788,0.1793,0.1816,0.179
7/11/2021,6.3469,0.1354,0.1265,0.1374,0.1113,0.12,0.1318,0.1095,0.1037,0.1381,0.1361,0.1029,0.1311,0.1417,0.1353,0.1397,0.1448,0.1354,0.1333,0.1346,0.1419,0.1356,0.1422,0.1401,0.1498,0.1473,0.1493,0.1493,0.15,0.1298,0.1422,0.1486,0.1427,0.1462,0.1511,0.1503,0.143,0.1404,0.131,0.0577,0.0427,0.1348,0.1197,0.1475,0.1263,0.1301,0.1253,0.1463,0.1371
7/10/2021,4.9546,0.1152,0.0835,0.1143,0.0854,0.0181,0.05,0.0467,0.0762,0.1335,0.1015,0.121,0.0908,0.1137,0.1252,0.1003,0.1179,0.1277,0.1243,0.0972,0.1073,0.1189,0.1122,0.1173,0.1067,0.1277,0.1115,0.1356,0.1252,0.1091,0.1076,0.1466,0.1368,0.1435,0.1432,0.1189,0.1164,0.1228,0.1304,-0.0669,-0.0992,0.1198,0.1176,0.0954,0.135,0.1246,0.1192,0.0985,0.1304
7/9/2021,6.1014,0.1144,0.1407,0.1241,0.1076,0.074,0.112,0.0955,0.1137,0.1291,0.1215,0.1027,0.1296,0.1374,0.1388,0.1344,0.1332,0.1401,0.1236,0.127,0.1291,0.138,0.1222,0.1179,0.1163,0.1315,0.134,0.1407,0.1443,0.1321,0.1272,0.1422,0.1524,0.1388,0.15,0.1416,0.1386,0.1397,0.1357,0.0812,0.0694,0.1262,0.1445,0.127,0.1414,0.1426,0.141,0.1304,0.126
7/8/2021,6.3056,0.145,0.1255,0.1379,0.1001,0.0833,0.1052,0.1184,0.1062,0.118,0.1297,0.1267,0.1421,0.1426,0.1301,0.1465,0.1392,0.1443,0.1326,0.1406,0.1431,0.1358,0.138,0.1192,0.1287,0.1511,0.1355,0.1189,0.149,0.1172,0.1421,0.1455,0.1441,0.1521,0.1529,0.1419,0.1369,0.1348,0.1448,0.0924,0.0822,0.1411,0.1331,0.1441,0.1318,0.1321,0.1333,0.1363,0.1336
7/7/2021,8.435,0.1785,0.1742,0.1755,0.1775,0.184,0.1796,0.1765,0.1849,0.1745,0.1746,0.1768,0.1721,0.1747,0.1747,0.1732,0.1758,0.1725,0.1743,0.1732,0.1734,0.1752,0.1738,0.1768,0.1779,0.1725,0.1729,0.1746,0.1713,0.1752,0.174,0.1701,0.1712,0.1706,0.1731,0.1723,0.1739,0.1758,0.1738,0.2007,0.2054,0.1715,0.172,0.175,0.171,0.1726,0.1726,0.1769,0.1718
7/6/2021,6.7564,0.1405,0.1465,0.1496,0.1342,0.1065,0.1422,0.13,0.1144,0.132,0.1284,0.1342,0.1378,0.1519,0.1521,0.1466,0.1419,0.1413,0.1484,0.149,0.1438,0.1466,0.1412,0.1401,0.1362,0.1488,0.1422,0.1521,0.1542,0.146,0.1443,0.1478,0.1505,0.1557,0.149,0.1488,0.1456,0.1358,0.148,0.1046,0.096,0.1428,0.1478,0.1401,0.1504,0.1407,0.1434,0.1415,0.1449
7/5/2021,8.5993,0.1786,0.1764,0.1758,0.186,0.1876,0.1809,0.1769,0.1788,0.1746,0.1745,0.1814,0.1805,0.1737,0.1788,0.1742,0.1806,0.178,0.1769,0.1781,0.1761,0.1773,0.1803,0.1772,0.176,0.1789,0.176,0.1826,0.1753,0.176,0.1761,0.1719,0.1749,0.1762,0.173,0.1748,0.1748,0.1758,0.1794,0.2125,0.2188,0.1794,0.1788,0.1749,0.1803,0.1814,0.1791,0.1746,0.1746
7/4/2021,10.0322,0.2,0.2126,0.2228,0.2274,0.2445,0.2417,0.1998,0.2234,0.2144,0.2114,0.2449,0.2089,0.2045,0.1992,0.2061,0.2128,0.1921,0.2034,0.2144,0.2061,0.198,0.1876,0.1984,0.1906,0.1961,0.1951,0.2116,0.1921,0.2309,0.2014,0.1852,0.1898,0.1963,0.1886,0.1894,0.203,0.2179,0.1945,0.2741,0.2889,0.1969,0.2041,0.2034,0.2093,0.1992,0.2108,0.1965,0.1921
7/3/2021,6.9611,0.1523,0.1524,0.1463,0.1308,0.1412,0.1272,0.1306,0.1319,0.1372,0.1321,0.151,0.1423,0.1541,0.1474,0.145,0.143,0.1543,0.1536,0.149,0.1464,0.1548,0.1555,0.1495,0.1446,0.1487,0.1494,0.1532,0.1544,0.1348,0.1505,0.1575,0.1541,0.1564,0.1512,0.1536,0.1488,0.1504,0.1501,0.1006,0.0914,0.1435,0.1569,0.142,0.1436,0.1428,0.1482,0.1516,0.1549
7/2/2021,7.862,0.1637,0.1638,0.1641,0.1615,0.1625,0.164,0.1641,0.1629,0.1626,0.1627,0.1632,0.1643,0.1642,0.1646,0.1635,0.1639,0.1643,0.1634,0.1643,0.164,0.1642,0.1641,0.1631,0.1635,0.1645,0.1646,0.1642,0.1651,0.1638,0.1641,0.165,0.1644,0.1647,0.1645,0.1644,0.1649,0.1635,0.164,0.161,0.1602,0.1631,0.164,0.1643,0.1645,0.1647,0.1632,0.1645,0.1643
7/1/2021,6.7974,0.1341,0.1361,0.136,0.1305,0.111,0.1396,0.1253,0.1302,0.1266,0.1437,0.1468,0.1367,0.1509,0.146,0.1474,0.1432,0.1461,0.1395,0.1455,0.1382,0.1395,0.1538,0.1358,0.1451,0.1455,0.1525,0.1325,0.1503,0.1467,0.1442,0.1536,0.155,0.155,0.153,0.1534,0.1505,0.1429,0.1454,0.1278,0.1224,0.1394,0.1371,0.1383,0.1497,0.1486,0.1361,0.1449,0.145
6/30/2021,8.5172,0.1752,0.1779,0.1769,0.1868,0.1785,0.1883,0.18,0.1865,0.1752,0.1835,0.182,0.1766,0.1731,0.174,0.1761,0.1772,0.1784,0.1759,0.1771,0.1758,0.1751,0.1751,0.1802,0.1742,0.1729,0.1768,0.1839,0.173,0.1749,0.1742,0.1748,0.1711,0.171,0.1723,0.1735,0.1733,0.1773,0.1762,0.193,0.1966,0.1781,0.1731,0.1718,0.1733,0.1775,0.1757,0.1754,0.1779
6/29/2021,6.0599,0.1354,0.1352,0.116,0.1197,0.0786,0.097,0.0904,0.1265,0.1428,0.117,0.1003,0.1197,0.1422,0.1382,0.1424,0.1217,0.1337,0.1321,0.1341,0.1296,0.137,0.1205,0.1422,0.123,0.1304,0.1442,0.1286,0.1449,0.1141,0.1279,0.1488,0.1436,0.1484,0.1451,0.1414,0.1393,0.125,0.142,0.0522,0.0363,0.1176,0.1333,0.1409,0.1341,0.1221,0.1432,0.1368,0.1444
6/28/2021,8.1076,0.1681,0.1685,0.168,0.1697,0.1698,0.1689,0.1699,0.1698,0.1691,0.1698,0.1694,0.168,0.1679,0.1683,0.1689,0.1684,0.1682,0.1686,0.1689,0.1684,0.1688,0.1677,0.1679,0.1679,0.1681,0.169,0.1681,0.1679,0.1689,0.1688,0.1684,0.1675,0.1678,0.1683,0.168,0.1685,0.1685,0.169,0.1762,0.1775,0.1687,0.1681,0.1687,0.1686,0.1682,0.1688,0.169,0.1681
6/27/2021,9.7864,0.197,0.2026,0.2044,0.2103,0.2129,0.2337,0.2119,0.2113,0.2185,0.2149,0.2079,0.2011,0.1952,0.2008,0.1874,0.2095,0.1879,0.1904,0.1997,0.2026,0.1888,0.1877,0.2058,0.2024,0.1935,0.1881,0.2179,0.1872,0.2208,0.2044,0.1797,0.1886,0.1856,0.1881,0.1924,0.1945,0.196,0.1915,0.2879,0.3047,0.2095,0.1844,0.2026,0.1849,0.1997,0.2017,0.1995,0.1985
6/26/2021,7.9029,0.1647,0.165,0.1653,0.1636,0.1641,0.1637,0.1646,0.1639,0.1638,0.1638,0.1629,0.1644,0.1651,0.1654,0.1644,0.1645,0.1648,0.1649,0.1651,0.165,0.165,0.1655,0.1649,0.1652,0.1655,0.1648,0.1641,0.1655,0.1639,0.1651,0.1655,0.1655,0.1659,0.1654,0.1652,0.1653,0.1643,0.1648,0.1621,0.1614,0.1652,0.1652,0.1647,0.1647,0.1652,0.1641,0.1646,0.1653
6/25/2021,8.0666,0.1685,0.1681,0.1681,0.1691,0.1691,0.1682,0.1683,0.168,0.1675,0.1677,0.1689,0.1677,0.1674,0.1681,0.168,0.1678,0.1676,0.1675,0.168,0.1682,0.1677,0.1679,0.1685,0.1682,0.1675,0.1678,0.1683,0.1675,0.1683,0.1681,0.1674,0.1673,0.1677,0.1676,0.1673,0.1679,0.1676,0.168,0.1705,0.171,0.1681,0.1679,0.1677,0.1677,0.1677,0.1677,0.1682,0.1677
6/24/2021,7.125,0.147,0.1521,0.1433,0.1386,0.1462,0.1337,0.1487,0.1494,0.1398,0.1552,0.1367,0.145,0.1535,0.1568,0.1543,0.1563,0.15,0.1466,0.1472,0.1488,0.1494,0.1457,0.1522,0.1446,0.1535,0.1542,0.1477,0.1542,0.1444,0.1486,0.1573,0.1534,0.1576,0.1545,0.1592,0.1545,0.1512,0.1574,0.1172,0.1103,0.1508,0.1533,0.1484,0.1532,0.1493,0.1431,0.1529,0.1577
6/23/2021,7.1659,0.1565,0.1471,0.1542,0.1388,0.1395,0.1449,0.1416,0.1431,0.1533,0.1424,0.1504,0.1525,0.1532,0.1542,0.152,0.1561,0.1481,0.149,0.1506,0.1491,0.1497,0.1501,0.1481,0.1507,0.1562,0.1554,0.1478,0.157,0.1524,0.1506,0.1548,0.1582,0.1542,0.1586,0.1581,0.1538,0.1538,0.152,0.106,0.0976,0.1573,0.1541,0.1486,0.1536,0.1541,0.1455,0.1562,0.1548
6/22/2021,9.2951,0.1917,0.1998,0.1873,0.218,0.2058,0.2002,0.2077,0.1963,0.1807,0.1896,0.2054,0.1931,0.1809,0.1902,0.1871,0.1832,0.192,0.19,0.1926,0.1963,0.1873,0.179,0.1985,0.1962,0.1856,0.1879,0.1985,0.1821,0.1832,0.1896,0.1878,0.1813,0.1764,0.1801,0.1782,0.1869,0.193,0.1954,0.2482,0.2595,0.1931,0.2007,0.1946,0.1852,0.1932,0.1843,0.1945,0.1869
6/21/2021,8.0667,0.1675,0.1685,0.168,0.1689,0.1683,0.1694,0.1685,0.1683,0.1681,0.1687,0.1676,0.168,0.1679,0.1674,0.1679,0.1675,0.1677,0.1681,0.168,0.1678,0.168,0.1679,0.1677,0.1674,0.168,0.1675,0.1685,0.1676,0.1677,0.1677,0.1672,0.1674,0.1673,0.1676,0.1676,0.1677,0.1674,0.1679,0.1715,0.1722,0.1677,0.1673,0.1677,0.1678,0.1678,0.1683,0.1681,0.1681
6/20/2021,6.5107,0.1265,0.1302,0.1449,0.1156,0.1072,0.1305,0.1189,0.1376,0.1483,0.1275,0.1168,0.1348,0.1428,0.1419,0.1421,0.1409,0.1416,0.1437,0.1437,0.1391,0.1452,0.1469,0.1282,0.1475,0.1421,0.1351,0.1405,0.1507,0.1463,0.1439,0.1556,0.1546,0.1512,0.1457,0.1501,0.1422,0.1296,0.1472,0.0802,0.0682,0.1281,0.1297,0.1472,0.1305,0.1306,0.1256,0.1434,0.15
6/19/2021,8.6809,0.1823,0.1829,0.1808,0.1849,0.1989,0.1876,0.1776,0.195,0.1825,0.1764,0.1823,0.181,0.1769,0.1751,0.1761,0.1766,0.1772,0.1816,0.1774,0.183,0.1808,0.1832,0.1852,0.1786,0.1742,0.18,0.1754,0.1746,0.1862,0.1777,0.177,0.1757,0.1718,0.1742,0.1725,0.176,0.1772,0.1745,0.2071,0.2127,0.1778,0.1775,0.1799,0.1824,0.1761,0.177,0.1806,0.1789
6/18/2021,7.2068,0.1536,0.1482,0.1467,0.1422,0.1464,0.1356,0.1426,0.1481,0.1454,0.1461,0.1508,0.1488,0.1518,0.1527,0.1511,0.1487,0.1539,0.1533,0.1536,0.1506,0.1496,0.1536,0.1456,0.1456,0.1519,0.1505,0.1475,0.1557,0.1563,0.1542,0.1543,0.1605,0.1541,0.1545,0.1558,0.1553,0.1468,0.1487,0.1427,0.1393,0.1458,0.1491,0.1498,0.159,0.1514,0.1471,0.1555,0.1564
6/17/2021,6.7153,0.1328,0.1443,0.1484,0.1371,0.1369,0.1137,0.1372,0.12,0.1365,0.1402,0.1194,0.1371,0.1448,0.1502,0.1444,0.138,0.142,0.1466,0.1433,0.1442,0.1455,0.1416,0.1394,0.1428,0.1403,0.1466,0.1437,0.1496,0.1401,0.148,0.15,0.1541,0.1546,0.1468,0.1556,0.1447,0.1354,0.146,0.0991,0.0898,0.1468,0.1302,0.1441,0.1504,0.1461,0.1367,0.1515,0.1387
6/16/2021,8.3944,0.177,0.1744,0.1732,0.178,0.1838,0.1763,0.1766,0.1787,0.1739,0.1718,0.1729,0.1729,0.173,0.171,0.172,0.1727,0.1752,0.1728,0.1726,0.1723,0.1711,0.172,0.1712,0.1725,0.1724,0.173,0.1727,0.1716,0.1719,0.1727,0.173,0.172,0.1703,0.1712,0.1705,0.1734,0.1716,0.1746,0.2066,0.2121,0.1741,0.1715,0.1751,0.1731,0.1751,0.1757,0.1713,0.171
6/15/2021,8.7217,0.1821,0.1792,0.1763,0.1953,0.2008,0.1916,0.195,0.1828,0.19,0.1909,0.1885,0.1818,0.1752,0.176,0.1824,0.176,0.1797,0.1842,0.1771,0.183,0.1767,0.1779,0.1868,0.1784,0.1807,0.1753,0.189,0.1753,0.1818,0.1815,0.175,0.1755,0.1732,0.1724,0.1774,0.176,0.1804,0.1797,0.1868,0.1896,0.1805,0.1846,0.1779,0.174,0.1797,0.1861,0.1837,0.1779
6/14/2021,9.2948,0.1871,0.1865,0.1844,0.2132,0.2154,0.2091,0.2187,0.1937,0.2025,0.1864,0.1834,0.1932,0.1915,0.1889,0.1932,0.1958,0.1865,0.1937,0.1952,0.1959,0.1816,0.1838,0.1922,0.1939,0.1861,0.1901,0.2023,0.1805,0.2032,0.1854,0.1757,0.1765,0.1799,0.1775,0.1827,0.1856,0.1845,0.1919,0.2545,0.2667,0.202,0.1957,0.1796,0.183,0.1977,0.1813,0.1856,0.181
6/13/2021,10.3597,0.2205,0.2051,0.1981,0.2393,0.2582,0.2634,0.2589,0.2641,0.2068,0.2205,0.2084,0.2004,0.1992,0.2084,0.1999,0.1983,0.2091,0.2261,0.2202,0.2047,0.2122,0.2032,0.2096,0.2157,0.2098,0.2113,0.2252,0.1922,0.2132,0.2035,0.1891,0.1988,0.2016,0.1943,0.2006,0.2084,0.2106,0.1929,0.2757,0.2908,0.1945,0.2207,0.2224,0.2106,0.2096,0.2275,0.2132,0.1929
6/12/2021,9.459,0.1966,0.2059,0.1867,0.2177,0.1974,0.2155,0.1909,0.2263,0.1852,0.1977,0.1906,0.1887,0.1954,0.1939,0.1923,0.1862,0.1953,0.188,0.1883,0.1921,0.1954,0.1937,0.1906,0.2033,0.1829,0.1883,0.2031,0.1853,0.215,0.1958,0.1852,0.1878,0.1848,0.1837,0.182,0.1864,0.1944,0.2007,0.2507,0.2623,0.1957,0.2024,0.1998,0.1837,0.1875,0.2061,0.1907,0.191
6/11/2021,7.6978,0.159,0.1614,0.1623,0.1563,0.158,0.1591,0.1586,0.1585,0.1565,0.1566,0.156,0.1607,0.1627,0.1611,0.1604,0.1595,0.161,0.1616,0.1623,0.1615,0.1618,0.1605,0.159,0.1609,0.1623,0.1618,0.1569,0.1634,0.1592,0.1606,0.1618,0.164,0.1637,0.1631,0.1636,0.1625,0.1619,0.1601,0.1529,0.1509,0.1604,0.1629,0.1631,0.1598,0.1617,0.1609,0.1623,0.1627
6/10/2021,7.2887,0.1546,0.1503,0.1494,0.138,0.1419,0.1433,0.1509,0.1374,0.1554,0.1529,0.1445,0.1502,0.1556,0.1574,0.1518,0.1544,0.1512,0.1523,0.1561,0.1508,0.1563,0.1538,0.1572,0.1534,0.1596,0.1541,0.1446,0.1583,0.1473,0.1526,0.1589,0.1606,0.1562,0.1594,0.1586,0.1572,0.1488,0.1553,0.1429,0.1396,0.1499,0.1487,0.154,0.1554,0.1496,0.1499,0.1529,0.1552
6/9/2021,7.5749,0.1594,0.1581,0.1549,0.156,0.1511,0.1567,0.1576,0.1535,0.1601,0.1598,0.1578,0.1605,0.1579,0.1576,0.1578,0.1582,0.1611,0.159,0.1564,0.1573,0.1586,0.157,0.1566,0.1612,0.1603,0.162,0.1584,0.1606,0.1547,0.1604,0.1603,0.1631,0.1632,0.1613,0.1626,0.1591,0.1608,0.1586,0.1393,0.1356,0.1593,0.1584,0.1591,0.1623,0.1582,0.1553,0.1586,0.1592
6/8/2021,8.722,0.1776,0.185,0.1757,0.1849,0.1856,0.1951,0.1815,0.1961,0.1877,0.1784,0.1917,0.1779,0.1784,0.176,0.1805,0.1779,0.176,0.1822,0.1829,0.1769,0.1825,0.1736,0.1847,0.1831,0.1815,0.181,0.1835,0.1767,0.1796,0.1776,0.1765,0.1737,0.1721,0.1737,0.1775,0.1766,0.1745,0.1804,0.2041,0.2093,0.1827,0.1867,0.1768,0.176,0.1836,0.1834,0.1802,0.1824
6/7/2021,7.9848,0.1663,0.1664,0.1662,0.1662,0.1662,0.1662,0.1661,0.1663,0.1662,0.1663,0.1662,0.1665,0.1665,0.1665,0.1664,0.1664,0.1664,0.1665,0.1664,0.1664,0.1663,0.1664,0.1663,0.1663,0.1664,0.1665,0.1665,0.1665,0.1662,0.1664,0.1665,0.1665,0.1665,0.1665,0.1665,0.1664,0.1663,0.1665,0.1659,0.1658,0.1663,0.1665,0.1663,0.1663,0.1664,0.1664,0.1663,0.1665
6/6/2021,9.8683,0.2117,0.2177,0.1981,0.2104,0.221,0.2192,0.236,0.2408,0.23,0.1906,0.2207,0.1893,0.1893,0.1949,0.193,0.1973,0.1997,0.2038,0.2053,0.2108,0.2078,0.2012,0.2141,0.204,0.205,0.2016,0.2063,0.1861,0.224,0.1938,0.1932,0.1911,0.185,0.1853,0.1932,0.1947,0.2123,0.2087,0.2388,0.2488,0.1995,0.2136,0.1859,0.1896,0.2104,0.2085,0.1924,0.1938
6/5/2021,7.125,0.1525,0.1468,0.1459,0.1364,0.1314,0.1376,0.1323,0.1373,0.1466,0.1496,0.1483,0.1453,0.155,0.1529,0.1486,0.1535,0.1478,0.1478,0.1454,0.1527,0.1542,0.1486,0.1537,0.1461,0.1506,0.1522,0.151,0.1556,0.1436,0.1535,0.1555,0.1541,0.1561,0.1573,0.155,0.1536,0.1565,0.1514,0.1296,0.1245,0.1514,0.1422,0.156,0.1486,0.1524,0.1538,0.148,0.1562
6/4/2021,9.1723,0.1943,0.198,0.1825,0.2119,0.2073,0.212,0.2177,0.2038,0.1839,0.1895,0.1869,0.1929,0.184,0.1813,0.1853,0.183,0.1884,0.1909,0.1899,0.1835,0.1824,0.1889,0.1884,0.1805,0.185,0.1899,0.1785,0.1789,0.19,0.1906,0.1838,0.1859,0.1844,0.1819,0.1834,0.1824,0.1842,0.1857,0.2272,0.2356,0.1824,0.1977,0.1857,0.1918,0.1899,0.1981,0.1833,0.1888
6/3/2021,6.9198,0.1444,0.1397,0.1377,0.1223,0.1122,0.1256,0.1345,0.122,0.1276,0.1328,0.1413,0.1407,0.1461,0.1494,0.1509,0.1461,0.1527,0.1493,0.1515,0.1451,0.1466,0.1424,0.1526,0.1494,0.1514,0.1432,0.1311,0.1545,0.1304,0.1515,0.1581,0.1523,0.1507,0.1575,0.1512,0.1485,0.142,0.1481,0.1644,0.1641,0.1384,0.1409,0.1398,0.1458,0.1407,0.1527,0.1511,0.1485
6/2/2021,7.3297,0.1535,0.1546,0.1557,0.1402,0.1495,0.1421,0.1485,0.1488,0.1458,0.1495,0.1521,0.1544,0.1541,0.1592,0.1537,0.1565,0.1512,0.1535,0.1539,0.1531,0.1553,0.1527,0.1565,0.1519,0.1557,0.1574,0.1495,0.1589,0.148,0.1561,0.1618,0.1618,0.1569,0.1574,0.159,0.1551,0.1574,0.1593,0.1257,0.12,0.1578,0.1592,0.1586,0.1565,0.1543,0.1482,0.1545,0.1543
6/1/2021,8.5172,0.1778,0.1786,0.18,0.1784,0.1863,0.1792,0.1871,0.1788,0.1787,0.1801,0.1808,0.1807,0.1734,0.1724,0.1769,0.1767,0.1745,0.178,0.1791,0.1745,0.1783,0.1757,0.1786,0.1781,0.1735,0.1721,0.1759,0.1738,0.1816,0.1739,0.1727,0.1731,0.1705,0.1727,0.173,0.1755,0.1733,0.1752,0.194,0.1978,0.1757,0.1756,0.1725,0.1777,0.1757,0.1739,0.1764,0.1784
5/31/2021,7.698,0.1617,0.16,0.1626,0.1587,0.1579,0.1605,0.1598,0.157,0.1558,0.16,0.1614,0.162,0.1632,0.1604,0.1605,0.1609,0.1601,0.1622,0.1625,0.1609,0.162,0.1628,0.1632,0.1618,0.1608,0.1621,0.163,0.1626,0.1586,0.1618,0.1633,0.1625,0.1645,0.1621,0.1618,0.1614,0.1592,0.1624,0.1431,0.1398,0.1597,0.1617,0.163,0.163,0.162,0.1593,0.1608,0.1616
5/30/2021,10.3184,0.204,0.2246,0.1987,0.2388,0.2258,0.2093,0.2494,0.2214,0.2008,0.2348,0.214,0.2149,0.2019,0.1961,0.2123,0.1989,0.1943,0.1947,0.2086,0.2093,0.2047,0.2123,0.2033,0.2232,0.2005,0.2137,0.2263,0.1905,0.2082,0.2163,0.1834,0.1998,0.1919,0.1915,0.1866,0.2065,0.217,0.194,0.3406,0.3647,0.2283,0.2056,0.2209,0.2003,0.214,0.2281,0.2031,0.1905
5/29/2021,9.1722,0.1862,0.1977,0.1902,0.198,0.2213,0.2049,0.2132,0.1896,0.194,0.1876,0.1997,0.1975,0.1906,0.1805,0.1884,0.1918,0.195,0.1884,0.1878,0.1881,0.1807,0.1941,0.1952,0.1865,0.1888,0.1913,0.1961,0.1833,0.19,0.1874,0.1776,0.178,0.1804,0.1783,0.1777,0.1819,0.1805,0.18,0.2194,0.2267,0.191,0.1996,0.179,0.1889,0.1848,0.1797,0.1929,0.1919
5/28/2021,7.9437,0.1657,0.1658,0.1656,0.1647,0.1643,0.1649,0.1649,0.1656,0.1657,0.1654,0.1657,0.166,0.1657,0.1656,0.1658,0.1658,0.1654,0.1656,0.1657,0.1658,0.1657,0.1655,0.1659,0.1659,0.1661,0.1657,0.1653,0.166,0.1655,0.1658,0.1661,0.1662,0.1662,0.1659,0.1661,0.1657,0.1653,0.1656,0.1628,0.1622,0.1655,0.1651,0.1654,0.1659,0.1654,0.1656,0.1658,0.1658
5/27/2021,9.4178,0.2008,0.2008,0.1922,0.2085,0.213,0.1937,0.1974,0.1989,0.2072,0.2048,0.2123,0.1896,0.1833,0.1857,0.1892,0.1857,0.1858,0.2023,0.1879,0.1993,0.1942,0.1957,0.2061,0.1828,0.1898,0.1945,0.1824,0.1841,0.204,0.1954,0.1782,0.1801,0.1859,0.1844,0.1881,0.1862,0.2017,0.184,0.2529,0.2649,0.1977,0.1964,0.1807,0.1909,0.2021,0.1997,0.1935,0.183
5/26/2021,12.6938,0.2643,0.2469,0.2573,0.2817,0.291,0.2652,0.3,0.2868,0.3192,0.3239,0.3446,0.2906,0.2535,0.2239,0.2244,0.2404,0.2328,0.2507,0.2704,0.2605,0.2727,0.2422,0.2892,0.2624,0.2141,0.2544,0.2756,0.2178,0.3028,0.2441,0.2047,0.216,0.2113,0.2394,0.2174,0.2404,0.2357,0.2746,0.3796,0.409,0.2695,0.2737,0.2436,0.2174,0.2803,0.2788,0.2619,0.2371
5/25/2021,15.847,0.3048,0.2985,0.3809,0.3409,0.4837,0.3573,0.4327,0.468,0.3071,0.3926,0.3581,0.2569,0.2781,0.2804,0.3424,0.3103,0.3252,0.2954,0.3503,0.3173,0.3095,0.3236,0.3103,0.3048,0.2365,0.2993,0.2593,0.2647,0.3824,0.2828,0.2749,0.2279,0.2726,0.264,0.2326,0.282,0.3181,0.333,0.672,0.7418,0.2632,0.3158,0.264,0.2467,0.3236,0.377,0.3362,0.2475
5/24/2021,15.8057,0.2736,0.3165,0.3681,0.4414,0.4008,0.3626,0.386,0.4695,0.2525,0.3158,0.3407,0.3189,0.3228,0.2603,0.2845,0.3431,0.2588,0.2892,0.3392,0.3126,0.322,0.3306,0.3376,0.3423,0.3212,0.3134,0.3493,0.2674,0.4141,0.2752,0.2736,0.2471,0.251,0.2752,0.2689,0.283,0.2798,0.3134,0.5704,0.6262,0.2884,0.3688,0.2838,0.3064,0.2713,0.3517,0.3306,0.2861
5/23/2021,16.2563,0.2922,0.3153,0.288,0.3995,0.43,0.5085,0.4292,0.4812,0.331,0.2789,0.2938,0.3376,0.2922,0.2922,0.3384,0.3549,0.2831,0.2938,0.326,0.3161,0.3458,0.3359,0.3045,0.2657,0.3136,0.3417,0.3871,0.2525,0.3211,0.3078,0.2823,0.2534,0.2501,0.2484,0.3004,0.2988,0.2707,0.3194,0.5752,0.6317,0.2922,0.3855,0.312,0.345,0.3739,0.3755,0.359,0.3252
5/22/2021,16.0921,0.3317,0.2824,0.3892,0.4556,0.4685,0.475,0.3568,0.458,0.2589,0.3228,0.3415,0.267,0.2735,0.2589,0.2775,0.3487,0.3026,0.3107,0.3091,0.2808,0.284,0.2613,0.2711,0.2872,0.3123,0.3317,0.2905,0.2541,0.3528,0.2986,0.2856,0.2735,0.284,0.2751,0.2597,0.2986,0.3228,0.2589,0.818,0.908,0.297,0.2727,0.2597,0.2945,0.3196,0.3083,0.3366,0.3067
5/21/2021,14.0859,0.2817,0.3091,0.2738,0.3803,0.3164,0.3925,0.3961,0.3553,0.3066,0.3182,0.3791,0.2421,0.258,0.2354,0.2397,0.2665,0.2786,0.2762,0.2811,0.2525,0.275,0.2281,0.247,0.2519,0.2902,0.2287,0.2567,0.2397,0.2586,0.2738,0.2446,0.2391,0.2446,0.2111,0.2622,0.275,0.2744,0.2969,0.6314,0.6957,0.2683,0.2318,0.2592,0.2397,0.2488,0.3273,0.261,0.2859
5/20/2021,9.8685,0.2149,0.1992,0.2083,0.2294,0.2087,0.2052,0.2278,0.2446,0.2231,0.2274,0.2285,0.208,0.2038,0.1908,0.2046,0.2095,0.1923,0.2018,0.2057,0.2016,0.2005,0.2104,0.2031,0.1938,0.1846,0.1958,0.2208,0.1917,0.2031,0.1992,0.187,0.1861,0.1859,0.1904,0.1956,0.199,0.2022,0.1934,0.2304,0.2393,0.2167,0.1878,0.2113,0.1945,0.2106,0.201,0.19,0.2091
5/19/2021,13.1441,0.2459,0.2392,0.3071,0.3117,0.2927,0.3344,0.3848,0.3416,0.2644,0.2392,0.2536,0.2978,0.2551,0.2634,0.287,0.2459,0.2659,0.2284,0.2829,0.2562,0.2752,0.284,0.2382,0.2428,0.2413,0.2418,0.2834,0.2202,0.2438,0.2521,0.2299,0.2346,0.2335,0.2263,0.2387,0.249,0.2227,0.2855,0.4962,0.5418,0.2238,0.2917,0.2726,0.2335,0.2881,0.3076,0.2305,0.2181
5/18/2021,12.9396,0.2615,0.2388,0.2408,0.304,0.3134,0.2743,0.3741,0.3292,0.3445,0.2867,0.2872,0.304,0.2304,0.2472,0.2739,0.26,0.2447,0.2324,0.2398,0.2778,0.2556,0.2205,0.2976,0.2175,0.2447,0.217,0.2813,0.217,0.2635,0.2556,0.2378,0.2432,0.2264,0.2111,0.2413,0.2417,0.2314,0.2556,0.4707,0.5127,0.2408,0.2877,0.217,0.2877,0.2338,0.2689,0.2753,0.2215
5/17/2021,12.7345,0.2405,0.2779,0.2225,0.3589,0.348,0.2836,0.3115,0.2685,0.2519,0.2841,0.3248,0.241,0.2495,0.2258,0.2552,0.2438,0.2547,0.2519,0.2756,0.2651,0.2623,0.2263,0.2528,0.2808,0.249,0.2642,0.215,0.2273,0.2718,0.2472,0.2306,0.2344,0.2159,0.2192,0.2154,0.2391,0.2358,0.2453,0.3994,0.4316,0.2699,0.2817,0.2595,0.2566,0.2424,0.2898,0.2637,0.2727
5/16/2021,10.3186,0.2035,0.1991,0.2019,0.2541,0.2777,0.2237,0.2664,0.2112,0.2497,0.239,0.2534,0.2093,0.2038,0.1996,0.2135,0.2165,0.2158,0.2219,0.2021,0.2035,0.2177,0.2093,0.2096,0.2001,0.2054,0.2135,0.1968,0.1936,0.2177,0.2065,0.1961,0.2045,0.1929,0.2035,0.204,0.1977,0.2165,0.2135,0.21,0.216,0.2223,0.2249,0.2052,0.2168,0.2179,0.2186,0.2225,0.1998
5/15/2021,7.4523,0.152,0.1588,0.1558,0.1487,0.1487,0.1451,0.1478,0.1532,0.1489,0.1543,0.1463,0.1574,0.1554,0.1575,0.1581,0.1537,0.16,0.1547,0.1568,0.1589,0.16,0.1566,0.1583,0.1554,0.1606,0.1608,0.1512,0.1595,0.1503,0.1567,0.1628,0.1621,0.1592,0.16,0.1589,0.1572,0.1537,0.1554,0.1469,0.1442,0.152,0.1595,0.1568,0.1538,0.1551,0.153,0.1602,0.16
5/14/2021,8.5581,0.1786,0.1742,0.1788,0.1843,0.1844,0.1857,0.1756,0.1852,0.1854,0.1833,0.1875,0.1755,0.1757,0.1775,0.1744,0.1783,0.1772,0.1807,0.177,0.1763,0.1768,0.1802,0.1743,0.1775,0.1747,0.1735,0.174,0.1731,0.1777,0.1766,0.1753,0.1741,0.1709,0.1715,0.1741,0.1764,0.1764,0.1775,0.1984,0.2028,0.181,0.1768,0.1765,0.1738,0.1753,0.1767,0.1738,0.1728
5/13/2021,12.2843,0.2322,0.2438,0.2232,0.3183,0.3457,0.2798,0.314,0.3012,0.2596,0.3008,0.32,0.2134,0.2164,0.2382,0.2622,0.2592,0.2361,0.2301,0.2699,0.2618,0.2519,0.2391,0.2314,0.2339,0.2181,0.2288,0.2703,0.2258,0.2926,0.2284,0.2018,0.2374,0.2198,0.2266,0.2061,0.2352,0.2224,0.2121,0.3997,0.4319,0.2592,0.2699,0.2232,0.2087,0.2682,0.2305,0.2228,0.2626
5/12/2021,14.6998,0.2772,0.292,0.3523,0.3904,0.4729,0.3395,0.2839,0.3971,0.4032,0.361,0.3663,0.2531,0.2484,0.2564,0.2879,0.3261,0.2866,0.2578,0.3054,0.2678,0.2993,0.233,0.3375,0.294,0.2337,0.2685,0.2692,0.2598,0.2558,0.2558,0.2404,0.2571,0.2196,0.2591,0.231,0.2551,0.2886,0.2504,0.5818,0.6393,0.3194,0.2477,0.2524,0.2638,0.2899,0.3502,0.3147,0.3074
5/11/2021,12.3251,0.222,0.2558,0.2311,0.2718,0.3306,0.3081,0.3466,0.2757,0.2255,0.2441,0.2899,0.2648,0.2168,0.2514,0.2186,0.2579,0.2553,0.2411,0.2359,0.2324,0.2203,0.2138,0.2372,0.2761,0.2155,0.245,0.293,0.2238,0.309,0.2506,0.2277,0.2294,0.1978,0.2168,0.2281,0.2298,0.2367,0.2337,0.4474,0.4862,0.2246,0.2752,0.2315,0.2553,0.2216,0.27,0.2268,0.2268
5/10/2021,11.8749,0.2542,0.2476,0.2504,0.3081,0.3298,0.2554,0.3201,0.281,0.2678,0.2174,0.2752,0.2403,0.2178,0.248,0.2449,0.2252,0.2531,0.2597,0.2527,0.2263,0.2217,0.2422,0.2562,0.2659,0.205,0.2248,0.2779,0.2112,0.2953,0.2229,0.2081,0.2186,0.2256,0.2136,0.1984,0.2159,0.243,0.2198,0.2922,0.3096,0.2302,0.2597,0.248,0.2074,0.2407,0.2666,0.2453,0.2341
5/9/2021,8.4762,0.1787,0.1739,0.1721,0.183,0.181,0.1857,0.1812,0.1849,0.1838,0.1749,0.18,0.1782,0.1736,0.1732,0.1778,0.1739,0.1743,0.1737,0.1739,0.1765,0.173,0.1745,0.1793,0.1768,0.1756,0.1724,0.1758,0.1728,0.1817,0.1747,0.172,0.1725,0.1714,0.1723,0.1718,0.175,0.1766,0.1747,0.1869,0.1897,0.1794,0.1797,0.1757,0.1712,0.1732,0.1766,0.1746,0.172
5/8/2021,10.851,0.2434,0.228,0.2462,0.2767,0.2431,0.2345,0.2576,0.2365,0.261,0.2234,0.2225,0.2134,0.2211,0.2208,0.2285,0.2057,0.214,0.2117,0.23,0.2091,0.2263,0.2334,0.2006,0.226,0.1963,0.2174,0.2191,0.2049,0.2505,0.2117,0.1975,0.2029,0.206,0.2097,0.2106,0.2137,0.2191,0.2268,0.306,0.3253,0.2014,0.2086,0.1975,0.2217,0.2186,0.2442,0.2274,0.2006
5/7/2021,11.9155,0.2332,0.2371,0.2285,0.3237,0.2559,0.2755,0.3225,0.2379,0.2352,0.2462,0.2567,0.2144,0.2191,0.2211,0.2328,0.261,0.2516,0.2544,0.2242,0.2481,0.2187,0.2066,0.2544,0.236,0.216,0.2352,0.2693,0.2203,0.2473,0.2309,0.2082,0.227,0.2023,0.2023,0.2219,0.2368,0.2227,0.2285,0.4412,0.4791,0.2152,0.2215,0.2563,0.2512,0.2509,0.254,0.2552,0.2274
5/6/2021,9.1313,0.1925,0.1953,0.1847,0.1948,0.2008,0.2073,0.2054,0.2028,0.1871,0.192,0.183,0.1822,0.181,0.1824,0.1912,0.1918,0.1904,0.1814,0.1843,0.1834,0.186,0.1876,0.1891,0.1865,0.178,0.1901,0.1947,0.1811,0.1817,0.1876,0.1749,0.1847,0.1756,0.1813,0.1775,0.1869,0.1904,0.187,0.2481,0.2593,0.1866,0.1835,0.1839,0.1897,0.1879,0.189,0.1852,0.1836
5/5/2021,10.3596,0.2191,0.2207,0.2011,0.2264,0.2344,0.2429,0.2202,0.2426,0.2469,0.211,0.2219,0.2157,0.2136,0.2002,0.2058,0.2084,0.1973,0.208,0.2231,0.2089,0.2014,0.1912,0.2266,0.2073,0.2087,0.1978,0.2058,0.2006,0.211,0.2132,0.1981,0.1924,0.2006,0.1888,0.1929,0.2047,0.2212,0.2098,0.3218,0.3433,0.2016,0.2247,0.1905,0.1978,0.2209,0.2014,0.2096,0.2077
5/4/2021,13.5535,0.2966,0.2416,0.255,0.3916,0.3072,0.2888,0.3494,0.3188,0.3177,0.3194,0.2461,0.2905,0.2622,0.2827,0.2316,0.2627,0.2811,0.2533,0.2894,0.2577,0.2672,0.2994,0.3099,0.3149,0.2572,0.2661,0.341,0.2322,0.3572,0.2727,0.2422,0.2094,0.2117,0.2278,0.2466,0.245,0.2433,0.2539,0.4269,0.4629,0.3066,0.2316,0.2589,0.25,0.2472,0.2389,0.2983,0.2911
5/3/2021,14.8643,0.352,0.352,0.3424,0.3451,0.3486,0.3884,0.4604,0.3637,0.3163,0.365,0.3266,0.2854,0.3012,0.2449,0.3129,0.282,0.2785,0.3369,0.3039,0.3012,0.3211,0.247,0.3417,0.282,0.2909,0.2971,0.3232,0.2532,0.3019,0.2806,0.2271,0.2573,0.2758,0.2511,0.2717,0.2779,0.3218,0.258,0.419,0.4539,0.3451,0.236,0.3156,0.2909,0.3122,0.2799,0.247,0.2779
5/2/2021,17.4844,0.2938,0.3971,0.3374,0.4569,0.3677,0.3896,0.3639,0.4607,0.2909,0.3526,0.5062,0.3971,0.2909,0.3213,0.3829,0.3526,0.3507,0.308,0.3326,0.3289,0.345,0.3696,0.289,0.3905,0.3013,0.3402,0.2795,0.2748,0.3725,0.3203,0.2463,0.2577,0.2672,0.2444,0.2625,0.3326,0.3051,0.3677,0.9531,1.0618,0.3213,0.2919,0.3782,0.2805,0.3526,0.3459,0.3023,0.3488
5/1/2021,18.2624,0.3442,0.3103,0.413,0.4202,0.4304,0.3914,0.3883,0.5023,0.3011,0.4807,0.3935,0.3206,0.3073,0.2908,0.3124,0.3073,0.3627,0.3452,0.3699,0.3955,0.3534,0.4027,0.4099,0.2867,0.335,0.3688,0.4202,0.2744,0.4448,0.3442,0.3175,0.3237,0.2713,0.2816,0.2642,0.298,0.2898,0.3678,1.0214,1.1396,0.3073,0.3688,0.3001,0.3924,0.3124,0.2816,0.3596,0.3381
4/30/2021,17.6891,0.4128,0.4176,0.3391,0.4835,0.6589,0.4031,0.5891,0.373,0.5174,0.3459,0.3527,0.2732,0.2955,0.2936,0.3411,0.4021,0.3992,0.4021,0.3198,0.3527,0.3411,0.2839,0.3479,0.3314,0.2684,0.3178,0.436,0.2694,0.2994,0.344,0.2422,0.3285,0.2442,0.2471,0.2781,0.311,0.3818,0.3614,0.6533,0.7206,0.3469,0.373,0.2694,0.3391,0.3479,0.2955,0.3711,0.3663
4/29/2021,14.4956,0.2686,0.2777,0.2472,0.433,0.3141,0.3161,0.3622,0.3622,0.3609,0.281,0.3096,0.331,0.2823,0.2771,0.3005,0.2446,0.2732,0.3219,0.2706,0.3005,0.2699,0.2816,0.3018,0.2355,0.2751,0.2608,0.2953,0.2518,0.2849,0.3031,0.2173,0.2433,0.2271,0.2446,0.2219,0.2738,0.2407,0.3213,0.6746,0.7448,0.2589,0.3557,0.307,0.2284,0.2927,0.2511,0.2433,0.255
4/28/2021,14.3726,0.2572,0.289,0.3324,0.4126,0.4528,0.3247,0.2725,0.2999,0.2775,0.2992,0.3464,0.2795,0.2597,0.275,0.2775,0.2438,0.2833,0.2533,0.2597,0.2763,0.2501,0.3043,0.312,0.24,0.2986,0.2374,0.3253,0.231,0.2603,0.268,0.2202,0.2661,0.2323,0.2431,0.247,0.2559,0.2871,0.2597,0.676,0.7464,0.2928,0.2635,0.2826,0.2999,0.282,0.3088,0.2725,0.2374
4/27/2021,12.3659,0.2758,0.2579,0.2789,0.2671,0.3719,0.3361,0.3269,0.3335,0.2976,0.3051,0.2632,0.2391,0.2191,0.2409,0.2295,0.2217,0.2239,0.2741,0.2597,0.2487,0.2627,0.2697,0.2732,0.226,0.2129,0.2234,0.2121,0.2199,0.2418,0.2457,0.2212,0.2304,0.2125,0.2007,0.2343,0.2243,0.2518,0.216,0.327,0.3491,0.2684,0.2173,0.2435,0.2487,0.2697,0.2758,0.2553,0.2618
4/26/2021,11.0968,0.2069,0.2128,0.2329,0.2351,0.2521,0.2757,0.2497,0.2958,0.215,0.223,0.2528,0.2054,0.2125,0.2249,0.2301,0.2209,0.2072,0.2271,0.237,0.215,0.2079,0.2082,0.2425,0.1973,0.2212,0.2187,0.2425,0.2017,0.2119,0.2317,0.2122,0.2109,0.2109,0.1976,0.2103,0.2066,0.2413,0.2413,0.3525,0.3782,0.2314,0.2103,0.2305,0.2175,0.2397,0.2481,0.241,0.201
4/25/2021,9.5815,0.1918,0.1923,0.2065,0.2228,0.2309,0.2007,0.2261,0.2193,0.1959,0.1898,0.2008,0.1951,0.1969,0.1985,0.2007,0.1969,0.2008,0.1962,0.1904,0.197,0.1969,0.1912,0.1937,0.194,0.1826,0.1986,0.1951,0.1858,0.2195,0.1961,0.1828,0.1887,0.1817,0.1868,0.1871,0.1934,0.1947,0.1942,0.2605,0.2735,0.1853,0.2087,0.1839,0.1917,0.1875,0.1915,0.1962,0.1904
4/24/2021,12.8162,0.2678,0.25,0.2249,0.3386,0.4046,0.3478,0.3545,0.315,0.3237,0.3107,0.3391,0.2929,0.2428,0.2404,0.2697,0.2466,0.2302,0.2837,0.2534,0.2471,0.2673,0.2283,0.2644,0.2664,0.2452,0.2721,0.2986,0.2206,0.3179,0.2558,0.2264,0.2177,0.2158,0.2182,0.2052,0.2437,0.2524,0.2601,0.2216,0.2292,0.2731,0.2856,0.2288,0.2741,0.2567,0.2837,0.2278,0.276
4/23/2021,11.2606,0.2185,0.2518,0.256,0.2945,0.2671,0.2342,0.2765,0.2606,0.2351,0.2733,0.2159,0.2198,0.2038,0.2299,0.2113,0.2286,0.2143,0.2166,0.2162,0.2286,0.24,0.227,0.2293,0.2091,0.2316,0.2081,0.2452,0.2055,0.2329,0.2244,0.2035,0.1914,0.1921,0.2009,0.1999,0.2227,0.2205,0.212,0.384,0.414,0.2205,0.2136,0.242,0.2439,0.2091,0.2172,0.24,0.2276
4/22/2021,13.2258,0.2461,0.2743,0.2398,0.3783,0.3172,0.2973,0.2701,0.2837,0.2748,0.289,0.3083,0.2738,0.2315,0.2717,0.2832,0.2471,0.2738,0.29,0.2633,0.2633,0.2278,0.2654,0.2566,0.3015,0.2597,0.2644,0.3198,0.221,0.3099,0.2696,0.2383,0.2116,0.2383,0.21,0.2503,0.2508,0.2895,0.2926,0.467,0.5086,0.2404,0.2717,0.2534,0.2215,0.2377,0.2404,0.2827,0.2487
4/21/2021,13.3077,0.2643,0.2479,0.2643,0.3094,0.3296,0.3562,0.2829,0.3588,0.2558,0.2442,0.2829,0.2288,0.2298,0.2627,0.2596,0.2803,0.293,0.2447,0.276,0.2771,0.2532,0.284,0.2463,0.2712,0.2611,0.2256,0.258,0.2224,0.3232,0.2367,0.2059,0.2505,0.2431,0.2128,0.2171,0.2341,0.2988,0.2744,0.542,0.5939,0.2505,0.3041,0.2787,0.224,0.2659,0.232,0.2781,0.2718
4/20/2021,14.4952,0.3245,0.2836,0.294,0.4128,0.3589,0.4174,0.4369,0.3342,0.2985,0.3739,0.3316,0.3057,0.2712,0.2472,0.3018,0.2927,0.2777,0.281,0.2979,0.2745,0.2427,0.3037,0.331,0.2745,0.2329,0.2537,0.2407,0.2472,0.3258,0.2758,0.2544,0.2511,0.2303,0.2576,0.2531,0.2771,0.2634,0.3096,0.5202,0.5691,0.266,0.2407,0.2881,0.231,0.2725,0.279,0.307,0.281
4/19/2021,18.2624,0.3565,0.4191,0.4345,0.4838,0.4992,0.3832,0.5874,0.532,0.5176,0.4509,0.4335,0.377,0.3278,0.3812,0.2908,0.415,0.3288,0.3565,0.4171,0.3175,0.3083,0.3986,0.3678,0.3329,0.2601,0.3504,0.414,0.2949,0.3822,0.3596,0.3319,0.296,0.3165,0.2652,0.2652,0.3124,0.3955,0.3514,0.4925,0.5376,0.4099,0.3237,0.3617,0.3144,0.337,0.4212,0.4099,0.3422
4/18/2021,20.7195,0.4847,0.3511,0.4554,0.5928,0.7963,0.6653,0.5635,0.4796,0.4707,0.3664,0.6297,0.3905,0.3231,0.3956,0.3562,0.3664,0.3396,0.4554,0.3664,0.4198,0.4236,0.4325,0.3982,0.2989,0.332,0.4134,0.5152,0.3358,0.4401,0.346,0.271,0.2939,0.2811,0.2951,0.3091,0.3867,0.388,0.3562,0.8561,0.9514,0.3994,0.3791,0.3206,0.3905,0.3511,0.4579,0.3956,0.4325
4/17/2021,20.228,0.4063,0.3721,0.3892,0.4944,0.6118,0.5433,0.6668,0.5629,0.3709,0.5702,0.6484,0.3807,0.388,0.388,0.41,0.3721,0.3807,0.3476,0.388,0.3501,0.3672,0.2963,0.4687,0.454,0.3794,0.3305,0.5274,0.2987,0.454,0.3415,0.2767,0.3036,0.3427,0.3379,0.3342,0.3611,0.3122,0.3342,0.6802,0.7512,0.3452,0.4222,0.4455,0.4296,0.388,0.421,0.4516,0.3317
4/16/2021,15.6831,0.3172,0.3311,0.3342,0.444,0.4655,0.3334,0.2904,0.4287,0.3787,0.3626,0.2842,0.3557,0.298,0.3203,0.2735,0.3365,0.2581,0.3103,0.3311,0.3426,0.3096,0.265,0.3511,0.2735,0.2381,0.2827,0.3948,0.2673,0.3403,0.3203,0.2289,0.2297,0.2512,0.2243,0.2658,0.298,0.3549,0.2627,0.6841,0.7556,0.3326,0.285,0.2742,0.3096,0.2819,0.2688,0.2827,0.2543
4/15/2021,17.3207,0.4015,0.2906,0.4062,0.5516,0.3708,0.396,0.5143,0.4006,0.3419,0.4174,0.3102,0.3587,0.2944,0.3027,0.3782,0.3512,0.3689,0.3391,0.3326,0.3857,0.3484,0.3577,0.3018,0.3475,0.2599,0.3708,0.2804,0.2962,0.4715,0.2953,0.3093,0.2711,0.3149,0.2916,0.2794,0.3214,0.3195,0.2711,0.6361,0.701,0.327,0.4043,0.3559,0.3372,0.3736,0.341,0.3587,0.2655
4/14/2021,20.7602,0.4295,0.3989,0.3377,0.6439,0.806,0.5775,0.7013,0.589,0.3645,0.4372,0.4334,0.3568,0.3172,0.4346,0.441,0.4487,0.4091,0.3632,0.4308,0.4359,0.4295,0.381,0.4972,0.3287,0.2917,0.4359,0.3019,0.3479,0.4614,0.3925,0.2802,0.3377,0.2585,0.2636,0.3223,0.3402,0.307,0.3453,0.9395,1.0463,0.3096,0.3887,0.4806,0.3798,0.4015,0.3708,0.4589,0.3058
4/13/2021,20.7194,0.3651,0.4974,0.4516,0.4656,0.7263,0.6754,0.6462,0.6195,0.622,0.332,0.5889,0.4134,0.3244,0.3396,0.3486,0.3422,0.4579,0.4261,0.374,0.3613,0.4363,0.3854,0.4694,0.3333,0.3435,0.4198,0.4109,0.3193,0.58,0.3384,0.3524,0.3409,0.3422,0.3689,0.3727,0.3727,0.3969,0.3066,0.6515,0.7185,0.3091,0.374,0.4503,0.3422,0.4643,0.388,0.3562,0.3982
4/12/2021,17.8528,0.3519,0.3933,0.4209,0.4189,0.6101,0.3805,0.4849,0.3706,0.3972,0.4701,0.4228,0.3696,0.2938,0.2957,0.3509,0.3332,0.3864,0.3263,0.3903,0.3489,0.3815,0.3667,0.2869,0.348,0.3677,0.3489,0.278,0.2859,0.3736,0.3154,0.277,0.279,0.2504,0.2948,0.2544,0.3223,0.3608,0.3775,0.6698,0.7394,0.345,0.4051,0.343,0.346,0.3795,0.3499,0.3411,0.3489
4/11/2021,15.478,0.3035,0.2781,0.2646,0.3618,0.4688,0.314,0.3865,0.4045,0.2512,0.3985,0.3132,0.2706,0.2811,0.3073,0.293,0.3289,0.2729,0.2766,0.3319,0.2886,0.3357,0.2422,0.3484,0.3521,0.2751,0.3245,0.3132,0.2452,0.2796,0.3028,0.2257,0.2721,0.2848,0.2594,0.2572,0.2818,0.3506,0.2758,0.6475,0.714,0.2848,0.2818,0.3095,0.3185,0.3125,0.3589,0.3379,0.2908
4/10/2021,14.4135,0.3321,0.2847,0.2988,0.395,0.3591,0.3571,0.3199,0.3943,0.3007,0.2763,0.3796,0.2943,0.2917,0.2763,0.2834,0.2443,0.2738,0.2552,0.3116,0.277,0.2738,0.2475,0.3347,0.2334,0.2481,0.2629,0.3706,0.2507,0.3777,0.2815,0.2565,0.2532,0.243,0.2545,0.2449,0.2795,0.3097,0.3097,0.4225,0.4579,0.3129,0.3199,0.2353,0.2911,0.3232,0.2597,0.2718,0.2821
4/9/2021,11.752,0.2477,0.2665,0.2691,0.2999,0.3074,0.2503,0.2657,0.2894,0.2507,0.2586,0.2991,0.2192,0.2233,0.2143,0.2421,0.2199,0.2289,0.2563,0.2335,0.2263,0.2515,0.2312,0.268,0.2136,0.2241,0.241,0.2567,0.2076,0.2882,0.2443,0.2079,0.2102,0.2064,0.2207,0.2117,0.2286,0.2503,0.2496,0.2718,0.2863,0.2417,0.2503,0.2237,0.2436,0.2338,0.2503,0.2365,0.2342
4/8/2021,17.4843,0.3032,0.4047,0.2795,0.5214,0.473,0.473,0.3402,0.491,0.4246,0.4303,0.5261,0.3706,0.2985,0.3118,0.3213,0.3459,0.3089,0.3886,0.3602,0.3583,0.2871,0.327,0.3649,0.4057,0.3137,0.3639,0.4123,0.2824,0.344,0.307,0.3004,0.2492,0.3042,0.2776,0.2814,0.308,0.3488,0.3725,0.5051,0.5519,0.2871,0.3829,0.3924,0.3763,0.3962,0.3867,0.3213,0.3032
4/7/2021,17.7711,0.3513,0.4266,0.41,0.5262,0.6064,0.41,0.5458,0.4901,0.4383,0.3875,0.5516,0.3425,0.3328,0.3093,0.3562,0.2859,0.3875,0.409,0.4041,0.3513,0.3347,0.3934,0.4158,0.2693,0.281,0.2751,0.452,0.2702,0.4901,0.367,0.3181,0.2898,0.3005,0.3035,0.3044,0.3152,0.2781,0.2956,0.3207,0.342,0.3298,0.4442,0.3074,0.3523,0.368,0.3904,0.3396,0.3005
4/6/2021,15.7237,0.3435,0.3482,0.2987,0.4625,0.3783,0.3629,0.3768,0.3945,0.3551,0.2856,0.4038,0.2671,0.2524,0.3134,0.3157,0.3528,0.3111,0.3173,0.332,0.2848,0.3289,0.3065,0.3474,0.3103,0.3011,0.2493,0.3791,0.2663,0.3358,0.3157,0.2733,0.2261,0.2825,0.2246,0.2655,0.2902,0.3065,0.3034,0.5954,0.6547,0.2601,0.3698,0.2756,0.2717,0.291,0.3675,0.3134,0.2555
4/5/2021,16.4605,0.401,0.3443,0.346,0.3934,0.5745,0.3291,0.4154,0.423,0.4383,0.3756,0.4247,0.2944,0.3266,0.2961,0.3621,0.3706,0.3494,0.3266,0.3393,0.3418,0.3139,0.3257,0.4002,0.3579,0.3274,0.3181,0.308,0.2843,0.3249,0.2834,0.2267,0.2724,0.236,0.2411,0.2877,0.2809,0.2885,0.341,0.4365,0.4738,0.2919,0.3883,0.3765,0.2927,0.2868,0.368,0.3579,0.2978
4/4/2021,15.601,0.3719,0.2868,0.264,0.4563,0.5224,0.4563,0.3293,0.381,0.3004,0.3346,0.4654,0.3065,0.2548,0.2685,0.324,0.2799,0.2868,0.2822,0.324,0.2898,0.2526,0.2928,0.2579,0.3567,0.2723,0.2632,0.302,0.2624,0.3962,0.3035,0.2419,0.2305,0.2366,0.229,0.267,0.2951,0.2754,0.3445,0.6839,0.7554,0.2655,0.3415,0.2564,0.2716,0.3194,0.2898,0.2799,0.2731
4/3/2021,10.6463,0.2119,0.236,0.2347,0.2431,0.2365,0.2429,0.2543,0.2693,0.2551,0.2535,0.2461,0.2032,0.2175,0.2214,0.2254,0.2167,0.2079,0.2029,0.209,0.2318,0.209,0.2095,0.2339,0.2027,0.1902,0.2069,0.2466,0.1931,0.2376,0.2085,0.2013,0.2077,0.195,0.2029,0.1926,0.2056,0.2098,0.2236,0.2804,0.2961,0.196,0.2132,0.1945,0.1921,0.2233,0.2328,0.2058,0.2164
4/2/2021,9.0902,0.1909,0.1927,0.1792,0.1978,0.2175,0.2105,0.1969,0.2057,0.2025,0.1971,0.2005,0.185,0.185,0.179,0.1809,0.1901,0.1796,0.1815,0.1898,0.184,0.1795,0.1887,0.1801,0.1893,0.1768,0.1891,0.1943,0.1801,0.1963,0.1811,0.1819,0.1833,0.1799,0.1803,0.1777,0.1825,0.1937,0.1844,0.2135,0.2199,0.1842,0.1877,0.1893,0.1825,0.1838,0.1934,0.1881,0.1826
4/1/2021,10.0725,0.2046,0.2189,0.1992,0.2268,0.2311,0.2048,0.2104,0.2087,0.2245,0.2305,0.2025,0.2247,0.2038,0.1998,0.1959,0.1932,0.2098,0.2114,0.1986,0.1988,0.2073,0.2166,0.2046,0.2087,0.204,0.2087,0.193,0.1924,0.2023,0.2075,0.1988,0.1886,0.1851,0.1992,0.1893,0.1967,0.2177,0.1888,0.3075,0.327,0.2054,0.1915,0.205,0.2077,0.2114,0.192,0.2036,0.2141
3/31/2021,9.0087,0.1875,0.1873,0.1865,0.2047,0.2142,0.2085,0.1894,0.2025,0.1809,0.2009,0.1865,0.1939,0.1808,0.1826,0.1885,0.1839,0.1861,0.1834,0.1822,0.1914,0.1894,0.1827,0.1824,0.1776,0.1846,0.1866,0.18,0.1802,0.1855,0.1845,0.1768,0.1745,0.1824,0.1801,0.1754,0.1805,0.186,0.1855,0.2121,0.2184,0.1912,0.1913,0.1898,0.1774,0.1803,0.1932,0.1803,0.1783
3/30/2021,11.5061,0.2392,0.2273,0.2252,0.2575,0.315,0.2736,0.2445,0.3143,0.2161,0.2673,0.2666,0.2073,0.2263,0.2291,0.235,0.2298,0.2435,0.2543,0.2368,0.2371,0.2228,0.2512,0.2399,0.2021,0.2154,0.2028,0.2231,0.2151,0.2196,0.2259,0.2017,0.1972,0.2182,0.2101,0.2021,0.2179,0.2238,0.2403,0.3787,0.408,0.2182,0.2519,0.2252,0.2406,0.2175,0.2203,0.2343,0.2364
3/29/2021,13.3898,0.2599,0.2675,0.2825,0.3569,0.3451,0.3478,0.2766,0.2766,0.2475,0.2939,0.2669,0.2583,0.2685,0.2723,0.2761,0.268,0.2561,0.2702,0.261,0.2475,0.24,0.2766,0.2766,0.2378,0.2216,0.2454,0.226,0.2243,0.3095,0.2615,0.2044,0.2367,0.2249,0.2286,0.2157,0.2604,0.2933,0.2389,0.5632,0.618,0.2384,0.3219,0.2691,0.2728,0.2346,0.3014,0.2869,0.2621
3/28/2021,18.1397,0.3309,0.3644,0.411,0.3958,0.6199,0.5327,0.3654,0.554,0.5317,0.5074,0.556,0.2975,0.3613,0.2975,0.3259,0.2975,0.3167,0.3715,0.3928,0.4019,0.334,0.2965,0.408,0.408,0.2833,0.3654,0.3755,0.2944,0.409,0.3431,0.3086,0.2681,0.2833,0.2975,0.3046,0.335,0.3968,0.3177,0.5802,0.6373,0.3512,0.2802,0.2752,0.336,0.4039,0.3887,0.3431,0.2833
3/27/2021,18.9584,0.4067,0.3913,0.3836,0.5425,0.7025,0.3815,0.4834,0.4406,0.3299,0.433,0.4099,0.319,0.3464,0.2861,0.3661,0.3957,0.3683,0.4417,0.3694,0.3749,0.2938,0.4198,0.3661,0.3234,0.2719,0.3365,0.388,0.2861,0.4023,0.3924,0.2565,0.2795,0.2784,0.2883,0.2763,0.3595,0.3573,0.365,0.9088,1.0114,0.3705,0.4132,0.3541,0.365,0.3179,0.3519,0.3541,0.3979
3/26/2021,19.7777,0.3822,0.4246,0.434,0.4858,0.573,0.5918,0.5954,0.5165,0.3363,0.3198,0.5153,0.3751,0.3268,0.4046,0.3162,0.4211,0.3386,0.3092,0.4317,0.4364,0.4058,0.4517,0.4423,0.3963,0.2833,0.3104,0.467,0.288,0.4929,0.4116,0.308,0.2833,0.3127,0.3351,0.3398,0.3174,0.3009,0.4328,0.7037,0.778,0.394,0.4917,0.4128,0.3504,0.4587,0.394,0.3798,0.3009
3/25/2021,17.198,0.3194,0.3423,0.2835,0.3718,0.5033,0.4408,0.5631,0.4086,0.461,0.3102,0.3911,0.277,0.3515,0.3212,0.2807,0.3102,0.3617,0.3359,0.3672,0.3598,0.2908,0.3341,0.3295,0.3331,0.3405,0.2908,0.3874,0.2614,0.4104,0.323,0.2375,0.2697,0.3065,0.2789,0.3028,0.2954,0.3341,0.3359,0.6549,0.7224,0.3341,0.392,0.3782,0.3571,0.3856,0.3791,0.2752,0.2973
3/24/2021,20.3509,0.4828,0.3544,0.4619,0.6199,0.7126,0.5495,0.6743,0.6879,0.3556,0.368,0.4162,0.4137,0.3161,0.368,0.3186,0.426,0.4446,0.3396,0.3828,0.4544,0.4334,0.3519,0.4248,0.2964,0.326,0.3655,0.4977,0.2902,0.5718,0.3939,0.2605,0.3705,0.2667,0.2964,0.363,0.3285,0.3346,0.4026,0.7298,0.8077,0.3396,0.3062,0.4087,0.3248,0.4581,0.4631,0.4409,0.3507
3/23/2021,19.8593,0.3861,0.3469,0.4098,0.5889,0.7051,0.4133,0.6316,0.4987,0.4904,0.5284,0.4916,0.4382,0.3588,0.3979,0.4382,0.3552,0.4039,0.4027,0.4477,0.4382,0.3576,0.3517,0.3944,0.4762,0.3754,0.4228,0.3505,0.2864,0.4715,0.4015,0.3363,0.2936,0.3517,0.3339,0.2959,0.3647,0.3137,0.2959,0.439,0.4766,0.456,0.3778,0.4122,0.4418,0.456,0.3813,0.4359,0.3374
3/22/2021,23.2583,0.455,0.4734,0.4123,0.5863,0.5405,0.8045,0.6046,0.6336,0.5893,0.4642,0.5954,0.5649,0.4444,0.4154,0.4093,0.5374,0.3513,0.5222,0.4123,0.5283,0.3498,0.4657,0.4245,0.4947,0.3421,0.3864,0.4322,0.3665,0.394,0.4474,0.3574,0.3513,0.336,0.3391,0.3238,0.3864,0.3589,0.5176,1.0807,1.2072,0.568,0.4581,0.3604,0.3788,0.4413,0.3788,0.4993,0.4673
3/21/2021,25.0595,0.4925,0.5897,0.559,0.6768,0.5897,0.774,0.8235,0.8013,0.5147,0.4413,0.6256,0.6119,0.4106,0.4857,0.4942,0.5317,0.4482,0.4277,0.4635,0.4396,0.443,0.5642,0.5471,0.5778,0.3185,0.4362,0.7006,0.3697,0.4737,0.4669,0.3441,0.3117,0.3168,0.3287,0.3373,0.3884,0.4464,0.4277,1.0187,1.1366,0.5369,0.3577,0.4874,0.5607,0.5164,0.5778,0.4072,0.4601
3/20/2021,24.7325,0.3909,0.6101,0.6268,0.6067,1.0066,0.5967,0.6904,0.7791,0.5783,0.4595,0.6235,0.5247,0.5013,0.4796,0.4227,0.3658,0.4879,0.58,0.4913,0.4913,0.4595,0.5164,0.4846,0.3641,0.334,0.4093,0.4929,0.3741,0.5565,0.4796,0.2771,0.4294,0.426,0.3424,0.344,0.426,0.3524,0.3808,0.8443,0.938,0.6218,0.5431,0.4528,0.5147,0.4545,0.5967,0.4963,0.508
3/19/2021,24.241,0.5532,0.5548,0.4915,0.6847,0.9381,0.7189,0.6523,0.6035,0.5694,0.7237,0.5435,0.3957,0.4834,0.3437,0.3762,0.5402,0.4087,0.459,0.5435,0.4785,0.5207,0.4103,0.4996,0.5386,0.4281,0.3551,0.6734,0.381,0.7026,0.4525,0.3599,0.3518,0.3957,0.3404,0.3258,0.4038,0.5694,0.4558,0.6216,0.6845,0.537,0.4363,0.4428,0.3339,0.4103,0.5061,0.5029,0.5386
3/18/2021,17.8941,0.3082,0.3972,0.3359,0.5604,0.4061,0.5515,0.3359,0.411,0.32,0.3309,0.4427,0.4407,0.3042,0.3309,0.2884,0.3161,0.3636,0.4081,0.4021,0.3824,0.3764,0.2626,0.4348,0.3982,0.2715,0.3616,0.4437,0.2943,0.4724,0.3359,0.2676,0.3082,0.2745,0.3052,0.3012,0.2963,0.3101,0.3735,0.7261,0.8034,0.3438,0.3161,0.2824,0.3853,0.3517,0.2913,0.2992,0.3705
3/17/2021,18.59,0.3615,0.4208,0.4177,0.5892,0.6983,0.5945,0.4102,0.5797,0.4611,0.4801,0.4823,0.4621,0.3647,0.3096,0.3933,0.3467,0.3785,0.3467,0.3891,0.4018,0.4049,0.3234,0.3573,0.3965,0.2704,0.3901,0.3869,0.2832,0.3234,0.3711,0.2397,0.2429,0.3287,0.2609,0.3223,0.3255,0.3975,0.37,0.3484,0.3736,0.3192,0.3933,0.4251,0.3869,0.3753,0.3975,0.3785,0.3096
3/16/2021,18.385,0.4512,0.3287,0.3131,0.4398,0.4751,0.4917,0.5862,0.4616,0.4388,0.4834,0.3287,0.3785,0.3006,0.3598,0.3816,0.3972,0.3629,0.3048,0.3204,0.3681,0.3702,0.3868,0.4138,0.3713,0.2581,0.2944,0.4429,0.2757,0.5104,0.3505,0.2757,0.3266,0.2466,0.2529,0.3318,0.3089,0.3121,0.392,0.6135,0.6753,0.3204,0.4346,0.3941,0.3536,0.3785,0.4305,0.337,0.3546
3/15/2021,24.2411,0.4558,0.6019,0.6198,0.5776,0.8683,0.4899,0.4606,0.7887,0.5841,0.6117,0.3875,0.3551,0.498,0.459,0.4038,0.394,0.4379,0.5126,0.4087,0.4168,0.4444,0.4022,0.5776,0.5191,0.3339,0.4752,0.5727,0.3372,0.6247,0.4005,0.381,0.4152,0.3291,0.3794,0.3534,0.4363,0.3843,0.5435,1.2239,1.3701,0.4265,0.3486,0.4152,0.3648,0.5012,0.5142,0.4947,0.3404
3/14/2021,20.8429,0.3593,0.3953,0.3529,0.6983,0.534,0.516,0.6226,0.4903,0.4171,0.3953,0.4993,0.4826,0.34,0.367,0.367,0.3837,0.3375,0.4646,0.376,0.4595,0.3388,0.4068,0.5185,0.3195,0.3606,0.3529,0.5494,0.3054,0.507,0.3542,0.3644,0.3375,0.3529,0.3054,0.3349,0.3388,0.3388,0.4646,0.8904,0.9905,0.4017,0.4286,0.3015,0.3452,0.4736,0.5173,0.4184,0.367
3/13/2021,22.3575,0.4194,0.4509,0.3648,0.695,0.8199,0.5601,0.7582,0.5486,0.4696,0.4136,0.5802,0.5658,0.3993,0.4438,0.4165,0.4868,0.3648,0.339,0.4107,0.4194,0.3734,0.3949,0.4768,0.5342,0.2988,0.4007,0.527,0.3318,0.405,0.3806,0.2657,0.3074,0.3677,0.3677,0.3045,0.3705,0.4667,0.4452,0.8334,0.9256,0.4237,0.4667,0.3993,0.471,0.4739,0.4552,0.4797,0.484
3/12/2021,20.1049,0.4693,0.4233,0.3301,0.577,0.4354,0.6194,0.3652,0.6146,0.5468,0.5601,0.5213,0.3591,0.3603,0.3482,0.3301,0.3446,0.4233,0.364,0.3846,0.4475,0.3979,0.347,0.3107,0.295,0.2913,0.433,0.3131,0.3204,0.4899,0.3979,0.2671,0.3482,0.2926,0.324,0.3422,0.3652,0.4306,0.3955,0.846,0.9399,0.3664,0.4862,0.3252,0.3821,0.4463,0.4487,0.3192,0.3591
3/11/2021,20.5146,0.4044,0.4958,0.4282,0.5947,0.6147,0.4645,0.6585,0.4407,0.4195,0.3569,0.477,0.4069,0.3544,0.3381,0.4132,0.3419,0.3244,0.3419,0.4345,0.4057,0.3356,0.3832,0.4432,0.3506,0.3882,0.3031,0.4257,0.2993,0.5809,0.3719,0.2943,0.3106,0.2868,0.2693,0.3369,0.3769,0.4195,0.4683,1.1107,1.2412,0.3544,0.3306,0.3018,0.3056,0.3231,0.4633,0.3218,0.4019
3/10/2021,21.784,0.4244,0.5209,0.3459,0.6381,0.82,0.543,0.6091,0.525,0.5499,0.4423,0.3776,0.4975,0.4203,0.4658,0.474,0.452,0.39,0.3845,0.4341,0.4892,0.3514,0.4382,0.5209,0.3142,0.3831,0.3831,0.5416,0.361,0.3707,0.3693,0.2604,0.3679,0.3031,0.299,0.299,0.3417,0.4644,0.3445,0.9138,1.0171,0.5195,0.5085,0.4106,0.4106,0.3748,0.3403,0.4451,0.3266
3/9/2021,25.7558,0.5679,0.5076,0.5111,0.8574,0.6745,0.8006,0.8893,0.6106,0.378,0.5111,0.4738,0.433,0.3797,0.5342,0.3797,0.5608,0.4792,0.449,0.5129,0.5733,0.5484,0.4579,0.6354,0.5218,0.4188,0.5502,0.7508,0.3549,0.6709,0.4295,0.4277,0.3194,0.3567,0.378,0.3158,0.3939,0.5537,0.4099,0.9896,1.1034,0.6159,0.433,0.4437,0.4827,0.607,0.5324,0.4596,0.5111
3/8/2021,24.0769,0.3837,0.4528,0.5959,0.7213,0.5155,0.4641,0.7824,0.8033,0.6313,0.4737,0.3901,0.3885,0.4046,0.3773,0.3628,0.3708,0.5461,0.4384,0.4448,0.5268,0.5139,0.4046,0.6152,0.3323,0.4593,0.3773,0.6458,0.3339,0.5155,0.493,0.3596,0.3789,0.3371,0.4078,0.4078,0.4062,0.4368,0.5011,1.1208,1.2527,0.3564,0.5847,0.5573,0.3339,0.5284,0.5509,0.4239,0.3676
3/7/2021,26.4519,0.4748,0.628,0.4047,0.9195,0.8272,0.5302,0.628,0.556,0.4582,0.7387,0.4305,0.6593,0.5468,0.3973,0.5025,0.4416,0.58,0.5154,0.6095,0.4674,0.5062,0.5597,0.4047,0.3881,0.3696,0.484,0.7387,0.3936,0.4877,0.5394,0.3161,0.3346,0.3549,0.3789,0.3826,0.4914,0.4471,0.3918,1.4567,1.6352,0.5136,0.4748,0.6003,0.6077,0.6095,0.5099,0.3899,0.3696
3/6/2021,24.7319,0.513,0.5197,0.4812,0.8594,0.6117,0.8393,0.8058,0.667,0.6586,0.5532,0.6251,0.3942,0.4612,0.4913,0.5063,0.3691,0.4277,0.3758,0.4377,0.5448,0.3691,0.3641,0.3741,0.3741,0.5063,0.5247,0.6787,0.3524,0.682,0.4829,0.3859,0.3223,0.2888,0.3407,0.3675,0.4043,0.431,0.4478,0.9437,1.0511,0.5431,0.3524,0.4695,0.4913,0.4193,0.5532,0.5431,0.5264
3/5/2021,22.5623,0.4885,0.4652,0.4128,0.5628,0.7477,0.6545,0.7157,0.5438,0.4856,0.423,0.6181,0.5293,0.3283,0.4259,0.4812,0.3807,0.4972,0.4608,0.4783,0.4943,0.3662,0.3764,0.4899,0.3429,0.3487,0.3429,0.5686,0.3268,0.3618,0.4666,0.388,0.3225,0.3589,0.3895,0.3574,0.3938,0.5205,0.4433,0.8082,0.8969,0.4069,0.5861,0.3429,0.4317,0.4332,0.4856,0.487,0.3254
3/4/2021,20.7603,0.367,0.3466,0.4334,0.5303,0.4563,0.441,0.7128,0.5482,0.4831,0.4206,0.3785,0.4806,0.3351,0.3632,0.3504,0.3823,0.404,0.3849,0.3568,0.367,0.4372,0.3645,0.4691,0.3555,0.3185,0.3785,0.4512,0.3326,0.4614,0.3861,0.2611,0.2624,0.279,0.3593,0.3721,0.3696,0.3772,0.3402,1.0439,1.1652,0.4474,0.4142,0.464,0.4563,0.4512,0.4129,0.4678,0.3198
3/3/2021,17.4845,0.2833,0.3734,0.3232,0.4578,0.381,0.5024,0.4986,0.3943,0.3858,0.2994,0.4066,0.3696,0.3592,0.3725,0.2938,0.3649,0.3289,0.2814,0.3545,0.3554,0.2843,0.3962,0.3431,0.3137,0.2672,0.3431,0.344,0.2615,0.3478,0.3213,0.2482,0.2748,0.2463,0.2568,0.3061,0.3336,0.3649,0.3858,0.8821,0.9811,0.3165,0.3412,0.3298,0.2776,0.3222,0.3326,0.308,0.3687
3/2/2021,14.9459,0.2785,0.2785,0.3174,0.3382,0.4306,0.4257,0.2986,0.4348,0.3702,0.2722,0.2722,0.3243,0.3056,0.3042,0.2806,0.2674,0.3104,0.2966,0.2715,0.3132,0.257,0.3174,0.2966,0.3348,0.257,0.2389,0.3334,0.2431,0.3987,0.3028,0.2167,0.2257,0.2528,0.2646,0.2785,0.2653,0.3382,0.2702,0.4964,0.542,0.3118,0.3577,0.2688,0.3146,0.2597,0.2847,0.3049,0.3229
3/1/2021,22.8898,0.4451,0.5642,0.3468,0.5151,0.7042,0.7876,0.7965,0.7206,0.5106,0.3826,0.387,0.5493,0.3751,0.3334,0.4406,0.5166,0.4779,0.3662,0.4302,0.4674,0.3841,0.4764,0.5344,0.5568,0.3841,0.326,0.5687,0.326,0.393,0.3751,0.3409,0.3007,0.32,0.3439,0.3409,0.393,0.5047,0.3677,0.8908,0.991,0.393,0.5225,0.3468,0.5315,0.4362,0.4927,0.4317,0.5002
2/28/2021,23.6673,0.4001,0.4126,0.5082,0.5161,0.8999,0.7197,0.4816,0.6524,0.7056,0.502,0.5584,0.5051,0.4894,0.4643,0.3609,0.5239,0.4487,0.4973,0.4706,0.3923,0.3797,0.3813,0.5051,0.5333,0.4502,0.4565,0.4502,0.3343,0.4158,0.4988,0.3265,0.422,0.3374,0.3233,0.3703,0.3985,0.5114,0.3907,0.873,0.9707,0.538,0.4173,0.4283,0.5286,0.5411,0.5631,0.3688,0.444
2/27/2021,20.0237,0.4095,0.4264,0.4805,0.4396,0.4985,0.6332,0.6765,0.4961,0.5418,0.4192,0.5899,0.3482,0.3494,0.3374,0.3975,0.418,0.3422,0.3434,0.424,0.3446,0.3675,0.3158,0.4709,0.4192,0.3951,0.3146,0.335,0.3085,0.567,0.3711,0.3194,0.3362,0.3206,0.3434,0.2797,0.3506,0.4372,0.323,0.6587,0.7267,0.4216,0.3675,0.3903,0.3614,0.3518,0.4047,0.4143,0.436
2/26/2021,21.6612,0.4467,0.4126,0.5178,0.5314,0.8552,0.5464,0.638,0.6311,0.5847,0.4891,0.4344,0.3729,0.3511,0.3156,0.3743,0.3306,0.4768,0.4658,0.3839,0.4249,0.4426,0.4317,0.5342,0.3552,0.4098,0.403,0.5109,0.3443,0.3852,0.3866,0.347,0.3798,0.3265,0.2937,0.2883,0.3811,0.403,0.3279,0.8356,0.9281,0.3238,0.5191,0.4918,0.3197,0.3552,0.4795,0.4085,0.4658
2/25/2021,19.3681,0.4668,0.452,0.3702,0.4486,0.6612,0.6214,0.3861,0.4531,0.452,0.3611,0.3781,0.3542,0.3031,0.2951,0.3633,0.3361,0.4304,0.4236,0.4054,0.3406,0.3349,0.2803,0.4804,0.2792,0.269,0.3611,0.4963,0.294,0.3179,0.3827,0.3372,0.3179,0.269,0.2678,0.2769,0.3258,0.4395,0.3611,0.9556,1.0647,0.4099,0.3804,0.3167,0.3099,0.4304,0.3702,0.3872,0.3497
2/24/2021,20.8833,0.3535,0.4617,0.3986,0.6124,0.4746,0.6549,0.6176,0.5776,0.454,0.3883,0.5184,0.4205,0.3754,0.3715,0.3921,0.4759,0.423,0.3432,0.463,0.4089,0.3638,0.396,0.3599,0.5029,0.4269,0.3599,0.463,0.3213,0.3792,0.4256,0.3689,0.2929,0.3329,0.3058,0.3741,0.3457,0.4218,0.4591,0.7348,0.8134,0.4114,0.3187,0.4192,0.3779,0.3818,0.5171,0.4514,0.3728
2/23/2021,23.6266,0.587,0.5026,0.4495,0.5964,0.9652,0.6652,0.787,0.4995,0.5573,0.5761,0.6511,0.5511,0.4245,0.3761,0.5026,0.4011,0.5308,0.4261,0.4214,0.5448,0.4495,0.4901,0.573,0.512,0.3151,0.4761,0.5526,0.3604,0.412,0.4729,0.3964,0.2917,0.3151,0.2964,0.4104,0.3729,0.5105,0.5323,0.6205,0.6833,0.4495,0.5683,0.4433,0.3182,0.4167,0.4261,0.487,0.4589
2/22/2021,21.1289,0.3662,0.4765,0.3347,0.5776,0.6537,0.6104,0.5225,0.6288,0.5225,0.4004,0.4463,0.4227,0.3387,0.4266,0.4489,0.3872,0.378,0.4699,0.4122,0.3544,0.4109,0.4174,0.3597,0.3111,0.319,0.4148,0.5422,0.2993,0.5947,0.3859,0.2704,0.2691,0.2927,0.3216,0.3675,0.3951,0.3846,0.3308,1.0447,1.1661,0.3203,0.4594,0.3872,0.3807,0.3557,0.3872,0.3662,0.3964
2/21/2021,16.8702,0.3113,0.3929,0.3334,0.3893,0.4372,0.3778,0.4408,0.5215,0.4337,0.2997,0.4399,0.3529,0.3299,0.3068,0.3432,0.3494,0.3547,0.3849,0.3024,0.3254,0.321,0.3095,0.3875,0.2536,0.2775,0.2926,0.4434,0.2669,0.3565,0.3494,0.29,0.266,0.2882,0.2829,0.2651,0.3077,0.3875,0.3405,0.4956,0.5411,0.3583,0.4212,0.2554,0.3538,0.3272,0.3778,0.3272,0.2997
2/20/2021,16.7475,0.29,0.3005,0.3827,0.4151,0.3827,0.4011,0.5131,0.3679,0.4195,0.4308,0.4221,0.3932,0.2646,0.3539,0.2681,0.2988,0.2865,0.3232,0.3679,0.3224,0.3093,0.3005,0.3355,0.2515,0.255,0.3232,0.3451,0.2918,0.3171,0.3093,0.2926,0.2506,0.2489,0.2708,0.2664,0.311,0.3705,0.2839,0.7075,0.7823,0.3967,0.3731,0.2585,0.2961,0.3442,0.3399,0.3582,0.3539
2/19/2021,18.6721,0.3278,0.3556,0.3214,0.4196,0.4644,0.4089,0.5797,0.5082,0.3769,0.4228,0.5498,0.4036,0.3203,0.3342,0.3097,0.3428,0.3406,0.4313,0.3876,0.4121,0.3854,0.4015,0.3844,0.3267,0.2659,0.3641,0.4719,0.3129,0.3171,0.3203,0.2809,0.2702,0.3321,0.299,0.2542,0.3257,0.3545,0.4143,0.8734,0.9711,0.3246,0.3065,0.3171,0.3726,0.4185,0.4132,0.2905,0.2862
2/18/2021,17.5667,0.3618,0.3676,0.4336,0.5465,0.623,0.3408,0.4384,0.5197,0.3178,0.3953,0.3523,0.3781,0.357,0.3236,0.3628,0.3197,0.3857,0.3934,0.3006,0.3207,0.379,0.3972,0.3714,0.3676,0.2901,0.3628,0.381,0.2958,0.4709,0.3408,0.2413,0.3169,0.2537,0.3063,0.291,0.3044,0.2987,0.3197,0.5112,0.5588,0.2862,0.3274,0.2776,0.2796,0.3685,0.4163,0.3666,0.3475
2/17/2021,17.6074,0.3675,0.2944,0.4001,0.4616,0.5145,0.3944,0.3934,0.3607,0.281,0.4424,0.5433,0.3329,0.3185,0.3117,0.2925,0.3473,0.3953,0.3482,0.3079,0.3867,0.3771,0.3463,0.3828,0.2695,0.3473,0.2762,0.4386,0.282,0.2964,0.3338,0.2723,0.2695,0.3175,0.3194,0.2848,0.2954,0.2887,0.3944,0.7916,0.8781,0.3732,0.3127,0.3819,0.2925,0.3069,0.3041,0.3559,0.3242
2/16/2021,20.9647,0.3689,0.3508,0.3858,0.4895,0.7293,0.6334,0.5025,0.4324,0.4376,0.5193,0.566,0.4908,0.4039,0.3417,0.3974,0.33,0.3897,0.4389,0.3676,0.4597,0.3352,0.4623,0.4286,0.3961,0.3611,0.4363,0.4221,0.3417,0.3521,0.3417,0.3028,0.3637,0.2963,0.2898,0.3041,0.3767,0.4182,0.4584,1.0513,1.1736,0.3391,0.3002,0.4726,0.3313,0.4013,0.426,0.4169,0.33
2/15/2021,20.5554,0.4906,0.3889,0.4278,0.4793,0.4404,0.6074,0.5333,0.6827,0.4228,0.468,0.4944,0.3211,0.3763,0.4153,0.3864,0.4391,0.3876,0.3989,0.4278,0.4705,0.3588,0.458,0.3876,0.4002,0.3123,0.4278,0.5044,0.3311,0.3977,0.3324,0.3362,0.3136,0.3663,0.3462,0.3148,0.3763,0.4052,0.409,0.7697,0.8531,0.4492,0.2947,0.4002,0.3864,0.4693,0.3424,0.4454,0.3085
2/14/2021,21.4563,0.3524,0.4654,0.4008,0.4627,0.4614,0.5852,0.3941,0.7265,0.5879,0.4614,0.4196,0.5461,0.3725,0.3658,0.3362,0.4721,0.4196,0.4546,0.3685,0.4156,0.46,0.4412,0.4196,0.4318,0.312,0.4277,0.4466,0.3524,0.569,0.3712,0.2622,0.3725,0.351,0.347,0.3416,0.3927,0.5031,0.3779,0.8948,0.9955,0.4439,0.5206,0.3389,0.3887,0.425,0.4102,0.4519,0.3389
2/13/2021,19.5318,0.3293,0.4446,0.4065,0.6199,0.5887,0.5207,0.5818,0.448,0.3339,0.3765,0.3396,0.4423,0.2981,0.3443,0.3166,0.4019,0.4331,0.4515,0.4088,0.4065,0.3546,0.3166,0.4227,0.4042,0.3143,0.35,0.4988,0.2878,0.3177,0.3316,0.2993,0.3177,0.2485,0.2993,0.3535,0.3189,0.3074,0.4284,0.9114,1.0144,0.4204,0.3777,0.3685,0.3143,0.3385,0.2935,0.4377,0.3915
2/12/2021,20.2278,0.4577,0.3672,0.3183,0.6203,0.7047,0.5726,0.6105,0.3904,0.6105,0.4271,0.6277,0.3085,0.3183,0.3,0.3709,0.3195,0.3745,0.3207,0.4051,0.443,0.3342,0.3281,0.4259,0.4039,0.2914,0.388,0.5347,0.2914,0.5702,0.3819,0.2841,0.3501,0.3574,0.3036,0.2877,0.3843,0.3586,0.3061,0.6865,0.7584,0.3648,0.4907,0.4552,0.3171,0.4711,0.4161,0.3758,0.443
2/11/2021,21.1698,0.5157,0.3747,0.4287,0.5618,0.5078,0.6777,0.4459,0.5934,0.5618,0.4208,0.4511,0.3287,0.3418,0.3352,0.3945,0.3234,0.3932,0.3313,0.3563,0.4366,0.4129,0.3774,0.5367,0.3247,0.3774,0.3076,0.5249,0.3089,0.5907,0.405,0.2589,0.2694,0.2654,0.3287,0.3326,0.3879,0.4103,0.4564,1.0985,1.2274,0.326,0.3471,0.3708,0.4485,0.4301,0.5196,0.3919,0.3537
2/10/2021,23.913,0.5247,0.4945,0.5725,0.5661,0.5088,0.7841,0.5072,0.5311,0.4372,0.617,0.7157,0.4977,0.4197,0.4929,0.4451,0.5056,0.5104,0.5661,0.4054,0.4292,0.4579,0.4229,0.5502,0.5486,0.3576,0.4165,0.4324,0.3815,0.574,0.4817,0.3751,0.3544,0.3672,0.3783,0.4133,0.4117,0.3767,0.364,0.9711,1.0824,0.4897,0.6234,0.3767,0.3767,0.5613,0.4658,0.3719,0.399
2/9/2021,23.1762,0.3533,0.5081,0.4095,0.6478,0.7206,0.798,0.7418,0.6083,0.5051,0.4489,0.4277,0.4565,0.4793,0.37,0.4277,0.4338,0.5188,0.452,0.4292,0.3822,0.4565,0.5248,0.5096,0.4823,0.4171,0.4353,0.6493,0.3822,0.5218,0.3776,0.2957,0.3093,0.3746,0.367,0.4004,0.367,0.5263,0.4353,0.897,0.998,0.4975,0.3442,0.4034,0.4702,0.4247,0.4049,0.408,0.3776
2/8/2021,24.3638,0.4301,0.4514,0.4972,0.579,0.6968,0.5447,0.7508,0.8507,0.3614,0.4383,0.7181,0.4579,0.4923,0.5185,0.5152,0.4727,0.3663,0.5479,0.4187,0.4498,0.4776,0.4956,0.5692,0.3859,0.3123,0.4776,0.3696,0.3598,0.5807,0.4105,0.327,0.4105,0.3008,0.4007,0.3467,0.4367,0.5348,0.5316,0.9518,1.0604,0.4694,0.6216,0.5463,0.5218,0.5185,0.5038,0.3696,0.5152
2/7/2021,26.2879,0.5653,0.5672,0.5032,0.5727,1.0463,0.5306,0.7482,0.7153,0.7811,0.5653,0.4995,0.4629,0.4392,0.388,0.4904,0.5251,0.3843,0.4757,0.5196,0.4355,0.5745,0.4044,0.4099,0.4355,0.4812,0.4977,0.6422,0.4209,0.622,0.5196,0.3532,0.3678,0.3697,0.4501,0.4446,0.4355,0.5233,0.4757,1.2751,1.4284,0.5489,0.6038,0.3733,0.4062,0.5141,0.5745,0.4392,0.4812
2/6/2021,21.415,0.4927,0.3974,0.4001,0.498,0.5718,0.6563,0.5986,0.6147,0.392,0.3746,0.6805,0.392,0.3625,0.4202,0.4175,0.4256,0.4766,0.3545,0.3813,0.4457,0.3719,0.4618,0.494,0.5074,0.3518,0.392,0.6027,0.3397,0.3478,0.3558,0.3478,0.2753,0.3357,0.2928,0.3451,0.337,0.3947,0.3142,1.0262,1.1451,0.4001,0.388,0.4403,0.3639,0.3692,0.3397,0.4216,0.3008
2/5/2021,23.1354,0.4981,0.5602,0.3982,0.7857,0.5905,0.5481,0.657,0.704,0.4088,0.6268,0.5087,0.4164,0.3543,0.4013,0.3846,0.4603,0.3982,0.5345,0.424,0.4043,0.5057,0.4391,0.5541,0.4194,0.3725,0.4724,0.3967,0.3332,0.5995,0.3892,0.3725,0.3786,0.3483,0.2772,0.3801,0.3801,0.48,0.4285,0.958,1.0674,0.5587,0.43,0.5178,0.3559,0.368,0.5768,0.368,0.3437
2/4/2021,18.6722,0.3118,0.4548,0.4185,0.5466,0.6032,0.5914,0.5114,0.3918,0.5274,0.5007,0.4207,0.2851,0.3214,0.3171,0.3748,0.4175,0.315,0.3609,0.3993,0.3161,0.2937,0.2937,0.3203,0.3641,0.3374,0.3353,0.4228,0.3097,0.3193,0.3684,0.2478,0.2627,0.2937,0.2937,0.3246,0.3289,0.3022,0.3748,0.8145,0.9041,0.4441,0.3129,0.2723,0.3374,0.3833,0.3065,0.3299,0.3886
2/3/2021,19.3271,0.3683,0.4079,0.4702,0.6096,0.4181,0.6175,0.374,0.4714,0.4442,0.4442,0.4011,0.3977,0.3015,0.3015,0.3275,0.3921,0.3807,0.4329,0.332,0.3785,0.4011,0.4249,0.3694,0.3049,0.2663,0.3003,0.5246,0.3037,0.4011,0.3604,0.3185,0.2822,0.3354,0.2652,0.272,0.366,0.3151,0.4215,0.8987,1,0.4329,0.3875,0.323,0.3536,0.3128,0.3015,0.417,0.3966
2/2/2021,17.8118,0.4149,0.36,0.2991,0.4483,0.5758,0.5042,0.4424,0.4345,0.3315,0.3609,0.4463,0.4188,0.305,0.2756,0.2805,0.3148,0.3089,0.3374,0.3197,0.358,0.3266,0.2766,0.3639,0.3737,0.2854,0.3551,0.3217,0.306,0.3678,0.3708,0.2412,0.3207,0.2893,0.2638,0.2618,0.2952,0.3188,0.3197,0.8963,0.9972,0.3865,0.2824,0.3845,0.2893,0.3443,0.3982,0.3717,0.2667
2/1/2021,22.398,0.4345,0.433,0.3553,0.7268,0.6073,0.6936,0.7325,0.4993,0.685,0.3682,0.6432,0.361,0.3308,0.3668,0.4561,0.3452,0.3798,0.4201,0.505,0.4258,0.4762,0.4877,0.433,0.351,0.3582,0.3466,0.6015,0.3466,0.5857,0.4345,0.3538,0.3164,0.3121,0.3596,0.3567,0.3654,0.5165,0.4949,0.8643,0.9607,0.5396,0.3322,0.4503,0.41,0.3913,0.3538,0.3985,0.4316
1/31/2021,23.0532,0.3759,0.4888,0.543,0.7161,0.5325,0.695,0.4512,0.5851,0.677,0.388,0.3895,0.5024,0.3488,0.415,0.3669,0.3593,0.4452,0.4301,0.4662,0.5129,0.3593,0.3759,0.4738,0.391,0.3518,0.4241,0.4286,0.3548,0.5385,0.4692,0.4105,0.3684,0.3052,0.3398,0.3864,0.3578,0.4798,0.3578,1.2916,1.4472,0.5535,0.394,0.4241,0.3262,0.4602,0.415,0.4843,0.3955
1/30/2021,22.3983,0.505,0.4042,0.4647,0.6288,0.77,0.7584,0.59,0.626,0.3279,0.351,0.4158,0.3769,0.4057,0.374,0.4805,0.5108,0.3582,0.4892,0.4258,0.4733,0.3726,0.3193,0.4676,0.5065,0.4172,0.4474,0.4892,0.3625,0.6504,0.4172,0.3726,0.3351,0.3927,0.3754,0.3366,0.3726,0.361,0.397,0.9289,1.0343,0.5497,0.5093,0.3322,0.3812,0.351,0.4086,0.351,0.423
1/29/2021,19.5319,0.35,0.4411,0.4065,0.5968,0.5022,0.6141,0.4354,0.3835,0.3985,0.3143,0.3512,0.3673,0.312,0.3039,0.3696,0.335,0.4146,0.4377,0.4111,0.3858,0.3569,0.3512,0.4158,0.4354,0.3546,0.3477,0.44,0.3154,0.3823,0.3927,0.3489,0.3189,0.2866,0.3039,0.2935,0.3177,0.4469,0.2935,0.9147,1.0181,0.3823,0.2808,0.4388,0.4227,0.3535,0.4596,0.4388,0.2901
1/28/2021,16.379,0.3275,0.3753,0.3787,0.4884,0.4507,0.4901,0.5144,0.3971,0.4138,0.3652,0.3066,0.32,0.2672,0.3418,0.2714,0.2689,0.3435,0.2714,0.3502,0.3158,0.3443,0.3401,0.4004,0.387,0.2463,0.3275,0.4122,0.2546,0.3217,0.3091,0.2396,0.2689,0.2856,0.294,0.2597,0.2974,0.3125,0.2613,0.4253,0.4611,0.3485,0.3879,0.2982,0.3493,0.2773,0.3946,0.3477,0.2689
1/27/2021,19.2046,0.421,0.3695,0.3997,0.5992,0.4625,0.5992,0.6081,0.5319,0.4445,0.3852,0.5162,0.4692,0.3224,0.3302,0.4199,0.4154,0.3381,0.4188,0.3594,0.3852,0.3415,0.3829,0.3908,0.3695,0.3381,0.328,0.3627,0.3168,0.4165,0.3829,0.2709,0.3437,0.3022,0.2686,0.3448,0.3269,0.3605,0.3392,0.6985,0.7721,0.3314,0.3112,0.3157,0.4367,0.3235,0.4098,0.3258,0.2978
1/26/2021,24.5274,0.4658,0.5898,0.4972,0.5782,0.955,0.6807,0.4394,0.8162,0.5501,0.7236,0.5567,0.5286,0.3716,0.3766,0.4625,0.565,0.5088,0.4311,0.3964,0.5055,0.3551,0.5055,0.3633,0.4377,0.4691,0.403,0.6476,0.3534,0.3881,0.4014,0.3055,0.4245,0.3898,0.36,0.3352,0.446,0.5716,0.4675,0.9682,1.079,0.3733,0.5584,0.4741,0.4509,0.5749,0.4096,0.4724,0.5435
1/25/2021,25.5514,0.451,0.5633,0.4861,0.7915,1.0267,0.8336,0.8003,0.7283,0.4159,0.6651,0.7494,0.6546,0.4387,0.465,0.5528,0.5001,0.4282,0.5493,0.5949,0.465,0.4317,0.4352,0.5879,0.3422,0.4229,0.3755,0.4475,0.3966,0.5036,0.4212,0.3071,0.3387,0.437,0.4282,0.3843,0.444,0.5616,0.53,0.802,0.8898,0.4773,0.5932,0.365,0.4141,0.5581,0.6388,0.4703,0.3878
1/24/2021,24.3635,0.4972,0.4792,0.3728,0.813,0.6592,0.6788,0.7459,0.6985,0.5021,0.5692,0.3778,0.4432,0.4318,0.489,0.4416,0.5168,0.5398,0.3728,0.4138,0.4563,0.3745,0.4841,0.6019,0.3859,0.4743,0.4023,0.3368,0.3827,0.5496,0.4056,0.4023,0.3123,0.2992,0.3728,0.4236,0.4547,0.5365,0.417,1.2059,1.3496,0.3958,0.4956,0.507,0.4956,0.4285,0.4318,0.4334,0.5054
1/23/2021,26.2881,0.5397,0.4648,0.6202,0.622,0.911,0.6879,0.8305,0.7537,0.7665,0.6257,0.6166,0.4922,0.505,0.5306,0.58,0.4136,0.3843,0.4812,0.516,0.6129,0.4465,0.558,0.6678,0.3861,0.4373,0.5196,0.419,0.3806,0.4995,0.5306,0.3971,0.3989,0.3111,0.441,0.3313,0.4776,0.4574,0.4977,1.075,1.2006,0.5818,0.4264,0.4574,0.4977,0.5928,0.4977,0.4501,0.3971
1/22/2021,21.825,0.4653,0.5054,0.4072,0.5386,0.8786,0.4888,0.4916,0.7404,0.5897,0.5275,0.3533,0.4349,0.3975,0.3187,0.3326,0.3934,0.4791,0.3685,0.4556,0.4017,0.3298,0.3312,0.3685,0.4763,0.374,0.3796,0.4307,0.316,0.5925,0.3644,0.2607,0.3284,0.3077,0.2911,0.3865,0.4058,0.4003,0.3312,1.1054,1.2353,0.475,0.3851,0.4169,0.3865,0.3906,0.5233,0.3575,0.3063
1/21/2021,21.3743,0.3405,0.4087,0.4275,0.5746,0.6522,0.6722,0.6107,0.7177,0.3619,0.5412,0.3392,0.4114,0.3459,0.4395,0.3499,0.3753,0.4529,0.3887,0.4301,0.3994,0.3191,0.4449,0.3365,0.4047,0.3325,0.3191,0.3405,0.3445,0.4729,0.4128,0.2884,0.3673,0.2723,0.3646,0.3098,0.3994,0.4181,0.4609,1.083,1.2097,0.4368,0.4208,0.3392,0.4181,0.4943,0.3138,0.4288,0.382
1/20/2021,21.129,0.5133,0.4122,0.3321,0.4686,0.6695,0.5041,0.4332,0.5947,0.5395,0.5632,0.6104,0.4818,0.3794,0.4502,0.3583,0.4266,0.4201,0.4726,0.4214,0.4752,0.3544,0.4043,0.3833,0.4253,0.3977,0.3426,0.571,0.3071,0.4227,0.403,0.378,0.3597,0.3597,0.2848,0.3518,0.3846,0.4502,0.3321,0.8077,0.8963,0.4345,0.3925,0.3295,0.4489,0.3702,0.315,0.3505,0.3452
1/19/2021,26.1652,0.6117,0.4391,0.6662,0.846,0.9714,0.6499,0.5663,0.8769,0.4973,0.7389,0.4936,0.6317,0.3719,0.4664,0.4519,0.5936,0.5118,0.4537,0.5845,0.4173,0.3937,0.421,0.4428,0.4228,0.4773,0.5445,0.6517,0.4192,0.708,0.4718,0.3719,0.3247,0.4482,0.4428,0.3683,0.4391,0.5899,0.421,0.8871,0.9867,0.4718,0.6226,0.4373,0.55,0.5354,0.5027,0.5645,0.4083
1/18/2021,25.8786,0.6244,0.4259,0.5618,0.594,0.7102,0.5654,0.7745,0.7888,0.5439,0.6351,0.5064,0.6637,0.5189,0.3919,0.4366,0.4885,0.4098,0.5493,0.6011,0.4474,0.5457,0.4027,0.5904,0.5189,0.3544,0.4384,0.6905,0.4098,0.5975,0.4724,0.3955,0.4241,0.383,0.4402,0.4384,0.4223,0.5725,0.4563,1.1315,1.265,0.4116,0.4241,0.5046,0.3455,0.5278,0.4563,0.5403,0.4813
1/17/2021,21.743,0.4731,0.3604,0.322,0.7013,0.6971,0.5089,0.6545,0.5735,0.6518,0.5886,0.5501,0.3769,0.3481,0.3577,0.469,0.3866,0.3989,0.3989,0.3701,0.4223,0.3371,0.3096,0.4099,0.4498,0.3549,0.3137,0.3549,0.3467,0.6064,0.3756,0.3893,0.3714,0.3522,0.3481,0.2794,0.3852,0.3426,0.4278,1.035,1.155,0.4237,0.3151,0.5047,0.4511,0.4072,0.3934,0.3783,0.3151
1/16/2021,26.2064,0.4161,0.6382,0.3833,0.6419,0.6965,0.569,0.6655,0.8148,0.4143,0.7547,0.5035,0.6673,0.4598,0.4543,0.5472,0.4106,0.4616,0.5818,0.4962,0.6127,0.5654,0.5235,0.6455,0.5399,0.5308,0.4744,0.5909,0.3615,0.6109,0.5071,0.4543,0.2996,0.4161,0.3451,0.407,0.4161,0.4725,0.3779,1.1509,1.287,0.4798,0.4125,0.5745,0.4944,0.4416,0.6382,0.5472,0.4525
1/15/2021,26.6158,0.6395,0.4161,0.6656,0.6488,0.6525,0.8275,0.7028,0.7475,0.7307,0.7605,0.5539,0.4589,0.3901,0.5036,0.472,0.5502,0.6153,0.4031,0.4645,0.6153,0.4143,0.5464,0.5688,0.6079,0.4682,0.5241,0.6656,0.3956,0.7233,0.4813,0.4589,0.4143,0.3584,0.4087,0.4533,0.4347,0.4161,0.5055,1.0225,1.1408,0.3919,0.364,0.4291,0.5315,0.431,0.4664,0.5818,0.593
1/14/2021,22.0295,0.4922,0.3533,0.3701,0.6479,0.7798,0.704,0.4388,0.6367,0.4697,0.5805,0.6633,0.3448,0.3294,0.3196,0.4585,0.495,0.3799,0.4501,0.5048,0.4753,0.3771,0.3715,0.3378,0.4332,0.3308,0.3252,0.53,0.3448,0.3771,0.4332,0.3631,0.3434,0.3336,0.3827,0.3547,0.401,0.5062,0.4753,0.7434,0.8231,0.4122,0.3841,0.3897,0.4431,0.5188,0.5469,0.4388,0.415
1/13/2021,25.5511,0.5335,0.4422,0.5142,0.7915,0.9933,0.4931,0.458,0.5861,0.7423,0.53,0.7599,0.6054,0.4879,0.4879,0.4563,0.4931,0.4721,0.5563,0.5721,0.458,0.5072,0.5774,0.5545,0.6353,0.5159,0.5001,0.4738,0.351,0.4212,0.5423,0.3316,0.3913,0.4317,0.379,0.4036,0.4264,0.444,0.4475,0.866,0.9627,0.5001,0.6528,0.4545,0.4843,0.5072,0.5563,0.4194,0.3808
1/12/2021,33.5356,0.7489,0.6084,0.6748,0.9276,1.3285,1.0579,0.6212,0.8715,0.708,0.9378,0.7004,0.7846,0.6927,0.5446,0.6289,0.6033,0.7795,0.6084,0.5267,0.6544,0.5293,0.4373,0.8842,0.708,0.6442,0.6672,0.5242,0.5088,0.8485,0.6927,0.565,0.542,0.4654,0.5242,0.3761,0.5574,0.6008,0.5676,1.4027,1.5736,0.6774,0.6953,0.5063,0.4603,0.7336,0.8229,0.5803,0.4322
1/11/2021,34.4775,0.8233,0.7651,0.7757,0.9742,1.1013,0.8789,0.6909,1.1437,0.6141,0.6856,0.9133,0.9054,0.5426,0.6856,0.6088,0.6115,0.5744,0.54,0.6168,0.5321,0.7439,0.5321,0.7015,0.7783,0.487,0.4765,0.5268,0.4341,0.5109,0.6141,0.4844,0.5268,0.5665,0.5453,0.5082,0.5321,0.7836,0.6592,1.6736,1.882,0.863,0.6433,0.6088,0.72,0.7042,0.8842,0.4897,0.6141
1/10/2021,32.9215,0.7149,0.5579,0.862,0.8595,0.705,1.1785,1.1336,1.0763,0.6327,0.7972,0.6078,0.6327,0.6227,0.7,0.6327,0.6103,0.7149,0.528,0.5255,0.7772,0.5056,0.6177,0.5903,0.7399,0.4059,0.6427,0.4632,0.5031,0.9019,0.5604,0.4234,0.553,0.3486,0.4234,0.381,0.5181,0.6003,0.6003,1.6119,1.8117,0.4906,0.7897,0.7374,0.4433,0.6003,0.5903,0.7149,0.4832
1/9/2021,33.4947,0.7632,0.8499,0.8729,0.9239,1.0284,1.0692,0.7683,1.0411,1.0258,0.5083,0.5083,0.6281,0.572,0.6052,0.725,0.5848,0.5389,0.7021,0.5363,0.6715,0.5338,0.5108,0.521,0.4879,0.5491,0.7148,0.5669,0.4981,0.7301,0.6638,0.4063,0.493,0.3859,0.4828,0.4548,0.5618,0.5363,0.465,1.7214,1.9364,0.697,0.725,0.646,0.5542,0.7862,0.6613,0.7174,0.5644
1/8/2021,4.2176,0.1073,0.1024,0.1194,0.046,0.071,0.0906,0.0301,0.0313,0.1239,0.119,0.0729,0.1114,0.0895,0.1103,0.0797,0.102,0.1137,0.0978,0.1073,0.0865,0.1001,0.1009,0.1213,0.0922,0.1118,0.0835,0.063,0.1167,0.0592,0.1164,0.1307,0.1148,0.1145,0.1322,0.1122,0.1141,0.1171,0.0827,-0.1477,-0.1911,0.0872,0.116,0.1069,0.1201,0.1103,0.0842,0.1183,0.1179
1/7/2021,35.2964,0.8491,0.8054,0.6935,0.8191,1.1712,0.6962,0.9146,1.0074,1.0265,1.062,0.7699,0.8573,0.4806,0.4642,0.6962,0.5788,0.5024,0.7017,0.6252,0.6225,0.6962,0.7126,0.8163,0.8791,0.6798,0.6007,0.5488,0.5543,0.7317,0.7262,0.5161,0.3905,0.4151,0.4697,0.4014,0.5297,0.7999,0.7754,1.4611,1.6401,0.5106,0.7863,0.5297,0.6853,0.8491,0.7262,0.7344,0.7863
1/6/2021,29.7274,0.6534,0.4817,0.5838,0.9184,0.9749,0.9293,0.9684,0.925,0.9032,0.8576,0.6316,0.5382,0.6034,0.5643,0.5838,0.6686,0.5469,0.6229,0.5838,0.6838,0.4687,0.6447,0.5925,0.636,0.3622,0.4774,0.4861,0.473,0.7142,0.5469,0.3296,0.4817,0.4035,0.3622,0.5034,0.5491,0.7099,0.4969,0.9623,1.0723,0.6034,0.5317,0.4013,0.4274,0.5512,0.4861,0.586,0.6447
1/5/2021,27.8849,0.5743,0.5445,0.3894,0.6558,1.1828,0.9322,0.8646,0.5345,0.4987,0.632,0.6896,0.6996,0.5524,0.5743,0.5763,0.5326,0.4709,0.5982,0.63,0.62,0.5485,0.4709,0.5803,0.6081,0.4809,0.6041,0.3814,0.4113,0.7712,0.447,0.4033,0.3297,0.4113,0.4172,0.4172,0.5127,0.3973,0.5087,0.9422,1.0495,0.4928,0.5763,0.5763,0.6379,0.6439,0.3914,0.5604,0.5604
1/4/2021,28.7859,0.6177,0.6136,0.7341,0.8318,0.9461,0.5554,0.9524,0.5949,0.6032,0.4348,0.7217,0.5678,0.4577,0.4161,0.4681,0.6302,0.5221,0.4286,0.6635,0.6551,0.6156,0.6468,0.4556,0.6427,0.4327,0.5969,0.6551,0.3766,0.7237,0.5034,0.335,0.414,0.4597,0.3974,0.4015,0.4494,0.6738,0.5554,1.1135,1.2444,0.678,0.5304,0.6344,0.6655,0.5907,0.5616,0.5803,0.4369
1/3/2021,31.0379,0.5514,0.5721,0.6021,1.0813,0.8279,0.8394,0.6459,1.0444,0.4777,0.7449,0.7472,0.5583,0.6182,0.609,0.4477,0.5053,0.5122,0.6735,0.5468,0.5399,0.662,0.7058,0.6896,0.632,0.4846,0.6689,0.6389,0.4431,0.6021,0.5952,0.3625,0.3648,0.4892,0.4339,0.4846,0.4777,0.4961,0.7011,1.3927,1.5623,0.7703,0.6366,0.5261,0.5629,0.6965,0.6182,0.5537,0.6413
1/2/2021,28.95,0.7072,0.6297,0.747,0.8329,1.0801,0.6548,0.6778,1.0047,0.4642,0.6443,0.5396,0.4432,0.5836,0.4076,0.4977,0.5961,0.4914,0.548,0.5647,0.5249,0.5123,0.4579,0.7239,0.682,0.3845,0.4809,0.5019,0.3824,0.5584,0.5815,0.2987,0.4055,0.395,0.4432,0.3343,0.4977,0.5186,0.5689,1.4736,1.6544,0.6716,0.483,0.6632,0.5144,0.5228,0.5312,0.4474,0.6213
1/1/2021,23.1351,0.4361,0.4391,0.486,0.6465,0.928,0.7645,0.654,0.5466,0.3543,0.4618,0.6828,0.4194,0.3483,0.3332,0.4709,0.4406,0.3982,0.5072,0.4421,0.3922,0.483,0.3498,0.4058,0.5254,0.3453,0.43,0.4709,0.3589,0.6616,0.3997,0.3241,0.3543,0.3543,0.3029,0.3861,0.424,0.433,0.3982,0.958,1.0674,0.3543,0.3483,0.5329,0.4542,0.5405,0.3922,0.4149,0.5133
12/31/2020,20.1904,0.3203,0.352,0.469,0.6713,0.4653,0.5141,0.6397,0.4117,0.3069,0.5336,0.48,0.3678,0.3544,0.3593,0.4409,0.4239,0.4349,0.3495,0.4251,0.4385,0.3471,0.3678,0.3922,0.3361,0.3507,0.3702,0.3251,0.2898,0.4385,0.3715,0.319,0.3532,0.2788,0.3434,0.3568,0.3702,0.4349,0.4166,0.7618,0.8442,0.3812,0.4714,0.4349,0.3203,0.458,0.4909,0.4227,0.3849
12/30/2020,24.7751,0.5491,0.4686,0.5491,0.7924,0.8561,0.4837,0.529,0.8125,0.5005,0.581,0.5642,0.4955,0.4166,0.4317,0.4166,0.5408,0.3814,0.4317,0.5022,0.4485,0.524,0.3546,0.4921,0.3411,0.4082,0.4703,0.5676,0.3847,0.6246,0.524,0.4284,0.3244,0.43,0.4317,0.3076,0.4166,0.3579,0.4552,1.1873,1.3285,0.4317,0.4468,0.3646,0.4787,0.5525,0.472,0.378,0.5408
12/29/2020,21.7587,0.3607,0.5024,0.4529,0.468,0.6551,0.6909,0.6537,0.64,0.3373,0.3675,0.6524,0.4473,0.3744,0.3882,0.3703,0.413,0.3758,0.4267,0.4735,0.3896,0.3263,0.3455,0.4721,0.4226,0.4418,0.3992,0.6083,0.34,0.4143,0.4336,0.2547,0.3923,0.3579,0.3318,0.3304,0.3634,0.4143,0.362,0.9285,1.0339,0.4281,0.362,0.4019,0.4432,0.468,0.3923,0.4817,0.3689
12/28/2020,25.5397,0.5017,0.5613,0.6209,0.5648,0.5788,0.8209,0.8946,0.7876,0.742,0.6122,0.4982,0.3684,0.4613,0.4666,0.421,0.5297,0.4543,0.3806,0.5052,0.5069,0.4982,0.435,0.4789,0.3754,0.5104,0.5332,0.6806,0.3526,0.407,0.4491,0.4403,0.3912,0.3771,0.3824,0.3859,0.3912,0.4245,0.5157,1.1715,1.3104,0.6157,0.3614,0.3456,0.5385,0.4613,0.6297,0.421,0.3789
12/27/2020,28.2345,0.5754,0.5612,0.5248,0.8607,0.7494,0.9275,0.7899,0.8688,0.8971,0.6907,0.5127,0.6806,0.5147,0.4621,0.5471,0.6442,0.5592,0.4236,0.5653,0.5896,0.3994,0.5289,0.6725,0.7009,0.3751,0.5552,0.8,0.3812,0.5653,0.4682,0.3022,0.4398,0.4398,0.369,0.369,0.5005,0.5471,0.4317,1.1896,1.3311,0.4783,0.3731,0.4439,0.4621,0.6745,0.6118,0.452,0.4277
12/26/2020,21.6784,0.4785,0.4635,0.4731,0.4744,0.5893,0.5401,0.5442,0.5784,0.3513,0.4033,0.495,0.5114,0.4334,0.3404,0.3787,0.3842,0.3828,0.391,0.3855,0.4758,0.3486,0.3376,0.3486,0.4033,0.3089,0.4348,0.5798,0.3568,0.4279,0.4484,0.2802,0.3773,0.3691,0.3335,0.3513,0.4101,0.4047,0.3814,1.0456,1.1672,0.4826,0.4854,0.3253,0.4813,0.458,0.4484,0.4225,0.3855
12/25/2020,23.6093,0.4976,0.5179,0.3758,0.6521,0.8082,0.7208,0.7879,0.5772,0.7255,0.6443,0.5897,0.5366,0.3399,0.3618,0.4523,0.4476,0.3555,0.4039,0.4664,0.5069,0.3977,0.329,0.4742,0.4835,0.4227,0.5038,0.6693,0.3743,0.5647,0.4913,0.3446,0.3337,0.2822,0.4086,0.3009,0.4383,0.3509,0.4258,0.8799,0.9785,0.585,0.3493,0.3243,0.4913,0.4305,0.3571,0.3509,0.4991
12/24/2020,21.4371,0.5362,0.3534,0.3145,0.4824,0.6746,0.4918,0.5859,0.5308,0.5133,0.5228,0.3736,0.4462,0.3494,0.4368,0.4045,0.3749,0.4381,0.4918,0.4287,0.4421,0.3749,0.3669,0.4032,0.3843,0.2903,0.3749,0.3158,0.344,0.6222,0.4287,0.2755,0.3628,0.34,0.293,0.2943,0.3763,0.4475,0.4435,1.0345,1.1545,0.4798,0.2957,0.4798,0.4099,0.3508,0.4636,0.4408,0.3978
12/23/2020,20.5926,0.4437,0.5041,0.4437,0.683,0.7799,0.5898,0.6616,0.4626,0.6213,0.4286,0.5218,0.3291,0.3442,0.3341,0.3216,0.4034,0.3455,0.4273,0.4185,0.4538,0.3165,0.2888,0.314,0.4538,0.4072,0.416,0.4236,0.3077,0.3367,0.3656,0.2712,0.3757,0.3064,0.2901,0.3379,0.3631,0.4248,0.4223,0.7255,0.8028,0.416,0.3959,0.4563,0.4122,0.3581,0.4273,0.3669,0.2926
12/22/2020,17.576,0.3553,0.3917,0.3869,0.4894,0.6407,0.4942,0.5143,0.4894,0.3256,0.431,0.4482,0.3917,0.3026,0.3074,0.384,0.386,0.3237,0.339,0.3927,0.3429,0.3773,0.3773,0.2797,0.3668,0.3026,0.294,0.4635,0.2873,0.3735,0.3448,0.2634,0.3247,0.2749,0.2682,0.2969,0.3275,0.2854,0.2854,0.4672,0.5087,0.3496,0.2624,0.3524,0.2749,0.363,0.3898,0.3237,0.3544
12/21/2020,20.3913,0.3352,0.4715,0.3426,0.4963,0.7107,0.5706,0.3686,0.6028,0.4678,0.5545,0.6103,0.3463,0.3079,0.386,0.3662,0.3872,0.3699,0.4331,0.3934,0.3959,0.3067,0.3327,0.4467,0.4665,0.3191,0.4281,0.5582,0.3327,0.5,0.4009,0.2497,0.2881,0.355,0.3017,0.2918,0.3377,0.4467,0.3042,0.6946,0.7676,0.4108,0.386,0.4641,0.3699,0.4331,0.4765,0.4033,0.4021
12/20/2020,18.0188,0.352,0.3189,0.336,0.4522,0.4843,0.5273,0.5394,0.5714,0.4933,0.5053,0.326,0.355,0.336,0.2789,0.371,0.2889,0.3921,0.4151,0.4101,0.327,0.34,0.2999,0.4261,0.339,0.335,0.326,0.4923,0.2809,0.358,0.328,0.2488,0.2929,0.2598,0.2869,0.322,0.3069,0.3871,0.2799,0.5869,0.6451,0.4071,0.4552,0.2869,0.2729,0.347,0.4071,0.325,0.2959
12/19/2020,22.0016,0.3739,0.4775,0.4369,0.6427,0.6455,0.5503,0.6315,0.4355,0.5825,0.4033,0.5909,0.4439,0.4103,0.3277,0.4495,0.4453,0.4089,0.4929,0.4159,0.3949,0.3487,0.4607,0.4369,0.4075,0.4019,0.4047,0.3347,0.3501,0.4327,0.3963,0.3781,0.3473,0.3375,0.3725,0.3893,0.3781,0.4831,0.4957,1.008,1.1244,0.3375,0.3151,0.3347,0.4411,0.5167,0.3879,0.4537,0.3669
12/18/2020,20.5124,0.3644,0.4645,0.4745,0.4569,0.736,0.6196,0.6809,0.6584,0.3081,0.3456,0.3594,0.3706,0.4031,0.4082,0.3706,0.3393,0.4419,0.4444,0.4357,0.3531,0.4344,0.4544,0.512,0.3293,0.3106,0.3906,0.3493,0.3181,0.4394,0.3669,0.2643,0.3631,0.3656,0.258,0.3694,0.3706,0.4507,0.4257,0.8326,0.9247,0.4682,0.3456,0.3569,0.3156,0.3894,0.4294,0.3268,0.3156
12/17/2020,17.8577,0.422,0.3569,0.283,0.4752,0.6546,0.558,0.5767,0.3845,0.3707,0.4644,0.5137,0.351,0.2771,0.3569,0.3668,0.3993,0.2909,0.3717,0.3185,0.3283,0.3214,0.3214,0.3451,0.2968,0.2731,0.3165,0.2662,0.2692,0.3944,0.3047,0.2495,0.3116,0.279,0.279,0.3244,0.3283,0.2948,0.2751,0.778,0.8625,0.3126,0.2751,0.3086,0.2958,0.4092,0.351,0.3333,0.3609
12/16/2020,19.1047,0.3599,0.4254,0.3155,0.4165,0.4876,0.4976,0.4265,0.3854,0.4465,0.5165,0.5265,0.3243,0.3466,0.2899,0.3199,0.3477,0.3277,0.411,0.4243,0.361,0.2944,0.3243,0.4421,0.4221,0.3943,0.3754,0.4443,0.3243,0.502,0.4021,0.3033,0.2699,0.3121,0.3033,0.3155,0.3388,0.3665,0.3832,0.8979,0.999,0.3243,0.3621,0.4409,0.2733,0.3199,0.3999,0.3355,0.2777
12/15/2020,18.662,0.3575,0.4076,0.3127,0.6049,0.5899,0.3746,0.3522,0.3735,0.4876,0.4396,0.575,0.4545,0.3788,0.3511,0.3842,0.3895,0.3426,0.3298,0.4012,0.3586,0.3927,0.2989,0.3596,0.3501,0.2776,0.3383,0.3501,0.3085,0.4087,0.3927,0.3341,0.2456,0.2839,0.2914,0.268,0.3245,0.3628,0.4108,0.6164,0.6786,0.3533,0.4684,0.3948,0.3874,0.4162,0.4449,0.3639,0.2744
12/14/2020,18.984,0.3534,0.3149,0.3314,0.4171,0.6774,0.5797,0.4709,0.505,0.3743,0.3534,0.595,0.3358,0.3732,0.304,0.4226,0.4248,0.3062,0.3171,0.4281,0.3501,0.4116,0.3084,0.36,0.3117,0.3248,0.3303,0.4204,0.2776,0.3128,0.3787,0.3325,0.2831,0.3029,0.26,0.2853,0.3204,0.3084,0.3138,0.9937,1.108,0.2985,0.349,0.3336,0.371,0.3391,0.416,0.3237,0.3743
12/13/2020,19.2652,0.4517,0.4573,0.3875,0.6207,0.472,0.4731,0.597,0.3976,0.4573,0.5215,0.3345,0.4066,0.3525,0.3289,0.3852,0.4235,0.3469,0.3717,0.4235,0.3863,0.3649,0.3424,0.3976,0.2782,0.3571,0.3627,0.4675,0.3019,0.3165,0.3525,0.3289,0.2827,0.3311,0.2906,0.2624,0.3109,0.3097,0.3908,0.7862,0.8719,0.4663,0.2748,0.2985,0.3492,0.4111,0.4089,0.4291,0.3255
12/12/2020,19.1045,0.3976,0.4143,0.3388,0.5242,0.5054,0.532,0.6419,0.5698,0.3099,0.4454,0.592,0.3788,0.3044,0.3366,0.381,0.4343,0.3377,0.3454,0.4376,0.3343,0.3821,0.3421,0.3532,0.2955,0.2888,0.2977,0.4254,0.281,0.3343,0.3232,0.2822,0.3343,0.321,0.2933,0.2999,0.3599,0.361,0.411,0.6325,0.6969,0.3199,0.4687,0.3932,0.3577,0.4443,0.4232,0.4343,0.3865
12/11/2020,18.0587,0.3538,0.4121,0.2964,0.4101,0.6616,0.4443,0.5952,0.4976,0.4513,0.5067,0.3296,0.4423,0.3648,0.3276,0.3538,0.401,0.393,0.4111,0.3145,0.3306,0.3346,0.4,0.3749,0.3829,0.2803,0.3517,0.4232,0.2753,0.4543,0.3497,0.2934,0.2461,0.2803,0.2673,0.2773,0.3276,0.3829,0.3326,0.3934,0.4248,0.392,0.4262,0.39,0.3357,0.3528,0.2924,0.3618,0.3578
12/10/2020,21.7995,0.3861,0.5213,0.4675,0.5793,0.8,0.7104,0.6924,0.6786,0.6317,0.5227,0.3668,0.4454,0.3281,0.3585,0.4316,0.3861,0.4758,0.3447,0.4013,0.5034,0.3585,0.3847,0.5461,0.4937,0.4247,0.3295,0.5544,0.3516,0.3819,0.3516,0.2978,0.3309,0.3668,0.3143,0.3419,0.4082,0.513,0.4951,0.6055,0.6662,0.3875,0.3102,0.4909,0.4413,0.3571,0.3764,0.4647,0.4233
12/9/2020,26.3842,0.6612,0.4663,0.4516,0.8193,0.7035,0.7053,0.5987,0.6226,0.4296,0.5527,0.7016,0.5123,0.4093,0.5178,0.4479,0.5362,0.4608,0.5307,0.5344,0.5987,0.5233,0.4866,0.5344,0.3597,0.4388,0.4866,0.391,0.4167,0.4663,0.4535,0.3174,0.4479,0.334,0.3027,0.4461,0.4608,0.4332,0.413,1.5285,1.7169,0.5785,0.6961,0.5509,0.3744,0.4351,0.6097,0.5435,0.3781
12/8/2020,23.4886,0.509,0.5152,0.5446,0.5275,0.7227,0.4904,0.7645,0.7754,0.5585,0.5632,0.684,0.4842,0.3603,0.4346,0.416,0.3649,0.4532,0.4238,0.382,0.5275,0.3928,0.3432,0.4315,0.3897,0.3866,0.4548,0.4888,0.3603,0.478,0.3882,0.3943,0.4145,0.3308,0.2844,0.3696,0.4021,0.5198,0.3882,0.9613,1.0712,0.5337,0.6189,0.3262,0.3324,0.495,0.5864,0.5105,0.3339
12/7/2020,22.4826,0.507,0.452,0.4563,0.5389,0.8372,0.4303,0.5765,0.5939,0.4925,0.5664,0.6895,0.3796,0.368,0.3665,0.4578,0.452,0.5114,0.4563,0.4433,0.465,0.4346,0.4766,0.4882,0.3578,0.3028,0.478,0.52,0.3274,0.4245,0.4607,0.2608,0.4027,0.3303,0.352,0.2999,0.4042,0.4853,0.436,0.8304,0.9222,0.3723,0.4505,0.4694,0.3636,0.5273,0.562,0.3405,0.3622
12/6/2020,27.7515,0.6585,0.6861,0.4471,0.8619,1.0417,0.698,0.8244,0.5459,0.8521,0.4274,0.7592,0.6684,0.5261,0.5084,0.4748,0.5834,0.5973,0.4234,0.5163,0.6091,0.5913,0.5834,0.536,0.6723,0.4373,0.5992,0.4234,0.4096,0.6526,0.455,0.3662,0.4017,0.4471,0.4333,0.4531,0.4412,0.4965,0.5202,0.7948,0.8817,0.5182,0.7,0.6348,0.4313,0.6249,0.5182,0.4649,0.5538
12/5/2020,26.3443,0.6675,0.5684,0.3685,0.6711,0.6069,0.7977,0.6565,0.517,0.4602,0.6253,0.6454,0.4272,0.3703,0.5354,0.5959,0.506,0.4987,0.5776,0.5886,0.5739,0.5189,0.4198,0.3868,0.4969,0.4785,0.4657,0.6528,0.3795,0.5537,0.5464,0.3941,0.4216,0.3373,0.3648,0.4272,0.4932,0.6253,0.5757,1.1918,1.3336,0.4547,0.6491,0.451,0.462,0.5721,0.5427,0.5409,0.3501
12/4/2020,23.6897,0.4444,0.4836,0.5322,0.6844,0.595,0.5511,0.4914,0.8052,0.6028,0.584,0.7676,0.4146,0.4161,0.4522,0.4193,0.4475,0.4381,0.4051,0.4099,0.5291,0.3832,0.391,0.4287,0.5699,0.4036,0.4428,0.6844,0.3644,0.584,0.4083,0.4208,0.3079,0.3487,0.3251,0.2985,0.4459,0.3785,0.3534,0.8036,0.8916,0.5715,0.6264,0.5385,0.4899,0.4726,0.4193,0.4459,0.4177
12/3/2020,19.587,0.4714,0.4343,0.3127,0.4633,0.4181,0.4575,0.6255,0.6336,0.5792,0.4795,0.5606,0.3219,0.3764,0.33,0.4378,0.3845,0.3544,0.439,0.3741,0.4494,0.3706,0.4227,0.3741,0.33,0.3011,0.315,0.3161,0.33,0.5085,0.3382,0.2431,0.2617,0.3103,0.3069,0.293,0.3602,0.4517,0.4448,0.6229,0.686,0.3103,0.439,0.4077,0.4285,0.4216,0.41,0.3567,0.3231
12/2/2020,22.4427,0.5566,0.4599,0.4887,0.6476,0.4801,0.6519,0.4107,0.5855,0.5725,0.3761,0.483,0.5696,0.4136,0.3414,0.3848,0.4454,0.444,0.5263,0.3775,0.3761,0.3862,0.3414,0.3891,0.4194,0.4223,0.418,0.3212,0.3746,0.5162,0.4093,0.353,0.327,0.2923,0.2938,0.3761,0.3689,0.418,0.4021,1.3406,1.5029,0.3313,0.3169,0.3674,0.4873,0.3775,0.4887,0.4555,0.3544
12/1/2020,18.1794,0.4059,0.3244,0.41,0.3906,0.6695,0.3652,0.3916,0.5056,0.2746,0.4843,0.5402,0.3173,0.3183,0.2878,0.3977,0.4089,0.3998,0.3428,0.3713,0.3367,0.3214,0.3703,0.3896,0.2766,0.3448,0.3041,0.355,0.3132,0.3275,0.3132,0.3255,0.3051,0.2949,0.3143,0.2705,0.3448,0.3489,0.2736,0.7484,0.8289,0.3723,0.3163,0.3733,0.3845,0.414,0.3061,0.3906,0.3092
11/30/2020,16.9323,0.365,0.2989,0.3703,0.482,0.4382,0.4302,0.3266,0.3632,0.4445,0.3828,0.4498,0.3203,0.2721,0.3141,0.3551,0.2765,0.3283,0.2926,0.3185,0.3614,0.3123,0.3784,0.3096,0.365,0.2497,0.3453,0.289,0.289,0.3694,0.3275,0.2676,0.3114,0.2899,0.2506,0.289,0.3158,0.3569,0.3346,0.67,0.7397,0.3042,0.289,0.3703,0.3641,0.3659,0.3435,0.3301,0.3141
11/29/2020,19.7082,0.3821,0.4793,0.4055,0.5823,0.4137,0.5062,0.5378,0.5542,0.5577,0.4266,0.5589,0.3915,0.3236,0.4125,0.3435,0.3446,0.45,0.4196,0.4102,0.395,0.4313,0.4055,0.3294,0.4125,0.3844,0.3271,0.4137,0.3341,0.546,0.3552,0.2849,0.3587,0.3505,0.3399,0.306,0.3634,0.4266,0.368,0.4957,0.5412,0.402,0.3692,0.4477,0.3856,0.4149,0.3435,0.3903,0.2861
11/28/2020,20.2303,0.3819,0.3648,0.3208,0.4883,0.6094,0.4688,0.4981,0.4088,0.5629,0.3452,0.4162,0.3489,0.3416,0.3391,0.4308,0.4541,0.3244,0.355,0.3599,0.3538,0.3354,0.3306,0.5067,0.4321,0.3489,0.4088,0.3489,0.2914,0.5788,0.4088,0.3636,0.2559,0.3085,0.2608,0.355,0.3501,0.3844,0.3758,0.9732,1.0847,0.4737,0.4296,0.4088,0.3978,0.4345,0.4798,0.4162,0.3147
11/27/2020,18.26,0.3862,0.416,0.336,0.5011,0.497,0.4406,0.4857,0.5309,0.5073,0.3062,0.5247,0.3083,0.3544,0.3534,0.3513,0.3924,0.3503,0.4129,0.4067,0.3267,0.3195,0.4088,0.2929,0.3411,0.2734,0.336,0.4201,0.3134,0.4119,0.3739,0.2847,0.2518,0.2621,0.2631,0.3031,0.3206,0.3247,0.3021,0.6911,0.7636,0.4037,0.2898,0.3431,0.3124,0.415,0.3637,0.4006,0.2857
11/26/2020,19.7077,0.443,0.4512,0.491,0.4395,0.7485,0.4114,0.4137,0.4114,0.4851,0.4933,0.361,0.4875,0.3247,0.3634,0.3154,0.3399,0.3915,0.4441,0.3891,0.4114,0.3762,0.3458,0.3516,0.3142,0.3001,0.3692,0.3107,0.3095,0.4359,0.3704,0.3376,0.2533,0.2919,0.3224,0.3165,0.3634,0.3891,0.4125,0.7936,0.8803,0.4441,0.4114,0.306,0.4441,0.4324,0.4055,0.4277,0.3762
11/25/2020,20.3911,0.381,0.505,0.438,0.495,0.6214,0.5805,0.4083,0.5991,0.3203,0.5706,0.3587,0.448,0.3401,0.3984,0.3451,0.4083,0.3897,0.4678,0.3563,0.4071,0.4083,0.443,0.3686,0.329,0.2757,0.386,0.3612,0.3154,0.3488,0.3612,0.3302,0.2732,0.3364,0.2757,0.3513,0.3736,0.3079,0.4033,1.1026,1.232,0.3513,0.4839,0.3067,0.3414,0.3711,0.3773,0.3674,0.3699
11/24/2020,21.2358,0.3295,0.5068,0.4658,0.5611,0.5717,0.6008,0.5651,0.5095,0.4962,0.5796,0.6339,0.393,0.389,0.3348,0.4658,0.3255,0.4446,0.3295,0.3877,0.3996,0.3162,0.4407,0.4512,0.3123,0.389,0.438,0.4486,0.3176,0.3493,0.3573,0.3096,0.2937,0.344,0.3281,0.2752,0.3665,0.4314,0.4645,0.9899,1.1038,0.3374,0.5201,0.3652,0.3414,0.4102,0.4234,0.4843,0.3374
11/23/2020,21.5577,0.5395,0.4853,0.328,0.6615,0.7483,0.591,0.6181,0.5083,0.3755,0.3836,0.4405,0.3687,0.3877,0.4188,0.3782,0.3727,0.431,0.3782,0.4731,0.4663,0.3389,0.3199,0.4934,0.3266,0.3104,0.3185,0.5612,0.3294,0.6019,0.4541,0.3497,0.3605,0.3321,0.3239,0.2765,0.3551,0.4405,0.3334,0.963,1.0732,0.4405,0.4853,0.3334,0.3971,0.4568,0.3633,0.4405,0.4243
11/22/2020,24.5744,0.4882,0.5263,0.349,0.7667,0.8578,0.7037,0.823,0.5959,0.7617,0.4053,0.6788,0.4418,0.3573,0.3639,0.4584,0.4435,0.5396,0.4335,0.4617,0.4915,0.4037,0.5429,0.6208,0.4219,0.4965,0.4418,0.5959,0.3805,0.5628,0.4683,0.4153,0.3457,0.2843,0.3457,0.402,0.3954,0.4219,0.4816,0.9705,1.0816,0.4468,0.4087,0.518,0.5346,0.4567,0.407,0.3689,0.407
11/21/2020,25.5398,0.628,0.5332,0.4666,0.6508,0.9577,0.7034,0.7455,0.6297,0.4298,0.5157,0.6087,0.514,0.4683,0.3947,0.5648,0.5859,0.4964,0.5368,0.5332,0.5648,0.5087,0.5578,0.6192,0.5368,0.3912,0.4561,0.3456,0.4175,0.5227,0.4017,0.4438,0.3754,0.3771,0.3596,0.3947,0.4035,0.5315,0.4824,0.9984,1.1134,0.6122,0.4192,0.5104,0.3771,0.4824,0.549,0.3894,0.435
11/20/2020,20.6726,0.4518,0.4594,0.4353,0.609,0.609,0.6064,0.3694,0.6596,0.3821,0.5659,0.3542,0.5139,0.358,0.3048,0.3758,0.429,0.391,0.4746,0.3821,0.3707,0.4125,0.3454,0.3884,0.3644,0.3086,0.391,0.5684,0.3073,0.5937,0.3352,0.2655,0.377,0.3289,0.3466,0.3149,0.3606,0.4189,0.4505,0.7024,0.7765,0.4404,0.3669,0.4087,0.4619,0.4442,0.4467,0.3238,0.3213
11/19/2020,15.1629,0.3644,0.3465,0.2626,0.4632,0.4947,0.32,0.3085,0.3515,0.3937,0.3679,0.3443,0.3522,0.2841,0.3121,0.3293,0.3171,0.2884,0.2698,0.3336,0.2934,0.2899,0.2906,0.3644,0.3443,0.2755,0.3106,0.3665,0.2397,0.2949,0.2741,0.2755,0.2763,0.2404,0.2734,0.2741,0.2813,0.2598,0.3235,0.4578,0.498,0.2498,0.2605,0.2383,0.2641,0.2999,0.2619,0.2813,0.2992
11/18/2020,14.5598,0.3215,0.2847,0.2533,0.3877,0.3379,0.3792,0.3412,0.2867,0.3457,0.2992,0.3471,0.2454,0.2756,0.2933,0.2467,0.3195,0.269,0.2834,0.2801,0.3162,0.2972,0.2388,0.2585,0.332,0.2414,0.2362,0.3333,0.2598,0.2828,0.2533,0.2657,0.2762,0.231,0.2237,0.2559,0.2578,0.2487,0.3097,0.6744,0.7446,0.311,0.3025,0.2624,0.3103,0.288,0.2592,0.2578,0.2342
11/17/2020,15.968,0.3643,0.3651,0.3826,0.3627,0.4846,0.377,0.3794,0.3786,0.4423,0.432,0.3427,0.2679,0.2671,0.3133,0.2822,0.3141,0.3499,0.2814,0.2973,0.3595,0.3157,0.3149,0.3157,0.3571,0.2623,0.326,0.3412,0.2647,0.3563,0.3157,0.2686,0.2432,0.2296,0.2432,0.2479,0.2902,0.3491,0.2519,0.5486,0.6014,0.3364,0.326,0.3348,0.2623,0.271,0.3563,0.3372,0.2567
11/16/2020,13.6748,0.3085,0.2819,0.2353,0.3432,0.4549,0.2853,0.3761,0.3528,0.3596,0.3034,0.2881,0.2348,0.2325,0.283,0.2353,0.2995,0.2421,0.2847,0.2722,0.3029,0.2938,0.2671,0.2768,0.2909,0.2467,0.2904,0.2387,0.2478,0.3562,0.2507,0.2081,0.2472,0.228,0.2563,0.2569,0.2637,0.2586,0.3006,0.3907,0.4216,0.321,0.2631,0.2535,0.2751,0.2444,0.2932,0.2336,0.224
11/15/2020,13.514,0.2902,0.2499,0.2637,0.2973,0.3266,0.3801,0.353,0.3222,0.2565,0.3426,0.3188,0.2378,0.2273,0.2483,0.2466,0.2422,0.2913,0.2758,0.2483,0.2621,0.2372,0.2356,0.299,0.2356,0.2565,0.2599,0.2257,0.2284,0.288,0.2505,0.2163,0.2411,0.2411,0.2334,0.2433,0.2417,0.2803,0.2455,0.5751,0.6316,0.3051,0.2841,0.2593,0.2725,0.2543,0.261,0.2461,0.2852
11/14/2020,15.9273,0.3403,0.3038,0.2872,0.433,0.5353,0.498,0.4172,0.4806,0.3014,0.2959,0.4029,0.303,0.261,0.284,0.2697,0.3157,0.2745,0.3094,0.2848,0.3458,0.299,0.349,0.2761,0.3101,0.265,0.2507,0.3363,0.2792,0.3831,0.3014,0.2769,0.2348,0.2903,0.2507,0.2317,0.3046,0.3553,0.3411,0.5029,0.5494,0.2547,0.3981,0.2761,0.3268,0.2935,0.3791,0.3419,0.326
11/13/2020,14.0368,0.294,0.323,0.3315,0.3001,0.4154,0.2934,0.2777,0.4118,0.2548,0.3339,0.3001,0.3206,0.2397,0.2325,0.2639,0.2397,0.2596,0.3109,0.3013,0.2645,0.2759,0.3043,0.3266,0.2856,0.2578,0.2971,0.2651,0.2349,0.3333,0.2488,0.2403,0.2373,0.2602,0.2584,0.2168,0.2578,0.25,0.2391,0.5227,0.5719,0.2922,0.3097,0.2959,0.2294,0.2723,0.247,0.2566,0.2814
11/12/2020,11.5431,0.2436,0.2382,0.2315,0.257,0.3172,0.2864,0.2517,0.2623,0.2506,0.2255,0.2492,0.2085,0.235,0.2102,0.2188,0.2262,0.2389,0.2145,0.2195,0.2425,0.2202,0.2265,0.246,0.2234,0.2372,0.2163,0.2652,0.2113,0.2616,0.2188,0.2173,0.2099,0.1936,0.2209,0.2195,0.2241,0.2088,0.2099,0.4212,0.4564,0.2244,0.2088,0.217,0.2425,0.2177,0.234,0.235,0.2283
11/11/2020,15.6457,0.3333,0.3372,0.2508,0.4297,0.3586,0.4855,0.4396,0.4366,0.3295,0.3471,0.3823,0.3448,0.2936,0.2913,0.2966,0.3035,0.3089,0.3265,0.3425,0.3272,0.2752,0.3249,0.2775,0.2447,0.3234,0.3081,0.3288,0.2599,0.289,0.3043,0.2255,0.2768,0.2775,0.2355,0.2898,0.2936,0.2592,0.2714,0.5918,0.6506,0.3066,0.3593,0.2424,0.3096,0.2844,0.2668,0.3043,0.2997
11/10/2020,12.6289,0.2292,0.2454,0.2444,0.3518,0.3787,0.343,0.3301,0.3384,0.2421,0.275,0.3217,0.2532,0.262,0.2616,0.2676,0.238,0.2639,0.2301,0.2542,0.2338,0.2296,0.2708,0.2921,0.2907,0.2278,0.2236,0.3111,0.2185,0.2356,0.2477,0.2259,0.2208,0.2143,0.213,0.2139,0.2268,0.2805,0.2231,0.3115,0.3315,0.2523,0.2555,0.2282,0.2796,0.2741,0.2889,0.2227,0.2546
11/9/2020,13.0713,0.2828,0.2752,0.2427,0.3594,0.2945,0.297,0.3442,0.2985,0.2904,0.2544,0.3492,0.2848,0.2458,0.2564,0.2853,0.2265,0.2767,0.2711,0.2828,0.2843,0.2463,0.2711,0.2549,0.2321,0.2483,0.2443,0.2326,0.2214,0.3229,0.2397,0.2209,0.2088,0.2067,0.2326,0.2351,0.2432,0.2894,0.2651,0.4406,0.4785,0.2382,0.2438,0.2458,0.2493,0.2798,0.3036,0.2387,0.2356
11/8/2020,13.3129,0.24,0.299,0.3085,0.3053,0.4169,0.3223,0.3728,0.3101,0.2379,0.2549,0.3632,0.2936,0.2607,0.2389,0.2772,0.2347,0.2889,0.2984,0.258,0.2432,0.2772,0.2225,0.2867,0.2825,0.2506,0.283,0.2235,0.2347,0.2469,0.257,0.2416,0.2246,0.2421,0.2246,0.249,0.2543,0.2469,0.2724,0.4636,0.5046,0.2256,0.2665,0.2235,0.2395,0.2915,0.2602,0.2634,0.2299
11/7/2020,12.388,0.272,0.2821,0.2597,0.3001,0.2702,0.2786,0.2439,0.2592,0.2777,0.2781,0.2983,0.2715,0.2386,0.2373,0.2492,0.2579,0.2527,0.2509,0.2448,0.2632,0.229,0.2382,0.2329,0.2492,0.2553,0.2364,0.2435,0.229,0.265,0.2435,0.2334,0.1996,0.2057,0.2162,0.2268,0.2399,0.2689,0.2509,0.4285,0.4647,0.2474,0.2487,0.2149,0.2325,0.2755,0.2865,0.2285,0.2114
11/6/2020,17.013,0.3037,0.2956,0.273,0.5263,0.3857,0.4902,0.3145,0.5092,0.3334,0.2811,0.3289,0.2901,0.282,0.2676,0.2892,0.3181,0.3046,0.3704,0.301,0.3532,0.3686,0.3613,0.3632,0.2865,0.2496,0.2847,0.3514,0.2703,0.465,0.3199,0.2234,0.2703,0.2388,0.2658,0.2514,0.3208,0.3424,0.2694,0.9785,1.0908,0.282,0.2838,0.3758,0.2757,0.3866,0.3244,0.3271,0.3677
11/5/2020,15.6455,0.2729,0.2722,0.3012,0.4572,0.3945,0.3823,0.3417,0.4656,0.4327,0.3242,0.4083,0.3754,0.3219,0.302,0.3326,0.2745,0.3387,0.2813,0.3288,0.2882,0.3012,0.3058,0.3417,0.328,0.2829,0.2576,0.3494,0.2691,0.419,0.3272,0.2454,0.2936,0.2615,0.2737,0.2684,0.2913,0.2928,0.2538,0.4159,0.4503,0.2554,0.3807,0.3486,0.2661,0.2836,0.3609,0.3119,0.3135
11/4/2020,16.0476,0.3679,0.3164,0.3485,0.3928,0.4974,0.3429,0.4306,0.4266,0.3413,0.3558,0.3131,0.3799,0.3059,0.2938,0.3445,0.285,0.2906,0.3003,0.3003,0.3453,0.2882,0.2914,0.3284,0.3477,0.2439,0.3349,0.3952,0.2705,0.4202,0.3139,0.293,0.2399,0.2262,0.2302,0.2496,0.3051,0.3566,0.2536,0.4719,0.5141,0.3534,0.33,0.3147,0.3091,0.3485,0.3856,0.3534,0.2995
11/3/2020,13.1118,0.2418,0.2551,0.2893,0.2996,0.3543,0.3599,0.3359,0.3057,0.3446,0.251,0.2648,0.227,0.2275,0.2735,0.2418,0.25,0.2791,0.2653,0.2643,0.2495,0.2546,0.2628,0.2464,0.2423,0.2295,0.2474,0.2669,0.2367,0.2822,0.2607,0.2122,0.2045,0.2224,0.2198,0.2372,0.2403,0.2408,0.2658,0.5774,0.6342,0.2541,0.2367,0.2285,0.2919,0.2479,0.2321,0.2336,0.2229
11/2/2020,7.7623,0.1618,0.1609,0.1614,0.1611,0.1583,0.1578,0.1583,0.157,0.164,0.1614,0.1599,0.1632,0.162,0.1624,0.1631,0.1622,0.1627,0.1633,0.1627,0.1622,0.1635,0.1623,0.1613,0.1613,0.1638,0.1628,0.1616,0.1635,0.1607,0.163,0.1633,0.1646,0.163,0.1632,0.1631,0.1627,0.1623,0.163,0.1551,0.1535,0.1631,0.1638,0.1622,0.1615,0.1622,0.161,0.1638,0.1614
11/1/2020,12.7097,0.2609,0.2331,0.2656,0.3178,0.3178,0.2863,0.2877,0.2561,0.2679,0.2642,0.3136,0.2199,0.2378,0.235,0.2237,0.2679,0.258,0.2514,0.251,0.2594,0.2722,0.242,0.226,0.2477,0.2171,0.2302,0.2943,0.2302,0.3028,0.2623,0.1968,0.2175,0.218,0.2251,0.2425,0.2439,0.2505,0.2557,0.4836,0.5274,0.2387,0.2919,0.2736,0.2411,0.2547,0.2383,0.2642,0.2463
10/31/2020,14.9619,0.3574,0.2969,0.2906,0.3971,0.5231,0.3525,0.3908,0.3233,0.3853,0.2864,0.3853,0.3275,0.2495,0.3163,0.3003,0.262,0.3073,0.3198,0.315,0.3358,0.2669,0.2892,0.3261,0.2648,0.3059,0.2822,0.3331,0.2579,0.3546,0.2593,0.2363,0.2558,0.2474,0.2467,0.2335,0.2593,0.3331,0.2697,0.4359,0.4732,0.347,0.2495,0.315,0.3296,0.2732,0.2725,0.2732,0.2488
10/30/2020,11.3819,0.2414,0.2576,0.2434,0.2431,0.2766,0.2343,0.2918,0.281,0.2779,0.2475,0.258,0.2505,0.2363,0.2188,0.2363,0.2262,0.2174,0.2127,0.2465,0.214,0.2326,0.235,0.2079,0.2445,0.2218,0.2248,0.2093,0.2022,0.215,0.2377,0.1964,0.1941,0.2069,0.1934,0.2171,0.2133,0.212,0.2431,0.347,0.3719,0.2059,0.2492,0.2255,0.2035,0.2458,0.2512,0.2414,0.2221
10/29/2020,12.3073,0.2205,0.2597,0.2455,0.2743,0.3196,0.2847,0.2799,0.2933,0.3002,0.2718,0.3161,0.2873,0.2158,0.2369,0.2412,0.2545,0.2576,0.2334,0.2442,0.2377,0.2528,0.2201,0.2442,0.2184,0.2412,0.2451,0.2731,0.2097,0.2937,0.2425,0.2317,0.2274,0.2214,0.2334,0.214,0.2347,0.2192,0.2709,0.381,0.4106,0.2576,0.2115,0.2627,0.2244,0.2356,0.2558,0.2364,0.264
10/28/2020,12.1867,0.2542,0.2454,0.2353,0.2584,0.2663,0.2667,0.2784,0.286,0.2207,0.291,0.3316,0.227,0.2198,0.2253,0.2261,0.2554,0.2257,0.2462,0.245,0.2676,0.2412,0.2207,0.2487,0.2307,0.2316,0.2098,0.2437,0.2169,0.2692,0.2554,0.2035,0.2035,0.2115,0.2157,0.2261,0.2395,0.2274,0.2408,0.5269,0.5767,0.2186,0.2579,0.2613,0.2207,0.2349,0.2441,0.2203,0.2173
10/27/2020,14.5999,0.3086,0.2914,0.2782,0.3633,0.463,0.3132,0.2742,0.4076,0.3528,0.2577,0.2696,0.2492,0.2472,0.296,0.2775,0.3086,0.3244,0.2723,0.3204,0.2828,0.3059,0.3006,0.2617,0.2723,0.2934,0.2492,0.2855,0.2478,0.3666,0.2868,0.2657,0.2188,0.2373,0.269,0.2445,0.2538,0.2888,0.2683,0.6599,0.7281,0.2828,0.2591,0.2485,0.2492,0.2782,0.2637,0.2888,0.2676
10/26/2020,17.9781,0.3772,0.3543,0.2764,0.5009,0.463,0.4281,0.48,0.5858,0.2844,0.4371,0.4121,0.3403,0.3383,0.3543,0.3852,0.3872,0.3373,0.3014,0.3213,0.3233,0.3692,0.2645,0.2834,0.3872,0.3652,0.3642,0.3173,0.2954,0.474,0.3483,0.3044,0.2794,0.2934,0.2884,0.2954,0.3014,0.2894,0.3602,0.7798,0.8646,0.2784,0.3732,0.3632,0.3383,0.3253,0.4111,0.3283,0.3473
10/25/2020,15.6453,0.354,0.3219,0.2783,0.4526,0.4136,0.458,0.3547,0.315,0.357,0.2959,0.3777,0.3754,0.3203,0.3173,0.2599,0.2699,0.2921,0.2584,0.2737,0.2729,0.2951,0.2408,0.302,0.2737,0.2469,0.2645,0.2898,0.2538,0.2936,0.3043,0.2676,0.2317,0.2469,0.237,0.2378,0.2722,0.3593,0.3417,0.737,0.8158,0.2905,0.3746,0.2737,0.3303,0.3402,0.2729,0.3142,0.3188
10/24/2020,10.417,0.2314,0.216,0.2015,0.244,0.2206,0.2397,0.2264,0.2121,0.2409,0.2036,0.2049,0.2145,0.2075,0.2027,0.1983,0.2227,0.2138,0.1983,0.2128,0.2085,0.2068,0.2198,0.2075,0.1988,0.1949,0.1974,0.202,0.1991,0.2157,0.2078,0.2061,0.1843,0.1971,0.2041,0.1884,0.1981,0.1983,0.2208,0.3655,0.393,0.2322,0.2068,0.1923,0.2114,0.2049,0.2123,0.2249,0.2065
10/23/2020,10.3368,0.2022,0.2083,0.2003,0.2321,0.2709,0.2113,0.2389,0.2477,0.2361,0.2438,0.255,0.2125,0.205,0.1994,0.2141,0.2012,0.2181,0.2225,0.2022,0.2209,0.2148,0.2036,0.2055,0.2085,0.19,0.2134,0.2347,0.1973,0.2431,0.2045,0.198,0.1858,0.1968,0.1877,0.1924,0.2066,0.222,0.1928,0.2422,0.2526,0.2199,0.2171,0.1947,0.2181,0.2139,0.2309,0.2092,0.1982
10/22/2020,9.6526,0.1921,0.192,0.201,0.2315,0.2048,0.2024,0.2043,0.2019,0.204,0.2039,0.2313,0.1873,0.1944,0.1987,0.191,0.1915,0.2014,0.1989,0.2035,0.1997,0.203,0.2024,0.1939,0.1893,0.1839,0.1853,0.1946,0.1882,0.1923,0.1946,0.188,0.1814,0.1802,0.1873,0.1898,0.1924,0.1878,0.1868,0.3131,0.3333,0.1946,0.1842,0.1931,0.203,0.1972,0.1929,0.1924,0.192
10/21/2020,10.98,0.2173,0.2427,0.2203,0.2537,0.2447,0.2242,0.2713,0.2275,0.2361,0.2263,0.2191,0.217,0.2057,0.2093,0.2039,0.2075,0.2239,0.2322,0.2185,0.2248,0.2269,0.1977,0.2239,0.2355,0.2272,0.1983,0.2394,0.206,0.2304,0.2206,0.2069,0.189,0.2102,0.2039,0.2036,0.2066,0.2164,0.1991,0.4209,0.456,0.2129,0.1956,0.2146,0.2161,0.2143,0.2444,0.2289,0.2087
10/20/2020,15.0825,0.3196,0.2956,0.2878,0.3444,0.3742,0.3303,0.2906,0.3204,0.3728,0.3041,0.3366,0.3338,0.2495,0.3189,0.3324,0.2849,0.2942,0.2658,0.3111,0.3289,0.3062,0.2786,0.3338,0.2694,0.2502,0.241,0.2857,0.2432,0.2871,0.3026,0.2701,0.2623,0.2531,0.2616,0.2502,0.2587,0.3416,0.2651,0.7225,0.7993,0.3366,0.2963,0.2665,0.2602,0.3019,0.2481,0.3317,0.263
10/19/2020,17.7771,0.3045,0.3739,0.4082,0.3994,0.6242,0.5568,0.3886,0.3984,0.3182,0.371,0.2957,0.3632,0.2869,0.3309,0.3368,0.3309,0.3221,0.37,0.3642,0.3935,0.328,0.3544,0.327,0.3407,0.3094,0.3446,0.4639,0.3055,0.4258,0.3094,0.2547,0.242,0.3172,0.2918,0.284,0.3123,0.3788,0.3309,0.7026,0.7767,0.3133,0.3915,0.3378,0.3182,0.373,0.4052,0.328,0.373
10/18/2020,18.863,0.3676,0.4263,0.3307,0.6077,0.6349,0.4958,0.3828,0.486,0.5262,0.4067,0.3242,0.3535,0.3448,0.3481,0.3568,0.3481,0.3991,0.4274,0.4317,0.4176,0.3394,0.3372,0.4654,0.3231,0.3731,0.3448,0.4393,0.3068,0.4372,0.3405,0.2438,0.2449,0.2775,0.271,0.3133,0.3383,0.3644,0.4002,0.6269,0.6906,0.4057,0.3839,0.3828,0.2796,0.3492,0.3752,0.3981,0.3948
10/17/2020,12.7902,0.2462,0.2337,0.2572,0.2802,0.3535,0.2917,0.3425,0.342,0.2366,0.2955,0.3329,0.2759,0.2318,0.24,0.2687,0.2433,0.2395,0.2289,0.2744,0.2419,0.2261,0.2524,0.2979,0.273,0.2486,0.2179,0.2323,0.2309,0.2538,0.251,0.2179,0.2404,0.2304,0.2064,0.2304,0.2376,0.2534,0.2438,0.4796,0.5229,0.2687,0.2189,0.2452,0.2256,0.2471,0.2941,0.2701,0.2174
10/16/2020,15.0826,0.3473,0.2906,0.2701,0.3374,0.5024,0.3253,0.4011,0.3947,0.3621,0.2786,0.3933,0.3536,0.309,0.2559,0.3026,0.3388,0.263,0.3451,0.3345,0.3218,0.3168,0.2892,0.3466,0.348,0.2481,0.2545,0.3055,0.2439,0.3501,0.3048,0.2184,0.2424,0.2495,0.2226,0.2708,0.2772,0.2708,0.2701,0.478,0.5211,0.3437,0.241,0.2892,0.2772,0.2672,0.3204,0.2616,0.3267
10/15/2020,16.9729,0.2995,0.3973,0.3488,0.3874,0.4646,0.4215,0.4188,0.4484,0.3246,0.3282,0.3677,0.3273,0.3282,0.3264,0.2869,0.3632,0.3623,0.3407,0.3434,0.3398,0.2905,0.3712,0.4188,0.3201,0.3201,0.2842,0.3479,0.2699,0.3883,0.347,0.269,0.2743,0.2914,0.269,0.3048,0.2941,0.3677,0.3201,0.7273,0.8048,0.3111,0.2977,0.3093,0.2806,0.3461,0.3111,0.2896,0.3219
10/14/2020,17.0931,0.354,0.3149,0.3076,0.4895,0.4558,0.5331,0.3922,0.4176,0.4931,0.3149,0.3103,0.3085,0.2794,0.3213,0.2767,0.3049,0.3522,0.2994,0.3249,0.3722,0.2931,0.3831,0.2894,0.3131,0.2512,0.2958,0.3203,0.2885,0.3922,0.3003,0.2785,0.3122,0.2712,0.2912,0.2421,0.2903,0.3194,0.2976,0.8471,0.9412,0.3885,0.3931,0.2931,0.2549,0.3194,0.2867,0.3822,0.3349
10/13/2020,17.3349,0.3375,0.4206,0.4094,0.5102,0.4822,0.4784,0.4364,0.3814,0.2815,0.4094,0.4327,0.3459,0.289,0.3319,0.3076,0.3328,0.3552,0.2899,0.3842,0.3562,0.331,0.3552,0.3963,0.2572,0.274,0.3459,0.2983,0.2721,0.3338,0.2974,0.2862,0.2992,0.2693,0.3104,0.316,0.288,0.3646,0.3814,0.6447,0.7108,0.4103,0.3328,0.3048,0.2721,0.2834,0.4243,0.3403,0.3627
10/12/2020,14.6802,0.2729,0.2856,0.2589,0.4365,0.486,0.4178,0.2762,0.3457,0.2876,0.3664,0.3096,0.2535,0.2769,0.2816,0.2468,0.2702,0.3223,0.2829,0.2956,0.2809,0.317,0.2595,0.331,0.2609,0.2649,0.2662,0.2388,0.2528,0.2655,0.2956,0.2121,0.2315,0.2729,0.2695,0.2488,0.2822,0.2769,0.2976,0.574,0.6304,0.3377,0.3617,0.3163,0.2909,0.3003,0.2622,0.2629,0.2462
10/11/2020,15.4038,0.2992,0.3177,0.3162,0.4162,0.4192,0.3703,0.4391,0.3829,0.3177,0.3777,0.3199,0.2977,0.3036,0.3103,0.2622,0.3029,0.3066,0.28,0.2896,0.3214,0.2518,0.2777,0.3029,0.2444,0.2414,0.2563,0.3273,0.2429,0.3325,0.2762,0.2207,0.2392,0.2444,0.2311,0.2674,0.2903,0.3192,0.2955,0.7789,0.8635,0.2592,0.331,0.2414,0.3036,0.2688,0.2637,0.3036,0.2785
10/10/2020,10.8192,0.2135,0.2199,0.1999,0.2321,0.2684,0.2698,0.28,0.2222,0.2315,0.2056,0.2154,0.2022,0.198,0.2152,0.2318,0.2312,0.2312,0.2005,0.2135,0.2146,0.2281,0.2346,0.223,0.2183,0.2081,0.2163,0.2264,0.2039,0.249,0.2202,0.1853,0.2084,0.207,0.2036,0.2047,0.2118,0.2188,0.2002,0.3547,0.3807,0.2042,0.2456,0.2171,0.1946,0.2061,0.2135,0.2118,0.2267
10/9/2020,8.8082,0.1822,0.1834,0.1797,0.1889,0.1888,0.1915,0.1923,0.1895,0.1836,0.1805,0.1907,0.1882,0.1799,0.1785,0.1848,0.1823,0.1848,0.1818,0.1794,0.1807,0.1816,0.1798,0.1887,0.1781,0.174,0.1758,0.1814,0.1765,0.1805,0.1788,0.1798,0.1789,0.179,0.1745,0.1758,0.1804,0.1786,0.182,0.2179,0.225,0.1789,0.1847,0.176,0.1864,0.1825,0.1775,0.1846,0.179
10/8/2020,9.6932,0.1904,0.2066,0.2073,0.2056,0.2173,0.2021,0.2349,0.209,0.196,0.1966,0.2071,0.1875,0.1929,0.1902,0.2009,0.1917,0.1948,0.1907,0.2065,0.1924,0.1905,0.2,0.1885,0.1909,0.1878,0.2002,0.2021,0.1866,0.1914,0.1987,0.1775,0.1868,0.1794,0.1826,0.1851,0.1894,0.1998,0.1882,0.3105,0.3304,0.1865,0.2151,0.1966,0.199,0.2092,0.2129,0.1885,0.1985
10/7/2020,13.5943,0.2506,0.2774,0.2981,0.3798,0.3563,0.3054,0.3569,0.3524,0.2953,0.3345,0.2758,0.297,0.2612,0.2377,0.2316,0.2489,0.2875,0.2495,0.2562,0.2858,0.2702,0.2993,0.2881,0.3004,0.2243,0.2897,0.2539,0.2338,0.3211,0.2489,0.203,0.2539,0.2114,0.2327,0.2422,0.2595,0.2651,0.2808,0.428,0.4642,0.2551,0.3093,0.2427,0.2528,0.2998,0.3205,0.2534,0.2523
10/6/2020,13.6347,0.2951,0.2918,0.2585,0.3098,0.4461,0.3233,0.2681,0.3566,0.3188,0.325,0.3064,0.2585,0.2585,0.2805,0.2985,0.2951,0.2788,0.2822,0.2512,0.2698,0.2388,0.2444,0.3233,0.2895,0.2782,0.2889,0.3357,0.223,0.2608,0.2422,0.2033,0.2275,0.2089,0.2377,0.2292,0.2653,0.3041,0.2394,0.3941,0.4255,0.2698,0.3154,0.2732,0.2315,0.3002,0.307,0.2777,0.2275
10/5/2020,13.5942,0.2758,0.3009,0.2444,0.3703,0.3345,0.302,0.3602,0.2713,0.3692,0.2937,0.3043,0.2321,0.2416,0.2758,0.2579,0.2668,0.2623,0.2556,0.2847,0.2864,0.2562,0.2237,0.3093,0.2405,0.2198,0.2646,0.2903,0.2388,0.3345,0.2702,0.2265,0.2584,0.2427,0.2181,0.2517,0.245,0.2797,0.283,0.4882,0.5327,0.2629,0.2897,0.2618,0.264,0.2416,0.3065,0.278,0.226
10/4/2020,14.9216,0.3293,0.3307,0.3259,0.4352,0.4304,0.3238,0.2989,0.3653,0.2712,0.2843,0.4228,0.3321,0.3072,0.2982,0.2982,0.3314,0.3314,0.2663,0.3016,0.3079,0.2532,0.2906,0.2698,0.3023,0.2809,0.2753,0.2414,0.2511,0.3674,0.3072,0.2407,0.2573,0.2449,0.2712,0.2262,0.2712,0.2871,0.3189,0.4959,0.5414,0.2836,0.3342,0.2622,0.3238,0.2698,0.2781,0.3009,0.2829
10/3/2020,19.5069,0.3864,0.4601,0.475,0.4187,0.4233,0.5004,0.6235,0.4624,0.3991,0.4141,0.5015,0.3807,0.299,0.3082,0.4014,0.3335,0.36,0.4152,0.4463,0.3887,0.3163,0.3013,0.4129,0.4256,0.3738,0.3864,0.4681,0.3301,0.5257,0.4003,0.3197,0.337,0.2748,0.2507,0.3013,0.36,0.4072,0.4428,0.7247,0.8019,0.3657,0.4267,0.4129,0.2783,0.4175,0.307,0.4256,0.3151
10/2/2020,12.9106,0.2516,0.2624,0.2285,0.3002,0.3268,0.3498,0.3125,0.2644,0.3081,0.233,0.3169,0.2713,0.257,0.2629,0.2393,0.2826,0.2639,0.284,0.2806,0.2772,0.2305,0.2153,0.2349,0.2988,0.2266,0.257,0.2737,0.2344,0.2614,0.2492,0.2443,0.2202,0.2094,0.2168,0.2457,0.2462,0.2261,0.2649,0.4328,0.4696,0.2565,0.232,0.2619,0.2664,0.2551,0.2791,0.259,0.2698
10/1/2020,12.1866,0.2563,0.2588,0.247,0.3006,0.263,0.3383,0.2969,0.2517,0.2856,0.2826,0.3304,0.2684,0.2328,0.2236,0.2458,0.2483,0.2311,0.2445,0.2345,0.2299,0.2215,0.2127,0.2697,0.2223,0.2299,0.2395,0.2918,0.2169,0.2203,0.245,0.2274,0.2186,0.2194,0.2324,0.2194,0.2244,0.2244,0.2479,0.3908,0.4219,0.2404,0.2441,0.2374,0.2165,0.242,0.2454,0.2487,0.2458
9/30/2020,11.9851,0.2316,0.2452,0.2739,0.2719,0.3659,0.3325,0.2436,0.3026,0.2587,0.2922,0.234,0.2392,0.2284,0.2476,0.2579,0.2615,0.2456,0.2225,0.2396,0.2272,0.2201,0.2097,0.2141,0.2177,0.2352,0.23,0.2073,0.2129,0.2826,0.232,0.2129,0.2324,0.2296,0.2217,0.2081,0.228,0.2161,0.2587,0.3374,0.361,0.2751,0.2364,0.2611,0.2551,0.2384,0.2599,0.2356,0.2344
9/29/2020,12.4682,0.2752,0.2368,0.2806,0.2757,0.3753,0.3458,0.3597,0.3508,0.2989,0.2288,0.3427,0.2323,0.2538,0.2368,0.2417,0.2636,0.2377,0.2735,0.2641,0.2533,0.2185,0.2489,0.2699,0.2837,0.2462,0.2176,0.3128,0.2297,0.2958,0.2507,0.2194,0.2252,0.2239,0.2261,0.2364,0.2368,0.2198,0.2408,0.2438,0.2544,0.2525,0.2382,0.2726,0.2234,0.2471,0.2172,0.2301,0.2596
9/28/2020,13.5137,0.3029,0.2549,0.2946,0.3409,0.4115,0.3464,0.3994,0.3437,0.3012,0.3161,0.3332,0.251,0.2417,0.2372,0.2758,0.2394,0.2725,0.2604,0.2973,0.2996,0.288,0.2742,0.2896,0.2284,0.261,0.2499,0.2488,0.2367,0.2461,0.245,0.2284,0.2284,0.2179,0.2389,0.2532,0.261,0.2576,0.2758,0.4441,0.4825,0.3166,0.2268,0.2406,0.2279,0.2444,0.2488,0.2791,0.2543
9/27/2020,13.3129,0.258,0.2766,0.2495,0.3531,0.393,0.3175,0.2841,0.3144,0.2846,0.2745,0.3659,0.2979,0.2363,0.2804,0.248,0.265,0.2761,0.2671,0.2565,0.2644,0.2634,0.2809,0.2703,0.2214,0.2724,0.2671,0.2782,0.2405,0.3388,0.2618,0.2336,0.2256,0.2379,0.2251,0.2325,0.2363,0.274,0.2671,0.3627,0.3898,0.2735,0.2772,0.291,0.2766,0.2495,0.3016,0.2724,0.2288
9/26/2020,9.8138,0.198,0.1948,0.2044,0.22,0.2369,0.2278,0.2022,0.2149,0.1948,0.1975,0.2124,0.1873,0.1977,0.2031,0.2037,0.2035,0.1935,0.206,0.1995,0.1957,0.1953,0.2028,0.2038,0.202,0.1986,0.1864,0.1892,0.185,0.1915,0.195,0.1962,0.1912,0.1797,0.1919,0.1906,0.191,0.1973,0.1993,0.3087,0.3283,0.1875,0.1839,0.1995,0.1997,0.2073,0.2149,0.1991,0.2044
9/25/2020,7.722,0.163,0.1596,0.1623,0.1554,0.1605,0.1564,0.158,0.1587,0.1579,0.1584,0.1583,0.1589,0.1612,0.1628,0.1602,0.1632,0.1618,0.1617,0.1615,0.1603,0.1626,0.1633,0.1589,0.162,0.1641,0.1637,0.1582,0.1628,0.1576,0.1615,0.1629,0.1628,0.1627,0.164,0.1642,0.1622,0.1625,0.1624,0.1593,0.1583,0.161,0.1592,0.1605,0.1632,0.1608,0.1601,0.1603,0.1608
9/24/2020,8.3258,0.1744,0.1717,0.1747,0.1754,0.1785,0.1741,0.1805,0.1768,0.1768,0.1763,0.1735,0.1721,0.1711,0.1717,0.1712,0.174,0.1711,0.1721,0.174,0.1728,0.1722,0.1722,0.1742,0.1737,0.1717,0.1735,0.174,0.1704,0.1743,0.1717,0.1692,0.1709,0.1696,0.1698,0.17,0.1718,0.173,0.1736,0.1811,0.1831,0.1722,0.1724,0.1736,0.1699,0.1724,0.1743,0.1743,0.1739
9/23/2020,10.4172,0.2133,0.2082,0.2293,0.2206,0.2218,0.2491,0.2583,0.266,0.2455,0.2264,0.2261,0.2266,0.2102,0.1969,0.222,0.1993,0.1952,0.2041,0.2194,0.202,0.1947,0.2097,0.1974,0.2092,0.1887,0.2126,0.2312,0.2003,0.231,0.2041,0.1937,0.187,0.1846,0.1983,0.2007,0.2044,0.2133,0.2,0.3025,0.3213,0.2,0.2281,0.193,0.2131,0.2111,0.2087,0.2162,0.222
9/22/2020,10.2559,0.2007,0.2134,0.2073,0.2601,0.2607,0.2427,0.2592,0.2278,0.1908,0.2019,0.2501,0.212,0.1971,0.1928,0.1971,0.2057,0.2188,0.2158,0.2059,0.1996,0.2068,0.2208,0.2066,0.2059,0.2111,0.2154,0.1913,0.1926,0.233,0.1983,0.1825,0.1973,0.2012,0.1865,0.1942,0.1969,0.2129,0.2066,0.2667,0.2805,0.228,0.1931,0.2204,0.2174,0.2163,0.2052,0.1973,0.2116
9/21/2020,11.7843,0.2144,0.2598,0.2389,0.2798,0.2772,0.2798,0.2598,0.301,0.2147,0.234,0.2545,0.2174,0.2242,0.2306,0.253,0.2442,0.2348,0.231,0.2242,0.2242,0.2094,0.2499,0.217,0.2484,0.2128,0.2363,0.2537,0.2079,0.281,0.2219,0.2102,0.2272,0.2128,0.2049,0.2234,0.22,0.2189,0.2321,0.4318,0.4685,0.2571,0.2715,0.2219,0.2072,0.2465,0.2302,0.2272,0.2371
9/20/2020,8.5266,0.1766,0.18,0.1776,0.1831,0.1898,0.1836,0.1864,0.1871,0.1845,0.1778,0.1847,0.1727,0.1739,0.1755,0.1729,0.1732,0.175,0.1787,0.1747,0.1775,0.1741,0.1786,0.1765,0.1764,0.1762,0.1724,0.1793,0.1741,0.1809,0.1776,0.1706,0.1741,0.1716,0.173,0.1731,0.1736,0.1797,0.1778,0.1807,0.1826,0.1759,0.178,0.1797,0.1746,0.1786,0.1797,0.179,0.1729
9/19/2020,8.2054,0.1696,0.1697,0.1699,0.1745,0.1717,0.1712,0.1707,0.1724,0.1702,0.1693,0.1696,0.1706,0.1698,0.169,0.1702,0.1705,0.1692,0.1696,0.1703,0.1706,0.1696,0.1691,0.17,0.1702,0.1697,0.1707,0.1724,0.1691,0.1726,0.1701,0.1698,0.1695,0.1689,0.1692,0.1689,0.17,0.1698,0.1691,0.1848,0.1873,0.1723,0.1698,0.169,0.1706,0.1701,0.1717,0.1714,0.1711
9/18/2020,7.4407,0.1572,0.153,0.1511,0.1449,0.1485,0.1503,0.1436,0.1564,0.1605,0.1589,0.1522,0.1564,0.1588,0.1597,0.1536,0.1575,0.1583,0.157,0.1549,0.1555,0.1546,0.1555,0.1519,0.1584,0.16,0.1601,0.1536,0.1598,0.1496,0.157,0.1595,0.1604,0.1607,0.1619,0.1605,0.1584,0.1593,0.1543,0.1323,0.1275,0.1532,0.1592,0.1534,0.1614,0.1594,0.1538,0.1575,0.1592
9/17/2020,8.7281,0.1868,0.1848,0.1813,0.186,0.1866,0.1918,0.187,0.1867,0.1868,0.1804,0.1905,0.1803,0.1747,0.1782,0.1785,0.1797,0.1804,0.1776,0.1823,0.1846,0.1809,0.176,0.1811,0.1765,0.1758,0.1769,0.1779,0.177,0.1874,0.1763,0.1785,0.1779,0.178,0.1741,0.1769,0.1796,0.1825,0.1761,0.2089,0.2147,0.1835,0.1754,0.1739,0.1817,0.1772,0.1774,0.1801,0.1809
9/16/2020,8.6472,0.1801,0.177,0.1808,0.1933,0.1931,0.1897,0.194,0.1832,0.175,0.1753,0.1852,0.1805,0.1793,0.1779,0.1805,0.1746,0.1761,0.1753,0.1768,0.1794,0.1801,0.1801,0.1806,0.1816,0.1775,0.1798,0.1873,0.1747,0.1783,0.1767,0.1752,0.1744,0.1749,0.1746,0.175,0.1782,0.1822,0.1768,0.1954,0.1994,0.1817,0.1816,0.1742,0.1734,0.1787,0.1746,0.1798,0.1733
9/15/2020,9.492,0.2062,0.1992,0.1953,0.2058,0.2404,0.197,0.2084,0.2249,0.2117,0.188,0.197,0.1943,0.1956,0.1961,0.1959,0.1853,0.1992,0.1895,0.195,0.1995,0.1971,0.1892,0.2013,0.2056,0.1892,0.1858,0.2114,0.1865,0.2059,0.1968,0.1841,0.1804,0.1802,0.1801,0.188,0.1886,0.1844,0.2005,0.2267,0.235,0.1862,0.1967,0.1865,0.2031,0.2023,0.2032,0.1907,0.1822
9/14/2020,9.8138,0.1986,0.2109,0.2035,0.2149,0.2058,0.2133,0.2115,0.2398,0.2151,0.1986,0.212,0.1964,0.1948,0.1873,0.2082,0.1901,0.2067,0.1951,0.1942,0.2106,0.1962,0.2075,0.1931,0.1884,0.1919,0.206,0.1999,0.1919,0.2193,0.1906,0.1864,0.189,0.1897,0.1881,0.1908,0.1935,0.1955,0.1912,0.289,0.3059,0.1959,0.1879,0.2098,0.2049,0.2115,0.1959,0.21,0.1866
9/13/2020,8.889,0.1851,0.1842,0.1872,0.1887,0.1926,0.1929,0.1939,0.1951,0.1857,0.1853,0.1866,0.1799,0.1803,0.1764,0.1803,0.1813,0.1796,0.1813,0.1841,0.1871,0.1795,0.1844,0.1818,0.1809,0.1827,0.1851,0.1807,0.1784,0.1916,0.182,0.1726,0.1738,0.1804,0.1804,0.1738,0.1787,0.1888,0.1867,0.2213,0.2289,0.1872,0.1827,0.1758,0.1834,0.1858,0.1905,0.177,0.1865
9/12/2020,9.3709,0.1903,0.1882,0.204,0.2038,0.2285,0.1959,0.1996,0.2108,0.2152,0.1957,0.22,0.1913,0.1883,0.1879,0.1878,0.1846,0.1983,0.1845,0.1997,0.196,0.1844,0.1946,0.194,0.185,0.1883,0.1935,0.209,0.1808,0.2005,0.1931,0.1883,0.189,0.1818,0.1831,0.1848,0.1841,0.2009,0.1997,0.2091,0.215,0.2005,0.1944,0.199,0.1811,0.1956,0.1912,0.1978,0.1819
9/11/2020,8.7275,0.1835,0.1776,0.1858,0.1901,0.19,0.1822,0.1927,0.1882,0.1862,0.1902,0.1817,0.1755,0.1761,0.179,0.1794,0.1777,0.1755,0.18,0.1795,0.1798,0.1827,0.177,0.1817,0.1766,0.1793,0.1792,0.1895,0.1747,0.1806,0.1767,0.1734,0.1767,0.1725,0.1769,0.175,0.1777,0.1748,0.1758,0.2177,0.2248,0.1766,0.1767,0.179,0.177,0.1821,0.1864,0.1793,0.1764
9/10/2020,8.7678,0.1829,0.1849,0.1813,0.194,0.2059,0.1862,0.184,0.1912,0.1939,0.191,0.1896,0.1798,0.1803,0.1773,0.179,0.1792,0.1766,0.1763,0.1832,0.1823,0.1791,0.1823,0.1795,0.1767,0.174,0.1752,0.1745,0.1766,0.1841,0.177,0.1741,0.177,0.1741,0.1764,0.176,0.1786,0.1848,0.1805,0.2171,0.2241,0.177,0.1742,0.1851,0.1803,0.1775,0.1783,0.1772,0.1776
9/9/2020,11.1412,0.2185,0.248,0.2464,0.2468,0.2358,0.2738,0.2254,0.2248,0.2515,0.2527,0.264,0.2389,0.2191,0.2304,0.2301,0.205,0.2329,0.2197,0.2289,0.2154,0.2201,0.2069,0.2411,0.2235,0.2226,0.2,0.2154,0.2047,0.2248,0.2141,0.215,0.1931,0.2091,0.1902,0.1946,0.2141,0.211,0.2175,0.4314,0.468,0.2282,0.2034,0.204,0.2097,0.2091,0.2424,0.2072,0.2119
9/8/2020,9.0089,0.1863,0.1924,0.184,0.2059,0.1908,0.1852,0.2001,0.1854,0.203,0.1859,0.1852,0.1842,0.1779,0.1782,0.1843,0.1898,0.1792,0.1833,0.1907,0.1866,0.1836,0.1827,0.1836,0.1853,0.1782,0.1847,0.1846,0.1773,0.1929,0.1832,0.1798,0.1821,0.1746,0.1818,0.1805,0.1842,0.1908,0.1845,0.2309,0.2397,0.1907,0.1879,0.1872,0.1852,0.1893,0.1813,0.1853,0.1786
9/7/2020,9.4918,0.1946,0.2005,0.1996,0.2123,0.2089,0.2152,0.2207,0.2186,0.2134,0.2152,0.2128,0.188,0.1916,0.1941,0.1932,0.189,0.2008,0.1864,0.1881,0.1917,0.1999,0.199,0.2064,0.1967,0.1908,0.194,0.1996,0.187,0.192,0.1877,0.1795,0.1856,0.1874,0.1782,0.1868,0.1904,0.187,0.1823,0.2181,0.2252,0.1978,0.2072,0.1841,0.1965,0.2002,0.1996,0.2004,0.1977
9/6/2020,7.1187,0.1438,0.1549,0.1436,0.1337,0.1238,0.1421,0.1502,0.1505,0.1446,0.1416,0.153,0.1425,0.1505,0.1493,0.147,0.1535,0.1496,0.1454,0.1461,0.1485,0.1477,0.1564,0.1527,0.1443,0.1576,0.1499,0.152,0.1556,0.1438,0.1481,0.1525,0.1558,0.1561,0.1546,0.1549,0.1518,0.1474,0.146,0.1417,0.1382,0.156,0.1456,0.1448,0.1528,0.1478,0.1425,0.1512,0.1567
9/5/2020,11.6643,0.2114,0.2502,0.2246,0.2693,0.3433,0.244,0.285,0.2388,0.2407,0.2747,0.2964,0.2095,0.2136,0.2322,0.237,0.2246,0.2491,0.2539,0.2293,0.2513,0.241,0.2092,0.2388,0.2235,0.2106,0.2436,0.2693,0.2154,0.2473,0.2257,0.218,0.193,0.2055,0.1993,0.2051,0.218,0.2202,0.2279,0.4143,0.4485,0.2579,0.2337,0.2187,0.218,0.2242,0.2341,0.2187,0.2059
9/4/2020,6.0329,0.1395,0.1291,0.124,0.0962,0.0665,0.1224,0.135,0.0964,0.1161,0.1059,0.125,0.1389,0.1448,0.1393,0.1252,0.1263,0.1328,0.1246,0.1293,0.1281,0.1277,0.1376,0.1435,0.1315,0.1352,0.145,0.1254,0.1442,0.1399,0.1299,0.1446,0.146,0.1466,0.1397,0.1348,0.1332,0.125,0.1246,0.0619,0.0474,0.1143,0.1482,0.1252,0.1259,0.1315,0.1199,0.1285,0.1303
9/3/2020,7.6015,0.159,0.1603,0.1596,0.1552,0.1582,0.1527,0.159,0.1528,0.1537,0.1548,0.1559,0.158,0.1593,0.1591,0.161,0.1597,0.1612,0.1597,0.1611,0.1575,0.1613,0.1604,0.1568,0.1584,0.1606,0.1581,0.1619,0.1618,0.1542,0.1583,0.1632,0.1616,0.161,0.1625,0.1616,0.1601,0.1608,0.158,0.1481,0.1456,0.1583,0.1554,0.157,0.1626,0.1569,0.1594,0.1573,0.1625
9/2/2020,7.4006,0.1501,0.157,0.1574,0.1517,0.1457,0.1484,0.1445,0.1461,0.1558,0.1499,0.158,0.1525,0.1583,0.1555,0.1534,0.1523,0.1572,0.1593,0.1573,0.1553,0.1556,0.1594,0.15,0.1553,0.1598,0.1581,0.156,0.1588,0.1584,0.1576,0.1593,0.1623,0.1595,0.1592,0.1604,0.158,0.1531,0.154,0.1301,0.1251,0.1575,0.1523,0.1586,0.1524,0.1559,0.1539,0.1572,0.1571
9/1/2020,9.0094,0.1844,0.1863,0.1812,0.1915,0.19,0.1898,0.2086,0.2076,0.1921,0.1817,0.2006,0.1781,0.1851,0.1791,0.1786,0.1814,0.1809,0.183,0.1866,0.1859,0.1835,0.1777,0.1908,0.1777,0.1774,0.1858,0.1991,0.1792,0.1986,0.1823,0.1813,0.175,0.1794,0.18,0.1813,0.1803,0.1815,0.1784,0.2352,0.2447,0.1917,0.1955,0.1838,0.178,0.1799,0.1911,0.1894,0.1783
8/31/2020,9.05,0.1828,0.1866,0.1953,0.1922,0.1927,0.1952,0.1843,0.2068,0.1841,0.1866,0.1898,0.1878,0.1795,0.1882,0.182,0.1807,0.1799,0.186,0.1829,0.19,0.1887,0.1779,0.1903,0.1797,0.1793,0.1883,0.1776,0.1797,0.194,0.184,0.1784,0.182,0.178,0.1745,0.1753,0.1834,0.1902,0.1885,0.2437,0.2543,0.1925,0.1855,0.1868,0.19,0.1872,0.194,0.1842,0.1886
8/30/2020,5.7513,0.1206,0.1109,0.1336,0.1012,0.0513,0.1219,0.0873,0.0868,0.1078,0.1035,0.09,0.1136,0.1201,0.1334,0.1237,0.1298,0.1273,0.1311,0.1136,0.1152,0.1163,0.112,0.1093,0.1345,0.1334,0.1307,0.1199,0.1417,0.1143,0.128,0.1401,0.1464,0.132,0.1406,0.1336,0.1368,0.126,0.132,0.101,0.092,0.1082,0.1078,0.1431,0.1458,0.1381,0.1111,0.1174,0.1365
8/29/2020,6.0331,0.1236,0.1338,0.1124,0.1033,0.073,0.1256,0.1191,0.1138,0.1027,0.1322,0.1023,0.1446,0.1279,0.1289,0.1248,0.1435,0.1352,0.1338,0.1281,0.1191,0.1362,0.147,0.1248,0.1181,0.1297,0.1287,0.1018,0.1437,0.1208,0.1293,0.1433,0.1476,0.1354,0.1517,0.1509,0.1393,0.125,0.1358,0.0684,0.0548,0.1378,0.1197,0.1444,0.1295,0.1277,0.1403,0.1385,0.1352
8/28/2020,6.1535,0.1296,0.1371,0.1198,0.0904,0.1192,0.132,0.1246,0.1078,0.1222,0.107,0.1334,0.1321,0.1452,0.1445,0.1358,0.1404,0.1368,0.1307,0.1366,0.1331,0.1259,0.1484,0.1172,0.1467,0.1316,0.1329,0.1478,0.1425,0.1362,0.1327,0.138,0.1508,0.1454,0.1467,0.141,0.1362,0.1307,0.1325,0.0391,0.0215,0.1301,0.1393,0.129,0.1371,0.1273,0.1321,0.1275,0.129
8/27/2020,6.2742,0.1263,0.1246,0.1444,0.1189,0.0988,0.1028,0.1232,0.1341,0.1247,0.1344,0.138,0.1368,0.1406,0.1368,0.1408,0.1254,0.1351,0.1406,0.127,0.1323,0.1366,0.138,0.1365,0.1282,0.1335,0.1485,0.1306,0.143,0.1218,0.1315,0.1434,0.1461,0.1415,0.1466,0.1489,0.1441,0.1408,0.1427,0.0481,0.0317,0.1347,0.1363,0.1361,0.1475,0.143,0.1244,0.1439,0.1406
8/26/2020,7.8833,0.1638,0.164,0.1643,0.1627,0.1608,0.1642,0.1641,0.1635,0.1631,0.1634,0.1627,0.1643,0.1644,0.1651,0.1647,0.1646,0.1642,0.1651,0.1644,0.1644,0.1643,0.1642,0.1652,0.1651,0.1645,0.1649,0.1653,0.165,0.1638,0.165,0.1649,0.1656,0.1657,0.1656,0.1652,0.1652,0.164,0.165,0.1608,0.16,0.1653,0.1638,0.165,0.164,0.1645,0.1645,0.1647,0.1644
8/25/2020,9.1698,0.1916,0.1863,0.1828,0.1931,0.193,0.1929,0.2033,0.1957,0.1878,0.1871,0.1874,0.1911,0.1819,0.184,0.1868,0.185,0.1919,0.1823,0.1855,0.1894,0.1889,0.1799,0.1843,0.1818,0.1841,0.1847,0.2049,0.1794,0.1855,0.1914,0.1778,0.1799,0.1816,0.1816,0.1842,0.184,0.1836,0.187,0.269,0.2831,0.1802,0.1986,0.1944,0.1802,0.1943,0.1929,0.1884,0.1852
8/24/2020,6.9967,0.1543,0.1398,0.1473,0.138,0.1381,0.1296,0.145,0.1468,0.1472,0.1415,0.1493,0.149,0.153,0.1454,0.1547,0.1491,0.1494,0.1425,0.1496,0.1522,0.1552,0.1433,0.1422,0.1483,0.1551,0.1555,0.1357,0.1527,0.1363,0.1496,0.1533,0.1524,0.1548,0.1521,0.151,0.1537,0.1542,0.1506,0.1058,0.0974,0.1499,0.1522,0.1436,0.1451,0.1458,0.1459,0.1433,0.1499
8/23/2020,7.8029,0.1626,0.1617,0.1624,0.1608,0.1584,0.1608,0.1599,0.1583,0.1632,0.1612,0.1593,0.1635,0.1641,0.1625,0.1622,0.1639,0.1637,0.1634,0.1634,0.1623,0.1634,0.1626,0.1627,0.1622,0.1643,0.1636,0.1611,0.1641,0.1612,0.1633,0.164,0.1643,0.1643,0.1638,0.1642,0.1635,0.1626,0.1628,0.1626,0.162,0.1625,0.1615,0.1629,0.1632,0.1633,0.1625,0.1638,0.163
8/22/2020,6.1535,0.1227,0.1275,0.1347,0.1096,0.1161,0.09,0.1085,0.1067,0.1054,0.1388,0.0954,0.1192,0.1307,0.1451,0.1316,0.1395,0.1351,0.1297,0.1329,0.1262,0.131,0.1286,0.138,0.1301,0.1417,0.1316,0.1331,0.1421,0.1236,0.1417,0.1539,0.1534,0.15,0.1473,0.1384,0.136,0.1355,0.1369,0.0705,0.0572,0.1392,0.1279,0.1246,0.146,0.1342,0.1279,0.1395,0.1482
8/21/2020,5.0275,0.0995,0.1045,0.0867,0.09,0.0552,0.1075,0.1001,0.0837,0.0944,0.1152,0.095,0.1313,0.1072,0.1111,0.1028,0.1313,0.1206,0.1239,0.1221,0.1224,0.1242,0.1316,0.1271,0.1149,0.1363,0.1087,0.0912,0.1248,0.09,0.1114,0.1245,0.123,0.1265,0.1265,0.1387,0.1277,0.0927,0.1031,-0.0359,-0.0639,0.1167,0.1144,0.1013,0.1167,0.1173,0.1051,0.1069,0.1215
8/20/2020,3.9819,0.0831,0.1104,0.0763,0.0108,-0.0258,0.0578,0.0313,0.0746,0.0674,0.1104,0.0357,0.0843,0.0927,0.1048,0.1136,0.1168,0.1088,0.1152,0.0779,0.0967,0.1205,0.1032,0.0791,0.0959,0.104,0.1229,0.0726,0.1261,0.0799,0.106,0.1056,0.1293,0.1209,0.1136,0.1132,0.1148,0.0767,0.1233,-0.0707,-0.1035,0.108,0.0835,0.0714,0.071,0.0839,0.1036,0.1056,0.0787
8/19/2020,4.1424,0.1096,0.0675,0.1169,0.0644,0.0756,0.0247,0.0756,0.0394,0.113,0.0984,0.1161,0.108,0.093,0.1042,0.1111,0.1111,0.0884,0.1111,0.0995,0.0772,0.0961,0.1254,0.093,0.1285,0.1046,0.1142,0.0725,0.1181,0.1157,0.0926,0.1308,0.125,0.1138,0.1231,0.1134,0.1154,0.1061,0.0961,-0.2082,-0.26,0.115,0.103,0.0806,0.0995,0.1181,0.0749,0.1107,0.1196
8/18/2020,4.4244,0.0698,0.0701,0.0669,0.0587,0.0197,0.0272,0.093,0.0505,0.0522,0.1095,0.0519,0.113,0.1234,0.1152,0.088,0.1134,0.0941,0.1084,0.1148,0.113,0.1191,0.0862,0.1098,0.0816,0.1345,0.088,0.0726,0.1298,0.107,0.0966,0.1327,0.1195,0.1327,0.1191,0.1095,0.1177,0.0966,0.0855,0.0113,-0.0102,0.0901,0.1273,0.1295,0.1148,0.0805,0.0823,0.0998,0.1077
8/17/2020,5.7515,0.1291,0.1233,0.1215,0.0765,0.1075,0.1037,0.0965,0.1141,0.1264,0.1356,0.0891,0.121,0.1269,0.1201,0.1318,0.1341,0.1226,0.135,0.1179,0.1352,0.1255,0.1374,0.1269,0.1183,0.1293,0.1194,0.1401,0.1372,0.1116,0.1226,0.1451,0.1476,0.1386,0.1347,0.1352,0.1271,0.1275,0.1386,0.0173,-0.0033,0.1199,0.1152,0.1442,0.1298,0.1361,0.1082,0.1264,0.1271
8/16/2020,9.2106,0.1835,0.1937,0.1903,0.1968,0.2047,0.2077,0.1924,0.1933,0.1914,0.1912,0.1991,0.1824,0.1865,0.1878,0.1895,0.1899,0.1835,0.1963,0.184,0.187,0.1885,0.187,0.1909,0.1806,0.1783,0.1903,0.192,0.1812,0.1991,0.184,0.1749,0.1776,0.182,0.1834,0.1793,0.1864,0.1834,0.1956,0.253,0.265,0.1962,0.197,0.1891,0.1946,0.194,0.1859,0.1862,0.1841
8/15/2020,7.8028,0.1642,0.1617,0.1627,0.1616,0.1581,0.1602,0.159,0.1598,0.163,0.1635,0.1603,0.1641,0.1638,0.163,0.1638,0.1637,0.1643,0.1633,0.1619,0.1636,0.1637,0.1628,0.1631,0.1634,0.1649,0.1629,0.1613,0.1643,0.1624,0.1629,0.1651,0.165,0.1638,0.1641,0.1647,0.1635,0.1645,0.1621,0.1552,0.1537,0.1641,0.1639,0.1632,0.1624,0.1617,0.1617,0.1625,0.1643
8/14/2020,10.6986,0.229,0.2104,0.209,0.2422,0.2635,0.2579,0.2366,0.2398,0.2506,0.2174,0.2444,0.2104,0.2031,0.2074,0.2063,0.2107,0.2177,0.222,0.2244,0.2233,0.2082,0.199,0.1988,0.2282,0.2069,0.2047,0.2476,0.195,0.2428,0.2134,0.192,0.2115,0.2001,0.1918,0.1961,0.2077,0.2023,0.2255,0.3339,0.357,0.225,0.2128,0.2101,0.2144,0.2009,0.2193,0.2093,0.2182
8/13/2020,10.2159,0.2092,0.215,0.2238,0.2278,0.2467,0.2444,0.2338,0.2139,0.2218,0.2429,0.2506,0.2274,0.2019,0.1981,0.2143,0.2201,0.2001,0.213,0.1986,0.2063,0.1926,0.2015,0.2183,0.2183,0.1979,0.213,0.1924,0.1919,0.234,0.2061,0.1992,0.1915,0.1846,0.1888,0.1979,0.2059,0.219,0.1981,0.2464,0.2574,0.2015,0.2132,0.2079,0.1975,0.2063,0.2017,0.2201,0.2032
8/12/2020,8.527,0.1774,0.1782,0.174,0.1864,0.1864,0.1872,0.1827,0.1855,0.1838,0.1794,0.1814,0.1779,0.1748,0.1776,0.1769,0.1781,0.1789,0.1763,0.1756,0.1744,0.176,0.1724,0.1796,0.1769,0.1765,0.177,0.1759,0.174,0.18,0.175,0.174,0.1724,0.1711,0.1729,0.1748,0.1739,0.1796,0.1734,0.1816,0.1837,0.1793,0.1776,0.1745,0.173,0.1782,0.1763,0.1771,0.1774
8/11/2020,7.6418,0.1617,0.1584,0.1623,0.1584,0.1564,0.1522,0.152,0.1567,0.1587,0.1556,0.1549,0.1595,0.162,0.1599,0.1623,0.1582,0.1585,0.1578,0.1602,0.1579,0.1592,0.1592,0.1614,0.1603,0.1615,0.1598,0.1608,0.1626,0.1589,0.1597,0.1644,0.1615,0.163,0.1633,0.1609,0.1614,0.1603,0.1613,0.1476,0.145,0.1623,0.1575,0.1606,0.1623,0.1618,0.1591,0.1622,0.1603
8/10/2020,9.0896,0.1887,0.1949,0.1886,0.2042,0.2089,0.1962,0.1884,0.2093,0.2056,0.1928,0.1846,0.1802,0.1864,0.1804,0.1795,0.1909,0.1882,0.19,0.1863,0.1903,0.1911,0.1867,0.1865,0.1897,0.1794,0.1846,0.1901,0.1817,0.1882,0.1862,0.1821,0.1795,0.1818,0.1812,0.1819,0.1831,0.1909,0.1919,0.2146,0.2213,0.1853,0.1784,0.1881,0.182,0.1869,0.1913,0.1905,0.1802
8/9/2020,8.6877,0.1854,0.1826,0.1789,0.1862,0.201,0.1815,0.1899,0.1814,0.1903,0.1799,0.1929,0.1742,0.1808,0.1799,0.1759,0.1818,0.1792,0.1769,0.1779,0.1836,0.176,0.1833,0.1802,0.181,0.1791,0.1759,0.185,0.1762,0.1876,0.181,0.172,0.1768,0.1729,0.1735,0.1777,0.1758,0.1757,0.183,0.1866,0.1894,0.1836,0.1839,0.1774,0.1832,0.1803,0.1757,0.1759,0.1788
8/8/2020,9.6525,0.1885,0.2103,0.1934,0.2191,0.2027,0.2268,0.2295,0.2301,0.1974,0.2057,0.1949,0.1931,0.187,0.1906,0.1911,0.2055,0.2065,0.187,0.1934,0.1901,0.1941,0.1972,0.1926,0.1981,0.1972,0.1984,0.205,0.1865,0.1888,0.202,0.1916,0.1809,0.183,0.1891,0.1799,0.1903,0.2025,0.2034,0.2644,0.278,0.1996,0.205,0.2078,0.1905,0.1933,0.1959,0.2029,0.1918
8/7/2020,8.5264,0.1799,0.1767,0.1728,0.1824,0.178,0.1833,0.1856,0.1773,0.1857,0.1769,0.1758,0.1806,0.1749,0.1731,0.1787,0.1764,0.1744,0.1747,0.1762,0.1785,0.1769,0.1725,0.1753,0.1766,0.1718,0.1783,0.1738,0.1738,0.1838,0.1756,0.1739,0.1742,0.173,0.1728,0.1742,0.1735,0.1788,0.1745,0.2039,0.209,0.173,0.1786,0.1745,0.1755,0.1768,0.1734,0.1741,0.1724
8/6/2020,4.424,0.1059,0.0937,0.0751,0.0798,0.0726,0.0655,0.078,0.019,0.078,0.0955,0.0265,0.1127,0.1037,0.1202,0.0887,0.1112,0.0969,0.088,0.1044,0.0991,0.1184,0.0973,0.0923,0.0851,0.0969,0.1037,0.0547,0.1252,0.0658,0.0901,0.1398,0.1177,0.1388,0.1109,0.1109,0.1055,0.0969,0.1012,0.008,-0.014,0.1191,0.1098,0.1259,0.1334,0.1195,0.0823,0.0884,0.0859
8/5/2020,4.2232,0.0964,0.1142,0.0643,0.0809,0.0413,0.0957,0.0315,0.0772,0.0469,0.0892,0.0254,0.0628,0.1006,0.093,0.0877,0.1149,0.1153,0.09,0.1123,0.0787,0.1108,0.0938,0.0647,0.0968,0.1157,0.1157,0.1285,0.1134,0.0987,0.1074,0.1387,0.1229,0.1285,0.1213,0.1206,0.1104,0.1062,0.0938,-0.1131,-0.1518,0.1198,0.1157,0.1081,0.0949,0.1195,0.0862,0.1179,0.1198
8/4/2020,4.1424,0.0779,0.0934,0.0764,0.0359,0.054,0.032,0.0116,0.0332,0.0598,0.0965,0.0961,0.1223,0.1123,0.1084,0.1115,0.0961,0.1034,0.1204,0.0922,0.0891,0.1169,0.1146,0.0957,0.1154,0.0934,0.1273,0.0521,0.1227,0.1022,0.1011,0.1327,0.1046,0.1065,0.1084,0.1281,0.1115,0.0779,0.1073,-0.0383,-0.0666,0.0617,0.13,0.0779,0.0945,0.076,0.0633,0.0911,0.1119
8/3/2020,4.0216,0.1018,0.101,0.0815,0.0481,0.0433,0.0215,0.0807,0.0708,0.0974,0.0636,0.0716,0.1233,0.1126,0.1181,0.0815,0.0939,0.0986,0.0692,0.1062,0.0728,0.0871,0.1058,0.0553,0.1181,0.1046,0.1002,0.0982,0.1173,0.0935,0.1042,0.1241,0.1273,0.1106,0.1261,0.1058,0.111,0.068,0.0883,-0.0919,-0.1277,0.1014,0.0501,0.1193,0.1114,0.0978,0.0935,0.0867,0.078
8/2/2020,4.2233,0.0904,0.1009,0.0987,0.0141,-0.0275,0.019,0.0802,0.0186,0.0753,0.0386,0.0945,0.0704,0.1244,0.1127,0.0809,0.084,0.0862,0.1036,0.0764,0.0945,0.0862,0.0866,0.0643,0.1059,0.1176,0.104,0.0847,0.1168,0.1009,0.1093,0.1297,0.1074,0.1251,0.1368,0.1172,0.1093,0.1202,0.0874,0.0467,0.0301,0.1059,0.1062,0.1085,0.084,0.087,0.0787,0.1198,0.1111
8/1/2020,7.8027,0.1618,0.1624,0.1628,0.1586,0.1571,0.1607,0.1624,0.1584,0.1597,0.1602,0.1631,0.1631,0.1631,0.1626,0.163,0.1633,0.1623,0.1636,0.1626,0.1633,0.1638,0.1625,0.162,0.1619,0.1633,0.164,0.1634,0.1646,0.163,0.1639,0.165,0.164,0.1646,0.1641,0.1648,0.1636,0.162,0.1633,0.1606,0.1598,0.1622,0.1644,0.1642,0.1632,0.1632,0.1614,0.1621,0.1637
7/31/2020,7.8832,0.1635,0.1645,0.1636,0.1624,0.1618,0.1619,0.1646,0.1638,0.1627,0.164,0.1624,0.165,0.165,0.1645,0.1648,0.1644,0.1641,0.1644,0.164,0.1639,0.1652,0.1643,0.1647,0.1648,0.1649,0.1654,0.1641,0.1653,0.1645,0.1645,0.1653,0.1653,0.1651,0.1655,0.165,0.1652,0.1642,0.1652,0.1619,0.1613,0.1647,0.1645,0.165,0.1648,0.1641,0.1642,0.1643,0.1646
7/30/2020,7.0788,0.1538,0.1491,0.1424,0.1432,0.1271,0.1494,0.1399,0.1417,0.1496,0.1526,0.144,0.1454,0.1552,0.1468,0.1454,0.1464,0.1503,0.1528,0.1533,0.1487,0.1498,0.1513,0.1517,0.153,0.1499,0.1466,0.1511,0.1563,0.1502,0.1543,0.157,0.1551,0.1598,0.1537,0.1567,0.1527,0.1481,0.1562,0.0996,0.0904,0.1549,0.1543,0.1528,0.1458,0.1446,0.1436,0.1497,0.1525
7/29/2020,7.039,0.1401,0.1501,0.1484,0.1336,0.1365,0.1341,0.1308,0.1371,0.1351,0.1495,0.1469,0.142,0.1504,0.1473,0.1451,0.1453,0.1439,0.1432,0.1508,0.153,0.147,0.1445,0.1485,0.1569,0.1568,0.1568,0.1494,0.1563,0.1471,0.1479,0.1564,0.1546,0.1566,0.1568,0.1542,0.1496,0.147,0.1461,0.1277,0.1223,0.1461,0.1419,0.1565,0.1491,0.151,0.1552,0.1441,0.1494
7/28/2020,7.7622,0.1611,0.162,0.1622,0.1585,0.1596,0.1612,0.1628,0.1596,0.1632,0.159,0.1613,0.1638,0.1624,0.1638,0.1619,0.1615,0.1636,0.1618,0.1612,0.1618,0.1621,0.1619,0.1639,0.1608,0.1619,0.1617,0.1639,0.1635,0.161,0.1633,0.1638,0.1637,0.1646,0.1631,0.1641,0.1632,0.1627,0.1627,0.1499,0.1475,0.1618,0.1636,0.1635,0.1623,0.1621,0.1638,0.1611,0.1624
7/27/2020,9.0899,0.1949,0.1815,0.1955,0.1926,0.2023,0.1938,0.1984,0.1931,0.1978,0.1996,0.1957,0.1959,0.1793,0.1813,0.1804,0.1905,0.1802,0.1891,0.1931,0.1825,0.1899,0.1891,0.1969,0.1889,0.177,0.1815,0.1876,0.1816,0.1848,0.1815,0.1766,0.1832,0.1766,0.1785,0.1756,0.1837,0.18,0.1915,0.2364,0.2461,0.1868,0.1842,0.1802,0.1875,0.19,0.1824,0.1866,0.1877
7/26/2020,6.797,0.1403,0.1346,0.1398,0.1324,0.1104,0.1181,0.1291,0.1273,0.1444,0.1414,0.1477,0.1485,0.1532,0.1527,0.1481,0.1402,0.1522,0.1516,0.1481,0.1485,0.1456,0.143,0.1358,0.1483,0.152,0.153,0.1524,0.1521,0.1332,0.1463,0.1485,0.1474,0.1521,0.1509,0.1479,0.148,0.1502,0.1478,0.0863,0.0752,0.1427,0.1475,0.1548,0.1493,0.1394,0.1477,0.1501,0.1409
7/25/2020,8.0034,0.1667,0.1667,0.1667,0.1668,0.1668,0.1668,0.1668,0.1668,0.1668,0.1667,0.1667,0.1667,0.1667,0.1667,0.1667,0.1667,0.1668,0.1668,0.1667,0.1667,0.1667,0.1668,0.1667,0.1667,0.1667,0.1667,0.1668,0.1667,0.1668,0.1667,0.1667,0.1667,0.1667,0.1667,0.1667,0.1667,0.1667,0.1668,0.1668,0.1669,0.1667,0.1668,0.1667,0.1667,0.1667,0.1668,0.1668,0.1667
7/24/2020,7.5612,0.1553,0.1585,0.1546,0.1534,0.1509,0.1518,0.1547,0.1575,0.1529,0.1543,0.1585,0.1593,0.16,0.1596,0.1596,0.16,0.1567,0.158,0.1566,0.1562,0.1601,0.1566,0.1615,0.1561,0.1615,0.1612,0.1557,0.1617,0.1609,0.1592,0.1636,0.1613,0.1603,0.1623,0.1616,0.1599,0.1593,0.1575,0.1449,0.1419,0.1599,0.1547,0.1562,0.1595,0.1579,0.1598,0.1568,0.1609
7/23/2020,7.0789,0.1485,0.1486,0.1516,0.1297,0.1249,0.1338,0.1465,0.1445,0.155,0.1518,0.1445,0.1534,0.1545,0.1505,0.1466,0.1551,0.1453,0.1471,0.147,0.1483,0.1532,0.1488,0.145,0.148,0.1556,0.1516,0.1502,0.1551,0.1511,0.1479,0.1539,0.1516,0.1526,0.154,0.1526,0.1531,0.1498,0.1516,0.1212,0.1149,0.1502,0.1477,0.1456,0.1508,0.1453,0.1453,0.1511,0.1539
7/22/2020,7.7627,0.1624,0.1619,0.161,0.1581,0.1608,0.1596,0.1615,0.16,0.1592,0.1626,0.1618,0.1634,0.1625,0.1622,0.1623,0.1621,0.1635,0.1636,0.161,0.1631,0.1637,0.1632,0.1625,0.1631,0.1631,0.1636,0.1641,0.1635,0.1597,0.1632,0.1639,0.1647,0.1632,0.1635,0.1636,0.1625,0.1641,0.1613,0.1493,0.1469,0.1638,0.1607,0.1622,0.161,0.1626,0.1618,0.1622,0.1631
7/21/2020,6.7971,0.1447,0.1368,0.143,0.1346,0.1217,0.1379,0.133,0.143,0.1537,0.1389,0.1349,0.1338,0.1421,0.1536,0.1433,0.1493,0.14,0.1432,0.1437,0.1378,0.1479,0.1503,0.1498,0.1508,0.1505,0.1425,0.1325,0.1522,0.1438,0.1454,0.1534,0.154,0.1502,0.1478,0.1474,0.1465,0.1503,0.1521,0.0778,0.0655,0.1474,0.1439,0.1527,0.1504,0.1414,0.1524,0.1389,0.1503
7/20/2020,9.0496,0.187,0.1928,0.1824,0.1971,0.2195,0.2041,0.2091,0.1883,0.1942,0.1834,0.1987,0.1942,0.1866,0.1847,0.1895,0.192,0.1879,0.187,0.1895,0.1908,0.187,0.1826,0.1817,0.1819,0.1884,0.1799,0.1941,0.1776,0.1892,0.189,0.1784,0.1838,0.1777,0.1824,0.1827,0.1802,0.1927,0.186,0.2033,0.2083,0.1792,0.1916,0.1796,0.185,0.1801,0.1838,0.1797,0.1849
7/19/2020,7.8831,0.1643,0.164,0.1639,0.1633,0.1631,0.1636,0.1639,0.1627,0.163,0.1646,0.1633,0.1647,0.1644,0.165,0.1641,0.1639,0.164,0.1638,0.1641,0.1646,0.165,0.1653,0.164,0.1651,0.1645,0.1646,0.1645,0.1652,0.1645,0.1644,0.1655,0.1656,0.1657,0.1648,0.1653,0.165,0.1644,0.1642,0.1593,0.1583,0.1646,0.1655,0.165,0.1643,0.1651,0.1654,0.1648,0.1649
7/18/2020,6.3547,0.125,0.1352,0.1315,0.1254,0.0949,0.1109,0.1316,0.1206,0.1145,0.1111,0.1318,0.128,0.1425,0.1441,0.1377,0.1453,0.1295,0.1385,0.1298,0.14,0.1323,0.1464,0.1237,0.127,0.1484,0.1413,0.1357,0.1497,0.1104,0.1389,0.14,0.1502,0.1422,0.1492,0.1486,0.1407,0.1476,0.1484,0.0927,0.0825,0.1366,0.1341,0.1354,0.127,0.1448,0.1412,0.1356,0.1362
7/17/2020,7.8431,0.1624,0.163,0.164,0.162,0.1603,0.1615,0.1625,0.1604,0.1645,0.1635,0.1612,0.1625,0.1644,0.1635,0.1638,0.1644,0.1635,0.164,0.1642,0.164,0.1637,0.1638,0.1627,0.1625,0.165,0.1646,0.1634,0.1645,0.1617,0.1636,0.1642,0.1646,0.1647,0.1654,0.1651,0.1639,0.1632,0.1638,0.1627,0.1622,0.1638,0.1632,0.1638,0.1639,0.164,0.1626,0.1631,0.1638
7/16/2020,8.2048,0.1707,0.1706,0.1722,0.174,0.1728,0.1712,0.1732,0.1734,0.1716,0.1714,0.1703,0.1717,0.1703,0.1707,0.1699,0.171,0.1715,0.1691,0.1701,0.1717,0.1698,0.1689,0.1692,0.1697,0.17,0.1712,0.1694,0.169,0.1707,0.171,0.1687,0.1683,0.1699,0.1692,0.1697,0.1702,0.1705,0.1695,0.1803,0.1822,0.1696,0.1686,0.169,0.1703,0.1716,0.1715,0.1693,0.1701
7/15/2020,6.5555,0.1464,0.1454,0.1368,0.1259,0.0981,0.135,0.1392,0.1231,0.119,0.1418,0.1124,0.1392,0.1369,0.1353,0.1469,0.1348,0.1374,0.1423,0.1346,0.1349,0.1475,0.1467,0.1309,0.1386,0.1438,0.1365,0.1285,0.1486,0.1242,0.1473,0.1522,0.1547,0.1545,0.1553,0.1459,0.1443,0.1477,0.1363,0.1007,0.0916,0.1323,0.1261,0.1397,0.1529,0.1356,0.1402,0.146,0.1415
7/14/2020,10.2561,0.221,0.2007,0.2294,0.2305,0.2231,0.2098,0.2459,0.2495,0.2389,0.2427,0.244,0.2113,0.1992,0.2143,0.2127,0.2113,0.2129,0.2217,0.201,0.2023,0.2143,0.2177,0.2082,0.198,0.1867,0.2057,0.2129,0.1969,0.21,0.212,0.2025,0.1908,0.1908,0.1994,0.1858,0.2019,0.2215,0.1915,0.2484,0.2597,0.2122,0.2262,0.189,0.2195,0.217,0.2213,0.1944,0.1996
7/13/2020,8.1648,0.1704,0.1704,0.1694,0.1718,0.1746,0.1699,0.1706,0.1718,0.1706,0.1703,0.1701,0.1686,0.169,0.1692,0.1697,0.1705,0.1693,0.169,0.1702,0.1705,0.1685,0.1694,0.1693,0.171,0.1696,0.1689,0.1694,0.1688,0.1697,0.1691,0.1681,0.1682,0.1692,0.1688,0.1684,0.1692,0.1704,0.1687,0.1764,0.1777,0.1697,0.1705,0.1706,0.1688,0.1706,0.1707,0.1701,0.1691
7/12/2020,9.1697,0.1829,0.1918,0.1802,0.2091,0.2063,0.1977,0.1924,0.2056,0.1876,0.1945,0.1841,0.1866,0.1897,0.1898,0.1933,0.1889,0.1876,0.1827,0.1937,0.1889,0.1866,0.1904,0.1969,0.1967,0.1786,0.1857,0.198,0.1797,0.2012,0.1896,0.1855,0.1834,0.1808,0.1788,0.184,0.1823,0.1808,0.1826,0.2392,0.2492,0.1929,0.1842,0.1835,0.1809,0.189,0.1853,0.1882,0.1823
7/11/2020,9.6932,0.198,0.1907,0.1917,0.2307,0.2119,0.2274,0.2058,0.2298,0.209,0.1978,0.2147,0.1987,0.1963,0.1856,0.1953,0.1948,0.2009,0.2083,0.1965,0.2046,0.1899,0.1971,0.2014,0.2122,0.188,0.1948,0.1894,0.1887,0.2222,0.197,0.1899,0.1939,0.1797,0.1829,0.1802,0.1944,0.2061,0.1926,0.2547,0.2669,0.208,0.1997,0.1883,0.1904,0.2071,0.2034,0.1887,0.1971
7/10/2020,7.4005,0.1574,0.1546,0.16,0.1506,0.1391,0.1435,0.1485,0.1481,0.1587,0.1526,0.1562,0.1591,0.1571,0.1591,0.1541,0.1568,0.1574,0.1569,0.157,0.1522,0.1555,0.1537,0.1561,0.1521,0.155,0.1566,0.151,0.1597,0.15,0.1586,0.1597,0.162,0.1594,0.1618,0.1613,0.1582,0.1541,0.1594,0.1285,0.1233,0.1516,0.1526,0.1608,0.1549,0.1562,0.158,0.1585,0.1529
7/9/2020,9.2504,0.1847,0.1989,0.1984,0.2096,0.2158,0.2132,0.2079,0.2051,0.1959,0.1916,0.1949,0.1835,0.1818,0.1825,0.1951,0.1906,0.1964,0.1911,0.1961,0.1907,0.1906,0.1852,0.1899,0.1892,0.1813,0.1818,0.1927,0.184,0.1958,0.1891,0.1785,0.1815,0.179,0.1832,0.1834,0.183,0.1898,0.183,0.2145,0.2211,0.1924,0.2032,0.1919,0.1858,0.1963,0.1979,0.1951,0.1874
7/8/2020,7.4007,0.1539,0.1517,0.1594,0.1438,0.1417,0.1501,0.1484,0.1553,0.1465,0.158,0.1504,0.1593,0.1543,0.1555,0.1558,0.1571,0.1591,0.1579,0.1568,0.1561,0.1559,0.1541,0.1514,0.158,0.1587,0.1558,0.1561,0.16,0.1527,0.155,0.1589,0.157,0.1618,0.1604,0.1589,0.1586,0.1589,0.1549,0.1272,0.1218,0.1548,0.1587,0.1579,0.1572,0.1538,0.1583,0.1526,0.1602
7/7/2020,8.1245,0.1687,0.1696,0.1686,0.1703,0.1727,0.1717,0.1702,0.1695,0.1687,0.1689,0.1701,0.1697,0.1687,0.1681,0.1684,0.1693,0.1694,0.1694,0.1689,0.1686,0.169,0.1695,0.1694,0.1697,0.1678,0.1692,0.1688,0.1679,0.1683,0.1686,0.1675,0.1684,0.1676,0.1678,0.1686,0.1689,0.1695,0.1682,0.1742,0.1752,0.1687,0.1682,0.1685,0.1694,0.1698,0.1691,0.1686,0.1686
7/6/2020,6.5559,0.1301,0.1288,0.1449,0.1335,0.1102,0.1404,0.1355,0.1329,0.1456,0.1402,0.122,0.1345,0.1398,0.1366,0.1332,0.134,0.1483,0.1414,0.1359,0.1368,0.1486,0.1529,0.1356,0.1329,0.1385,0.1365,0.1216,0.1464,0.1262,0.1412,0.1508,0.1501,0.1528,0.1502,0.155,0.1415,0.1434,0.1499,0.0727,0.0597,0.1501,0.1456,0.1353,0.1398,0.1394,0.1428,0.1462,0.1456
7/5/2020,8.4059,0.1773,0.1747,0.172,0.1789,0.1827,0.1832,0.1732,0.1811,0.1754,0.1782,0.1767,0.1723,0.1732,0.1719,0.1745,0.1758,0.1745,0.1719,0.1766,0.1727,0.1734,0.1721,0.1754,0.1744,0.1705,0.1742,0.1729,0.1724,0.1768,0.1743,0.1713,0.1722,0.1717,0.173,0.173,0.1736,0.1721,0.1754,0.1879,0.1909,0.1747,0.1777,0.1717,0.1736,0.1741,0.1714,0.1741,0.1743
7/4/2020,9.5324,0.207,0.2086,0.1991,0.2289,0.2306,0.2154,0.2224,0.208,0.1985,0.2062,0.2076,0.1978,0.1852,0.1958,0.1915,0.1955,0.2036,0.2034,0.19,0.2025,0.1961,0.1872,0.2085,0.2077,0.1895,0.1973,0.1942,0.1837,0.2162,0.1889,0.1809,0.1913,0.178,0.1857,0.1828,0.1877,0.1872,0.1877,0.2203,0.2278,0.1841,0.1889,0.1837,0.1877,0.1941,0.1993,0.2013,0.197
7/3/2020,8.044,0.1678,0.1674,0.1672,0.1679,0.1687,0.1675,0.1679,0.1684,0.1677,0.1673,0.1683,0.1674,0.1673,0.1674,0.1675,0.1672,0.1677,0.1675,0.1677,0.1673,0.1676,0.1675,0.1673,0.1675,0.1675,0.1676,0.1677,0.1672,0.1673,0.1673,0.1674,0.1674,0.1673,0.1672,0.1673,0.1673,0.1673,0.1675,0.1688,0.1691,0.1674,0.1675,0.1677,0.1674,0.1672,0.1674,0.1676,0.1676
7/2/2020,7.6013,0.156,0.1585,0.162,0.1508,0.1574,0.1552,0.1547,0.1538,0.1546,0.1592,0.158,0.1589,0.1592,0.1592,0.158,0.1607,0.161,0.1579,0.1575,0.1577,0.1608,0.1624,0.1616,0.1591,0.161,0.1616,0.1589,0.1617,0.1548,0.1583,0.1612,0.1605,0.1636,0.1611,0.1606,0.1615,0.1612,0.1576,0.1438,0.1406,0.161,0.1624,0.1601,0.1575,0.1598,0.1572,0.1595,0.1616
7/1/2020,10.0151,0.1981,0.2056,0.1951,0.2203,0.2503,0.2108,0.2261,0.2082,0.1935,0.2241,0.2249,0.2168,0.2074,0.2031,0.1999,0.2152,0.2092,0.2142,0.208,0.2029,0.1951,0.2076,0.1951,0.2142,0.188,0.1971,0.2164,0.1874,0.2031,0.2033,0.189,0.185,0.1923,0.1949,0.1955,0.1927,0.2172,0.2062,0.305,0.3241,0.1939,0.2049,0.1967,0.1945,0.1923,0.1981,0.1947,0.1971
6/30/2020,8.808,0.187,0.179,0.1806,0.1984,0.1853,0.2004,0.196,0.1882,0.1951,0.1923,0.194,0.1781,0.1829,0.1763,0.1837,0.185,0.179,0.1857,0.1825,0.1802,0.1791,0.1753,0.1829,0.1862,0.1773,0.1751,0.1913,0.1763,0.1844,0.1806,0.177,0.1739,0.1793,0.1794,0.1775,0.1798,0.1858,0.1834,0.193,0.1967,0.181,0.1859,0.1766,0.1751,0.183,0.1768,0.1829,0.1827
6/29/2020,8.1648,0.1706,0.1694,0.1705,0.1708,0.1703,0.1706,0.1738,0.1714,0.1694,0.1709,0.1698,0.1688,0.1693,0.1686,0.1705,0.17,0.1697,0.1706,0.1707,0.1694,0.1696,0.1701,0.1704,0.1709,0.17,0.1684,0.1703,0.1688,0.1714,0.1693,0.1684,0.1691,0.1684,0.1687,0.1684,0.1692,0.1693,0.1697,0.1759,0.1772,0.1706,0.169,0.1688,0.1692,0.1694,0.1707,0.1696,0.1689
6/28/2020,11.1006,0.216,0.242,0.246,0.273,0.2448,0.2879,0.2414,0.2544,0.2364,0.2699,0.2215,0.2008,0.2147,0.2212,0.2157,0.2253,0.2033,0.2231,0.2318,0.2324,0.2352,0.2014,0.2212,0.2101,0.2132,0.2091,0.2566,0.2113,0.2529,0.2302,0.194,0.2178,0.1961,0.2138,0.2076,0.2172,0.2181,0.2023,0.3389,0.3628,0.2231,0.2309,0.2119,0.2312,0.2389,0.2442,0.2076,0.2014
6/27/2020,7.9635,0.1662,0.1661,0.1661,0.1654,0.1649,0.1652,0.1653,0.1657,0.1655,0.1657,0.1653,0.166,0.166,0.1659,0.1659,0.1661,0.1658,0.1661,0.1661,0.1661,0.1659,0.1662,0.1657,0.166,0.1661,0.166,0.1662,0.1662,0.1661,0.1661,0.1663,0.1661,0.1662,0.1664,0.1663,0.1662,0.1661,0.1659,0.1654,0.1652,0.1658,0.1661,0.1658,0.1662,0.1658,0.1661,0.1658,0.1659
6/26/2020,7.5209,0.1587,0.1558,0.1535,0.1479,0.156,0.1575,0.1565,0.1552,0.161,0.1588,0.1585,0.1534,0.1577,0.1605,0.157,0.1587,0.1555,0.1609,0.157,0.1588,0.1573,0.155,0.158,0.1608,0.1621,0.1585,0.1525,0.1604,0.157,0.1572,0.1609,0.1608,0.1594,0.162,0.1604,0.1603,0.1558,0.1597,0.1347,0.1303,0.1614,0.1558,0.1557,0.1583,0.1579,0.1538,0.1582,0.1578
6/25/2020,7.8026,0.164,0.1634,0.1624,0.1586,0.1565,0.1593,0.1581,0.162,0.1602,0.1609,0.1591,0.1616,0.1637,0.1641,0.1635,0.1637,0.1627,0.1619,0.163,0.1626,0.1637,0.1627,0.1642,0.1616,0.1629,0.1645,0.1618,0.1641,0.1627,0.1638,0.1653,0.1648,0.1647,0.1645,0.1639,0.1635,0.1621,0.1629,0.1606,0.1598,0.1644,0.1634,0.1622,0.1638,0.1641,0.1627,0.1624,0.1642
6/24/2020,12.5087,0.2731,0.2537,0.2424,0.3362,0.2668,0.2672,0.2532,0.3326,0.2893,0.2618,0.2699,0.2244,0.2244,0.237,0.2483,0.2636,0.2717,0.2334,0.2307,0.2374,0.2244,0.2618,0.2848,0.2645,0.2235,0.2253,0.2952,0.2199,0.242,0.2302,0.2239,0.2154,0.2059,0.2072,0.2356,0.2365,0.2217,0.219,0.4916,0.5365,0.242,0.2663,0.278,0.2649,0.2492,0.2239,0.2749,0.2275
6/23/2020,6.7971,0.1432,0.143,0.1445,0.1206,0.1285,0.1295,0.1155,0.122,0.1447,0.1303,0.137,0.1477,0.1487,0.1431,0.1487,0.1437,0.1441,0.1495,0.1396,0.1397,0.1481,0.1422,0.1407,0.153,0.1552,0.1415,0.1453,0.1496,0.1272,0.1493,0.1505,0.1478,0.1511,0.1544,0.148,0.1492,0.1406,0.152,0.1213,0.1151,0.1424,0.1388,0.1437,0.1495,0.1471,0.1338,0.1466,0.1495
6/22/2020,7.8828,0.1643,0.164,0.1642,0.1637,0.1612,0.163,0.1619,0.1631,0.1633,0.1639,0.1646,0.1637,0.165,0.1644,0.1645,0.1645,0.1638,0.1639,0.1646,0.1648,0.1652,0.1654,0.1642,0.1652,0.1646,0.1645,0.1638,0.1652,0.1644,0.1645,0.1649,0.1648,0.1656,0.1656,0.1653,0.1649,0.1648,0.1653,0.1601,0.1592,0.165,0.1653,0.1641,0.1649,0.1652,0.165,0.1641,0.1653
6/21/2020,8.4461,0.1785,0.1743,0.1747,0.1792,0.1856,0.185,0.1785,0.1748,0.1818,0.1776,0.1809,0.1764,0.175,0.1757,0.1756,0.1738,0.1756,0.1729,0.1757,0.1748,0.1729,0.1713,0.1761,0.171,0.1736,0.1757,0.1735,0.1714,0.177,0.1745,0.1724,0.1739,0.173,0.1701,0.1715,0.1737,0.1745,0.1738,0.1874,0.1903,0.1731,0.1786,0.1764,0.1755,0.1732,0.1743,0.1769,0.1741
6/20/2020,8.2856,0.1719,0.1716,0.173,0.1752,0.1732,0.1764,0.1768,0.1761,0.1717,0.1734,0.1734,0.1736,0.1725,0.1715,0.1701,0.1717,0.1717,0.1709,0.1714,0.1727,0.1707,0.1727,0.1714,0.1714,0.1713,0.1707,0.1726,0.1704,0.1756,0.1724,0.1707,0.1692,0.1707,0.1706,0.1691,0.1714,0.1713,0.1717,0.1846,0.1871,0.1703,0.1736,0.1703,0.173,0.1721,0.1702,0.1719,0.1698
6/19/2020,10.8597,0.219,0.2436,0.1998,0.2473,0.2339,0.2281,0.2136,0.2713,0.247,0.2616,0.2316,0.2001,0.2133,0.221,0.2196,0.2036,0.2178,0.2093,0.2236,0.2204,0.2021,0.2339,0.2324,0.2073,0.2093,0.2293,0.2136,0.1955,0.2576,0.2098,0.199,0.2124,0.2047,0.2038,0.2013,0.2156,0.2276,0.2353,0.3175,0.3384,0.2161,0.1944,0.2373,0.233,0.2382,0.2379,0.2336,0.1973
6/18/2020,11.1011,0.2377,0.2349,0.2095,0.2619,0.2715,0.2941,0.2169,0.2771,0.224,0.2526,0.2761,0.251,0.2284,0.2169,0.2107,0.2315,0.2402,0.2085,0.2203,0.2147,0.2045,0.2132,0.2237,0.2178,0.2262,0.2349,0.2076,0.1989,0.2637,0.2197,0.1924,0.1952,0.1887,0.198,0.1955,0.2157,0.2346,0.229,0.3133,0.3335,0.2364,0.2256,0.2228,0.2312,0.234,0.2464,0.2203,0.1998
6/17/2020,12.5484,0.2699,0.289,0.2199,0.3227,0.3982,0.2854,0.2408,0.3213,0.3313,0.2726,0.2636,0.2877,0.2358,0.2235,0.2431,0.2585,0.2413,0.2581,0.2736,0.264,0.2563,0.2372,0.2299,0.2167,0.2435,0.2367,0.2294,0.2158,0.2517,0.2426,0.2203,0.2044,0.2185,0.224,0.2235,0.2249,0.2808,0.2208,0.41,0.4437,0.2322,0.2922,0.2672,0.2326,0.2299,0.2713,0.2576,0.2344
6/16/2020,12.1462,0.2537,0.2649,0.2218,0.2732,0.2919,0.3101,0.2869,0.3006,0.2409,0.2583,0.3018,0.2832,0.2135,0.2181,0.226,0.2405,0.2421,0.2658,0.2678,0.2326,0.2521,0.2119,0.2637,0.226,0.2396,0.2425,0.2222,0.2173,0.2832,0.233,0.1953,0.2052,0.2094,0.2114,0.2023,0.238,0.243,0.2546,0.4133,0.4474,0.2363,0.2467,0.2537,0.2384,0.2359,0.2376,0.2537,0.2388
6/15/2020,12.9507,0.2464,0.287,0.2523,0.3513,0.3934,0.3147,0.283,0.3701,0.2568,0.2454,0.3023,0.2513,0.2602,0.2528,0.232,0.2815,0.2736,0.2424,0.2394,0.2479,0.2583,0.2736,0.2399,0.285,0.2454,0.2563,0.2914,0.2186,0.2766,0.2538,0.2182,0.238,0.2201,0.2078,0.2345,0.2503,0.2657,0.2721,0.3771,0.4062,0.2825,0.2375,0.2845,0.2315,0.238,0.2672,0.2696,0.2672
6/14/2020,8.5667,0.1743,0.1746,0.1785,0.1799,0.1923,0.1853,0.1819,0.1862,0.1825,0.1857,0.1756,0.1755,0.1747,0.1756,0.1795,0.1755,0.1779,0.1751,0.1777,0.1802,0.179,0.1727,0.1779,0.1804,0.1728,0.174,0.1765,0.1734,0.1774,0.1785,0.1722,0.1752,0.1711,0.1715,0.1726,0.1741,0.1733,0.1775,0.203,0.208,0.1804,0.1803,0.1765,0.1792,0.18,0.1735,0.1738,0.1734
6/13/2020,9.5323,0.1965,0.1904,0.1932,0.2243,0.2342,0.2195,0.1976,0.2287,0.1938,0.2143,0.2045,0.2021,0.1941,0.1883,0.1874,0.1909,0.1855,0.2021,0.1947,0.1881,0.1893,0.189,0.2054,0.1929,0.1938,0.1831,0.2079,0.1858,0.2018,0.1887,0.1765,0.1887,0.1835,0.1808,0.1846,0.1883,0.1993,0.1987,0.2443,0.2551,0.1855,0.197,0.1978,0.1874,0.1938,0.2039,0.1985,0.2007
6/12/2020,13.1521,0.262,0.3053,0.2893,0.3449,0.3681,0.348,0.331,0.2795,0.33,0.2852,0.3521,0.2609,0.2522,0.2759,0.2476,0.2357,0.2563,0.2496,0.2852,0.2476,0.2439,0.262,0.2919,0.2584,0.2594,0.2321,0.2548,0.2182,0.2465,0.2506,0.2249,0.2259,0.2187,0.213,0.2275,0.2321,0.2625,0.264,0.383,0.4129,0.3053,0.298,0.2929,0.2378,0.2517,0.2805,0.2496,0.2476
6/11/2020,14.8009,0.2802,0.2959,0.3435,0.4074,0.3333,0.4067,0.4142,0.4421,0.319,0.3578,0.3306,0.2823,0.3006,0.2884,0.2755,0.2884,0.3306,0.2476,0.283,0.2748,0.2551,0.3081,0.3476,0.3394,0.2782,0.2653,0.3102,0.2503,0.2748,0.3047,0.2129,0.2476,0.2721,0.232,0.2394,0.285,0.2653,0.2986,0.4198,0.4548,0.3449,0.3346,0.2823,0.2768,0.2728,0.3483,0.2877,0.2904
6/10/2020,15.5653,0.2718,0.2673,0.3263,0.3497,0.3573,0.4224,0.3044,0.3861,0.296,0.3286,0.3021,0.3248,0.3028,0.3263,0.2718,0.324,0.2741,0.2794,0.3376,0.3089,0.321,0.3187,0.2771,0.3323,0.2711,0.3044,0.2522,0.2529,0.3898,0.2809,0.2189,0.2476,0.2537,0.2416,0.2711,0.3006,0.2673,0.2801,0.8318,0.9238,0.2892,0.3732,0.2748,0.2385,0.3513,0.2726,0.2862,0.2809
6/9/2020,13.192,0.2414,0.2876,0.2845,0.339,0.3811,0.2788,0.2669,0.3733,0.2819,0.2934,0.3074,0.2259,0.2534,0.2721,0.2762,0.2664,0.2388,0.283,0.2477,0.2596,0.2612,0.2295,0.258,0.2253,0.229,0.2674,0.3069,0.2378,0.3224,0.2549,0.2409,0.2435,0.2445,0.23,0.216,0.2466,0.2861,0.2757,0.4056,0.4386,0.2503,0.2944,0.2902,0.242,0.2627,0.2482,0.2471,0.2788
6/8/2020,11.9451,0.2266,0.2527,0.2302,0.2953,0.2815,0.2669,0.3221,0.2937,0.2862,0.2756,0.3028,0.2598,0.2369,0.2365,0.2199,0.2302,0.2361,0.2381,0.2562,0.2479,0.2527,0.2128,0.2479,0.2708,0.2144,0.2432,0.2854,0.2085,0.2479,0.2211,0.2112,0.2049,0.2081,0.2164,0.2278,0.2361,0.2637,0.2144,0.3696,0.3977,0.2578,0.2105,0.2412,0.2045,0.2258,0.218,0.2176,0.2199
6/7/2020,9.5323,0.2085,0.2036,0.1998,0.226,0.2252,0.2093,0.2316,0.2309,0.2099,0.2033,0.2152,0.2005,0.188,0.1907,0.2001,0.1991,0.1958,0.1904,0.1904,0.199,0.1995,0.1886,0.2076,0.1896,0.1926,0.1924,0.1956,0.1872,0.2051,0.1965,0.1766,0.1869,0.1844,0.188,0.1883,0.191,0.2014,0.1926,0.1958,0.1998,0.1857,0.2077,0.189,0.1976,0.2007,0.1878,0.1863,0.2007
6/6/2020,9.8137,0.2004,0.1915,0.2144,0.2289,0.2327,0.2149,0.2019,0.2164,0.2294,0.2211,0.1955,0.2082,0.2033,0.2022,0.1933,0.1997,0.1881,0.1959,0.2089,0.1962,0.1966,0.1988,0.1968,0.1921,0.1895,0.2058,0.2029,0.1926,0.2162,0.1908,0.1888,0.1815,0.1864,0.1926,0.1835,0.1922,0.1986,0.1955,0.2824,0.2985,0.1986,0.2086,0.1882,0.2015,0.1902,0.2037,0.2042,0.1937
6/5/2020,9.5723,0.1939,0.2068,0.1904,0.2217,0.2193,0.2319,0.2085,0.2061,0.1874,0.2016,0.2036,0.1975,0.1906,0.1925,0.1984,0.1925,0.2027,0.192,0.2041,0.1997,0.1866,0.1876,0.2091,0.2039,0.1854,0.1921,0.2124,0.1873,0.1901,0.1987,0.1884,0.1827,0.1814,0.1824,0.1796,0.1907,0.1926,0.2006,0.269,0.2832,0.1948,0.1857,0.1898,0.1816,0.2041,0.1986,0.1869,0.1858
6/4/2020,9.5321,0.2014,0.1881,0.1964,0.2284,0.2034,0.2126,0.2214,0.2033,0.2178,0.2039,0.2111,0.1938,0.1904,0.1984,0.2005,0.1965,0.1883,0.1904,0.1906,0.1904,0.1874,0.1976,0.2027,0.19,0.1982,0.1878,0.2027,0.1875,0.2082,0.199,0.1867,0.182,0.1901,0.1808,0.186,0.1918,0.1872,0.1889,0.2312,0.2402,0.2014,0.1978,0.2028,0.1991,0.199,0.1987,0.1932,0.187
6/3/2020,9.4113,0.1991,0.2022,0.1885,0.1991,0.2269,0.1924,0.2228,0.1955,0.2169,0.1924,0.2058,0.2027,0.1907,0.1919,0.1939,0.1856,0.185,0.202,0.1991,0.1876,0.1945,0.1981,0.1911,0.1852,0.1823,0.194,0.2029,0.1842,0.1969,0.1912,0.1778,0.1839,0.184,0.1785,0.1846,0.1891,0.1933,0.1874,0.2349,0.2444,0.1847,0.1991,0.1895,0.1993,0.1935,0.1994,0.1997,0.1877
6/2/2020,9.3311,0.1942,0.1885,0.1849,0.2142,0.234,0.2045,0.2086,0.2006,0.1975,0.2065,0.2022,0.2022,0.1816,0.182,0.1948,0.1848,0.1926,0.1897,0.1913,0.194,0.1865,0.1963,0.1844,0.2019,0.1854,0.1805,0.1896,0.1845,0.1942,0.1846,0.178,0.1837,0.1813,0.1798,0.1829,0.1905,0.1853,0.1977,0.2412,0.2516,0.1889,0.191,0.1932,0.1846,0.1957,0.197,0.1869,0.1852
6/1/2020,10.0951,0.1958,0.2214,0.2065,0.219,0.24,0.2113,0.239,0.2151,0.2224,0.2121,0.244,0.2113,0.1926,0.1916,0.1931,0.1989,0.2077,0.2067,0.2012,0.2012,0.197,0.2063,0.2245,0.2159,0.1994,0.2054,0.2031,0.1947,0.2278,0.2067,0.1889,0.1887,0.1824,0.1933,0.1882,0.1991,0.1901,0.201,0.2832,0.2993,0.2014,0.2262,0.2092,0.2056,0.2082,0.2239,0.2025,0.1922
5/31/2020,9.8941,0.196,0.2163,0.2068,0.2411,0.2225,0.2036,0.2237,0.2328,0.2112,0.2278,0.2303,0.2142,0.1953,0.1974,0.1981,0.2064,0.2004,0.2081,0.1994,0.1987,0.1972,0.2059,0.2148,0.1936,0.1922,0.1974,0.2214,0.1932,0.2172,0.1939,0.1847,0.1915,0.1939,0.1894,0.192,0.1919,0.2095,0.2028,0.2235,0.2314,0.2006,0.2165,0.1902,0.1903,0.2087,0.2025,0.2102,0.2076
5/30/2020,10.4972,0.2061,0.2328,0.2299,0.2503,0.2773,0.2398,0.2413,0.2264,0.2526,0.2276,0.2069,0.2164,0.1996,0.1951,0.2036,0.2224,0.2051,0.2104,0.2174,0.2141,0.2089,0.1921,0.2024,0.2234,0.2026,0.1921,0.2001,0.1946,0.2164,0.2069,0.1829,0.2081,0.1881,0.1911,0.1936,0.2019,0.2104,0.2144,0.3132,0.3335,0.2219,0.2333,0.2156,0.2054,0.2081,0.2353,0.2039,0.2219
5/29/2020,9.2909,0.1862,0.1904,0.1896,0.2055,0.2267,0.193,0.2149,0.2076,0.1942,0.1992,0.216,0.1823,0.1818,0.1862,0.1867,0.1846,0.1961,0.1945,0.1921,0.1951,0.1819,0.1899,0.1993,0.1855,0.1811,0.1831,0.1914,0.181,0.202,0.1902,0.1791,0.178,0.1863,0.1811,0.1789,0.1872,0.198,0.1974,0.2205,0.2279,0.1816,0.2004,0.1967,0.1974,0.1973,0.1949,0.1969,0.1832
5/28/2020,9.17,0.1903,0.188,0.1859,0.2029,0.2136,0.2082,0.2128,0.2136,0.1922,0.1919,0.2017,0.1812,0.1862,0.1809,0.1888,0.1832,0.1938,0.185,0.1943,0.1874,0.1908,0.1827,0.1838,0.198,0.1854,0.1854,0.2017,0.18,0.1848,0.1834,0.1802,0.1809,0.1766,0.1768,0.1829,0.1862,0.1912,0.1931,0.2156,0.2224,0.1864,0.1918,0.1855,0.19,0.1814,0.1889,0.189,0.1932
5/27/2020,11.3823,0.257,0.215,0.2593,0.2607,0.2989,0.2286,0.2651,0.2874,0.256,0.2803,0.2735,0.2374,0.234,0.2174,0.234,0.2157,0.2333,0.2269,0.234,0.2353,0.236,0.2137,0.2076,0.2008,0.2133,0.2245,0.2502,0.2015,0.2113,0.2363,0.19,0.2198,0.1947,0.2201,0.2049,0.2218,0.2495,0.2208,0.3119,0.332,0.2455,0.2522,0.2296,0.2211,0.2316,0.2252,0.2411,0.2255
5/26/2020,9.8541,0.2112,0.1969,0.2,0.2193,0.224,0.2011,0.2052,0.2113,0.218,0.2089,0.196,0.2026,0.1871,0.2067,0.1939,0.2082,0.1999,0.1973,0.2078,0.2123,0.2078,0.1906,0.2132,0.2063,0.1889,0.1937,0.2212,0.1921,0.1945,0.2032,0.1917,0.1945,0.1895,0.1865,0.1963,0.1969,0.1921,0.2056,0.2716,0.2861,0.1889,0.2199,0.2125,0.2099,0.1997,0.2006,0.1952,0.1974
5/25/2020,14.238,0.2889,0.3095,0.2465,0.337,0.4661,0.3289,0.4324,0.4056,0.3419,0.3538,0.2677,0.3226,0.2615,0.2552,0.2534,0.2877,0.2721,0.2503,0.2615,0.2833,0.2846,0.2459,0.2708,0.3289,0.2509,0.244,0.2983,0.2534,0.3681,0.2833,0.2565,0.2135,0.2184,0.2484,0.2278,0.2615,0.2821,0.307,0.4385,0.4761,0.3139,0.3195,0.2696,0.2671,0.3008,0.2877,0.2428,0.2527
5/24/2020,8.1242,0.1688,0.1696,0.1684,0.1694,0.1704,0.1716,0.172,0.1716,0.1697,0.1688,0.1713,0.1687,0.1686,0.1689,0.1691,0.1686,0.1684,0.1693,0.1686,0.1684,0.1685,0.1683,0.1697,0.17,0.1682,0.168,0.1694,0.1683,0.1692,0.1687,0.1679,0.1679,0.1682,0.1685,0.168,0.1685,0.1684,0.1688,0.1727,0.1736,0.1699,0.1702,0.1682,0.1695,0.1689,0.1685,0.1693,0.1687
5/23/2020,11.0204,0.225,0.2292,0.2237,0.2799,0.318,0.292,0.2688,0.241,0.2105,0.2561,0.2582,0.2225,0.2268,0.2304,0.2352,0.2174,0.2204,0.2392,0.2225,0.2201,0.2259,0.2005,0.2068,0.2219,0.2171,0.2096,0.2385,0.2029,0.2159,0.209,0.1905,0.1951,0.2105,0.189,0.2053,0.218,0.1999,0.2379,0.3006,0.3191,0.212,0.234,0.2331,0.2026,0.2349,0.2253,0.2253,0.2023
5/22/2020,10.7791,0.2256,0.2209,0.2364,0.2759,0.2648,0.2742,0.2792,0.2286,0.2247,0.252,0.2373,0.2231,0.2211,0.1972,0.2222,0.2281,0.2128,0.2142,0.2064,0.2075,0.2081,0.2234,0.2072,0.2145,0.2,0.2142,0.2367,0.2064,0.2556,0.2142,0.1917,0.192,0.1897,0.2067,0.2056,0.2131,0.2306,0.2072,0.3014,0.3201,0.2275,0.195,0.1995,0.2067,0.2353,0.227,0.2011,0.1964
5/21/2020,7.2802,0.1502,0.1493,0.1564,0.1492,0.1443,0.15,0.1471,0.1526,0.15,0.1498,0.1516,0.152,0.1587,0.1587,0.1562,0.1566,0.1529,0.1556,0.1494,0.1505,0.153,0.156,0.1556,0.1582,0.1594,0.1586,0.144,0.1592,0.1528,0.1518,0.1583,0.1595,0.1576,0.1561,0.1602,0.1552,0.1541,0.1541,0.1059,0.0975,0.1483,0.1553,0.1536,0.1507,0.1507,0.1585,0.1582,0.1567
5/20/2020,13.3932,0.2503,0.2961,0.2724,0.2848,0.315,0.391,0.3204,0.3473,0.2362,0.2972,0.315,0.226,0.2303,0.2713,0.2535,0.2686,0.2449,0.2481,0.261,0.2929,0.2821,0.2864,0.2988,0.2217,0.2459,0.2314,0.2395,0.2238,0.3511,0.2573,0.2233,0.2066,0.2497,0.2497,0.2271,0.2389,0.254,0.2406,0.5475,0.6002,0.274,0.3198,0.2519,0.2659,0.2659,0.2357,0.261,0.2211
5/19/2020,10.2964,0.2151,0.2066,0.2142,0.2427,0.2808,0.2613,0.2578,0.2388,0.2117,0.2101,0.2342,0.2307,0.2114,0.2059,0.2,0.2057,0.1963,0.2039,0.208,0.2029,0.1931,0.2121,0.217,0.2284,0.1938,0.2039,0.2103,0.1928,0.228,0.2151,0.1922,0.2007,0.1853,0.1986,0.2023,0.1963,0.2167,0.1974,0.2521,0.264,0.2153,0.2287,0.1942,0.2011,0.2041,0.211,0.2002,0.2036
5/18/2020,14.7203,0.3165,0.3454,0.3165,0.4362,0.3703,0.2944,0.418,0.3864,0.2997,0.3642,0.2957,0.2621,0.2762,0.2487,0.2493,0.291,0.2883,0.2796,0.3004,0.2648,0.2621,0.2446,0.2796,0.246,0.2473,0.2722,0.2681,0.252,0.256,0.2991,0.2184,0.2399,0.2722,0.2695,0.2332,0.2688,0.3185,0.2823,0.7126,0.7881,0.2984,0.2661,0.2325,0.2742,0.2742,0.2876,0.3105,0.2426
5/17/2020,15.7259,0.3799,0.3405,0.3305,0.4239,0.4093,0.3359,0.3784,0.4023,0.4015,0.3907,0.3274,0.3366,0.2563,0.3096,0.3096,0.3467,0.2748,0.2872,0.3359,0.3266,0.3042,0.3366,0.3312,0.3699,0.3003,0.2686,0.247,0.2779,0.4147,0.3104,0.2771,0.2872,0.2864,0.2779,0.2578,0.2717,0.3096,0.2918,0.4944,0.5397,0.2602,0.2903,0.2972,0.3413,0.2841,0.2771,0.3328,0.2849
5/16/2020,20.15,0.485,0.3732,0.3684,0.66,0.5348,0.4862,0.4753,0.4583,0.3222,0.3513,0.3501,0.4862,0.4048,0.3161,0.4315,0.44,0.3623,0.3513,0.3732,0.4157,0.4109,0.3829,0.4364,0.423,0.3599,0.3574,0.5458,0.31,0.3951,0.3902,0.3538,0.3392,0.2566,0.3416,0.31,0.3526,0.4668,0.3793,0.7923,0.8788,0.4085,0.4668,0.4279,0.3854,0.3501,0.4473,0.3599,0.3756
5/15/2020,19.1446,0.3283,0.4275,0.3662,0.4587,0.7362,0.4497,0.433,0.4965,0.4876,0.4676,0.3584,0.3884,0.3851,0.4085,0.3862,0.384,0.3361,0.4118,0.3305,0.4118,0.3383,0.3115,0.3182,0.3249,0.2926,0.3104,0.2815,0.3249,0.4007,0.3472,0.3249,0.3015,0.3249,0.2514,0.3115,0.3662,0.4431,0.3974,0.8948,0.9955,0.3517,0.326,0.3628,0.2848,0.3182,0.4185,0.4107,0.3584
5/14/2020,17.9781,0.3952,0.3523,0.4301,0.491,0.6137,0.3592,0.3533,0.4999,0.4121,0.451,0.3133,0.3143,0.2874,0.2914,0.2954,0.3223,0.3513,0.3293,0.3592,0.4121,0.3553,0.2844,0.2904,0.2764,0.3323,0.3253,0.473,0.2964,0.3622,0.3742,0.3044,0.3084,0.2495,0.2655,0.2814,0.2994,0.2944,0.3383,0.8834,0.9826,0.3822,0.4261,0.3712,0.2784,0.3672,0.3373,0.3253,0.2794
5/13/2020,17.8577,0.4387,0.354,0.3894,0.4062,0.5846,0.3894,0.5344,0.3628,0.3313,0.491,0.4042,0.3451,0.3707,0.2968,0.353,0.3126,0.3293,0.2899,0.3126,0.3313,0.3244,0.3658,0.4397,0.2928,0.281,0.3599,0.3697,0.3017,0.4062,0.3047,0.3165,0.2978,0.3047,0.3135,0.2978,0.3195,0.2958,0.3816,0.7572,0.8389,0.4348,0.3204,0.2623,0.3057,0.3471,0.3609,0.3372,0.2928
5/12/2020,20.351,0.4347,0.431,0.3643,0.5866,0.6718,0.5236,0.4075,0.6237,0.3161,0.5594,0.4606,0.5088,0.3186,0.4125,0.384,0.3939,0.3248,0.4038,0.3902,0.3593,0.3482,0.3161,0.3334,0.3668,0.4038,0.4248,0.4594,0.3161,0.3334,0.3371,0.3631,0.3593,0.3421,0.3285,0.2667,0.3618,0.3383,0.3593,0.8708,0.9682,0.4223,0.3581,0.3433,0.4582,0.4297,0.4211,0.4075,0.4384
5/11/2020,15.8066,0.3087,0.2869,0.3829,0.4493,0.4352,0.3931,0.3439,0.4953,0.4235,0.2728,0.4602,0.3322,0.2978,0.3041,0.2978,0.3423,0.2697,0.34,0.2892,0.3587,0.3025,0.3493,0.2869,0.2736,0.2775,0.2877,0.3119,0.2588,0.4032,0.3103,0.2315,0.276,0.2221,0.2775,0.29,0.2963,0.2525,0.3329,0.5073,0.5544,0.3056,0.3813,0.2697,0.244,0.2955,0.2721,0.354,0.2986
5/10/2020,14.3988,0.319,0.2908,0.3177,0.397,0.4412,0.3132,0.3017,0.3791,0.335,0.3375,0.326,0.2652,0.2562,0.2818,0.3132,0.287,0.255,0.2742,0.2761,0.2569,0.262,0.2966,0.2697,0.2786,0.2364,0.2415,0.358,0.2486,0.2562,0.253,0.2684,0.2582,0.2422,0.2511,0.2665,0.2735,0.2479,0.3042,0.5805,0.6378,0.2838,0.2505,0.2575,0.2422,0.2729,0.2722,0.2588,0.3062
5/9/2020,13.0313,0.3045,0.2462,0.2623,0.3558,0.3191,0.3045,0.384,0.3156,0.2854,0.2985,0.3372,0.2507,0.2557,0.2698,0.2477,0.2743,0.2462,0.2552,0.2633,0.2673,0.2245,0.2577,0.2517,0.2587,0.2567,0.2537,0.3151,0.2366,0.3357,0.2608,0.2029,0.2457,0.2356,0.2109,0.2326,0.2557,0.2522,0.226,0.3533,0.3791,0.2386,0.2628,0.2884,0.2341,0.2713,0.2844,0.2462,0.217
5/8/2020,11.6234,0.2246,0.2406,0.2656,0.3047,0.271,0.2641,0.2725,0.317,0.2703,0.267,0.2518,0.2275,0.2348,0.237,0.2246,0.2496,0.2163,0.2464,0.2239,0.2399,0.2203,0.2402,0.2544,0.2406,0.2109,0.2409,0.2518,0.2178,0.2268,0.2207,0.2178,0.1942,0.2145,0.2156,0.1964,0.2156,0.2366,0.2442,0.3305,0.3532,0.2254,0.262,0.2279,0.2087,0.2496,0.2145,0.225,0.2181
5/7/2020,12.3874,0.2786,0.2544,0.2272,0.2851,0.3694,0.2755,0.2641,0.3128,0.2812,0.2259,0.2908,0.2386,0.2531,0.2435,0.2452,0.2601,0.2184,0.2338,0.2342,0.2316,0.2224,0.2421,0.2746,0.2184,0.2123,0.225,0.2553,0.2294,0.2408,0.2364,0.218,0.1991,0.2329,0.2198,0.2373,0.2408,0.2294,0.2614,0.4868,0.531,0.2241,0.2167,0.2338,0.2619,0.2755,0.2228,0.2505,0.2654
5/6/2020,11.4223,0.2269,0.2461,0.256,0.2546,0.3207,0.306,0.2895,0.2734,0.2399,0.2543,0.2635,0.2382,0.2197,0.23,0.2348,0.2266,0.245,0.2136,0.2235,0.2153,0.2337,0.229,0.2317,0.2211,0.2012,0.2053,0.2509,0.2115,0.2392,0.2211,0.2084,0.2016,0.1975,0.2211,0.2098,0.2108,0.206,0.2118,0.3286,0.351,0.2464,0.2296,0.2324,0.2149,0.2495,0.2464,0.2094,0.2248
5/5/2020,13.5135,0.2433,0.2632,0.2378,0.3525,0.4247,0.39,0.3806,0.3139,0.2532,0.2803,0.3089,0.2819,0.2284,0.283,0.2411,0.2554,0.2488,0.283,0.2924,0.278,0.267,0.2389,0.3122,0.235,0.2543,0.278,0.2516,0.2455,0.3122,0.2703,0.2301,0.2312,0.2213,0.2521,0.2361,0.2654,0.2753,0.2587,0.3848,0.415,0.3056,0.2246,0.2973,0.2301,0.2907,0.3166,0.2847,0.2885
5/4/2020,11.9454,0.229,0.2416,0.2105,0.2929,0.3059,0.3245,0.2708,0.2448,0.2511,0.2203,0.2266,0.2298,0.229,0.246,0.2148,0.2227,0.2211,0.2353,0.2408,0.2472,0.2503,0.2294,0.2487,0.2661,0.2258,0.2203,0.2345,0.2116,0.2389,0.2353,0.2128,0.1959,0.2239,0.2065,0.2026,0.231,0.2381,0.2393,0.4501,0.4893,0.2629,0.2432,0.2574,0.2385,0.2543,0.2377,0.2578,0.2385
5/3/2020,12.227,0.2343,0.2656,0.2309,0.3248,0.2969,0.2542,0.266,0.2478,0.269,0.2816,0.3218,0.2799,0.2419,0.2132,0.2368,0.2246,0.2263,0.2664,0.2398,0.2271,0.2339,0.2242,0.2326,0.236,0.2203,0.2398,0.258,0.2199,0.2981,0.2542,0.195,0.2123,0.2165,0.2326,0.2351,0.2212,0.2415,0.252,0.4252,0.461,0.2588,0.225,0.2533,0.2305,0.2559,0.2774,0.2453,0.2225
5/2/2020,10.6985,0.2088,0.2206,0.2374,0.273,0.2679,0.2363,0.2109,0.2347,0.2436,0.2322,0.2676,0.2026,0.2185,0.1993,0.2247,0.2204,0.2314,0.2031,0.2231,0.2117,0.1977,0.2128,0.216,0.2395,0.1904,0.2093,0.2042,0.1969,0.2406,0.2093,0.1861,0.1896,0.1918,0.1923,0.1915,0.2028,0.2336,0.2244,0.332,0.3548,0.2371,0.195,0.2017,0.2255,0.2047,0.2201,0.215,0.216
5/1/2020,12.9104,0.2644,0.2673,0.2973,0.3312,0.3803,0.3543,0.3385,0.3081,0.311,0.2722,0.3066,0.2654,0.2271,0.2506,0.2398,0.2506,0.2801,0.287,0.2487,0.2428,0.229,0.2413,0.2423,0.2197,0.2678,0.2624,0.3238,0.2349,0.3047,0.2315,0.2393,0.2084,0.2393,0.2138,0.2364,0.2443,0.2605,0.2398,0.315,0.3355,0.2963,0.2305,0.2742,0.2487,0.2315,0.2894,0.2752,0.2516
4/30/2020,16.2485,0.3605,0.3391,0.3853,0.3985,0.5255,0.4009,0.3151,0.5065,0.3415,0.4348,0.4611,0.2739,0.2854,0.3432,0.2838,0.3498,0.2673,0.269,0.2879,0.3143,0.3234,0.283,0.2772,0.3407,0.3019,0.2739,0.3151,0.2541,0.4199,0.2887,0.2434,0.2929,0.2772,0.2904,0.2879,0.2937,0.278,0.3028,0.552,0.6053,0.3646,0.3044,0.3564,0.2995,0.3069,0.3547,0.2624,0.3547
4/29/2020,18.7825,0.4416,0.4567,0.3877,0.5991,0.6616,0.4718,0.3866,0.5225,0.5365,0.3586,0.4104,0.3715,0.2939,0.3015,0.406,0.3985,0.3263,0.35,0.4007,0.3316,0.3478,0.4093,0.4643,0.3715,0.3564,0.3683,0.4912,0.3144,0.4168,0.3219,0.3338,0.2777,0.2475,0.2788,0.3349,0.3543,0.4201,0.3155,0.4647,0.5059,0.4373,0.4233,0.2723,0.3532,0.4039,0.4157,0.392,0.2766
4/28/2020,19.6676,0.4584,0.3627,0.4035,0.4584,0.512,0.5587,0.652,0.6147,0.4537,0.3417,0.6194,0.3615,0.3335,0.344,0.3907,0.421,0.3498,0.407,0.3533,0.3708,0.3277,0.3055,0.4654,0.2973,0.3358,0.295,0.3755,0.2915,0.4257,0.3463,0.2903,0.2542,0.2787,0.3277,0.267,0.344,0.3102,0.4304,0.8291,0.9207,0.3697,0.4199,0.2857,0.4397,0.3965,0.4094,0.4409,0.421
4/27/2020,14.9617,0.317,0.3512,0.2948,0.3546,0.4946,0.3358,0.3045,0.3282,0.3031,0.372,0.3776,0.3219,0.2544,0.3177,0.2572,0.3038,0.2822,0.34,0.2641,0.3038,0.2655,0.2627,0.2613,0.3428,0.2495,0.3143,0.2732,0.2669,0.3491,0.3031,0.2293,0.2808,0.2551,0.2384,0.2711,0.2746,0.2544,0.2996,0.4887,0.5332,0.3435,0.3505,0.237,0.3024,0.2948,0.3122,0.3219,0.3073
4/26/2020,14.5595,0.2605,0.2552,0.2401,0.3792,0.4271,0.2887,0.431,0.3195,0.353,0.2788,0.3195,0.3274,0.288,0.2637,0.2939,0.2854,0.2716,0.3077,0.2887,0.2893,0.2572,0.2762,0.2769,0.307,0.225,0.3025,0.3405,0.2441,0.2618,0.2697,0.2533,0.2552,0.2152,0.2185,0.2198,0.2788,0.2388,0.2677,0.6326,0.6971,0.3326,0.2434,0.3103,0.3202,0.2637,0.3018,0.2887,0.2926
4/25/2020,15.8466,0.3401,0.3746,0.2577,0.3722,0.3644,0.4923,0.4382,0.4468,0.2946,0.3158,0.4554,0.3526,0.3283,0.3283,0.304,0.2663,0.3354,0.326,0.3377,0.3314,0.3001,0.282,0.3197,0.2561,0.2608,0.2773,0.3644,0.2577,0.3558,0.2828,0.2498,0.2804,0.242,0.2506,0.2647,0.2883,0.2561,0.3416,0.6041,0.6646,0.3267,0.3079,0.2655,0.264,0.3409,0.3456,0.2859,0.2491
4/24/2020,16.4098,0.3248,0.2836,0.2979,0.3803,0.44,0.3424,0.4005,0.3214,0.382,0.4181,0.4333,0.387,0.2667,0.2768,0.3609,0.2718,0.3702,0.3744,0.3231,0.3214,0.3407,0.3231,0.2886,0.382,0.2979,0.2827,0.3954,0.2852,0.4248,0.2827,0.2558,0.2449,0.2373,0.2297,0.2339,0.3113,0.35,0.3155,0.7063,0.7809,0.2836,0.313,0.2777,0.3206,0.355,0.3382,0.297,0.2794
4/23/2020,19.6272,0.3411,0.4027,0.3329,0.5573,0.5713,0.4771,0.5806,0.5713,0.5329,0.4585,0.5701,0.3457,0.3492,0.3806,0.3167,0.3899,0.3411,0.3353,0.369,0.376,0.3376,0.3469,0.4283,0.4515,0.3481,0.3469,0.4201,0.3271,0.4225,0.3643,0.2667,0.2608,0.2992,0.3132,0.3201,0.3655,0.3155,0.3876,0.7833,0.8686,0.3992,0.4027,0.3783,0.3527,0.4585,0.3794,0.3306,0.3527
4/22/2020,22.0402,0.3562,0.5261,0.5261,0.7185,0.7058,0.5879,0.5022,0.557,0.3927,0.6132,0.3829,0.3688,0.4138,0.4643,0.4306,0.4587,0.3871,0.5107,0.4938,0.3731,0.4587,0.4854,0.5317,0.4713,0.3576,0.4334,0.6033,0.3576,0.5893,0.4194,0.3183,0.2902,0.3618,0.2818,0.3703,0.3478,0.4573,0.4362,0.6506,0.7175,0.3688,0.3983,0.4685,0.3717,0.4685,0.3955,0.4433,0.4166
4/21/2020,21.3569,0.355,0.4672,0.3657,0.7103,0.8452,0.6168,0.5447,0.6368,0.363,0.3764,0.4752,0.4538,0.3203,0.3229,0.3684,0.4231,0.4445,0.3523,0.4365,0.3937,0.3243,0.4859,0.4685,0.4699,0.3203,0.4245,0.5567,0.3149,0.4899,0.3443,0.3256,0.347,0.2655,0.3336,0.3256,0.3897,0.4138,0.4472,0.82,0.9104,0.4472,0.3684,0.375,0.2962,0.4231,0.5273,0.4338,0.4365
4/20/2020,19.9086,0.4132,0.443,0.3882,0.587,0.7585,0.4846,0.6549,0.4751,0.4751,0.5668,0.562,0.4168,0.3024,0.4215,0.3679,0.3846,0.3917,0.4203,0.3382,0.4144,0.3703,0.3822,0.3941,0.4156,0.337,0.3763,0.4108,0.2941,0.3239,0.4072,0.2941,0.3655,0.3155,0.2774,0.331,0.3227,0.3322,0.4441,0.5465,0.599,0.3524,0.3405,0.4489,0.437,0.3298,0.4358,0.3334,0.4251
4/19/2020,16.1686,0.3603,0.2835,0.3072,0.3782,0.5179,0.4289,0.3251,0.3194,0.3366,0.3741,0.3186,0.3921,0.3251,0.3227,0.281,0.3219,0.3619,0.3292,0.348,0.3382,0.2639,0.3227,0.3848,0.3431,0.3276,0.25,0.2704,0.2655,0.3349,0.3325,0.2957,0.2573,0.2606,0.2443,0.2753,0.2778,0.2794,0.3562,0.6216,0.6846,0.2598,0.3096,0.3464,0.2769,0.3407,0.3554,0.3603,0.3014
4/18/2020,14.9219,0.3549,0.3494,0.3494,0.3792,0.375,0.3231,0.447,0.366,0.2913,0.339,0.2781,0.256,0.2823,0.3079,0.2919,0.2608,0.2906,0.2656,0.2823,0.2733,0.2539,0.2566,0.2968,0.2836,0.3037,0.2933,0.3632,0.2643,0.3619,0.2622,0.2774,0.2456,0.2698,0.2387,0.274,0.2601,0.3093,0.3169,0.5188,0.5676,0.33,0.2566,0.2636,0.294,0.2816,0.3494,0.267,0.2989
4/17/2020,15.324,0.2941,0.3615,0.267,0.4025,0.4215,0.4706,0.3747,0.3629,0.3029,0.3886,0.2743,0.2641,0.2663,0.3183,0.308,0.3205,0.3388,0.3256,0.3322,0.2897,0.2904,0.2868,0.2633,0.2751,0.2743,0.2721,0.3285,0.2714,0.3725,0.2948,0.2751,0.2326,0.2458,0.2809,0.2582,0.2729,0.2465,0.2692,0.6493,0.716,0.3007,0.2729,0.2428,0.289,0.3439,0.2487,0.2838,0.2824
4/16/2020,16.5704,0.3252,0.3706,0.3544,0.4366,0.3569,0.3998,0.4564,0.4803,0.4229,0.3706,0.3192,0.3526,0.2644,0.3347,0.3561,0.2764,0.3141,0.3406,0.3372,0.3184,0.3604,0.2901,0.3209,0.3329,0.2524,0.2541,0.4221,0.2772,0.4144,0.3064,0.2507,0.2678,0.2858,0.2498,0.2747,0.2952,0.3004,0.2969,0.5811,0.6384,0.3826,0.4049,0.2849,0.3304,0.3072,0.3852,0.3509,0.2652
4/15/2020,14.9617,0.3435,0.3574,0.3581,0.3665,0.4159,0.3491,0.3567,0.3734,0.3428,0.2989,0.4305,0.3296,0.2732,0.2927,0.2648,0.2927,0.2781,0.3386,0.2878,0.324,0.2551,0.2481,0.3129,0.3115,0.3045,0.2794,0.2572,0.2655,0.4041,0.3156,0.2258,0.2788,0.2523,0.2356,0.2405,0.2565,0.3205,0.2641,0.3776,0.4068,0.2829,0.37,0.3163,0.3184,0.2962,0.3184,0.2899,0.2829
4/14/2020,16.0077,0.2884,0.3284,0.3885,0.3661,0.3356,0.4517,0.4878,0.4669,0.4085,0.4061,0.3877,0.3781,0.286,0.314,0.2804,0.266,0.3572,0.2724,0.3548,0.3052,0.282,0.3236,0.3468,0.3669,0.2908,0.3332,0.4277,0.2684,0.3164,0.3276,0.2219,0.2772,0.2924,0.2844,0.258,0.3004,0.3396,0.3492,0.4086,0.442,0.346,0.29,0.3316,0.2564,0.3244,0.3044,0.2788,0.2892
4/13/2020,12.9108,0.2295,0.2968,0.2369,0.3312,0.3872,0.2575,0.2708,0.3626,0.3258,0.2664,0.3425,0.2958,0.2462,0.2654,0.2335,0.2462,0.2325,0.2339,0.2575,0.2781,0.2226,0.2811,0.2374,0.2305,0.2619,0.2192,0.2428,0.2261,0.2413,0.2433,0.2266,0.2197,0.2079,0.2094,0.23,0.2477,0.2551,0.2703,0.4675,0.5091,0.2369,0.2506,0.2339,0.2516,0.2826,0.2742,0.2649,0.2703
4/12/2020,15.6053,0.2663,0.3157,0.2937,0.3576,0.4595,0.4032,0.4572,0.3948,0.4009,0.3195,0.4169,0.2861,0.3119,0.2518,0.2975,0.2845,0.2845,0.2587,0.2739,0.3157,0.2754,0.2671,0.2595,0.3195,0.2503,0.2884,0.3013,0.2549,0.3553,0.2739,0.2716,0.2815,0.2648,0.226,0.264,0.2716,0.356,0.2686,0.7304,0.8084,0.3629,0.2633,0.3226,0.3423,0.2701,0.2602,0.2663,0.2792
4/11/2020,14.4792,0.2464,0.2891,0.2392,0.3908,0.4323,0.4038,0.2898,0.3811,0.26,0.3222,0.2567,0.3358,0.26,0.2775,0.2898,0.2736,0.3092,0.3001,0.269,0.2697,0.295,0.2762,0.3403,0.2587,0.2613,0.2626,0.2528,0.234,0.3584,0.3001,0.258,0.2716,0.2224,0.2276,0.2399,0.2554,0.3196,0.3176,0.5678,0.6233,0.2898,0.3131,0.3014,0.2289,0.306,0.2554,0.2937,0.2522
4/10/2020,14.8411,0.3459,0.2686,0.3575,0.389,0.3131,0.3589,0.3035,0.3534,0.2494,0.2966,0.3233,0.3418,0.2522,0.259,0.2878,0.3165,0.3309,0.3288,0.2693,0.3096,0.3213,0.3083,0.3343,0.3192,0.2946,0.3138,0.2549,0.2378,0.3247,0.311,0.2624,0.2631,0.2624,0.231,0.2255,0.2843,0.3343,0.324,0.5375,0.5888,0.3377,0.3288,0.2604,0.2857,0.2652,0.2583,0.2693,0.2474
4/9/2020,17.6161,0.3975,0.36,0.3215,0.5513,0.6513,0.358,0.4138,0.3686,0.2955,0.408,0.5369,0.408,0.2821,0.2859,0.2994,0.3542,0.2917,0.4042,0.3436,0.3003,0.3359,0.3023,0.4196,0.3744,0.3561,0.3571,0.4205,0.2936,0.3378,0.2936,0.3051,0.2378,0.2551,0.3032,0.2917,0.3157,0.2724,0.3032,0.6888,0.761,0.2994,0.335,0.3109,0.2984,0.3744,0.3782,0.383,0.3801
4/8/2020,17.1336,0.321,0.3503,0.4206,0.4918,0.6252,0.4379,0.3375,0.4352,0.342,0.2973,0.5192,0.4142,0.3155,0.3457,0.3165,0.3201,0.3338,0.2772,0.3685,0.3238,0.3037,0.2872,0.3192,0.3722,0.3219,0.3192,0.3311,0.2808,0.321,0.2955,0.2717,0.2909,0.2461,0.2909,0.2671,0.3,0.3101,0.2781,0.7032,0.7774,0.3667,0.3429,0.2662,0.3347,0.2936,0.3219,0.3585,0.3685
4/7/2020,20.5526,0.4127,0.4529,0.4516,0.4667,0.7227,0.6876,0.5395,0.4403,0.3022,0.4955,0.5382,0.3186,0.4227,0.4328,0.4165,0.3298,0.4579,0.4303,0.3675,0.4729,0.4428,0.4491,0.4127,0.3324,0.3625,0.4328,0.301,0.3211,0.3562,0.419,0.3198,0.3298,0.3035,0.2646,0.3399,0.3261,0.3047,0.4441,0.7449,0.8249,0.5006,0.3951,0.4039,0.3863,0.478,0.4955,0.3211,0.3813
4/6/2020,14.3986,0.2761,0.3113,0.2511,0.3247,0.4149,0.285,0.3605,0.4047,0.3637,0.3023,0.3663,0.2492,0.246,0.278,0.2959,0.3183,0.2793,0.3228,0.2786,0.3183,0.2825,0.2524,0.3081,0.2793,0.2428,0.287,0.2377,0.2473,0.3439,0.2697,0.2249,0.2582,0.2486,0.2339,0.2217,0.2742,0.246,0.2844,0.6036,0.664,0.285,0.23,0.253,0.2441,0.3222,0.2985,0.2415,0.2671
4/5/2020,13.0717,0.2894,0.2909,0.2402,0.3746,0.3041,0.2874,0.3574,0.2595,0.2823,0.2483,0.2478,0.2874,0.2483,0.2661,0.2651,0.2448,0.2392,0.2498,0.2716,0.2696,0.226,0.2519,0.2727,0.2422,0.2321,0.2478,0.2676,0.2225,0.3229,0.2397,0.2235,0.2341,0.2083,0.2275,0.2123,0.2503,0.2767,0.2382,0.5442,0.5965,0.2904,0.2407,0.2853,0.2159,0.2351,0.2301,0.2438,0.2696
4/4/2020,15.9272,0.2745,0.3244,0.3553,0.4901,0.433,0.4576,0.4259,0.4124,0.2578,0.3767,0.4719,0.3315,0.3205,0.33,0.2832,0.2887,0.303,0.2721,0.3284,0.2967,0.2816,0.3585,0.3839,0.2459,0.238,0.2562,0.28,0.2737,0.3458,0.284,0.2911,0.2602,0.2721,0.2317,0.28,0.2975,0.3149,0.349,0.5344,0.5853,0.3419,0.3403,0.353,0.265,0.28,0.3331,0.307,0.3094
4/3/2020,19.1445,0.4241,0.4286,0.2893,0.5634,0.7339,0.5846,0.6492,0.4921,0.3149,0.5434,0.5133,0.4575,0.2982,0.404,0.3205,0.3929,0.4364,0.3271,0.3316,0.3205,0.345,0.2748,0.3561,0.3907,0.3127,0.3082,0.53,0.3004,0.4152,0.3795,0.2402,0.3171,0.2948,0.3327,0.3316,0.3316,0.4419,0.3316,0.5247,0.5742,0.423,0.4163,0.2915,0.3483,0.365,0.4308,0.3617,0.3494
4/2/2020,17.4554,0.3709,0.3208,0.3898,0.5052,0.5411,0.438,0.5345,0.4683,0.4021,0.4182,0.317,0.3038,0.3359,0.3614,0.3057,0.3038,0.369,0.3851,0.3463,0.3605,0.2763,0.3236,0.2972,0.2622,0.3321,0.2981,0.3605,0.2972,0.4825,0.3539,0.3189,0.3142,0.3142,0.247,0.3038,0.2924,0.3473,0.2886,0.6831,0.7546,0.299,0.387,0.2839,0.2716,0.3747,0.2773,0.3756,0.2612
4/1/2020,17.8573,0.3747,0.4299,0.2761,0.5146,0.4516,0.5728,0.4594,0.5284,0.3273,0.3845,0.4841,0.2869,0.2761,0.2928,0.3362,0.3756,0.3894,0.3963,0.3234,0.3707,0.285,0.2978,0.2859,0.3135,0.2721,0.3165,0.285,0.279,0.4151,0.3224,0.2928,0.3195,0.2574,0.2978,0.2859,0.3185,0.3135,0.3954,0.7125,0.788,0.3894,0.3609,0.3924,0.349,0.4141,0.4269,0.2978,0.3224
3/31/2020,21.5579,0.4554,0.3741,0.3389,0.4961,0.8459,0.6493,0.6656,0.5815,0.5897,0.5422,0.61,0.4948,0.3809,0.3429,0.4609,0.4677,0.3348,0.4541,0.4839,0.4026,0.3849,0.4771,0.3863,0.3077,0.2941,0.3131,0.4256,0.3592,0.4487,0.4365,0.3212,0.2982,0.2968,0.286,0.3117,0.3565,0.3443,0.3185,0.8559,0.9512,0.3294,0.4771,0.4839,0.3646,0.3389,0.5137,0.4392,0.4663
3/30/2020,20.4719,0.4036,0.3463,0.4298,0.6518,0.8052,0.5895,0.4161,0.5994,0.5745,0.4972,0.3949,0.3026,0.4248,0.3912,0.4373,0.451,0.3263,0.4598,0.3637,0.4011,0.3999,0.4373,0.4473,0.4174,0.3725,0.36,0.4697,0.2951,0.5595,0.4099,0.2839,0.2764,0.3475,0.2652,0.3363,0.3413,0.4548,0.345,0.6228,0.6859,0.3101,0.4336,0.4535,0.3176,0.446,0.3799,0.3475,0.3899
3/29/2020,15.4849,0.3104,0.2864,0.2976,0.4324,0.4084,0.389,0.3553,0.3688,0.3905,0.2782,0.4017,0.3036,0.2542,0.2767,0.2542,0.2587,0.2632,0.353,0.2744,0.2947,0.3223,0.2917,0.2715,0.3096,0.2932,0.2999,0.3538,0.2595,0.3396,0.3209,0.2647,0.2206,0.2415,0.2737,0.2864,0.2744,0.3366,0.2827,0.6382,0.7034,0.3658,0.2677,0.3433,0.246,0.3396,0.3298,0.2692,0.2879
3/28/2020,17.5762,0.4271,0.4185,0.3726,0.3955,0.5124,0.4539,0.4626,0.5124,0.4099,0.4358,0.5286,0.4022,0.3515,0.3534,0.3141,0.3285,0.3879,0.386,0.317,0.3735,0.3668,0.34,0.3898,0.3113,0.3572,0.3151,0.4013,0.2825,0.3046,0.3323,0.2586,0.2576,0.2682,0.3113,0.2557,0.318,0.3553,0.385,0.3427,0.367,0.4195,0.2739,0.3697,0.3448,0.3907,0.386,0.3448,0.3831
3/27/2020,19.1443,0.3784,0.4085,0.3985,0.618,0.4587,0.5612,0.6191,0.5289,0.3862,0.4943,0.4743,0.4308,0.3483,0.3951,0.365,0.4074,0.316,0.3717,0.3873,0.3929,0.3695,0.3428,0.3695,0.3951,0.3962,0.3171,0.4029,0.2948,0.3428,0.3728,0.3082,0.3249,0.267,0.2725,0.2592,0.3383,0.3361,0.4118,0.5299,0.5802,0.3249,0.3795,0.4085,0.3951,0.4375,0.4419,0.3996,0.3851
3/26/2020,18.9032,0.376,0.3629,0.4316,0.4403,0.5363,0.5646,0.5668,0.5526,0.2953,0.5112,0.5526,0.3607,0.3924,0.4,0.3073,0.3989,0.3978,0.3716,0.4207,0.4022,0.3913,0.2822,0.3706,0.4294,0.316,0.3171,0.3945,0.315,0.4927,0.3935,0.3106,0.3368,0.279,0.3291,0.3357,0.3531,0.3357,0.4142,0.5154,0.5637,0.2899,0.3869,0.3477,0.3433,0.3324,0.3804,0.3815,0.3237
3/25/2020,17.2143,0.3012,0.3095,0.4154,0.4394,0.5933,0.385,0.4569,0.4735,0.374,0.4283,0.3113,0.3887,0.3519,0.35,0.3242,0.3519,0.3178,0.3279,0.3574,0.3215,0.2828,0.3298,0.3095,0.3049,0.3454,0.3196,0.4726,0.2984,0.3758,0.3611,0.3003,0.2791,0.28,0.2671,0.2441,0.2957,0.292,0.2938,0.7049,0.7793,0.3371,0.2643,0.3427,0.2699,0.3694,0.3473,0.2837,0.2846
3/24/2020,15.1229,0.3091,0.2828,0.3333,0.3454,0.3697,0.4323,0.2878,0.3982,0.2514,0.3476,0.3768,0.2692,0.2828,0.2472,0.2707,0.3362,0.2927,0.2692,0.2714,0.3041,0.255,0.2821,0.2813,0.3462,0.2443,0.2906,0.317,0.2436,0.2949,0.2942,0.2215,0.2536,0.2215,0.2771,0.2486,0.2778,0.3348,0.2699,0.7662,0.8492,0.2564,0.2336,0.2742,0.3148,0.2892,0.3084,0.2828,0.3162
3/23/2020,16.7314,0.3806,0.3308,0.281,0.4164,0.3771,0.5238,0.3317,0.5142,0.288,0.4111,0.4085,0.4024,0.3029,0.3011,0.3509,0.3526,0.2924,0.3422,0.2924,0.3526,0.3291,0.3168,0.2688,0.3745,0.3308,0.323,0.2994,0.2758,0.4618,0.3256,0.2435,0.2749,0.2994,0.2802,0.2645,0.2828,0.3212,0.3614,0.5476,0.6003,0.3177,0.4007,0.3719,0.3518,0.3361,0.3282,0.3308,0.2601
3/22/2020,17.4558,0.3057,0.3681,0.3416,0.3936,0.6451,0.4759,0.4882,0.3993,0.3917,0.3898,0.3823,0.4191,0.2811,0.3132,0.3312,0.3964,0.299,0.3596,0.3501,0.3454,0.3255,0.3681,0.3085,0.2745,0.2518,0.2801,0.422,0.2953,0.4825,0.2972,0.2518,0.247,0.2905,0.3151,0.2565,0.3066,0.369,0.3804,0.7154,0.7913,0.3028,0.2707,0.3728,0.2981,0.3123,0.3208,0.3624,0.3104
3/21/2020,16.8521,0.365,0.3455,0.2782,0.4251,0.4198,0.4384,0.4429,0.5172,0.4614,0.4057,0.3154,0.3092,0.3251,0.3481,0.3278,0.3304,0.38,0.3065,0.2959,0.3588,0.3411,0.2897,0.3411,0.4012,0.3154,0.2694,0.3543,0.2941,0.2906,0.3384,0.2295,0.2924,0.2853,0.2331,0.3074,0.3056,0.3596,0.3446,0.5757,0.6322,0.318,0.2623,0.3411,0.3596,0.3446,0.3995,0.3685,0.2614
3/20/2020,18.9434,0.3385,0.4184,0.3888,0.4282,0.4862,0.5606,0.5869,0.5891,0.4162,0.5081,0.3374,0.4567,0.3549,0.3067,0.3746,0.3615,0.3713,0.2969,0.3899,0.3286,0.3024,0.4063,0.4435,0.4271,0.333,0.3658,0.5125,0.3232,0.4249,0.3691,0.2378,0.2597,0.2958,0.2739,0.286,0.3516,0.3943,0.4118,0.6334,0.698,0.2969,0.4348,0.4096,0.3264,0.3604,0.4107,0.368,0.287
3/19/2020,20.0298,0.3279,0.4289,0.4049,0.447,0.5636,0.6045,0.6767,0.6057,0.4999,0.4867,0.4542,0.4674,0.3627,0.3086,0.4,0.4325,0.3796,0.3664,0.4085,0.447,0.4265,0.4193,0.4818,0.4385,0.3736,0.2918,0.4554,0.3026,0.4939,0.4133,0.2665,0.2593,0.2906,0.3567,0.2834,0.3796,0.3712,0.4566,0.507,0.5541,0.4638,0.3447,0.4506,0.3543,0.3363,0.364,0.3964,0.4253
3/18/2020,21.7586,0.49,0.4143,0.4473,0.4707,0.5987,0.468,0.6001,0.6909,0.3964,0.3868,0.3455,0.318,0.3689,0.329,0.4143,0.3937,0.4143,0.4363,0.4253,0.3896,0.3854,0.4529,0.4143,0.4006,0.3717,0.3978,0.5161,0.3098,0.6317,0.4377,0.329,0.2932,0.285,0.3675,0.3813,0.3854,0.5024,0.4171,1.0225,1.1408,0.5272,0.3524,0.4762,0.3607,0.3909,0.4845,0.468,0.4584
3/17/2020,23.8505,0.4647,0.4219,0.4583,0.6485,0.983,0.509,0.5994,0.7008,0.6469,0.4044,0.6247,0.5962,0.4837,0.3886,0.3553,0.5106,0.3743,0.5233,0.5328,0.4615,0.4409,0.4092,0.5566,0.509,0.3696,0.3933,0.4995,0.3727,0.6152,0.4536,0.2935,0.3172,0.4139,0.3347,0.4076,0.3775,0.5344,0.4425,0.8605,0.9564,0.4964,0.4282,0.3759,0.4187,0.4932,0.4884,0.4742,0.4298
3/16/2020,22.5233,0.5472,0.4528,0.4847,0.7171,0.614,0.7113,0.72,0.7331,0.5791,0.4717,0.6779,0.4804,0.3337,0.3714,0.4397,0.3816,0.3438,0.4048,0.4136,0.399,0.3903,0.386,0.4266,0.4412,0.3395,0.4382,0.5617,0.3395,0.3932,0.46,0.2814,0.2712,0.386,0.354,0.3279,0.3511,0.4949,0.4775,0.7929,0.8795,0.4615,0.4382,0.3671,0.3061,0.4717,0.4746,0.4775,0.4571
3/15/2020,19.3052,0.3396,0.4109,0.447,0.594,0.5465,0.5047,0.4651,0.4109,0.3984,0.4629,0.4143,0.4244,0.3136,0.3136,0.3057,0.4346,0.3543,0.3261,0.3464,0.3894,0.3973,0.3577,0.369,0.4063,0.3769,0.4075,0.5431,0.3035,0.4629,0.3476,0.239,0.3249,0.2854,0.2752,0.343,0.3216,0.3962,0.3668,0.7387,0.8179,0.3905,0.4674,0.3091,0.3283,0.4278,0.3724,0.3069,0.4199
3/14/2020,19.6669,0.4035,0.3323,0.4409,0.5085,0.6322,0.491,0.3533,0.5634,0.3102,0.554,0.5867,0.3183,0.3755,0.3335,0.3358,0.3778,0.3358,0.3487,0.351,0.3568,0.3195,0.351,0.4852,0.3848,0.3755,0.3008,0.3895,0.2845,0.414,0.372,0.2833,0.3125,0.3008,0.3078,0.2997,0.3603,0.33,0.3732,0.9371,1.0437,0.4047,0.47,0.4479,0.2962,0.3347,0.372,0.4175,0.3895
3/13/2020,21.6385,0.3862,0.434,0.5472,0.5022,0.8213,0.4967,0.6522,0.434,0.3208,0.4803,0.569,0.4722,0.4312,0.3617,0.3794,0.3331,0.4667,0.3658,0.419,0.4203,0.3781,0.3331,0.4067,0.4326,0.3481,0.3194,0.4885,0.3044,0.6126,0.404,0.3358,0.2949,0.3617,0.3617,0.2894,0.3508,0.4463,0.3112,1.0392,1.1599,0.3631,0.509,0.5035,0.479,0.3685,0.4735,0.3344,0.3358
3/12/2020,20.7534,0.5059,0.4472,0.3452,0.5952,0.6985,0.5926,0.5505,0.5403,0.6067,0.4817,0.6041,0.3784,0.3962,0.4192,0.3414,0.3401,0.358,0.4868,0.358,0.4574,0.4332,0.3848,0.3248,0.5072,0.3848,0.3414,0.3439,0.3197,0.395,0.4166,0.3286,0.3643,0.2623,0.2636,0.3197,0.3745,0.4345,0.3503,0.7703,0.8537,0.3899,0.4562,0.423,0.298,0.3325,0.4217,0.3682,0.3873
3/11/2020,23.7296,0.4404,0.5111,0.3963,0.7141,0.5332,0.8069,0.6024,0.6968,0.4545,0.3759,0.5772,0.5725,0.379,0.3428,0.4923,0.5001,0.5395,0.3743,0.497,0.4938,0.4246,0.3397,0.4451,0.552,0.3507,0.3916,0.5709,0.3633,0.4372,0.4561,0.3554,0.3255,0.3428,0.4026,0.3161,0.4199,0.39,0.3633,1.1355,1.2695,0.4813,0.5017,0.5347,0.4089,0.5237,0.3869,0.4891,0.4514
3/10/2020,26.9875,0.4363,0.6338,0.6812,0.835,0.6717,0.6698,0.5749,0.8084,0.4743,0.8008,0.5103,0.3736,0.4002,0.3755,0.3869,0.4097,0.3964,0.461,0.5027,0.5996,0.573,0.3964,0.6376,0.3983,0.3433,0.4989,0.7705,0.4249,0.4686,0.4382,0.3414,0.4648,0.4306,0.3907,0.3281,0.4173,0.4135,0.423,1.8387,2.07,0.4724,0.7192,0.5331,0.4914,0.4306,0.404,0.4914,0.3755
3/9/2020,23.2068,0.4632,0.5818,0.5833,0.5225,0.8905,0.5012,0.7339,0.6092,0.5301,0.3674,0.4009,0.5651,0.3461,0.3902,0.3568,0.4145,0.4906,0.4419,0.5255,0.5271,0.3461,0.4982,0.3537,0.5255,0.3856,0.4784,0.4556,0.3233,0.6624,0.4586,0.3537,0.3491,0.4085,0.2929,0.2944,0.413,0.5347,0.4434,0.8963,0.9972,0.5043,0.4115,0.4617,0.3735,0.4389,0.5332,0.4328,0.3385
3/8/2020,18.3403,0.3652,0.3724,0.2918,0.5431,0.4779,0.3714,0.4851,0.4076,0.4707,0.5131,0.3838,0.3693,0.3383,0.3073,0.3228,0.3993,0.2897,0.3518,0.359,0.3393,0.3207,0.2866,0.3063,0.4107,0.3652,0.2959,0.4676,0.3145,0.4324,0.3187,0.238,0.2473,0.3228,0.33,0.3094,0.3373,0.4045,0.3435,0.7697,0.8531,0.3476,0.3249,0.3652,0.3642,0.3983,0.3487,0.4024,0.3559
3/7/2020,20.3515,0.3816,0.3359,0.5014,0.5261,0.7682,0.5125,0.578,0.6101,0.5249,0.3445,0.5335,0.5039,0.3174,0.3235,0.4026,0.3532,0.3433,0.4038,0.347,0.3519,0.3606,0.326,0.4927,0.3136,0.389,0.4248,0.2926,0.3149,0.3631,0.389,0.2902,0.3544,0.2939,0.2976,0.2926,0.3433,0.3112,0.4495,0.9684,1.0793,0.4125,0.4285,0.2976,0.2988,0.4433,0.3989,0.3717,0.3902
3/6/2020,22.3622,0.4022,0.4324,0.4625,0.609,0.599,0.6952,0.5846,0.5114,0.5386,0.5731,0.6507,0.4036,0.4352,0.4611,0.5013,0.4898,0.418,0.4238,0.4898,0.4295,0.3562,0.4166,0.5616,0.3476,0.4439,0.3247,0.5746,0.339,0.4324,0.3663,0.3577,0.3476,0.3419,0.306,0.3993,0.3505,0.3907,0.3922,0.7799,0.8647,0.4783,0.4123,0.5229,0.4467,0.3692,0.4711,0.4553,0.4022
3/5/2020,20.9951,0.4824,0.411,0.5266,0.5903,0.7293,0.6813,0.4564,0.424,0.3811,0.5916,0.4993,0.511,0.3252,0.4435,0.4435,0.3278,0.4006,0.4149,0.3837,0.3642,0.4526,0.4772,0.4928,0.3629,0.4227,0.4162,0.5383,0.2966,0.3369,0.4266,0.3473,0.2602,0.294,0.307,0.3083,0.3863,0.3278,0.3746,0.8449,0.9387,0.3486,0.3928,0.307,0.3655,0.45,0.359,0.3239,0.4487
3/4/2020,24.4536,0.6093,0.6175,0.4661,0.5517,0.6208,0.5418,0.5731,0.5467,0.7574,0.7179,0.782,0.3658,0.3707,0.3888,0.5105,0.4102,0.4974,0.5467,0.4908,0.4036,0.4513,0.3806,0.4711,0.5435,0.3147,0.4908,0.5221,0.3328,0.4283,0.5171,0.3937,0.3542,0.318,0.3082,0.3592,0.4217,0.369,0.3526,1.2455,1.3947,0.4694,0.5813,0.4546,0.4957,0.4085,0.5797,0.369,0.3575
3/3/2020,29.6016,0.5749,0.5879,0.4302,1.0264,0.7348,0.9811,1.0199,0.6289,0.4194,0.8428,0.8277,0.4691,0.4043,0.5123,0.495,0.4475,0.6743,0.711,0.6333,0.6203,0.5879,0.5469,0.7067,0.4864,0.4021,0.603,0.4756,0.4388,0.886,0.4777,0.3611,0.3503,0.4626,0.387,0.4669,0.5101,0.616,0.4302,1.2577,1.4086,0.5253,0.4842,0.6894,0.5857,0.5706,0.7262,0.4648,0.6527
3/2/2020,27.0679,0.6052,0.5823,0.5194,0.6643,0.916,0.8112,0.7368,0.6014,0.5004,0.5709,0.773,0.7025,0.4126,0.4165,0.529,0.5766,0.5766,0.5004,0.609,0.5118,0.5804,0.4184,0.5652,0.4508,0.4851,0.4756,0.5995,0.3783,0.7273,0.5271,0.304,0.4298,0.3859,0.4527,0.426,0.4813,0.3898,0.4451,0.946,1.0538,0.5423,0.5118,0.5537,0.6186,0.6205,0.6624,0.5404,0.3802
3/1/2020,20.2704,0.374,0.3863,0.5029,0.4783,0.4857,0.4219,0.5127,0.4783,0.5667,0.4047,0.3446,0.3605,0.3618,0.3986,0.3372,0.4182,0.3188,0.4636,0.3446,0.3986,0.3323,0.3716,0.401,0.401,0.2918,0.3569,0.3839,0.3286,0.4513,0.3286,0.2562,0.3066,0.2931,0.3618,0.309,0.3704,0.3004,0.4293,1.1244,1.2569,0.3826,0.3667,0.2955,0.4293,0.4722,0.4317,0.4464,0.4329
2/29/2020,19.708,0.4746,0.3481,0.3236,0.5308,0.4441,0.5799,0.6104,0.6397,0.2943,0.3177,0.4418,0.3786,0.3669,0.3669,0.4383,0.4207,0.4359,0.4032,0.3797,0.4266,0.3072,0.3774,0.4184,0.3856,0.2861,0.402,0.5554,0.3072,0.3212,0.3575,0.3399,0.3481,0.2919,0.3423,0.3341,0.3376,0.3271,0.402,0.7596,0.8416,0.3528,0.3915,0.3458,0.3868,0.457,0.3236,0.4149,0.3716
2/28/2020,20.5925,0.4802,0.348,0.3581,0.62,0.5092,0.6112,0.654,0.6767,0.3039,0.4273,0.4815,0.4324,0.4084,0.3933,0.4374,0.3996,0.416,0.3757,0.4525,0.3581,0.3228,0.4714,0.4878,0.3316,0.3341,0.3354,0.4084,0.3442,0.5558,0.3329,0.2939,0.353,0.2712,0.3593,0.3619,0.3518,0.3253,0.3782,0.8357,0.9282,0.4727,0.5041,0.2888,0.285,0.377,0.445,0.4009,0.2926
2/27/2020,26.6257,0.4926,0.5131,0.4721,0.7068,0.8949,0.8707,0.8744,0.8633,0.7608,0.7254,0.623,0.5951,0.5336,0.487,0.4051,0.4628,0.4516,0.4889,0.6137,0.61,0.5336,0.5094,0.6528,0.5448,0.5131,0.4908,0.5019,0.3697,0.5913,0.5373,0.325,0.4218,0.366,0.4256,0.3157,0.4572,0.5355,0.392,0.8348,0.9272,0.6509,0.3864,0.3958,0.4703,0.5206,0.5913,0.4889,0.4311
2/26/2020,26.9067,0.5032,0.4956,0.6488,0.7301,1.0458,0.904,0.5448,0.7017,0.7641,0.6545,0.7471,0.4351,0.5013,0.577,0.4125,0.5996,0.5864,0.4408,0.6242,0.6053,0.577,0.5372,0.5599,0.5675,0.4786,0.5316,0.5675,0.4333,0.5562,0.558,0.4654,0.4767,0.3066,0.3387,0.42,0.437,0.4465,0.4956,0.6441,0.7102,0.6677,0.49,0.6242,0.5108,0.42,0.6866,0.4673,0.4106
2/25/2020,23.4479,0.5621,0.4926,0.5282,0.6502,0.6965,0.5081,0.7336,0.576,0.332,0.5436,0.6996,0.4293,0.4216,0.4107,0.4092,0.352,0.4494,0.4107,0.539,0.4664,0.4401,0.5112,0.4926,0.3366,0.3304,0.4679,0.3891,0.3227,0.6332,0.3768,0.3845,0.4107,0.3752,0.3072,0.3922,0.4416,0.4911,0.3397,1.0481,1.17,0.556,0.5312,0.3273,0.3659,0.3829,0.5127,0.5034,0.3968
2/24/2020,23.1267,0.5705,0.5781,0.4193,0.7082,0.8186,0.7037,0.7944,0.6689,0.56,0.51,0.4374,0.51,0.4707,0.4647,0.4102,0.4405,0.4677,0.4163,0.4495,0.4556,0.445,0.3346,0.5857,0.4934,0.3678,0.3754,0.6568,0.3436,0.4102,0.4359,0.3709,0.3073,0.3527,0.2847,0.3482,0.4329,0.4889,0.3875,0.5473,0.5999,0.4662,0.3346,0.4435,0.4087,0.4934,0.5796,0.5115,0.4662
2/23/2020,23.6892,0.4554,0.3785,0.5291,0.7864,0.788,0.653,0.6138,0.504,0.413,0.5997,0.5479,0.4114,0.4444,0.4961,0.471,0.5009,0.5291,0.4663,0.5071,0.3957,0.4836,0.4993,0.471,0.3565,0.4334,0.4208,0.5809,0.391,0.5887,0.4208,0.3361,0.38,0.311,0.3424,0.4114,0.4397,0.5087,0.5322,0.8843,0.9835,0.4506,0.3408,0.4585,0.4695,0.4538,0.3722,0.3659,0.5118
2/22/2020,27.5506,0.5987,0.4482,0.413,0.9194,0.5831,0.5948,0.6496,0.6515,0.5694,0.761,0.4932,0.4482,0.4775,0.5479,0.4228,0.4052,0.4736,0.4951,0.4638,0.5186,0.3915,0.4834,0.5225,0.5323,0.5244,0.4677,0.5577,0.4013,0.6007,0.4951,0.4521,0.4873,0.413,0.4697,0.4697,0.4365,0.4893,0.4658,1.7603,1.9807,0.4091,0.5635,0.632,0.5068,0.4951,0.5479,0.5401,0.5205
2/21/2020,26.9877,0.4496,0.6736,0.4116,0.8046,0.892,0.5369,0.5027,0.6603,0.5027,0.4705,0.7952,0.4895,0.4059,0.4648,0.4895,0.4705,0.5502,0.4629,0.4952,0.4819,0.3888,0.5179,0.5977,0.6452,0.4534,0.516,0.4515,0.366,0.8008,0.5027,0.3414,0.4097,0.3224,0.3338,0.4078,0.4572,0.4458,0.4268,1.7588,1.979,0.4382,0.4819,0.5768,0.5065,0.5616,0.4895,0.4002,0.4002
2/20/2020,25.982,0.4742,0.4562,0.5263,0.6774,0.9075,0.5838,0.5137,0.6198,0.4022,0.5479,0.6198,0.4616,0.386,0.4957,0.5874,0.5713,0.431,0.5227,0.4472,0.4598,0.3771,0.458,0.4526,0.6126,0.4508,0.4742,0.4148,0.4112,0.7835,0.5335,0.3249,0.413,0.3968,0.3051,0.4022,0.4436,0.5803,0.4634,1.3894,1.5585,0.5641,0.5281,0.3537,0.5281,0.3968,0.636,0.4885,0.5497
2/19/2020,31.7735,0.5304,0.7063,0.5875,1.0297,1.3316,1.1057,1.1961,0.6255,0.9655,0.9084,0.9726,0.8371,0.4781,0.4424,0.6968,0.6754,0.7087,0.5756,0.528,0.4995,0.6754,0.4496,0.6493,0.4044,0.5708,0.6374,0.5399,0.4092,0.616,0.547,0.4662,0.3545,0.3996,0.3592,0.364,0.5256,0.6207,0.4258,1.1895,1.331,0.6826,0.5209,0.6635,0.7158,0.5756,0.547,0.7182,0.4139
2/18/2020,33.1409,0.7977,0.8053,0.5438,0.8983,1.4338,1.1044,0.7776,0.7776,0.7273,0.5991,0.9636,0.5689,0.6167,0.6494,0.7525,0.589,0.7474,0.7047,0.7072,0.5488,0.6569,0.6267,0.6393,0.667,0.496,0.6494,0.9737,0.5161,0.7072,0.6443,0.4105,0.4407,0.4156,0.3804,0.408,0.6016,0.6192,0.5312,0.9497,1.058,0.7927,0.858,0.4759,0.6946,0.6293,0.8178,0.667,0.501
2/17/2020,27.068,0.5194,0.4279,0.508,0.8436,0.9332,0.9446,0.9694,0.9504,0.7521,0.8016,0.7959,0.6872,0.5137,0.5576,0.5328,0.5995,0.5557,0.6033,0.5595,0.5042,0.4546,0.365,0.4698,0.5099,0.4927,0.4298,0.4546,0.4069,0.6167,0.5404,0.3917,0.3135,0.4107,0.3917,0.4451,0.4908,0.3898,0.5461,0.6384,0.7036,0.4355,0.5423,0.4412,0.4069,0.4222,0.6796,0.6205,0.4984
2/16/2020,19.708,0.4676,0.45,0.4231,0.4301,0.4933,0.5589,0.3786,0.5483,0.3587,0.3306,0.4535,0.4277,0.4055,0.3025,0.3516,0.3774,0.3505,0.3212,0.3973,0.3692,0.32,0.4242,0.3142,0.3751,0.2709,0.3833,0.4816,0.3236,0.3809,0.4102,0.2849,0.2627,0.3306,0.3118,0.2919,0.3622,0.3072,0.3762,1.0794,1.2056,0.4032,0.4313,0.3751,0.2943,0.4488,0.4032,0.3236,0.3364
2/15/2020,18.5814,0.3095,0.3095,0.4376,0.4873,0.7084,0.3635,0.5635,0.5677,0.2926,0.3772,0.4301,0.3497,0.3243,0.2926,0.2958,0.3095,0.3264,0.4259,0.3952,0.4227,0.3159,0.3444,0.3571,0.2767,0.3529,0.2894,0.5127,0.2926,0.3804,0.3508,0.2968,0.3011,0.3085,0.3264,0.3264,0.3159,0.3751,0.3614,0.8892,0.9891,0.2873,0.2979,0.3074,0.3656,0.4196,0.3021,0.3127,0.337
2/14/2020,16.4897,0.2813,0.2855,0.3399,0.3662,0.3738,0.4952,0.4579,0.3789,0.3585,0.2762,0.2804,0.2847,0.3203,0.3288,0.3237,0.3696,0.2847,0.3509,0.3543,0.3203,0.2685,0.2864,0.345,0.3161,0.2685,0.3008,0.4358,0.2533,0.3407,0.2821,0.2864,0.2702,0.2923,0.2558,0.3042,0.2796,0.3085,0.3704,0.7622,0.8446,0.3738,0.2787,0.2618,0.2991,0.3619,0.2872,0.3687,0.356
2/13/2020,26.666,0.6482,0.5306,0.5549,0.7192,1.0421,0.5325,0.708,0.9077,0.8106,0.6389,0.7808,0.6856,0.5083,0.3888,0.4317,0.5512,0.4112,0.4859,0.4709,0.5792,0.4168,0.3683,0.5736,0.3944,0.5138,0.3963,0.7192,0.3533,0.4373,0.4355,0.3197,0.4355,0.3347,0.3851,0.4261,0.4859,0.6258,0.4896,1.0221,1.1404,0.4467,0.456,0.5381,0.4467,0.5736,0.6109,0.5474,0.3869
2/12/2020,26.2634,0.4479,0.6324,0.6379,0.8698,1.0433,0.8442,0.8205,0.8424,0.7383,0.6433,0.7146,0.6488,0.5009,0.4552,0.4479,0.5137,0.4881,0.563,0.5027,0.616,0.4151,0.563,0.521,0.426,0.4516,0.5173,0.3639,0.3804,0.6689,0.4936,0.2963,0.4424,0.331,0.4498,0.4534,0.4169,0.4662,0.594,0.5877,0.646,0.521,0.3475,0.594,0.373,0.6013,0.5173,0.4717,0.3822
2/11/2020,26.1429,0.4152,0.6166,0.4116,0.6239,0.9341,0.5531,0.4842,0.6329,0.4316,0.7509,0.8615,0.3717,0.5041,0.4297,0.4279,0.5186,0.5676,0.593,0.5404,0.5096,0.4987,0.4642,0.6547,0.6438,0.3572,0.4497,0.6348,0.3753,0.584,0.4134,0.4606,0.3608,0.3753,0.3916,0.3699,0.4225,0.5477,0.5694,1.2493,1.399,0.6329,0.4588,0.5114,0.4207,0.4279,0.4225,0.4479,0.4207
2/10/2020,18.8634,0.3698,0.4057,0.3807,0.5284,0.637,0.4035,0.5273,0.5306,0.5404,0.4372,0.335,0.4209,0.3589,0.3959,0.3111,0.3242,0.4165,0.3437,0.3785,0.3959,0.3644,0.3959,0.4535,0.3894,0.3785,0.2862,0.4339,0.3046,0.3144,0.3752,0.3155,0.2938,0.3046,0.3144,0.3318,0.3166,0.3329,0.4198,0.5152,0.5634,0.3959,0.423,0.3785,0.2938,0.3416,0.4165,0.4154,0.3535
2/9/2020,21.1154,0.4014,0.4578,0.4172,0.6795,0.8211,0.6664,0.4067,0.425,0.4185,0.5234,0.4237,0.4329,0.4198,0.3109,0.3437,0.467,0.4277,0.328,0.4762,0.4526,0.4473,0.3096,0.5221,0.4041,0.3516,0.3411,0.4264,0.3424,0.4578,0.3778,0.2886,0.3241,0.3083,0.3634,0.3031,0.3424,0.3359,0.366,0.8058,0.8942,0.4473,0.5129,0.4841,0.3713,0.4093,0.526,0.3673,0.3857
2/8/2020,28.194,0.6372,0.6533,0.5039,0.9542,1.1723,0.7705,0.6513,1.0128,0.4595,0.4777,0.9563,0.6069,0.4736,0.4635,0.512,0.6513,0.4272,0.6311,0.619,0.5241,0.5645,0.3989,0.722,0.4029,0.5201,0.4797,0.6897,0.4312,0.4716,0.4696,0.3302,0.3969,0.3605,0.4272,0.4938,0.5241,0.5241,0.6311,0.9477,1.0557,0.4352,0.619,0.6533,0.4413,0.5221,0.6291,0.4676,0.4272
2/7/2020,25.4593,0.4792,0.5909,0.5036,0.8127,0.7935,0.858,0.542,0.5787,0.673,0.4408,0.6398,0.3587,0.4163,0.4059,0.5124,0.4705,0.4303,0.5804,0.5176,0.5368,0.4862,0.5001,0.4268,0.3448,0.4303,0.4844,0.4862,0.3954,0.4565,0.5176,0.4303,0.3063,0.3936,0.3186,0.3395,0.4582,0.5962,0.4722,1.1073,1.2374,0.6258,0.4897,0.5979,0.3797,0.4233,0.6049,0.5106,0.4984
2/6/2020,27.9932,0.6405,0.4406,0.6805,0.6645,0.9824,0.5605,0.6465,0.8344,0.8324,0.5165,0.5925,0.6965,0.4786,0.4506,0.5545,0.4746,0.5345,0.5665,0.4486,0.6445,0.5025,0.4046,0.5125,0.5905,0.5125,0.4126,0.7005,0.4526,0.7605,0.4806,0.4286,0.4466,0.4326,0.3346,0.3446,0.4746,0.3946,0.6285,1.0886,1.2161,0.4466,0.6665,0.6205,0.6225,0.5825,0.6185,0.4546,0.6225
2/5/2020,31.01,0.6936,0.7971,0.6476,0.7166,1.1653,1.1262,0.7097,0.9375,0.6223,0.6269,0.7488,0.6223,0.5693,0.6061,0.6384,0.6844,0.6315,0.5785,0.6591,0.5141,0.6223,0.4083,0.5348,0.5256,0.3945,0.4221,0.5026,0.4221,0.7511,0.6568,0.5095,0.4957,0.4589,0.3876,0.3945,0.4704,0.5026,0.6246,1.2556,1.4062,0.7074,0.7166,0.4819,0.666,0.4911,0.5187,0.6982,0.689
2/4/2020,22.7646,0.4738,0.4856,0.3808,0.6377,0.8916,0.4457,0.8074,0.5963,0.456,0.5166,0.5225,0.5505,0.425,0.4442,0.4059,0.4634,0.3616,0.4191,0.5077,0.4324,0.4236,0.4265,0.493,0.3394,0.3306,0.4723,0.6229,0.3616,0.5092,0.3955,0.4014,0.3881,0.366,0.3306,0.4059,0.4221,0.4428,0.3306,0.7439,0.8237,0.5417,0.4236,0.3542,0.5062,0.4457,0.3409,0.4383,0.4605
2/3/2020,16.8923,0.3205,0.3925,0.2912,0.493,0.5846,0.3721,0.4219,0.4005,0.3463,0.3863,0.4076,0.3694,0.2689,0.3232,0.3134,0.284,0.381,0.3152,0.3161,0.3009,0.3045,0.2591,0.2725,0.2983,0.3347,0.3436,0.2752,0.2565,0.4583,0.3285,0.236,0.2778,0.2974,0.2938,0.2529,0.2814,0.2672,0.2805,0.7755,0.8597,0.3436,0.4263,0.3143,0.3196,0.2974,0.3063,0.3303,0.3125
2/2/2020,18.0589,0.4161,0.4403,0.3085,0.397,0.5519,0.4131,0.5459,0.4413,0.4473,0.5016,0.3799,0.3759,0.3387,0.3558,0.2954,0.3769,0.3477,0.388,0.3457,0.3055,0.3306,0.387,0.4111,0.3065,0.3045,0.3457,0.4443,0.3075,0.3568,0.3236,0.2481,0.2944,0.3196,0.2532,0.3165,0.2954,0.4051,0.396,0.6338,0.6984,0.2793,0.3367,0.3749,0.3467,0.3487,0.4201,0.3155,0.2864
2/1/2020,19.8688,0.3637,0.3756,0.404,0.6022,0.7292,0.556,0.6106,0.5975,0.5619,0.5512,0.3376,0.4456,0.3423,0.3435,0.3233,0.3281,0.4373,0.4503,0.3411,0.3376,0.3221,0.2948,0.4503,0.3388,0.3388,0.4112,0.4741,0.302,0.4907,0.3649,0.3566,0.2652,0.3471,0.3376,0.277,0.334,0.3542,0.4444,0.5968,0.6563,0.4361,0.4812,0.4361,0.3245,0.3578,0.2972,0.4123,0.3281
1/31/2020,18.3804,0.3307,0.4231,0.3618,0.4646,0.4085,0.3805,0.4366,0.4584,0.285,0.3712,0.5725,0.367,0.3255,0.3462,0.3161,0.3193,0.312,0.3462,0.3431,0.3743,0.3213,0.2923,0.366,0.2985,0.2777,0.3898,0.366,0.3016,0.34,0.3296,0.2736,0.2964,0.285,0.3006,0.284,0.3379,0.3234,0.393,1.056,1.179,0.4314,0.3078,0.3494,0.2736,0.3691,0.4085,0.3587,0.3276
1/30/2020,24.3333,0.5325,0.5211,0.5995,0.6126,0.6975,0.624,0.5538,0.4835,0.557,0.7106,0.4901,0.477,0.495,0.4247,0.3888,0.3823,0.5374,0.3823,0.446,0.5162,0.5015,0.4639,0.3659,0.4819,0.3512,0.3545,0.4378,0.3561,0.4166,0.477,0.2777,0.3643,0.3627,0.4051,0.4019,0.4133,0.3708,0.4411,1.3575,1.5222,0.4345,0.593,0.3382,0.4672,0.5178,0.5178,0.5064,0.4035
1/29/2020,28.6768,0.5699,0.5037,0.514,1.0082,0.6091,0.8862,0.8304,0.8304,0.756,0.4789,0.9751,0.5843,0.5533,0.5678,0.5182,0.5306,0.5595,0.5761,0.6154,0.5802,0.6133,0.5905,0.5099,0.574,0.3838,0.5967,0.6195,0.4293,0.6836,0.4479,0.3486,0.3445,0.4231,0.3569,0.4561,0.4499,0.5988,0.5492,1.0601,1.1837,0.5926,0.5306,0.6154,0.605,0.4768,0.4975,0.6464,0.4458
1/28/2020,28.4355,0.6592,0.7246,0.5263,0.6551,0.8124,0.7818,0.6122,0.5713,0.3935,0.653,0.747,0.5549,0.5835,0.5754,0.6408,0.6122,0.6592,0.418,0.6122,0.5079,0.5815,0.4568,0.4507,0.6816,0.4548,0.5938,0.7716,0.4528,0.7859,0.5161,0.4671,0.3669,0.4916,0.416,0.3853,0.4548,0.5509,0.4895,1.1376,1.2719,0.651,0.4119,0.4977,0.4405,0.6142,0.6735,0.5672,0.5018
1/27/2020,32.0953,0.545,0.4944,0.8148,1.0727,1.3281,1.1401,0.8968,0.9401,0.5401,0.5546,0.6413,0.4847,0.5883,0.4341,0.4703,0.5594,0.5667,0.6438,0.5522,0.6823,0.4486,0.5618,0.6438,0.6799,0.5209,0.6871,0.8052,0.4341,0.9425,0.6582,0.3618,0.5522,0.3522,0.4823,0.398,0.4944,0.5161,0.6775,1.1977,1.3403,0.5859,0.7907,0.5233,0.7257,0.7594,0.6269,0.6871,0.6919
1/26/2020,28.878,0.7158,0.459,0.6135,0.9538,0.7304,0.912,0.8723,0.5863,0.6928,0.7032,0.5049,0.4318,0.5341,0.5988,0.6469,0.4736,0.459,0.5654,0.6239,0.6406,0.5362,0.6406,0.4757,0.6489,0.3901,0.4798,0.3796,0.4443,0.4548,0.5863,0.3065,0.5049,0.4527,0.4819,0.3441,0.4736,0.4903,0.6072,1.6898,1.9005,0.5341,0.484,0.4297,0.4569,0.4506,0.5112,0.4214,0.5842
1/25/2020,27.5507,0.5811,0.6926,0.6535,0.8099,0.9155,0.9409,0.5284,0.9624,0.413,0.5557,0.759,0.4521,0.4326,0.5127,0.4345,0.5362,0.5635,0.6026,0.5929,0.5499,0.4756,0.4443,0.4971,0.6124,0.4677,0.3759,0.6691,0.3719,0.675,0.5264,0.4208,0.327,0.4423,0.3211,0.3328,0.4521,0.6339,0.3915,1.0865,1.2137,0.6633,0.3856,0.5499,0.4423,0.4306,0.6672,0.6202,0.5655
1/24/2020,29.7222,0.5034,0.5425,0.7727,0.6858,0.7445,0.6945,1.0182,0.5989,0.6098,0.638,0.4686,0.7358,0.562,0.6141,0.625,0.5425,0.562,0.6076,0.4686,0.5055,0.4273,0.6011,0.6771,0.4664,0.4968,0.6076,0.5338,0.4295,0.8705,0.6228,0.3948,0.4078,0.4925,0.4838,0.4534,0.4491,0.6315,0.575,1.4924,1.6757,0.7206,0.6685,0.5316,0.5425,0.4643,0.4556,0.6359,0.4143
1/23/2020,32.5376,0.6402,0.5593,0.5396,1.1286,1.0059,0.7163,1.0721,1.1187,0.7384,0.8488,0.5568,0.731,0.4489,0.5568,0.5863,0.5985,0.4734,0.785,0.5249,0.7556,0.4538,0.4219,0.7065,0.7997,0.5004,0.5912,0.9666,0.493,0.9126,0.5642,0.3335,0.3728,0.4832,0.547,0.439,0.5814,0.758,0.7286,1.2614,1.4128,0.8316,0.6574,0.5127,0.5519,0.6672,0.6083,0.493,0.5028
1/22/2020,35.9163,0.6803,0.605,0.6943,1.113,1.2777,0.8953,1.18,1.194,0.5519,0.9762,0.7278,0.5742,0.644,0.538,0.7836,0.739,0.7166,0.6468,0.6273,0.8367,0.7948,0.778,0.5296,0.6133,0.6161,0.6524,1.0237,0.5128,0.5491,0.672,0.5407,0.4542,0.457,0.4849,0.4737,0.6385,0.5017,0.5128,1.8051,2.0317,0.6692,0.9344,0.4375,0.4989,0.6775,0.7669,0.5603,0.7278
1/21/2020,4.2632,0.1065,0.1114,0.1181,0.071,0.0732,0.0691,0.0729,0.0277,0.0348,0.1076,0.0945,0.0867,0.1002,0.1222,0.1211,0.1215,0.108,0.1095,0.0774,0.1005,0.111,0.1166,0.1125,0.1065,0.1054,0.0994,0.0553,0.1132,0.102,0.0964,0.114,0.1286,0.1173,0.1218,0.1244,0.1009,0.0811,0.1046,-0.1334,-0.1749,0.114,0.1013,0.1229,0.0938,0.0953,0.0953,0.1207,0.0833
1/20/2020,4.1832,0.1113,0.0922,0.0938,0.0823,0.0224,0.03,0.0518,0.0602,0.0338,0.0728,0.0976,0.0709,0.0957,0.1121,0.1117,0.0941,0.085,0.093,0.1117,0.0762,0.0899,0.1151,0.1014,0.1251,0.1121,0.1182,0.0548,0.1174,0.1128,0.0976,0.1411,0.1369,0.1102,0.1098,0.117,0.1106,0.1083,0.1163,-0.0795,-0.1135,0.096,0.098,0.077,0.1251,0.0873,0.0815,0.1014,0.1167
1/19/2020,27.6312,0.522,0.4317,0.7085,0.8989,0.5887,0.6614,0.6987,0.6653,0.522,0.681,0.8596,0.5279,0.4003,0.5868,0.4827,0.4984,0.5082,0.5691,0.4827,0.4533,0.524,0.5141,0.6398,0.6457,0.4749,0.4768,0.6437,0.4062,0.8047,0.4454,0.3002,0.4258,0.4729,0.4022,0.3551,0.4847,0.5181,0.4435,1.4253,1.5994,0.4278,0.5573,0.3591,0.6476,0.522,0.4238,0.4592,0.4847
1/18/2020,25.5796,0.6396,0.5042,0.5095,0.6571,1.058,0.731,0.8013,0.8452,0.4216,0.7116,0.4374,0.6378,0.3987,0.4145,0.571,0.3759,0.4251,0.5903,0.52,0.5851,0.3847,0.4655,0.5587,0.3688,0.411,0.3565,0.629,0.346,0.7573,0.4743,0.3196,0.346,0.4128,0.3354,0.3583,0.455,0.3794,0.4479,0.8729,0.9706,0.4093,0.6571,0.4743,0.5446,0.4602,0.5569,0.5605,0.4321
1/17/2020,21.8394,0.4282,0.3812,0.4656,0.6192,0.7728,0.6261,0.723,0.5486,0.4268,0.5223,0.5611,0.4905,0.4518,0.3992,0.4033,0.3867,0.3383,0.4102,0.366,0.4891,0.3369,0.3314,0.4421,0.3147,0.3369,0.3106,0.3189,0.3549,0.4158,0.3687,0.3466,0.2829,0.3314,0.3812,0.2898,0.3577,0.348,0.4822,1.1006,1.2298,0.5196,0.5251,0.3092,0.3438,0.3839,0.4047,0.4075,0.4545
1/16/2020,21.0749,0.4648,0.3484,0.3916,0.6936,0.7433,0.6622,0.6544,0.5511,0.5053,0.4713,0.6661,0.5132,0.3314,0.3733,0.3196,0.4073,0.3876,0.4177,0.4478,0.4556,0.4203,0.3772,0.3549,0.5079,0.3536,0.3929,0.4138,0.338,0.3471,0.3706,0.3576,0.317,0.2673,0.334,0.3589,0.3785,0.4334,0.3863,0.5916,0.6504,0.4687,0.3314,0.2948,0.4229,0.4674,0.5079,0.3706,0.4543
1/15/2020,21.7994,0.5185,0.4289,0.4454,0.6869,0.6,0.5006,0.76,0.4965,0.462,0.404,0.462,0.3599,0.3902,0.3419,0.4178,0.4247,0.4689,0.3392,0.364,0.4689,0.3985,0.4744,0.5199,0.5254,0.3571,0.4399,0.5461,0.3378,0.5558,0.3571,0.3033,0.3336,0.3474,0.2784,0.3102,0.3461,0.4068,0.3557,0.9133,1.0166,0.3281,0.5379,0.3185,0.4551,0.4054,0.3336,0.4758,0.4813
1/14/2020,26.1432,0.5858,0.5459,0.6094,0.7799,0.9885,0.5586,0.8035,0.5404,0.7944,0.5912,0.8416,0.457,0.3844,0.4098,0.5713,0.5295,0.466,0.5803,0.5186,0.4207,0.3717,0.5295,0.6239,0.6275,0.4678,0.5604,0.6311,0.359,0.5495,0.5422,0.3445,0.3481,0.359,0.4388,0.3281,0.4751,0.6166,0.5277,0.7589,0.8408,0.5586,0.6493,0.3844,0.3771,0.5876,0.3953,0.3953,0.5186
1/13/2020,28.7573,0.4759,0.4739,0.4635,0.9534,0.943,0.6109,0.7479,0.5652,0.8309,0.7562,0.5507,0.4718,0.4095,0.505,0.4843,0.4365,0.4593,0.559,0.4905,0.5029,0.4344,0.5507,0.5528,0.5071,0.4012,0.3991,0.7541,0.4635,0.6441,0.5673,0.3161,0.3493,0.4344,0.4718,0.4012,0.4552,0.6628,0.5943,1.7664,1.9877,0.4573,0.5382,0.5901,0.4054,0.4344,0.7209,0.6441,0.5631
1/12/2020,27.1486,0.6837,0.5037,0.5305,0.8522,0.9001,0.6932,0.5401,0.563,0.4252,0.5305,0.743,0.5056,0.4041,0.3792,0.5171,0.6167,0.5075,0.6186,0.6224,0.5937,0.5764,0.6167,0.653,0.3582,0.5209,0.4616,0.4443,0.3677,0.5362,0.4481,0.3735,0.3505,0.3505,0.4175,0.4118,0.4099,0.6492,0.5171,1.2305,1.3776,0.6454,0.5056,0.4539,0.5669,0.5305,0.4692,0.6128,0.563
1/11/2020,26.0626,0.4286,0.6092,0.6471,0.6833,0.9434,0.6977,0.8837,0.8693,0.4557,0.4828,0.6002,0.62,0.4936,0.4521,0.4539,0.5604,0.3816,0.4972,0.5496,0.5677,0.4864,0.5026,0.6544,0.4159,0.4846,0.4647,0.6164,0.4069,0.4484,0.5388,0.3491,0.3021,0.3455,0.3654,0.3455,0.4069,0.4141,0.4466,1.0823,1.209,0.5062,0.6453,0.5189,0.387,0.4177,0.5406,0.4773,0.4069
1/10/2020,22.2816,0.5594,0.5051,0.4537,0.5965,0.7508,0.6508,0.6351,0.5523,0.3709,0.3909,0.3709,0.4337,0.348,0.418,0.4766,0.4666,0.4637,0.398,0.4537,0.3709,0.3866,0.4537,0.5394,0.4037,0.4095,0.4309,0.5137,0.3395,0.6123,0.4252,0.2838,0.2952,0.3081,0.3423,0.3252,0.4223,0.3452,0.4837,0.8379,0.9307,0.5009,0.5051,0.3638,0.4423,0.418,0.538,0.3895,0.3695
1/9/2020,21.9197,0.5369,0.3977,0.3532,0.7109,0.5328,0.5035,0.7332,0.7095,0.5676,0.3866,0.5982,0.498,0.4506,0.3476,0.4506,0.5007,0.4409,0.3407,0.4033,0.4214,0.4632,0.4492,0.555,0.5049,0.3518,0.3254,0.6163,0.349,0.5439,0.4506,0.3838,0.349,0.2725,0.3379,0.3852,0.3532,0.4757,0.3476,0.6106,0.672,0.4562,0.3045,0.3476,0.4451,0.4673,0.3643,0.3894,0.4646
1/8/2020,21.3564,0.4472,0.5166,0.4031,0.4752,0.5847,0.4926,0.6849,0.5433,0.6034,0.6074,0.6662,0.4552,0.4418,0.3911,0.3376,0.4565,0.4271,0.4552,0.3737,0.3977,0.4365,0.4151,0.4685,0.4565,0.3416,0.3082,0.5286,0.339,0.4044,0.3764,0.3403,0.2962,0.3523,0.3376,0.375,0.3937,0.3577,0.3684,0.6608,0.7291,0.4124,0.4498,0.3684,0.4445,0.4578,0.3443,0.4498,0.383
1/7/2020,23.7298,0.4089,0.5945,0.401,0.7754,0.6732,0.7723,0.7314,0.8037,0.4231,0.3869,0.4545,0.3491,0.3444,0.497,0.5111,0.4246,0.4309,0.4482,0.5206,0.486,0.5174,0.3318,0.552,0.5615,0.3255,0.4624,0.4954,0.3885,0.4121,0.4891,0.4105,0.3743,0.368,0.2941,0.3523,0.4042,0.5473,0.5049,0.8236,0.9144,0.4341,0.3145,0.5489,0.486,0.5458,0.4671,0.4404,0.5269
1/6/2020,25.0569,0.5982,0.6238,0.3611,0.692,0.5573,0.5078,0.588,0.5487,0.6084,0.7381,0.5436,0.6084,0.4157,0.5351,0.4464,0.5385,0.4089,0.3833,0.5573,0.46,0.4021,0.5522,0.6101,0.5624,0.4208,0.3952,0.4396,0.3816,0.4464,0.4907,0.2844,0.3509,0.2895,0.3117,0.3969,0.3986,0.4345,0.5334,1.3121,1.4706,0.4225,0.4873,0.3594,0.5163,0.5914,0.5232,0.4038,0.5487
1/5/2020,23.7699,0.4332,0.5751,0.3811,0.7202,0.758,0.4931,0.7107,0.553,0.5404,0.4143,0.717,0.3953,0.4758,0.4001,0.4411,0.3811,0.4095,0.3559,0.4758,0.4805,0.3606,0.3764,0.5499,0.3575,0.3811,0.4395,0.4458,0.3417,0.4994,0.4379,0.2755,0.4269,0.4064,0.3433,0.3606,0.3938,0.3717,0.3938,1.3961,1.5661,0.4931,0.3938,0.4694,0.5041,0.4884,0.3464,0.4316,0.4079
1/4/2020,22.724,0.3772,0.4008,0.4508,0.5451,0.6172,0.4906,0.6113,0.6938,0.5039,0.417,0.6187,0.4582,0.4464,0.3993,0.3802,0.4935,0.4126,0.4111,0.47,0.4612,0.4685,0.3772,0.3492,0.3213,0.3492,0.3301,0.5289,0.3787,0.3566,0.4111,0.3934,0.3522,0.3036,0.2933,0.3831,0.3919,0.4479,0.5009,1.2326,1.38,0.389,0.5745,0.3375,0.52,0.5333,0.3802,0.3566,0.4243
1/3/2020,24.2526,0.4007,0.4868,0.4885,0.6055,0.8655,0.5486,0.6364,0.5307,0.3796,0.6559,0.6315,0.5665,0.4007,0.5063,0.3601,0.3991,0.3633,0.4576,0.4982,0.4787,0.4787,0.3991,0.5356,0.3357,0.4706,0.3828,0.4836,0.3633,0.4608,0.4007,0.4267,0.2902,0.3828,0.3113,0.3601,0.4527,0.3796,0.3487,1.4839,1.666,0.495,0.4608,0.3714,0.43,0.5405,0.4105,0.4397,0.4316
1/2/2020,24.1318,0.5329,0.4119,0.52,0.5684,0.8087,0.5716,0.4619,0.6167,0.699,0.5054,0.4506,0.4328,0.3941,0.4135,0.4635,0.4861,0.4861,0.4167,0.5103,0.5425,0.499,0.3699,0.5393,0.5861,0.4328,0.3377,0.6103,0.3957,0.6845,0.4845,0.4264,0.2989,0.3102,0.4038,0.4151,0.3877,0.4699,0.3877,0.9611,1.0709,0.4554,0.4167,0.5377,0.499,0.5135,0.3441,0.5248,0.4764
1/1/2020,21.6381,0.3371,0.5117,0.3562,0.5785,0.8418,0.6576,0.7095,0.4626,0.6004,0.5949,0.3849,0.5376,0.4217,0.3862,0.3603,0.3644,0.4449,0.4899,0.4817,0.4081,0.3631,0.3058,0.5185,0.3399,0.3917,0.3944,0.4258,0.3358,0.4149,0.4558,0.3521,0.3767,0.359,0.3467,0.3044,0.404,0.3521,0.3822,0.7719,0.8557,0.4885,0.3849,0.3412,0.3917,0.4394,0.4831,0.3303,0.3985
