date,,1,2,3,4,5,6,7,8,9,10,11,12,13,14,15,16,17,18,19,20,21,22,23,24,25,26,27,28,29,30,31,32,33,34,35,36,37,38,39,40,41,42,43,44,45,46,47,48
,,0:00,0:30,1:00,1:30,2:00,2:30,3:00,3:30,4:00,4:30,5:00,5:30,6:00,6:30,7:00,7:30,8:00,8:30,9:00,9:30,10:00,10:30,11:00,11:30,12:00,12:30,13:00,13:30,14:00,14:30,15:00,15:30,16:00,16:30,17:00,17:30,18:00,18:30,19:00,19:30,20:00,20:30,21:00,21:30,22:00,22:30,23:00,23:30
12/14/2022,36.5035,0.7852,0.58,0.731,1.0987,1.3239,0.7538,1.3382,0.9591,0.5999,0.865,0.942,0.7225,0.5714,0.5885,0.5942,0.6227,0.8536,0.6541,0.7823,0.5971,0.4888,0.6512,0.7966,0.5515,0.617,0.4888,0.7852,0.5657,0.5372,0.6256,0.5458,0.4574,0.4146,0.4973,0.6142,0.6712,0.731,0.5629,3.8593,1.0631,0.7823,0.4688,0.5458,0.6227,0.6455,0.5885,0.731,0.6313
12/13/2022,52.9706,1.3404,0.8053,1.0391,1.4259,1.6417,1.237,2.0824,1.5877,1.237,0.8367,1.6282,0.7468,0.9761,0.7603,1.1785,1.1785,1.0076,0.8277,1.174,1.1156,0.8187,0.6479,0.8187,1.129,0.9357,0.9716,0.6344,0.7153,1.0796,1.129,0.7468,0.8817,0.7333,0.8637,0.8232,0.9267,0.7243,1.1425,4.4113,1.1971,1.1021,0.8592,0.7063,0.9851,0.9177,1.3404,1.246,0.6568
12/12/2022,70.9797,1.5963,1.7537,1.8734,1.8797,3.007,2.3206,1.2058,2.6544,1.8608,1.4514,1.6971,1.9427,1.1114,0.8909,1.3129,0.9161,0.998,1.0232,1.1428,1.42,0.9728,0.935,1.716,1.5207,1.294,1.0988,0.9224,1.0106,1.6845,1.3255,0.9035,0.8972,1.0862,0.7209,1.0484,0.998,1.0799,1.2877,6.6229,1.7341,1.6908,1.0673,1.4011,1.2751,1.0169,1.0799,1.0547,1.4766
12/11/2022,8.6796,0.1769,0.185,0.1785,0.1822,0.1878,0.1831,0.1861,0.1894,0.1768,0.1806,0.1931,0.1816,0.1757,0.1805,0.1757,0.1806,0.1801,0.1799,0.1827,0.179,0.1797,0.1786,0.1789,0.178,0.1788,0.1794,0.1824,0.1749,0.1879,0.179,0.1767,0.1771,0.172,0.1756,0.1758,0.1764,0.1806,0.1776,0.2257,0.181,0.1807,0.1743,0.1752,0.1804,0.1832,0.1805,0.1768,0.1771
12/10/2022,43.8048,0.8219,0.7395,0.65,1.3769,1.2444,1.649,1.5559,1.3231,1.2336,0.6858,1.1549,0.9687,0.6357,0.761,0.847,0.6035,0.8649,0.625,0.7467,0.9723,0.8649,0.8076,1.0475,0.7109,0.4961,0.8649,1.2945,0.6715,1.1764,0.6643,0.4316,0.4388,0.5677,0.6823,0.6751,0.7968,1.0618,0.625,3.137,0.8878,0.9042,0.693,0.582,0.8326,0.9436,0.9579,0.8684,0.6608
12/9/2022,43.6424,0.7904,0.8225,0.6692,1.2716,1.8347,1.571,1.4854,1.1183,0.9864,0.6692,0.9544,0.6122,0.7975,0.933,0.9223,1.0292,0.8581,1.0114,0.8795,0.769,0.6158,0.8367,0.6122,1.0043,0.5944,0.8154,0.8902,0.6478,0.8225,0.769,0.491,0.6977,0.6265,0.7156,0.687,0.7619,0.655,0.7726,3.1952,0.9019,0.8617,0.6051,0.6407,1.015,0.8118,0.7833,0.9615,0.8653
12/8/2022,58.244,1.1364,1.3172,1.2117,1.6036,2.101,1.4077,1.3826,1.0811,1.8348,1.5132,0.9153,1.1565,1.0359,0.7394,1.0711,0.9505,1.0711,1.4278,1.3223,1.3122,0.9806,1.3574,1.1816,0.7294,0.9756,0.8299,1.674,0.7093,1.061,0.8651,0.5535,0.7344,0.8299,0.7445,0.9203,0.8098,1.1766,1.3022,5.3618,1.4279,1.0359,0.8651,1.2117,1.2771,1.2369,0.9404,1.1514,0.7093
12/7/2022,43.5611,0.7641,1.1055,0.6965,1.6104,1.4042,1.0379,0.9668,0.9455,1.173,1.173,1.3117,0.5721,0.6859,0.853,0.6787,0.6503,0.9526,0.9917,0.7819,0.661,0.9241,0.565,0.661,0.8566,0.5258,0.5863,1.2904,0.5578,1.045,0.6467,0.7463,0.4725,0.4512,0.4476,0.693,0.7712,0.6467,0.6467,4.1612,1.1364,0.9775,0.5152,1.0166,0.8743,0.8601,1.0735,0.8245,0.5721
12/6/2022,43.2365,0.9137,0.9348,0.889,1.0617,1.2872,1.34,1.6818,0.815,1.2766,0.7974,0.6952,0.6917,0.5789,0.8608,0.7305,0.9595,0.9842,0.889,0.9771,0.815,0.7763,0.9383,1.1568,1.0229,0.7023,0.7763,0.808,0.5331,0.8714,0.7833,0.4556,0.6529,0.6846,0.6283,0.6001,0.7798,0.7551,0.5648,3.209,0.9053,0.8326,0.8608,0.5966,0.7586,0.8749,0.7657,0.9419,0.8221
12/5/2022,46.968,0.9071,1.0006,1.211,1.6513,1.9085,1.515,0.8915,1.3045,1.3474,1.3747,1.4097,0.9538,0.7356,0.6616,0.7434,0.6304,1.0434,0.7356,0.7395,0.8564,0.985,0.9694,1.0707,0.8915,0.5447,0.8681,0.9071,0.6927,1.3942,0.8213,0.681,0.568,0.72,0.5563,0.4862,0.6655,1.098,0.7551,2.5873,0.7543,0.6304,1.0396,0.8525,0.8447,1.024,1.1876,1.0201,0.7317
12/4/2022,45.5081,1.0594,0.703,0.8193,1.1606,1.4457,1.727,1.2769,1.2994,0.7443,0.8306,1.1044,0.8793,0.7293,0.613,0.9881,0.9956,0.6768,0.7555,1.0293,1.0819,0.778,0.6168,0.6918,1.1344,0.8606,0.6618,0.6955,0.6543,0.9956,0.7293,0.7293,0.628,0.5117,0.4705,0.7405,0.7068,0.9581,0.8531,4.223,1.1514,0.6655,1.2019,0.748,0.6655,1.0143,0.9206,0.8681,0.7143
12/3/2022,65.4632,1.7469,1.2585,1.4424,1.9021,2.8904,1.6262,2.3158,2.5744,0.9884,2.0917,1.0056,1.7297,0.9941,1.2987,0.9309,0.9194,1.5573,1.4998,1.4136,1.2642,1.3734,1.3389,1.201,0.8045,1.3389,1.0918,1.3676,0.9769,2.0687,1.3159,0.8505,1.0803,0.8562,0.9597,0.7758,1.1033,1.5573,1.1378,2.8115,0.8088,0.885,1.8101,0.8907,0.9367,1.1263,1.2182,1.4136,0.9137
12/2/2022,57.1076,0.8787,1.0457,0.7609,1.8314,1.6792,1.7283,1.5662,1.4533,0.9131,1.3551,2.0377,1.1194,0.918,0.9278,1.0408,1.2078,1.0261,0.8836,0.9622,1.1636,0.7314,0.7363,1.0948,0.8738,0.6577,1.2028,0.697,0.8689,1.0653,1.0604,0.8051,0.7707,0.9229,0.9033,0.9229,0.9082,1.2814,1.2274,6.0544,1.596,0.8247,1.0162,0.972,1.193,0.9671,0.9966,1.1145,1.1439
12/1/2022,67.6531,1.5208,1.2524,1.3836,1.6222,2.6542,1.9622,2.684,1.5447,1.2583,0.9541,2.0159,1.7177,1.1509,1.139,1.1867,1.4492,0.9004,1.6162,1.3538,1.6103,1.4134,1.0316,1.2345,1.2643,1.0078,1.0794,0.7811,0.8467,1.6162,1.0674,0.632,0.9183,0.8348,0.6379,0.9183,1.1509,1.479,0.9601,6.1955,1.6303,0.9123,1.6819,1.6401,1.0018,1.5506,0.9123,1.2046,1.0734
11/30/2022,51.1051,1.0934,0.8779,1.102,1.7055,1.8133,1.1236,1.2615,1.8435,0.8176,1.4598,1.74,0.9253,1.0417,1.0374,0.6839,1.1495,0.7529,1.1624,0.8348,1.0805,1.1064,0.5934,0.6839,1.1279,1.0503,0.7313,0.8477,0.6236,0.9857,1.046,0.6624,0.7529,0.7313,0.5072,0.5417,0.7443,1.1753,1.1279,3.4721,0.9691,1.3219,0.9814,1.0719,0.8046,1.1279,0.865,1.1538,0.7917
11/29/2022,42.8309,0.7379,0.7623,0.7414,1.1524,1.3231,0.8563,1.3335,1.2186,0.9643,1.236,1.1385,0.8981,0.7065,0.8354,0.9608,0.6752,0.6682,0.6578,0.6647,0.7658,0.6055,0.7762,0.8424,0.8424,0.825,0.8912,1.3265,0.6021,1.2499,0.8145,0.6404,0.5846,0.501,0.7135,0.5185,0.6195,1.0409,0.9469,2.7171,0.7858,1.1176,0.8563,0.7971,0.6856,0.9329,0.7274,0.7274,0.8459
11/28/2022,46.0759,0.8216,0.753,1.1833,1.0729,1.248,1.0767,1.6821,1.4574,1.1109,1.3127,1.1833,0.9396,0.7797,0.6045,0.6122,0.8292,1.0043,0.7454,0.8482,0.7645,0.6007,0.6007,0.715,1.149,0.9168,0.715,1.2899,0.6502,0.9701,0.6959,0.4522,0.7911,0.4941,0.5779,0.5817,0.7226,0.8063,1.0234,3.978,1.092,1.1643,1.1681,0.9815,0.6959,1.0767,0.6655,0.8292,0.6426
11/27/2022,62.7865,1.4377,1.5089,1.2514,2.3417,2.3417,1.5473,1.8431,1.372,1.7938,1.9527,1.487,0.8405,1.2021,1.2186,1.0378,1.1309,0.9337,1.2131,1.3994,1.3117,1.235,0.9063,1.1693,0.8022,1.3007,1.2624,0.8077,0.9118,1.9637,0.9939,1.0104,0.6707,0.5995,0.8077,0.6597,0.9556,0.9611,1.2131,4.3546,1.1834,1.6349,1.3501,1.3062,1.2734,1.3884,0.9337,1.1528,0.8131
11/26/2022,41.9387,1.0016,0.6622,0.6011,1.5412,1.867,1.5649,1.1814,1.2968,1.2052,0.9371,0.8624,0.8454,0.5909,0.73,0.8353,0.8522,0.8963,0.6079,0.8997,0.6452,0.7911,0.9473,1.0728,0.9982,0.5807,0.8692,1.0796,0.5366,0.876,0.8319,0.5128,0.54,0.5637,0.428,0.4925,0.6079,0.5977,0.859,2.1957,0.6593,0.9337,1.1509,0.7199,0.7504,0.669,0.6791,0.8115,0.5604
11/25/2022,36.3413,0.9517,0.7505,0.5946,0.9319,1.3287,0.81,1.1416,0.7363,1.1076,0.657,0.708,0.5719,0.5124,0.6541,0.5436,0.6796,0.7505,0.5379,0.8327,0.7675,0.7052,0.691,0.5153,0.5096,0.5776,0.5805,0.9886,0.5379,0.8015,0.7278,0.3962,0.4614,0.3849,0.4699,0.5209,0.5578,0.657,0.5408,3.7448,1.0353,0.5068,0.776,0.7193,0.8072,0.7307,0.5124,0.7392,0.5776
11/24/2022,40.0729,0.7825,1.0455,0.8338,1.2732,1.6388,0.8081,1.4047,1.4303,0.59,0.6029,0.59,0.9236,0.744,0.7087,0.8242,0.93,0.9108,0.837,0.93,0.6317,0.683,0.8113,1.0006,0.8498,0.6959,0.6221,0.6125,0.5868,0.7985,0.7857,0.4585,0.4457,0.5387,0.5997,0.4425,0.683,0.5419,0.6862,3.1191,0.8834,0.5291,0.6638,0.5772,0.8915,0.6285,1.0294,0.7472,0.7215
11/23/2022,34.5569,0.5332,0.658,0.7934,1.128,1.375,1.0404,0.7881,1.2688,0.6553,0.6102,0.9607,0.6659,0.6341,0.5278,0.7429,0.6234,0.5783,0.7775,0.7748,0.5411,0.7456,0.7562,0.8545,0.7509,0.419,0.5624,0.7429,0.5438,0.6819,0.6473,0.5438,0.4057,0.5172,0.5783,0.411,0.5438,0.5385,0.6845,2.5878,0.7544,0.6819,0.5119,0.7244,0.6049,0.5491,0.5942,0.5119,0.4322
11/22/2022,52.8088,1.2466,1.2242,1.0315,1.2734,2.192,1.3899,1.9321,1.9232,1.372,1.1838,1.0808,0.9329,0.9239,1.0001,0.9195,1.0852,0.7716,1.1256,0.9105,1.018,1.0091,0.915,1.1301,0.8478,0.5655,1.1525,1.3317,0.7178,1.1793,1.0001,0.6685,0.5207,0.6551,0.6954,0.8074,0.9239,0.7895,0.6775,3.8732,1.0665,0.7089,0.8836,0.915,0.9732,1.2017,0.7223,1.2062,1.1345
11/21/2022,46.7247,1.2355,1.0844,0.7243,1.3981,1.5685,1.0341,1.1967,0.9528,0.9489,1.2974,1.3516,1.1503,0.6546,0.856,0.6817,1.0147,0.6585,1.0844,0.9838,0.9838,0.7746,1.1077,0.8831,0.7204,0.6585,0.9838,0.8676,0.7166,0.9992,0.9605,0.4261,0.5926,0.6236,0.7746,0.4881,0.6585,1.0225,0.8753,4.071,1.1145,0.7204,1.2703,0.7437,0.7011,0.8831,0.6004,0.856,0.7708
11/20/2022,32.8529,0.614,0.701,0.6985,0.9247,1.0191,0.9495,0.6836,0.8178,0.5569,0.7507,1.0589,0.8228,0.4748,0.5221,0.6016,0.6513,0.5469,0.7134,0.7631,0.6538,0.4649,0.5022,0.8427,0.7681,0.5146,0.5817,0.4947,0.5072,0.7457,0.5941,0.4475,0.5569,0.5146,0.3779,0.5146,0.5146,0.45,0.4326,2.8844,0.8265,0.711,0.6115,0.5991,0.4003,0.701,0.711,0.4624,0.5966
11/19/2022,19.0628,0.3193,0.4056,0.3083,0.5738,0.4443,0.4598,0.43,0.4941,0.472,0.43,0.5052,0.305,0.3713,0.316,0.4189,0.3901,0.4067,0.3127,0.3437,0.3359,0.3359,0.3957,0.3426,0.3481,0.3381,0.378,0.4278,0.3094,0.4167,0.3547,0.3127,0.2861,0.2895,0.3249,0.3381,0.357,0.3038,0.389,1.404,0.4671,0.3448,0.462,0.3337,0.3359,0.337,0.368,0.357,0.3625
11/18/2022,33.4211,0.8378,0.6903,0.7183,0.7819,1.0335,0.7107,1.0589,0.7514,0.8861,1.0157,0.9929,0.6598,0.5124,0.4666,0.6446,0.7463,0.4997,0.6293,0.5276,0.5785,0.6776,0.5251,0.4819,0.431,0.5149,0.4616,0.5887,0.4819,0.909,0.642,0.5531,0.5378,0.426,0.4692,0.5378,0.5556,0.6115,0.6141,3.2738,0.921,0.5073,0.4946,0.4488,0.6878,0.7717,0.487,0.5124,0.5556
11/17/2022,33.3399,0.8584,0.5113,0.6583,0.9421,1.2309,0.7748,0.5822,0.8179,0.4682,0.828,0.7013,0.6279,0.5417,0.567,0.4936,0.4707,0.5214,0.6228,0.7241,0.7394,0.5721,0.5468,0.8483,0.8154,0.6355,0.6633,0.7267,0.5062,1.0358,0.5645,0.5645,0.4682,0.567,0.4454,0.4885,0.5721,0.6735,0.7343,2.4789,0.728,0.7824,0.5316,0.5037,0.5873,0.7191,0.6,0.7419,0.5569
11/16/2022,26.8507,0.6587,0.5663,0.4475,0.8208,0.949,0.7868,0.538,0.9094,0.5097,0.6907,0.472,0.44,0.5324,0.5569,0.5946,0.5663,0.5456,0.5211,0.4966,0.538,0.5041,0.3797,0.506,0.4042,0.3665,0.5569,0.5248,0.3797,0.5135,0.4211,0.3401,0.4042,0.423,0.3891,0.3891,0.4664,0.4211,0.587,1.9914,0.6097,0.6247,0.3759,0.6191,0.5833,0.5701,0.3816,0.5512,0.4268
11/15/2022,37.3147,0.8585,0.7002,0.9699,0.8116,1.4301,0.753,0.7002,1.3275,0.7793,1.1399,1.2953,0.6738,0.6826,0.6767,0.8233,0.8644,0.58,0.7442,0.7852,0.6093,0.6943,0.8468,0.8702,0.9464,0.6973,0.7471,1.0549,0.5507,0.8028,0.5947,0.4158,0.5947,0.5419,0.5097,0.5067,0.665,0.6826,0.5126,2.2377,0.6695,0.621,0.5009,0.5624,0.4745,0.8145,0.5741,0.624,0.7969
11/14/2022,45.1024,1.1907,1.0571,0.7455,1.3502,1.9364,0.8902,1.5246,1.3317,1.2946,1.2315,0.738,1.0274,0.8605,0.8234,0.6898,0.649,0.6564,1.0757,0.8902,0.9792,0.7047,0.7566,0.8531,0.9013,0.5377,0.8865,0.5971,0.5785,1.2612,0.6601,0.5562,0.4709,0.7009,0.5006,0.5414,0.7603,0.9607,0.9607,3.2715,0.9204,1.0868,0.7306,0.6824,0.9978,1.0608,0.8456,0.6861,0.6898
11/13/2022,21.6587,0.3565,0.4125,0.5204,0.7239,0.6447,0.4562,0.6188,0.4166,0.362,0.6188,0.6625,0.489,0.3975,0.3442,0.418,0.3524,0.4685,0.3401,0.4098,0.3661,0.4562,0.4262,0.545,0.4836,0.3634,0.4316,0.4999,0.3401,0.3647,0.459,0.3797,0.291,0.3128,0.3046,0.2814,0.3429,0.4781,0.3593,1.5438,0.501,0.4521,0.2951,0.4303,0.4303,0.362,0.3497,0.4508,0.3456
11/12/2022,16.9543,0.2858,0.3252,0.2902,0.5015,0.3699,0.3968,0.3905,0.4532,0.4872,0.3144,0.3395,0.3162,0.3072,0.3216,0.3672,0.3547,0.3144,0.301,0.2965,0.3583,0.2813,0.2643,0.3377,0.3834,0.3099,0.3332,0.4469,0.2643,0.3252,0.3046,0.2643,0.2831,0.2813,0.2428,0.3019,0.3207,0.3243,0.3672,1.1588,0.4075,0.3081,0.3798,0.3314,0.2634,0.378,0.3457,0.3135,0.3404
11/11/2022,30.4199,0.6285,0.6689,0.7742,0.9155,0.6554,1.0814,1.0702,0.8729,0.6308,0.5209,0.6442,0.6464,0.4716,0.4873,0.5837,0.6285,0.4357,0.6801,0.6106,0.6263,0.5074,0.624,0.5568,0.5433,0.4335,0.4626,0.7742,0.4357,0.7855,0.5209,0.4783,0.4962,0.5074,0.364,0.3819,0.5052,0.4178,0.6689,2.1926,0.6585,0.5411,0.6935,0.698,0.4873,0.485,0.5276,0.5411,0.4985
11/10/2022,27.3372,0.6849,0.5418,0.4258,0.8183,0.6076,0.6114,0.5727,0.5205,0.5109,0.712,0.8589,0.5302,0.5534,0.5418,0.5766,0.5128,0.5225,0.6172,0.5051,0.4529,0.4935,0.5302,0.6056,0.6462,0.5476,0.4625,0.4355,0.3832,0.6018,0.4316,0.36,0.3098,0.3059,0.4374,0.4451,0.4548,0.4703,0.5573,2.0292,0.6188,0.6694,0.7139,0.4529,0.5051,0.5263,0.5515,0.5089,0.6056
11/9/2022,23.5244,0.575,0.4554,0.4585,0.6526,0.6029,0.7954,0.8404,0.7488,0.398,0.5346,0.516,0.37,0.4104,0.4104,0.4973,0.5175,0.5098,0.5563,0.5004,0.4057,0.4772,0.4741,0.488,0.4725,0.3576,0.4399,0.6169,0.353,0.4415,0.4756,0.3219,0.4135,0.3933,0.3499,0.3514,0.3794,0.3762,0.5144,1.0111,0.3717,0.3949,0.5936,0.4632,0.5237,0.4616,0.3933,0.443,0.4166
11/8/2022,25.9581,0.5815,0.5151,0.6479,0.5797,0.6192,0.6928,0.6408,0.5869,0.6767,0.4289,0.5635,0.4773,0.4019,0.5007,0.5635,0.4504,0.3983,0.5294,0.5133,0.5115,0.4235,0.5725,0.4827,0.6372,0.3893,0.4235,0.5025,0.4055,0.3947,0.5204,0.4486,0.3319,0.3014,0.3462,0.3858,0.4127,0.6192,0.4558,2.1536,0.649,0.6461,0.6372,0.4468,0.4522,0.4917,0.5869,0.472,0.4899
11/7/2022,19.3065,0.4222,0.4188,0.4708,0.4731,0.5567,0.6404,0.637,0.3951,0.5466,0.4233,0.3374,0.4369,0.3136,0.2899,0.4245,0.3114,0.3623,0.3329,0.4131,0.3736,0.4211,0.3487,0.3317,0.3657,0.3091,0.2933,0.2831,0.2876,0.4595,0.3385,0.343,0.3001,0.2978,0.3114,0.2922,0.3329,0.3306,0.2854,1.3521,0.4545,0.3351,0.4245,0.3057,0.3883,0.3476,0.4256,0.4086,0.3532
11/6/2022,30.7444,0.4487,0.7444,0.6466,1.1015,1.2698,0.617,1.1287,0.6625,0.6147,0.7421,0.4919,0.4737,0.5965,0.4214,0.6761,0.4692,0.617,0.5806,0.6648,0.683,0.5397,0.4578,0.5238,0.6852,0.4555,0.6648,0.501,0.435,0.7739,0.5874,0.426,0.5397,0.5215,0.4578,0.4441,0.5078,0.683,0.4874,2.2548,0.6736,0.4487,0.3941,0.5852,0.5874,0.6125,0.592,0.6216,0.6329
11/5/2022,42.2632,1.0883,0.6977,0.8862,1.2357,1.6194,0.9547,1.4378,0.8005,1.0164,1.2631,0.6292,1.013,0.8074,0.5778,0.571,0.6498,0.8279,0.8451,0.7115,0.9684,0.9068,0.7012,0.6498,0.5367,0.5264,0.8177,0.7526,0.5162,0.6429,0.6498,0.5333,0.4613,0.4887,0.4511,0.6018,0.7012,0.9307,0.5915,4.5117,1.2215,0.7594,0.9376,0.8999,0.5093,0.7115,1.0918,0.8142,0.7457
11/4/2022,30.1763,0.7477,0.5348,0.5858,0.6967,1.2799,1.0094,0.761,0.9007,0.7743,0.7277,0.5836,0.639,0.6257,0.639,0.6257,0.69,0.7033,0.4439,0.6235,0.5636,0.4638,0.6723,0.5503,0.7255,0.506,0.5769,0.7477,0.4173,0.7144,0.537,0.4328,0.4993,0.4417,0.4173,0.3707,0.5459,0.4483,0.5703,1.4871,0.4872,0.6368,0.741,0.6324,0.3973,0.6612,0.4283,0.5193,0.3929
11/3/2022,28.5538,0.662,0.549,0.7298,0.9991,0.6456,0.8429,0.5716,0.625,0.5017,0.5264,0.7257,0.551,0.4996,0.5551,0.586,0.6353,0.4236,0.6394,0.6127,0.6209,0.4873,0.4441,0.6887,0.4996,0.5223,0.403,0.3907,0.438,0.4688,0.5202,0.5017,0.5099,0.44,0.3517,0.4174,0.4811,0.6332,0.4709,2.1116,0.6389,0.697,0.475,0.5181,0.662,0.4585,0.697,0.5572,0.5675
11/2/2022,27.5804,0.6797,0.6738,0.5211,0.6092,0.7932,0.8677,0.7776,0.7893,0.4486,0.478,0.9107,0.5367,0.5132,0.5191,0.6092,0.4525,0.6111,0.5818,0.6053,0.4643,0.3977,0.5035,0.5387,0.6895,0.4858,0.5465,0.7502,0.4349,0.8285,0.57,0.3918,0.4839,0.431,0.3625,0.3448,0.4369,0.6425,0.617,1.1939,0.4161,0.384,0.4623,0.6092,0.4388,0.4741,0.4839,0.6033,0.617
11/1/2022,17.7648,0.2936,0.4333,0.2956,0.4186,0.653,0.3922,0.3961,0.4127,0.3981,0.3678,0.3327,0.36,0.3649,0.3571,0.2936,0.3864,0.3522,0.3854,0.3922,0.3327,0.3629,0.2624,0.3268,0.3229,0.2721,0.2848,0.4352,0.2975,0.3883,0.3327,0.2301,0.2653,0.2936,0.3024,0.2594,0.3131,0.3053,0.2751,1.4624,0.4812,0.3903,0.3122,0.3629,0.359,0.3571,0.3024,0.2995,0.2897
10/31/2022,7.3816,0.1499,0.1575,0.1588,0.1464,0.1492,0.1436,0.1455,0.1536,0.1471,0.1465,0.1472,0.1593,0.1595,0.1574,0.1586,0.1516,0.1524,0.1571,0.1534,0.1573,0.1558,0.1533,0.151,0.1586,0.1561,0.1536,0.1568,0.1582,0.156,0.1555,0.1573,0.1609,0.157,0.1597,0.1592,0.1584,0.159,0.1574,0.1134,0.1537,0.1558,0.1518,0.1517,0.1526,0.1533,0.1594,0.1592,0.155
10/30/2022,7.9495,0.1656,0.1659,0.1661,0.165,0.1649,0.1651,0.1658,0.1651,0.1655,0.1656,0.1654,0.1659,0.1658,0.166,0.1656,0.1654,0.1658,0.1657,0.1659,0.1658,0.1659,0.1661,0.1657,0.1654,0.1659,0.1656,0.1651,0.1662,0.1658,0.1659,0.1662,0.1659,0.1659,0.1663,0.1661,0.166,0.166,0.1661,0.1605,0.1652,0.166,0.1656,0.1655,0.1656,0.1656,0.1658,0.166,0.1657
10/29/2022,22.6321,0.5486,0.4432,0.512,0.5456,0.7315,0.5193,0.79,0.5559,0.6451,0.4096,0.5178,0.5793,0.4257,0.3979,0.4622,0.4988,0.3393,0.3715,0.3788,0.4154,0.4827,0.3905,0.3774,0.4374,0.4491,0.4198,0.4681,0.351,0.5061,0.3598,0.3583,0.351,0.2823,0.3657,0.3276,0.3788,0.4491,0.4154,1.2805,0.4371,0.4271,0.5413,0.4988,0.3145,0.3744,0.5573,0.4403,0.5032
10/28/2022,28.7977,0.5577,0.4973,0.4599,0.8592,0.853,0.6658,0.7365,0.7428,0.8863,0.6658,0.8051,0.541,0.4412,0.5993,0.6346,0.5181,0.5452,0.5972,0.6097,0.4953,0.5764,0.3767,0.6367,0.5743,0.5722,0.4807,0.4038,0.4017,0.853,0.5764,0.4017,0.4745,0.4703,0.4308,0.4329,0.5057,0.4849,0.4495,2.0409,0.6217,0.6616,0.7636,0.6596,0.489,0.5036,0.4079,0.462,0.3746
10/27/2022,28.1485,0.4709,0.5797,0.4326,0.7288,0.7751,0.6865,0.6905,0.8134,0.7349,0.5737,0.4729,0.487,0.4125,0.5455,0.6099,0.5515,0.4931,0.4306,0.4931,0.5052,0.5596,0.5052,0.6784,0.6885,0.5475,0.5314,0.5354,0.3863,0.7973,0.4911,0.3621,0.4689,0.3158,0.4004,0.4528,0.4628,0.5797,0.4971,2.5904,0.7551,0.6039,0.3943,0.3621,0.5394,0.5757,0.4407,0.5837,0.5555
10/26/2022,28.9597,0.5754,0.6697,0.5921,1.0344,1.2021,1.0323,0.7682,0.9485,0.5167,0.6928,0.5796,0.5754,0.5838,0.4182,0.5104,0.4496,0.6487,0.5146,0.5628,0.5377,0.523,0.655,0.6571,0.6823,0.3972,0.5104,0.6613,0.4266,0.7996,0.6047,0.4475,0.4245,0.3721,0.4329,0.3469,0.4412,0.3972,0.5796,1.4619,0.4811,0.4454,0.6173,0.5083,0.4622,0.5356,0.5418,0.6047,0.5293
10/25/2022,30.6633,0.6494,0.6086,0.5247,0.7536,1.0007,0.6335,1.046,1.0664,0.9236,0.6585,0.8556,0.5995,0.4704,0.5678,0.4749,0.5293,0.5293,0.6698,0.5338,0.7196,0.45,0.6857,0.7174,0.6471,0.3752,0.5995,0.6449,0.4636,0.8352,0.5361,0.5111,0.3298,0.4114,0.4069,0.5066,0.5021,0.6811,0.6018,1.5581,0.5045,0.6517,0.6313,0.4749,0.7015,0.5791,0.6517,0.7015,0.4885
10/24/2022,26.0393,0.4084,0.4553,0.5942,0.7042,0.5635,0.8341,0.9351,0.7115,0.8071,0.7403,0.7475,0.5148,0.5058,0.43,0.4355,0.5094,0.5437,0.394,0.4914,0.4607,0.5671,0.5473,0.5996,0.5455,0.3471,0.3651,0.3471,0.3813,0.6826,0.4824,0.4373,0.3813,0.3579,0.3795,0.4138,0.4589,0.4102,0.3669,1.6734,0.5325,0.5996,0.3813,0.5744,0.3579,0.6158,0.6176,0.4499,0.3795
10/23/2022,20.1985,0.4253,0.3472,0.4094,0.5741,0.7205,0.4058,0.5058,0.6741,0.3765,0.3875,0.5314,0.4216,0.324,0.3033,0.4204,0.3204,0.3594,0.3704,0.3814,0.4094,0.4045,0.3862,0.3972,0.3692,0.3057,0.3094,0.4509,0.3167,0.5741,0.3704,0.3655,0.3423,0.3484,0.3301,0.2728,0.3557,0.3326,0.4411,1.0432,0.3795,0.4985,0.3948,0.3057,0.3984,0.4594,0.4985,0.4338,0.446
10/22/2022,12.5737,0.2536,0.2888,0.244,0.3281,0.3734,0.3139,0.276,0.3391,0.3176,0.3167,0.2449,0.2769,0.2586,0.2247,0.2435,0.2778,0.2664,0.2709,0.2426,0.243,0.2696,0.2568,0.2215,0.233,0.2165,0.2664,0.2238,0.2193,0.3034,0.2581,0.2087,0.2051,0.2234,0.2211,0.2307,0.2339,0.243,0.2371,0.4188,0.2279,0.2243,0.2952,0.2225,0.2632,0.2293,0.2869,0.2746,0.2591
10/21/2022,14.3582,0.3307,0.2773,0.2754,0.4293,0.428,0.3835,0.3879,0.2913,0.2627,0.2773,0.3377,0.29,0.2811,0.2372,0.2487,0.2976,0.2493,0.2837,0.2926,0.2957,0.2385,0.2347,0.3224,0.2398,0.243,0.3002,0.2519,0.2538,0.3256,0.2614,0.2678,0.2277,0.2595,0.2207,0.2468,0.2703,0.2659,0.2468,0.8307,0.3279,0.2824,0.3447,0.2932,0.3224,0.262,0.3237,0.2913,0.2461
10/20/2022,26.1203,0.4783,0.5544,0.3877,0.8045,1.0509,0.7701,0.5001,0.8842,0.5798,0.6106,0.5091,0.4838,0.5418,0.453,0.5454,0.5128,0.4385,0.5091,0.5726,0.5019,0.4928,0.4185,0.636,0.4204,0.3714,0.4421,0.4276,0.4059,0.578,0.5472,0.3207,0.4022,0.3769,0.404,0.4113,0.4167,0.5544,0.3606,1.8711,0.5805,0.6124,0.5055,0.4928,0.4512,0.5961,0.4783,0.4657,0.3914
10/19/2022,25.0661,0.4568,0.4721,0.5677,0.5831,0.578,0.5506,0.5882,0.5148,0.6582,0.7042,0.7657,0.6479,0.4312,0.45,0.4841,0.566,0.5455,0.4244,0.5148,0.467,0.5097,0.3595,0.4551,0.578,0.3493,0.4721,0.4039,0.3595,0.4022,0.5029,0.3373,0.3288,0.3459,0.3442,0.3578,0.3885,0.4056,0.4568,2.0878,0.6331,0.5387,0.6513,0.525,0.4995,0.38,0.3988,0.5319,0.4926
10/18/2022,22.7135,0.3521,0.4433,0.3344,0.7449,0.7228,0.5404,0.5889,0.6169,0.5963,0.5389,0.4359,0.4477,0.4271,0.3771,0.4094,0.3668,0.5036,0.3991,0.38,0.383,0.4447,0.4874,0.4565,0.3888,0.3094,0.3844,0.5728,0.3727,0.6257,0.4624,0.28,0.3815,0.3388,0.3609,0.2932,0.3697,0.3668,0.4242,1.5424,0.5007,0.4374,0.5154,0.4859,0.4006,0.4977,0.5654,0.3756,0.4639
10/17/2022,16.4675,0.2861,0.2988,0.3707,0.4537,0.386,0.3572,0.3572,0.3724,0.3428,0.3589,0.3572,0.3546,0.2793,0.27,0.303,0.2979,0.2784,0.3555,0.3563,0.3504,0.3538,0.3623,0.3402,0.2666,0.2454,0.3047,0.2784,0.2547,0.2996,0.3072,0.248,0.2581,0.242,0.2412,0.2403,0.2835,0.325,0.3259,1.4598,0.4806,0.2928,0.4004,0.2954,0.3335,0.2954,0.3318,0.3259,0.2886
10/16/2022,21.9831,0.4967,0.4925,0.4645,0.6743,0.7358,0.5736,0.6449,0.4282,0.4407,0.4715,0.6155,0.5526,0.3722,0.4379,0.3401,0.3666,0.3834,0.396,0.4491,0.5093,0.4575,0.4421,0.4156,0.3722,0.3736,0.431,0.5344,0.361,0.368,0.4617,0.3387,0.2883,0.2687,0.3526,0.3638,0.3764,0.368,0.3666,1.3942,0.4647,0.4967,0.3582,0.4268,0.3736,0.3918,0.4282,0.4337,0.4296
10/15/2022,19.3875,0.4627,0.4434,0.3705,0.5755,0.5072,0.465,0.4354,0.5368,0.3181,0.3625,0.6131,0.3705,0.4024,0.358,0.391,0.3785,0.3215,0.3079,0.3921,0.3956,0.383,0.4309,0.3489,0.3557,0.2714,0.3056,0.3341,0.2931,0.4923,0.4069,0.3124,0.2726,0.2828,0.2908,0.3101,0.3455,0.2942,0.3921,1.2497,0.4296,0.3227,0.4525,0.3705,0.4411,0.4058,0.4536,0.3819,0.35
10/14/2022,16.2239,0.3813,0.3764,0.3821,0.3624,0.5705,0.5014,0.378,0.3542,0.2941,0.2711,0.4561,0.332,0.3328,0.2695,0.2654,0.3632,0.3279,0.3303,0.2859,0.3402,0.2867,0.2958,0.3747,0.383,0.3246,0.3015,0.3459,0.2711,0.3542,0.3098,0.2308,0.2711,0.2571,0.2382,0.281,0.2982,0.3131,0.267,0.6729,0.2896,0.3714,0.3163,0.3385,0.3435,0.281,0.3443,0.3336,0.3542
10/13/2022,20.523,0.4071,0.3983,0.4297,0.5361,0.6137,0.4948,0.4184,0.6025,0.3144,0.4572,0.6513,0.4484,0.3057,0.3746,0.3357,0.3808,0.3144,0.4059,0.4572,0.3495,0.332,0.4234,0.4722,0.2906,0.367,0.4422,0.3382,0.3032,0.3457,0.352,0.322,0.3107,0.3144,0.2794,0.3508,0.3733,0.332,0.3457,1.8515,0.5757,0.4635,0.3382,0.327,0.4309,0.4046,0.372,0.4459,0.3232
10/12/2022,16.4676,0.3513,0.3301,0.2827,0.4766,0.3707,0.3682,0.3631,0.4173,0.2581,0.3259,0.4613,0.2852,0.2649,0.3174,0.2784,0.3131,0.2827,0.3284,0.3225,0.2996,0.27,0.3131,0.3699,0.3089,0.3411,0.3369,0.3047,0.2607,0.314,0.2877,0.2666,0.2827,0.2505,0.2496,0.2945,0.3115,0.2937,0.3428,1.4053,0.4674,0.3106,0.2979,0.2598,0.2717,0.3242,0.3894,0.3174,0.3275
10/11/2022,20.8475,0.3504,0.4969,0.4185,0.6664,0.6806,0.5392,0.5444,0.678,0.3517,0.4557,0.6446,0.4403,0.3671,0.3722,0.3581,0.3234,0.3363,0.3388,0.3979,0.3735,0.4519,0.2913,0.3979,0.3876,0.308,0.4262,0.5855,0.3106,0.502,0.3748,0.2733,0.3684,0.3555,0.3196,0.3568,0.3478,0.344,0.3889,1.4579,0.4801,0.3388,0.3131,0.4146,0.4146,0.4005,0.4262,0.3375,0.3401
10/10/2022,17.6025,0.3779,0.4,0.4259,0.4327,0.641,0.4067,0.5642,0.5431,0.3001,0.4384,0.3837,0.3664,0.3232,0.303,0.3251,0.2896,0.377,0.3616,0.3654,0.3049,0.3818,0.2733,0.2963,0.3069,0.3645,0.3558,0.3779,0.2819,0.3357,0.2934,0.3155,0.2752,0.3194,0.2713,0.2905,0.2925,0.3482,0.3328,1.0027,0.3696,0.3558,0.377,0.2781,0.2934,0.303,0.3405,0.3539,0.2857
10/9/2022,16.7102,0.3182,0.286,0.3583,0.4088,0.428,0.3661,0.3478,0.4445,0.4201,0.3461,0.4471,0.3975,0.3322,0.3147,0.3026,0.2747,0.3435,0.3095,0.3574,0.3775,0.3539,0.2616,0.3661,0.3688,0.286,0.2834,0.3644,0.2555,0.4323,0.2816,0.2729,0.2599,0.2816,0.2668,0.239,0.2825,0.3496,0.259,0.9531,0.3576,0.3252,0.3879,0.3252,0.3156,0.3165,0.3853,0.3618,0.3365
10/8/2022,33.2588,0.6718,0.6693,0.836,1.0583,1.4523,0.9699,0.8537,0.6693,0.6718,0.8386,0.7047,0.8487,0.447,0.6491,0.5203,0.5733,0.5986,0.6314,0.6491,0.7805,0.6036,0.7779,0.4647,0.7501,0.4748,0.6441,0.8436,0.4395,0.7805,0.5203,0.5658,0.4016,0.3965,0.4723,0.5228,0.5683,0.4925,0.7527,2.2012,0.6606,0.831,0.4824,0.4521,0.5506,0.5582,0.7097,0.5102,0.7375
10/7/2022,17.603,0.4106,0.376,0.3011,0.4327,0.5873,0.5565,0.5095,0.4548,0.4471,0.3501,0.3194,0.3952,0.3491,0.3203,0.3021,0.3731,0.3539,0.3309,0.3981,0.3222,0.2925,0.3952,0.3866,0.3011,0.2752,0.2829,0.4442,0.2713,0.4202,0.3347,0.256,0.2425,0.2973,0.2637,0.2579,0.2992,0.3606,0.3539,0.9479,0.3563,0.304,0.3779,0.2867,0.2809,0.3347,0.4307,0.3347,0.3242
10/6/2022,20.7663,0.3339,0.4182,0.362,0.528,0.8101,0.6569,0.5446,0.4207,0.5254,0.5509,0.616,0.3824,0.3275,0.3645,0.445,0.3492,0.4641,0.4577,0.4552,0.4565,0.3863,0.422,0.4603,0.348,0.2943,0.4309,0.4105,0.3467,0.3403,0.436,0.3633,0.3262,0.3058,0.3531,0.3339,0.3671,0.3607,0.3365,1.2473,0.429,0.3084,0.3237,0.4399,0.376,0.3262,0.436,0.3288,0.4603
10/5/2022,31.5555,0.5765,0.7414,0.56,1.0194,1.2431,0.8215,0.8639,1.1395,0.4305,0.9746,0.9511,0.7179,0.4399,0.4964,0.6519,0.5812,0.5836,0.6496,0.6637,0.6896,0.6543,0.6755,0.6236,0.5224,0.5671,0.6519,0.4847,0.4847,0.8097,0.666,0.3504,0.3504,0.3504,0.4116,0.4234,0.4847,0.52,0.7273,1.175,0.4115,0.8003,0.5577,0.7061,0.6967,0.5318,0.7768,0.7014,0.6448
10/4/2022,17.8465,0.2878,0.3193,0.2976,0.3872,0.5339,0.4168,0.5733,0.4808,0.4,0.4394,0.5221,0.3193,0.3528,0.3803,0.3764,0.335,0.3862,0.3764,0.3183,0.3272,0.3085,0.3646,0.3035,0.404,0.3272,0.3685,0.276,0.2848,0.3587,0.3764,0.3006,0.2878,0.3124,0.2829,0.3055,0.3429,0.2976,0.404,1.0112,0.3717,0.2927,0.4148,0.271,0.3971,0.3695,0.3725,0.3291,0.2809
10/3/2022,18.576,0.3243,0.4385,0.4427,0.5612,0.5273,0.4448,0.4596,0.5813,0.4247,0.5315,0.484,0.3835,0.3539,0.3687,0.2957,0.3676,0.3602,0.3898,0.3274,0.3327,0.3052,0.4004,0.3549,0.2978,0.3856,0.3031,0.3898,0.2978,0.3412,0.3264,0.2682,0.2703,0.2978,0.2502,0.283,0.3369,0.3993,0.3666,0.913,0.3479,0.3877,0.4723,0.3845,0.2703,0.4078,0.4099,0.3644,0.3443
10/2/2022,19.1442,0.394,0.3327,0.3985,0.462,0.5289,0.6057,0.5623,0.4442,0.472,0.3249,0.3806,0.3918,0.3684,0.3216,0.3762,0.3182,0.3049,0.4442,0.4386,0.4397,0.3851,0.3806,0.4676,0.3895,0.3795,0.3171,0.316,0.306,0.5378,0.3795,0.3338,0.2636,0.2714,0.3093,0.2647,0.3439,0.3851,0.4152,1.023,0.3746,0.4698,0.3483,0.3171,0.3739,0.3294,0.4219,0.3427,0.3884
10/1/2022,47.1303,1.2154,1.1214,1.0823,1.2388,2.0801,1.7475,1.0667,0.9923,0.9845,1.188,0.7614,0.7067,0.918,0.6049,0.9297,0.7654,0.9532,0.9806,0.9375,0.7771,0.6832,0.7967,0.6793,1.1019,0.6245,0.7301,0.8201,0.6636,1.4032,0.738,0.5736,0.6636,0.6128,0.7536,0.6362,0.8006,0.7028,0.7888,4.7164,1.2712,1.1762,0.6519,0.828,0.7341,0.8945,0.6949,0.7419,0.5971
9/30/2022,25.2284,0.5612,0.4664,0.4044,0.6835,0.5371,0.8282,0.8627,0.718,0.401,0.6801,0.5715,0.4165,0.3855,0.4527,0.4285,0.4165,0.4957,0.5543,0.4389,0.4148,0.525,0.3872,0.618,0.6043,0.37,0.3665,0.6611,0.3941,0.5457,0.4854,0.4199,0.3114,0.3837,0.3476,0.4268,0.4716,0.494,0.5681,1.6361,0.5234,0.3579,0.668,0.3407,0.5112,0.513,0.5181,0.5388,0.5233
9/29/2022,21.5782,0.4491,0.4369,0.5088,0.5781,0.5672,0.7179,0.5102,0.7369,0.426,0.5998,0.5726,0.4912,0.3975,0.4477,0.4708,0.4599,0.3785,0.3432,0.3921,0.4179,0.3663,0.4151,0.5401,0.4355,0.2984,0.331,0.3907,0.3174,0.5401,0.4124,0.331,0.3215,0.3296,0.369,0.3269,0.3853,0.3921,0.4491,0.9609,0.3595,0.5224,0.4613,0.4165,0.4681,0.4016,0.3921,0.3418,0.4002
9/28/2022,19.8743,0.4421,0.4481,0.4896,0.5704,0.5668,0.5538,0.6108,0.6179,0.4623,0.3317,0.6131,0.473,0.3638,0.3745,0.3317,0.3555,0.3127,0.346,0.4065,0.4315,0.3519,0.4243,0.4754,0.4695,0.3994,0.289,0.4635,0.3044,0.3923,0.3341,0.3222,0.2866,0.3519,0.2997,0.3293,0.3424,0.321,0.2913,0.889,0.342,0.403,0.5063,0.3662,0.3804,0.4255,0.308,0.4042,0.2997
9/27/2022,15.8182,0.2628,0.3559,0.3598,0.4825,0.5013,0.4286,0.4825,0.4231,0.3387,0.4129,0.4685,0.366,0.2636,0.3285,0.316,0.309,0.3527,0.3434,0.3019,0.3473,0.3363,0.341,0.3324,0.3121,0.2769,0.2675,0.3426,0.266,0.3035,0.2746,0.2183,0.2378,0.2542,0.2628,0.2433,0.2753,0.3512,0.2769,0.468,0.2398,0.305,0.3082,0.3613,0.2402,0.3496,0.3582,0.291,0.2792
9/26/2022,48.4284,1.2259,0.858,1.1491,1.6302,1.9091,1.7272,1.4402,1.7272,1.0763,1.3957,0.8459,1.2542,0.668,1.0237,1.0561,1.0318,0.9025,0.7165,0.761,1.0157,0.7448,1.044,1.0601,0.6114,0.9752,0.6195,0.6882,0.6922,1.3108,0.7933,0.4456,0.486,0.6316,0.6801,0.5346,0.8742,0.6882,1.145,2.9513,0.8427,0.9065,0.6275,1.0884,0.8863,0.9267,0.9752,0.9105,0.8742
9/25/2022,36.5851,0.8699,0.8556,0.5583,1.0042,0.8356,1.15,1.21,1.3301,0.6126,0.7441,0.9785,0.8784,0.6726,0.6126,0.5268,0.6269,0.7098,0.7212,0.7784,0.6983,0.6183,0.7584,0.7212,0.4897,0.5125,0.6069,0.9699,0.4525,0.7555,0.584,0.5326,0.6326,0.5068,0.564,0.544,0.5697,0.827,0.6069,2.5335,0.7413,0.7326,0.6412,0.8155,0.8213,0.7841,0.6698,0.5554,0.664
9/24/2022,37.3958,0.5429,0.6252,0.8634,0.8428,1.5747,1.2073,0.9486,1.2132,0.5047,0.5753,0.6105,0.9486,0.6458,0.6105,0.7605,0.54,0.7575,0.5224,0.8016,0.6576,0.5753,0.4753,0.7546,0.8104,0.7663,0.7281,0.8134,0.5606,1.1514,0.7164,0.3519,0.5635,0.5459,0.4694,0.5547,0.5958,0.493,0.8545,3.1588,0.8931,0.5282,0.9898,0.6929,0.8839,0.5488,0.6017,0.7957,0.7693
9/23/2022,36.1793,0.7753,0.874,0.8852,0.9641,1.353,1.1417,0.812,1.1558,0.7246,1.029,1.0712,0.8458,0.5048,0.7697,0.5386,0.7415,0.6654,0.6936,0.7641,0.5612,0.6457,0.4935,0.4964,0.6795,0.6852,0.6936,0.5217,0.5048,0.5443,0.6429,0.4259,0.5724,0.4513,0.5499,0.4851,0.6542,0.4823,0.8232,2.7856,0.8025,0.6683,0.4597,0.7753,0.6711,0.7387,0.6993,0.5922,0.7641
9/22/2022,21.2537,0.3496,0.4741,0.3416,0.7061,0.498,0.6756,0.6928,0.5338,0.5378,0.3734,0.5152,0.5219,0.4132,0.4185,0.3986,0.4278,0.3761,0.4516,0.3761,0.4476,0.3231,0.4317,0.5166,0.4437,0.3615,0.3231,0.5908,0.3217,0.5338,0.3496,0.3814,0.2899,0.2886,0.3443,0.2767,0.3814,0.3429,0.4556,1.1318,0.401,0.4609,0.5205,0.331,0.3217,0.3681,0.4861,0.4012,0.3456
9/21/2022,17.1163,0.4037,0.3253,0.3663,0.5003,0.493,0.4921,0.5359,0.442,0.2679,0.4456,0.4237,0.3581,0.2879,0.3216,0.3499,0.2916,0.3864,0.3134,0.3353,0.3882,0.3463,0.3408,0.3025,0.3663,0.3098,0.3344,0.4666,0.2897,0.4566,0.3417,0.3061,0.2442,0.308,0.2761,0.2943,0.287,0.3563,0.2916,0.5635,0.263,0.3599,0.3134,0.3818,0.3025,0.2979,0.3727,0.3226,0.2925
9/20/2022,14.845,0.2714,0.2953,0.307,0.4199,0.4528,0.3214,0.3953,0.3262,0.3535,0.3275,0.4035,0.2509,0.2563,0.3036,0.2591,0.3323,0.3015,0.2755,0.2707,0.2687,0.2776,0.3022,0.2912,0.2762,0.255,0.2714,0.3084,0.2358,0.2796,0.2974,0.2536,0.2748,0.2385,0.2748,0.2296,0.2721,0.2844,0.2789,0.935,0.3532,0.2967,0.2331,0.2625,0.2385,0.3282,0.3166,0.3077,0.2796
9/19/2022,22.6324,0.4622,0.3949,0.5749,0.7183,0.6627,0.6905,0.5003,0.5632,0.3569,0.5149,0.5456,0.5647,0.4286,0.4257,0.414,0.3437,0.3979,0.4739,0.4403,0.3993,0.452,0.4578,0.414,0.4447,0.3949,0.4213,0.3335,0.3379,0.3979,0.3803,0.3437,0.2808,0.2925,0.3496,0.3101,0.3847,0.411,0.4227,2.0128,0.6149,0.433,0.5939,0.3437,0.3071,0.4271,0.3335,0.4857,0.3788
9/18/2022,50.6185,1.3472,1.0617,0.8315,1.718,1.995,1.2961,1.6796,1.6114,0.725,1.1043,1.2747,0.8486,0.7932,0.6781,0.6951,1.0361,1.0787,1.0148,1.1682,0.8912,0.8656,0.6994,1.2023,1.1725,0.8102,0.8059,0.7079,0.725,0.9082,0.9892,0.5673,0.6653,0.7463,0.6866,0.6397,0.7846,0.6696,0.8486,4.0143,1.1008,1.2705,1.1852,0.7676,0.8827,1.019,0.9082,1.1767,0.9508
9/17/2022,19.3875,0.3306,0.4388,0.4832,0.5732,0.5003,0.4616,0.3694,0.6017,0.2874,0.3557,0.4126,0.3557,0.2919,0.3284,0.3329,0.3398,0.3978,0.342,0.4126,0.4434,0.3648,0.2976,0.3181,0.4081,0.2885,0.2851,0.3477,0.3022,0.522,0.4035,0.3181,0.276,0.2578,0.2737,0.3375,0.3694,0.358,0.44,1.6043,0.5157,0.3819,0.3591,0.3398,0.4388,0.3375,0.3591,0.4366,0.3876
9/16/2022,22.8758,0.4002,0.3824,0.3958,0.6858,0.9045,0.5921,0.4255,0.7126,0.4582,0.4835,0.7096,0.3972,0.3526,0.4017,0.369,0.4776,0.4895,0.4315,0.4121,0.372,0.3452,0.4642,0.4047,0.3452,0.3734,0.491,0.4196,0.36,0.4329,0.4434,0.3467,0.2797,0.2976,0.369,0.3169,0.3749,0.5281,0.4835,2.1345,0.6444,0.366,0.3407,0.4582,0.4701,0.3794,0.4285,0.3779,0.3467
9/15/2022,15.0073,0.2935,0.3229,0.3159,0.3741,0.3916,0.325,0.4659,0.3972,0.3117,0.3096,0.3713,0.3257,0.276,0.2479,0.2998,0.2676,0.269,0.3257,0.2648,0.3348,0.2921,0.2893,0.2599,0.3047,0.2501,0.2907,0.3432,0.2592,0.3439,0.3117,0.269,0.2655,0.2332,0.2613,0.2381,0.2746,0.269,0.2494,0.8444,0.3312,0.2865,0.3187,0.2816,0.3173,0.2907,0.2711,0.2676,0.3033
9/14/2022,14.6829,0.3057,0.2843,0.2863,0.325,0.4433,0.3939,0.3511,0.3484,0.3625,0.2529,0.293,0.2415,0.2522,0.2696,0.3217,0.2763,0.303,0.2596,0.2763,0.2776,0.2823,0.2522,0.2836,0.3164,0.301,0.3037,0.2375,0.2388,0.2682,0.295,0.2689,0.2148,0.2221,0.2455,0.2469,0.2522,0.2783,0.321,1.0587,0.3832,0.3137,0.2723,0.2475,0.3097,0.3331,0.2449,0.2876,0.2796
9/13/2022,13.9523,0.2613,0.2935,0.2381,0.3946,0.4357,0.3887,0.2857,0.3375,0.2875,0.3321,0.3071,0.2964,0.2756,0.2833,0.2589,0.2548,0.2476,0.2405,0.2923,0.2732,0.281,0.3018,0.2679,0.3006,0.219,0.244,0.3393,0.228,0.3262,0.2458,0.2149,0.2226,0.2381,0.2256,0.2565,0.2619,0.281,0.2714,0.6586,0.2861,0.2649,0.3238,0.2708,0.247,0.3155,0.3274,0.25,0.2982
9/12/2022,40.7217,0.8898,0.988,0.5332,1.4919,1.3937,1.4428,1.0403,1.3217,0.6411,1.1483,1.2825,0.7033,0.7,0.5757,0.6575,0.7229,0.8473,0.5986,0.9225,0.6444,0.6739,0.7197,0.6673,0.9454,0.7655,0.7949,1.2138,0.5561,0.9193,0.7753,0.4023,0.7131,0.4677,0.5201,0.4513,0.736,0.952,0.7458,1.778,0.5579,0.8898,0.7197,0.8636,0.7655,0.8964,1.0076,0.8898,0.7884
9/11/2022,36.3415,0.5549,0.7222,0.6343,0.9999,1.2947,1.2975,0.9376,1.1841,1.1955,0.6825,0.9546,0.6456,0.7477,0.6428,0.7193,0.8185,0.6995,0.5238,0.6088,0.8639,0.5549,0.725,0.6626,0.5011,0.4246,0.793,0.5039,0.4926,0.759,0.7278,0.3481,0.5606,0.4501,0.5379,0.4104,0.6286,0.6201,0.7477,3.2522,0.9157,0.5408,0.8214,0.708,0.5436,0.6541,0.5039,0.6513,0.5748
9/10/2022,33.7457,0.5734,0.782,0.8772,1.0755,0.7434,0.9802,0.7562,0.8695,0.6043,0.9519,1.1759,0.6455,0.5837,0.6069,0.4808,0.7125,0.4885,0.5426,0.5451,0.6352,0.661,0.5297,0.6069,0.473,0.4988,0.5812,0.8,0.4756,1.0446,0.6945,0.4035,0.3984,0.5683,0.401,0.4421,0.6224,0.7048,0.643,2.8453,0.817,0.8335,0.6249,0.4499,0.4499,0.7511,0.5426,0.6893,0.5631
9/9/2022,35.6115,0.6581,0.8735,0.7769,1.0502,0.9398,1.0558,0.8708,1.0475,0.5864,1.0199,1.1165,0.7327,0.6581,0.5118,0.5864,0.5477,0.6112,0.5974,0.5726,0.7299,0.7879,0.7631,0.8818,0.6443,0.7189,0.4842,0.6471,0.4704,0.7934,0.6278,0.5063,0.5532,0.4262,0.498,0.4483,0.5836,0.5035,0.5919,2.8994,0.8301,0.5726,0.5698,0.8349,0.429,0.8459,0.8045,0.5974,0.7548
9/8/2022,21.4965,0.3637,0.4811,0.3678,0.5392,0.824,0.581,0.5783,0.5446,0.3462,0.6053,0.5554,0.3759,0.4164,0.3624,0.4717,0.4568,0.4717,0.4164,0.361,0.4757,0.4595,0.4717,0.5432,0.3259,0.3624,0.4501,0.3475,0.303,0.3799,0.3502,0.3232,0.3556,0.3556,0.2854,0.3448,0.3826,0.3273,0.3111,1.4221,0.4714,0.4919,0.303,0.3367,0.361,0.4973,0.5095,0.3583,0.4717
9/7/2022,14.4392,0.3173,0.3264,0.2948,0.3714,0.3225,0.3605,0.4275,0.3824,0.3747,0.3785,0.3412,0.3386,0.2517,0.2826,0.2678,0.2967,0.2613,0.2768,0.2697,0.28,0.3019,0.2884,0.2658,0.3167,0.2858,0.2967,0.3669,0.2394,0.3676,0.2748,0.2491,0.2658,0.224,0.2452,0.2523,0.2665,0.2542,0.262,0.4848,0.2439,0.2993,0.327,0.2439,0.2562,0.2916,0.3115,0.2806,0.2549
9/6/2022,13.7093,0.3088,0.31,0.2386,0.2934,0.3322,0.3339,0.3448,0.3277,0.2786,0.3459,0.3596,0.318,0.2489,0.2409,0.2592,0.25,0.2592,0.2677,0.3048,0.2494,0.2883,0.2529,0.2997,0.3197,0.2489,0.2272,0.2255,0.2295,0.3128,0.2723,0.2078,0.2335,0.2335,0.2569,0.2426,0.2649,0.242,0.274,0.6692,0.2887,0.3048,0.3277,0.2848,0.3008,0.2808,0.262,0.2546,0.2323
9/5/2022,22.4699,0.4836,0.443,0.5588,0.582,0.7874,0.6268,0.7107,0.4329,0.4445,0.4503,0.4604,0.4836,0.3837,0.3345,0.3924,0.4676,0.3967,0.4937,0.4358,0.4734,0.3736,0.336,0.5357,0.4836,0.43,0.417,0.5834,0.3606,0.4951,0.4633,0.3012,0.3128,0.2795,0.336,0.3056,0.3808,0.4199,0.43,1.3194,0.4465,0.4575,0.3519,0.443,0.3852,0.5009,0.5255,0.4575,0.4966
9/4/2022,38.2881,0.5756,0.6543,0.7664,0.8966,1.3237,0.8996,1.3964,0.7906,1.1904,1.1419,1.3509,0.7149,0.512,0.6058,0.8724,0.7391,0.8027,0.7482,0.618,0.8875,0.6664,0.7482,0.8996,0.7967,0.7543,0.6937,0.4786,0.5301,0.5846,0.6058,0.5059,0.3999,0.3847,0.5483,0.4665,0.618,0.9087,0.724,2.7817,0.8015,0.6816,0.8239,0.8936,0.8875,0.8724,0.512,0.7603,0.4726
9/3/2022,42.7496,1.1084,0.7678,0.9416,1.2022,1.5845,1.4316,1.3933,0.8999,1.4038,0.6288,1.157,0.82,0.813,0.8825,0.8269,0.8651,0.8929,0.6288,0.6532,0.7713,0.9312,0.5107,0.8512,1.0597,0.8686,0.5281,0.7748,0.5906,0.6184,0.7192,0.5142,0.5628,0.4238,0.5698,0.6288,0.747,1.025,0.7157,3.7513,1.0369,0.9763,0.5976,0.5281,0.7609,0.8095,0.6879,0.7122,0.5767
9/2/2022,15.5756,0.3235,0.2932,0.3227,0.4166,0.5416,0.4075,0.3947,0.3098,0.4091,0.4015,0.275,0.3326,0.2947,0.2523,0.272,0.3379,0.272,0.2879,0.3273,0.275,0.2773,0.2394,0.3712,0.3432,0.2742,0.3023,0.3212,0.2462,0.3947,0.2833,0.2803,0.2394,0.2773,0.2856,0.2576,0.278,0.3409,0.2826,0.7396,0.3058,0.3053,0.2485,0.2871,0.3386,0.322,0.3659,0.3212,0.3
9/1/2022,13.1416,0.2608,0.2957,0.288,0.3697,0.3518,0.2772,0.3816,0.3492,0.3019,0.2623,0.2895,0.2232,0.2587,0.2556,0.2577,0.2608,0.2762,0.2859,0.2901,0.2608,0.2536,0.2618,0.2294,0.2654,0.2659,0.2618,0.2767,0.233,0.2875,0.2561,0.2068,0.2356,0.2201,0.2474,0.2345,0.2546,0.288,0.2638,0.4906,0.2453,0.3024,0.2217,0.2633,0.2479,0.2438,0.2849,0.2561,0.2469
8/31/2022,22.6321,0.5164,0.5252,0.4169,0.629,0.8017,0.5603,0.7534,0.7827,0.6905,0.4798,0.4183,0.3496,0.4505,0.3379,0.4037,0.4564,0.4022,0.4959,0.4505,0.4783,0.3583,0.3598,0.4769,0.4769,0.3247,0.3862,0.6042,0.3671,0.4403,0.3642,0.2881,0.2764,0.2881,0.3349,0.3715,0.4008,0.4842,0.3949,1.4912,0.4882,0.3759,0.4564,0.4096,0.3466,0.4535,0.3686,0.3554,0.49
8/30/2022,47.8604,1.0914,0.8523,0.9121,1.1034,2.0162,0.9997,1.7412,1.6176,1.4342,1.1831,1.6455,0.7526,0.7008,0.8403,0.6888,0.8961,1.0795,0.8881,0.7327,1.1114,0.6649,1.1114,1.1831,0.9121,0.641,0.924,1.0715,0.7407,1.2668,0.8204,0.7167,0.8204,0.7526,0.4895,0.7845,0.7446,0.8244,1.0476,1.889,0.5848,1.223,1.1672,1.0675,0.7247,0.932,0.7167,0.9798,0.7725
8/29/2022,19.387,0.3534,0.3876,0.4126,0.5698,0.5869,0.4491,0.3671,0.5937,0.2931,0.3511,0.4593,0.3648,0.3363,0.3659,0.3386,0.3625,0.4024,0.3363,0.4069,0.3511,0.3716,0.3193,0.4673,0.3876,0.3363,0.3272,0.4559,0.317,0.4092,0.3363,0.3511,0.2532,0.3432,0.2509,0.3477,0.3511,0.3329,0.3193,1.5924,0.5128,0.4115,0.3443,0.2794,0.399,0.3124,0.473,0.3978,0.2988
8/28/2022,45.9951,1.0557,0.8696,0.6492,1.6675,1.5611,1.6219,1.6561,1.4813,1.3711,1.2913,1.2761,1.0861,0.8924,0.9456,0.691,0.6416,0.9304,1.0481,0.767,0.9304,0.7936,0.9266,0.7328,0.6074,0.7442,0.9076,0.767,0.6302,0.9874,0.7898,0.4744,0.5124,0.6416,0.5694,0.6492,0.7366,1.0481,0.9342,1.7381,0.5482,1.1925,0.9266,0.6416,0.9798,1.0899,1.0481,0.9038,1.0405
8/27/2022,20.3611,0.3533,0.4893,0.4436,0.6154,0.4979,0.6389,0.5078,0.5894,0.561,0.3385,0.5338,0.4102,0.3051,0.3286,0.4003,0.3397,0.3991,0.3138,0.467,0.4139,0.336,0.4584,0.3212,0.3879,0.294,0.3879,0.5239,0.3138,0.5597,0.3311,0.3484,0.2952,0.3138,0.2989,0.3348,0.3657,0.3212,0.4534,1.4468,0.4774,0.3817,0.4225,0.3113,0.3261,0.3459,0.3261,0.383,0.3484
8/26/2022,6.9763,0.1455,0.1473,0.1469,0.1433,0.136,0.1365,0.1222,0.1329,0.1446,0.1476,0.1509,0.1474,0.1546,0.1552,0.1427,0.15,0.1508,0.1438,0.147,0.1477,0.1508,0.1556,0.1501,0.152,0.1518,0.1542,0.149,0.1537,0.1534,0.1485,0.1598,0.1555,0.1581,0.1522,0.1537,0.1493,0.147,0.1472,0.0228,0.1317,0.1516,0.1506,0.1473,0.1452,0.1506,0.1495,0.1451,0.1471
8/25/2022,8.0307,0.1672,0.1672,0.1675,0.1675,0.1676,0.1674,0.1679,0.1679,0.1678,0.1671,0.1677,0.1674,0.1673,0.1671,0.1672,0.167,0.1673,0.167,0.1673,0.1672,0.1674,0.1673,0.1671,0.1672,0.1671,0.1673,0.1677,0.167,0.1673,0.1673,0.167,0.1669,0.1669,0.1671,0.167,0.1672,0.1674,0.1672,0.1681,0.167,0.1674,0.1675,0.1671,0.1674,0.1674,0.1672,0.1672,0.1674
8/24/2022,7.1382,0.1476,0.1469,0.1513,0.1371,0.1273,0.1374,0.1425,0.133,0.1575,0.1531,0.1508,0.1437,0.157,0.1489,0.1546,0.1526,0.1512,0.1479,0.147,0.1456,0.1499,0.1462,0.1526,0.1536,0.1525,0.1492,0.1509,0.1577,0.1481,0.1551,0.1598,0.1593,0.1556,0.1584,0.1539,0.1546,0.1543,0.1535,0.0817,0.1461,0.1453,0.156,0.1572,0.1532,0.1462,0.1528,0.1521,0.1494
8/23/2022,8.1118,0.1693,0.1684,0.1695,0.1701,0.1694,0.1687,0.1709,0.1706,0.1706,0.1702,0.1688,0.1683,0.1685,0.1682,0.1688,0.1688,0.1686,0.1686,0.1687,0.1689,0.1679,0.1686,0.1692,0.1685,0.1688,0.1688,0.1704,0.1679,0.1692,0.1685,0.1674,0.1683,0.1682,0.1676,0.1678,0.1682,0.169,0.1688,0.1776,0.1693,0.168,0.1681,0.1681,0.168,0.1695,0.1689,0.1687,0.1686
8/22/2022,8.0306,0.1672,0.1673,0.167,0.1674,0.1674,0.1679,0.1678,0.1675,0.1673,0.1676,0.1675,0.167,0.1673,0.1671,0.1672,0.1673,0.1674,0.1674,0.1672,0.1671,0.1671,0.167,0.1673,0.1672,0.1671,0.1673,0.1673,0.167,0.1677,0.1672,0.167,0.1669,0.167,0.167,0.167,0.1672,0.1671,0.1673,0.1703,0.1675,0.1672,0.1671,0.1673,0.1672,0.1671,0.1671,0.167,0.1672
8/21/2022,8.0309,0.1675,0.1672,0.1671,0.1676,0.168,0.1673,0.1677,0.1674,0.1674,0.1672,0.1675,0.1675,0.1671,0.1672,0.1672,0.1673,0.1672,0.1673,0.1674,0.1674,0.1672,0.1672,0.167,0.167,0.1671,0.1673,0.1676,0.167,0.1671,0.1673,0.167,0.1672,0.1671,0.167,0.1669,0.1672,0.1672,0.1671,0.1704,0.1676,0.167,0.1674,0.1671,0.167,0.1671,0.1672,0.1671,0.167
8/20/2022,8.0304,0.1672,0.1673,0.1675,0.1677,0.1681,0.1677,0.1677,0.1676,0.1672,0.1671,0.1677,0.1672,0.1671,0.1673,0.1671,0.1671,0.1674,0.1671,0.1674,0.1672,0.1673,0.1672,0.1673,0.1674,0.167,0.1673,0.1674,0.167,0.1677,0.1671,0.1671,0.1671,0.167,0.1669,0.1671,0.1671,0.1673,0.1674,0.1678,0.1669,0.1675,0.1674,0.1674,0.1672,0.1672,0.1673,0.1672,0.1671
8/19/2022,7.4627,0.1594,0.1586,0.1538,0.1472,0.1467,0.1561,0.1457,0.1503,0.1547,0.1542,0.1496,0.1564,0.1571,0.1604,0.1598,0.1565,0.1563,0.1551,0.1586,0.156,0.1574,0.1598,0.1584,0.1567,0.1588,0.1561,0.1604,0.1593,0.1555,0.1594,0.162,0.1616,0.1595,0.1596,0.159,0.1587,0.1568,0.1591,0.1026,0.1511,0.1531,0.1577,0.1589,0.1589,0.1562,0.1571,0.1596,0.1569
8/18/2022,9.0037,0.1879,0.1823,0.1832,0.2046,0.2184,0.1887,0.2082,0.2065,0.1863,0.1875,0.197,0.1904,0.1842,0.1807,0.1899,0.179,0.18,0.1915,0.181,0.1854,0.1792,0.1878,0.1817,0.1936,0.1775,0.183,0.1809,0.1804,0.1843,0.183,0.176,0.1811,0.1799,0.1793,0.1817,0.1822,0.1883,0.1838,0.2518,0.1873,0.1877,0.1802,0.1866,0.1826,0.1837,0.1809,0.1837,0.1828
8/17/2022,10.6265,0.2181,0.2029,0.2176,0.2704,0.2434,0.2594,0.235,0.2489,0.1945,0.2512,0.2279,0.2121,0.2142,0.2042,0.2113,0.2234,0.2226,0.2187,0.2142,0.2071,0.2224,0.2024,0.2221,0.195,0.2079,0.2055,0.2231,0.1969,0.2539,0.2097,0.1864,0.2097,0.1969,0.1977,0.2053,0.2121,0.2074,0.2079,0.4249,0.2294,0.2095,0.2129,0.2192,0.2302,0.2147,0.2176,0.2045,0.2042
8/16/2022,9.9774,0.2017,0.21,0.192,0.2472,0.2169,0.228,0.2114,0.2133,0.2329,0.2129,0.1963,0.1965,0.1959,0.1908,0.1991,0.1961,0.2098,0.2009,0.204,0.2139,0.1999,0.2038,0.2038,0.2171,0.1902,0.191,0.1896,0.188,0.2313,0.206,0.1829,0.1946,0.1969,0.1886,0.1918,0.2015,0.1888,0.1928,0.4206,0.2283,0.1997,0.2173,0.1874,0.1981,0.2021,0.2054,0.1932,0.1971
8/15/2022,8.9234,0.1818,0.1813,0.1777,0.2035,0.1976,0.1854,0.1878,0.1895,0.1975,0.1973,0.1914,0.1886,0.1788,0.1812,0.1791,0.1842,0.188,0.1828,0.1876,0.1869,0.1778,0.1861,0.1821,0.1893,0.1826,0.1762,0.1909,0.178,0.1908,0.1812,0.1807,0.1783,0.18,0.1764,0.1777,0.1822,0.1819,0.1764,0.2374,0.1838,0.182,0.1889,0.187,0.1796,0.1885,0.189,0.1857,0.1849
8/14/2022,9.4099,0.1951,0.1973,0.2015,0.2123,0.1973,0.2091,0.1947,0.2043,0.2132,0.2145,0.2174,0.1933,0.1868,0.1884,0.1949,0.1944,0.1944,0.1987,0.1982,0.2013,0.1888,0.1809,0.1832,0.2019,0.1809,0.1834,0.2071,0.1829,0.1884,0.1901,0.183,0.1785,0.1891,0.182,0.1825,0.1901,0.199,0.1818,0.2497,0.1868,0.204,0.2073,0.1881,0.1956,0.2001,0.205,0.1997,0.1929
8/13/2022,8.0307,0.1673,0.1674,0.1671,0.1679,0.1682,0.1679,0.1678,0.1678,0.1677,0.1673,0.1672,0.1672,0.1673,0.1673,0.1671,0.1674,0.1671,0.1673,0.1674,0.1674,0.1672,0.1673,0.1672,0.1674,0.167,0.1672,0.1672,0.167,0.1673,0.1671,0.167,0.1669,0.1669,0.167,0.1671,0.1671,0.1673,0.1672,0.1691,0.1672,0.1673,0.1672,0.167,0.1672,0.1671,0.167,0.1671,0.167
8/12/2022,11.5998,0.2264,0.2365,0.2538,0.3114,0.2703,0.2581,0.2243,0.2937,0.2484,0.2801,0.239,0.243,0.2189,0.2365,0.2433,0.2088,0.2221,0.2268,0.2185,0.2235,0.2459,0.2444,0.2127,0.2329,0.2369,0.2279,0.2156,0.2048,0.275,0.2358,0.2117,0.2063,0.1929,0.2001,0.2156,0.221,0.2448,0.2066,0.5259,0.2539,0.2592,0.2484,0.2088,0.2498,0.225,0.2552,0.2491,0.2102
8/11/2022,9.6532,0.2024,0.1949,0.1966,0.203,0.2125,0.2179,0.2285,0.2234,0.208,0.2138,0.1921,0.2035,0.1958,0.1908,0.2006,0.1878,0.1949,0.1954,0.1976,0.2045,0.2037,0.185,0.2014,0.2113,0.2004,0.1923,0.2006,0.1883,0.2014,0.1887,0.1801,0.1853,0.1857,0.1824,0.1895,0.1911,0.1996,0.2045,0.3158,0.2029,0.2068,0.2138,0.1829,0.1949,0.202,0.1949,0.1911,0.1928
8/10/2022,9.1664,0.1853,0.1973,0.1949,0.2111,0.1979,0.2109,0.211,0.1949,0.1998,0.1844,0.1948,0.1821,0.1836,0.1871,0.1836,0.1912,0.1873,0.1842,0.1835,0.1887,0.1899,0.1795,0.1825,0.1955,0.1854,0.1914,0.1845,0.1819,0.1977,0.1858,0.1766,0.185,0.1791,0.1784,0.1803,0.1859,0.1896,0.1874,0.2833,0.195,0.1899,0.187,0.1843,0.1896,0.1851,0.1941,0.1828,0.1853
8/9/2022,10.9513,0.2151,0.2455,0.2437,0.249,0.2703,0.2313,0.2906,0.2894,0.2517,0.2396,0.223,0.2472,0.2027,0.2245,0.2151,0.205,0.2251,0.2118,0.2139,0.2278,0.2316,0.216,0.2192,0.2278,0.2254,0.2224,0.2115,0.2018,0.226,0.2127,0.1912,0.2077,0.2021,0.1932,0.2127,0.2112,0.2213,0.2174,0.3571,0.2129,0.2298,0.2481,0.2109,0.2068,0.2183,0.2469,0.234,0.213
8/8/2022,22.9567,0.4598,0.4972,0.382,0.7066,0.7904,0.7889,0.4164,0.6393,0.3357,0.4568,0.4613,0.4329,0.412,0.3372,0.4149,0.3791,0.4568,0.5032,0.3761,0.4598,0.388,0.4404,0.4643,0.4688,0.3447,0.3252,0.5211,0.3805,0.6782,0.397,0.3461,0.2938,0.3252,0.3761,0.385,0.4045,0.5077,0.3805,1.8203,0.5681,0.4314,0.3701,0.4269,0.3865,0.4434,0.3985,0.5137,0.4643
8/7/2022,47.1306,0.7849,0.7262,1.1841,1.1645,1.2271,1.2819,1.1801,1.5988,1.3993,1.1684,0.9101,1.1136,0.9532,0.6871,0.7693,0.7028,0.7849,0.7849,1.1019,0.7967,0.918,1.0471,1.2623,1.0041,0.7458,0.7067,1.3093,0.5697,1.3562,0.7028,0.5188,0.5384,0.7693,0.5736,0.7654,0.7458,0.8084,1.1097,3.3688,0.9441,0.7067,0.7028,0.9493,0.8045,1.0471,1.1254,0.8201,0.8906
8/6/2022,25.6336,0.44,0.5458,0.3871,0.5952,0.7891,0.842,0.6498,0.7821,0.507,0.6569,0.4629,0.44,0.5105,0.3977,0.4682,0.373,0.4082,0.5282,0.44,0.5617,0.3941,0.5035,0.5687,0.3518,0.5246,0.4312,0.7451,0.4171,0.5211,0.4506,0.373,0.313,0.306,0.3553,0.3747,0.4365,0.5863,0.5581,1.8835,0.5835,0.567,0.4982,0.5193,0.4135,0.5969,0.5546,0.4682,0.5528
8/5/2022,12.979,0.2453,0.2941,0.2941,0.2986,0.3255,0.3628,0.3748,0.2921,0.2349,0.3265,0.337,0.2364,0.2498,0.2269,0.2717,0.2433,0.2349,0.2643,0.2498,0.2648,0.2394,0.2493,0.2518,0.2548,0.2294,0.2389,0.2682,0.2374,0.2628,0.2334,0.209,0.2145,0.2189,0.216,0.2379,0.2428,0.2239,0.2433,0.7039,0.2971,0.2772,0.2792,0.2697,0.2483,0.2394,0.2533,0.2787,0.2329
8/4/2022,12.3301,0.2377,0.2359,0.2775,0.3247,0.3299,0.3412,0.2896,0.3031,0.2762,0.3057,0.3013,0.2754,0.2485,0.2312,0.2364,0.2706,0.2195,0.268,0.2359,0.2719,0.2359,0.245,0.2684,0.2256,0.2152,0.2546,0.271,0.2199,0.2862,0.2593,0.2091,0.2108,0.2056,0.2078,0.2173,0.2256,0.2693,0.2165,0.3757,0.2174,0.2589,0.2507,0.2546,0.2611,0.229,0.2489,0.2689,0.2416
8/3/2022,12.979,0.2986,0.2583,0.2991,0.2941,0.2956,0.3165,0.2752,0.3618,0.2802,0.2667,0.3449,0.2936,0.2458,0.2598,0.2802,0.2523,0.2633,0.2329,0.2399,0.2882,0.2458,0.2712,0.2956,0.2513,0.2339,0.2299,0.2946,0.2184,0.3041,0.2538,0.2234,0.2184,0.2219,0.2334,0.213,0.2394,0.2638,0.2583,0.6663,0.288,0.2453,0.2284,0.2414,0.218,0.2399,0.2284,0.2603,0.2458
8/2/2022,13.5469,0.2926,0.3175,0.2954,0.393,0.2965,0.3686,0.3852,0.393,0.226,0.3059,0.3614,0.2382,0.2454,0.2798,0.2687,0.2549,0.2543,0.2832,0.2832,0.2554,0.2582,0.2232,0.2976,0.236,0.2199,0.2393,0.2538,0.2388,0.3419,0.2854,0.2332,0.2565,0.2327,0.2421,0.2199,0.2432,0.2915,0.2787,0.501,0.2478,0.312,0.2771,0.2282,0.2748,0.2809,0.2776,0.2876,0.2698
8/1/2022,17.5216,0.3904,0.3714,0.3733,0.4799,0.4923,0.4437,0.4809,0.5533,0.4466,0.3695,0.5171,0.4218,0.3381,0.2924,0.2781,0.3276,0.3428,0.3276,0.339,0.3523,0.3495,0.3695,0.3904,0.2771,0.32,0.2876,0.2695,0.2695,0.3866,0.3552,0.2362,0.2866,0.3019,0.2466,0.3133,0.3209,0.3038,0.3923,0.7099,0.2985,0.4066,0.2904,0.3457,0.3971,0.3828,0.3752,0.3561,0.3447
7/31/2022,38.3696,0.9654,0.9623,0.9654,0.8712,0.935,1.26,1.1901,1.0474,1.0413,0.6161,1.2266,0.8439,0.7406,0.522,0.5858,0.8075,0.8591,0.5493,0.8743,0.7589,0.6921,0.6708,0.9046,0.8226,0.7953,0.6283,0.8561,0.5979,1.1962,0.7285,0.4218,0.6101,0.5827,0.3975,0.5432,0.6344,0.6222,0.8318,1.7551,0.5523,0.9107,0.8105,0.5402,0.5432,0.85,0.9016,0.8105,0.5372
7/30/2022,38.0452,0.9028,0.6534,0.8427,1.3144,1.065,1.3865,1.032,1.026,1.0109,0.9478,0.9839,0.8938,0.7826,0.7525,0.5633,0.5182,0.8036,0.7375,0.7616,0.7766,0.6864,0.7736,0.8367,0.6955,0.7706,0.8277,0.6834,0.5542,1.1792,0.8006,0.359,0.6624,0.392,0.5963,0.5843,0.5663,0.6534,0.8637,1.1313,0.4008,0.5993,0.8727,0.8697,0.7015,0.9148,0.9298,0.6113,0.7736
7/29/2022,18.6581,0.4033,0.4395,0.4587,0.4033,0.5333,0.4981,0.609,0.5855,0.4406,0.4438,0.5301,0.318,0.3756,0.3798,0.2967,0.4118,0.3169,0.334,0.3862,0.4129,0.3851,0.4192,0.4246,0.4363,0.3692,0.3457,0.4267,0.3191,0.4768,0.3809,0.2882,0.3159,0.334,0.3351,0.3073,0.3137,0.3468,0.2967,0.2078,0.1767,0.4214,0.4438,0.3756,0.3692,0.3649,0.4534,0.3351,0.4118
7/28/2022,12.3299,0.2793,0.2481,0.2372,0.2706,0.3598,0.2827,0.3446,0.2723,0.3052,0.2398,0.2758,0.2433,0.2559,0.2165,0.2658,0.245,0.2628,0.2511,0.2277,0.2403,0.2437,0.2715,0.2186,0.2243,0.2329,0.2589,0.2541,0.2234,0.2238,0.242,0.2004,0.2143,0.2178,0.2212,0.2052,0.2442,0.2489,0.2702,0.5266,0.254,0.223,0.2896,0.2494,0.2489,0.2663,0.2329,0.2593,0.2407
7/27/2022,13.7091,0.2791,0.3225,0.3174,0.3642,0.4116,0.3254,0.3888,0.3494,0.3699,0.3048,0.2723,0.238,0.2557,0.2734,0.2432,0.2803,0.2751,0.2763,0.2877,0.3037,0.2546,0.25,0.31,0.2397,0.2763,0.234,0.2757,0.2243,0.3591,0.2689,0.246,0.2186,0.2426,0.2123,0.2249,0.2603,0.2906,0.2963,0.4754,0.2416,0.2751,0.2757,0.2357,0.278,0.2706,0.3054,0.2517,0.2769
7/26/2022,13.3031,0.2494,0.2531,0.2786,0.3162,0.4382,0.2823,0.3618,0.3486,0.251,0.3443,0.2696,0.2929,0.2505,0.233,0.2886,0.2918,0.2674,0.2971,0.2558,0.2839,0.2552,0.2197,0.2377,0.2324,0.2393,0.2664,0.2324,0.2308,0.3263,0.2404,0.2292,0.2171,0.2287,0.2186,0.2165,0.2457,0.2982,0.2308,0.7086,0.2982,0.2346,0.2796,0.2287,0.2674,0.2929,0.2563,0.2361,0.2812
7/25/2022,18.9007,0.3672,0.4435,0.4207,0.4959,0.594,0.4534,0.4348,0.5144,0.3901,0.3193,0.3705,0.3651,0.3792,0.304,0.3062,0.3225,0.3814,0.4403,0.4098,0.3901,0.4054,0.3781,0.4381,0.4283,0.2931,0.2844,0.4839,0.2811,0.51,0.3498,0.3356,0.2713,0.2659,0.2768,0.2888,0.3258,0.2986,0.292,1.185,0.4139,0.3912,0.3629,0.3814,0.3923,0.4032,0.2942,0.3923,0.3749
7/24/2022,18.3333,0.4157,0.3795,0.3682,0.5066,0.6771,0.5697,0.332,0.4787,0.4715,0.3733,0.3723,0.3299,0.3527,0.3082,0.3878,0.3072,0.2969,0.3671,0.3981,0.4198,0.3475,0.3134,0.4488,0.3124,0.2917,0.3475,0.4777,0.2979,0.3341,0.3847,0.238,0.2741,0.2421,0.2597,0.3341,0.3454,0.3868,0.302,1.1686,0.4099,0.3537,0.3289,0.3992,0.3196,0.4074,0.3155,0.2969,0.2834
7/23/2022,42.8311,0.8006,1.0862,1.0792,1.2743,1.4763,1.4241,1.5146,1.431,1.1419,1.3683,1.2186,0.7449,0.8076,0.6473,0.7344,0.7832,0.6055,0.7867,0.8842,0.7205,0.6543,0.5394,0.7588,0.616,0.5812,0.5219,0.6717,0.5359,1.3614,0.6334,0.6613,0.5568,0.5707,0.4976,0.6334,0.6752,0.8842,0.9956,2.3724,0.7022,1.0409,0.8424,0.825,0.7135,0.9329,0.7901,0.7971,0.9364
7/22/2022,39.3428,0.5835,0.6149,0.549,1.4016,1.6492,1.1007,1.3577,1.4016,0.7026,0.6023,1.1978,0.8656,0.759,0.6243,0.8562,0.8249,0.7873,0.9095,0.6274,0.8249,0.6211,0.6995,0.9126,0.7684,0.5302,0.5459,0.781,0.502,1.2135,0.6556,0.6587,0.4049,0.6556,0.5773,0.4488,0.6619,0.8593,0.7152,2.0456,0.6228,1.0161,1.0725,0.7684,0.7058,0.6619,0.7152,0.5302,0.7528
7/21/2022,19.1443,0.3974,0.3739,0.4776,0.5534,0.6704,0.5289,0.4286,0.4598,0.4609,0.413,0.3238,0.3996,0.3015,0.3829,0.3294,0.3806,0.433,0.4085,0.4007,0.4397,0.3817,0.3873,0.4609,0.404,0.3149,0.2971,0.3349,0.2904,0.4932,0.3249,0.3037,0.3149,0.2647,0.3205,0.2592,0.316,0.4319,0.3862,0.9405,0.3545,0.3439,0.4575,0.3026,0.4107,0.3929,0.4352,0.2993,0.3572
7/20/2022,15.4935,0.3503,0.3368,0.3128,0.4672,0.4739,0.4042,0.4057,0.4432,0.2828,0.4057,0.3847,0.2963,0.2506,0.2596,0.2656,0.3465,0.3465,0.3233,0.318,0.3075,0.2821,0.3398,0.2603,0.3623,0.2746,0.321,0.384,0.2431,0.3225,0.3075,0.2528,0.2708,0.2446,0.2483,0.2469,0.2641,0.2746,0.3345,0.5049,0.2488,0.3188,0.3413,0.3375,0.2791,0.3405,0.2948,0.2933,0.3195
7/19/2022,11.2756,0.2489,0.2472,0.2525,0.2983,0.334,0.261,0.223,0.282,0.26,0.2355,0.2839,0.2174,0.2266,0.221,0.207,0.2227,0.2063,0.2289,0.2348,0.2165,0.2194,0.2348,0.245,0.242,0.2227,0.2292,0.2744,0.1998,0.2538,0.2102,0.2037,0.2024,0.2017,0.2047,0.2165,0.2184,0.2119,0.2292,0.3709,0.2163,0.2178,0.2187,0.2459,0.2017,0.2089,0.2119,0.2214,0.2348
7/18/2022,13.3848,0.2388,0.304,0.3083,0.3853,0.3917,0.304,0.3939,0.3287,0.2814,0.3314,0.283,0.2329,0.2733,0.2636,0.2388,0.2383,0.2614,0.2426,0.2507,0.2512,0.2356,0.2921,0.2367,0.2275,0.2437,0.2415,0.3169,0.2313,0.2873,0.2442,0.2324,0.2275,0.2173,0.2281,0.2491,0.2544,0.2329,0.2803,0.6467,0.2832,0.2921,0.2862,0.3002,0.2954,0.2652,0.2259,0.2738,0.234
7/17/2022,28.473,0.7031,0.7194,0.4205,0.6212,1.0941,0.5475,0.7809,0.7809,0.7174,0.7399,0.8873,0.5249,0.484,0.396,0.4963,0.5127,0.4205,0.5966,0.5966,0.6437,0.4717,0.4922,0.486,0.4799,0.5372,0.4226,0.4185,0.3919,0.6744,0.4758,0.4021,0.3304,0.4574,0.4594,0.353,0.5127,0.6068,0.4942,2.3066,0.6862,0.5086,0.6437,0.6232,0.6007,0.6068,0.484,0.4082,0.4553
7/16/2022,13.6279,0.2393,0.2702,0.2978,0.3518,0.3079,0.3338,0.3693,0.3299,0.3102,0.3046,0.2809,0.2449,0.2438,0.2308,0.2916,0.2438,0.2483,0.2398,0.2612,0.291,0.2764,0.2657,0.3001,0.2336,0.2314,0.2742,0.3012,0.2432,0.2927,0.2612,0.237,0.246,0.2466,0.2477,0.2151,0.2404,0.2291,0.2578,0.831,0.328,0.2978,0.3006,0.2646,0.219,0.2989,0.232,0.2865,0.2792
7/15/2022,7.463,0.1556,0.1562,0.1531,0.1532,0.1414,0.1552,0.1509,0.1552,0.1594,0.1512,0.153,0.1545,0.1598,0.1559,0.1604,0.1596,0.1566,0.1571,0.1581,0.1551,0.1592,0.1552,0.1603,0.1607,0.1605,0.1558,0.1608,0.1605,0.1536,0.1583,0.1624,0.1611,0.1581,0.1611,0.161,0.1586,0.1534,0.1563,0.0996,0.1504,0.1601,0.1606,0.1556,0.1578,0.1543,0.154,0.1548,0.1574
7/14/2022,27.0939,0.6364,0.6727,0.4703,0.9266,1.0813,0.5333,0.8846,0.5657,0.7853,0.8216,0.4951,0.5905,0.5046,0.4741,0.4703,0.4779,0.4588,0.4779,0.5046,0.5409,0.5886,0.5925,0.5256,0.4187,0.5485,0.5753,0.7261,0.3786,0.4741,0.4626,0.3519,0.4703,0.4645,0.4588,0.4168,0.4645,0.518,0.56,0.9963,0.3681,0.623,0.6001,0.3557,0.6287,0.6345,0.3939,0.5886,0.5371
7/13/2022,16.8732,0.3042,0.3219,0.4133,0.3903,0.4479,0.416,0.4648,0.4941,0.3042,0.3113,0.3388,0.4098,0.3326,0.3086,0.3104,0.2776,0.3583,0.2989,0.2998,0.345,0.3388,0.2705,0.3494,0.3974,0.2607,0.3202,0.3131,0.2891,0.3211,0.3104,0.2412,0.2998,0.2971,0.2616,0.3069,0.282,0.3486,0.3663,1.1384,0.4026,0.3548,0.345,0.2598,0.3619,0.369,0.3166,0.2714,0.3317
7/12/2022,13.7902,0.3213,0.2796,0.2402,0.3589,0.3161,0.3821,0.3357,0.3902,0.3444,0.3601,0.2946,0.2767,0.2495,0.2321,0.2784,0.2593,0.2419,0.3033,0.2472,0.3079,0.2674,0.2709,0.2859,0.3172,0.2848,0.2848,0.3456,0.2443,0.2402,0.2524,0.2309,0.2628,0.2535,0.2425,0.2176,0.25,0.2622,0.2385,0.5305,0.255,0.2975,0.2912,0.2553,0.2425,0.2749,0.3149,0.3062,0.2512
7/11/2022,16.1431,0.3084,0.2978,0.3263,0.4435,0.4118,0.4134,0.5176,0.4101,0.3605,0.3059,0.3002,0.2929,0.279,0.3328,0.3108,0.3043,0.2904,0.3442,0.3271,0.2839,0.3377,0.2904,0.2701,0.2782,0.2424,0.2644,0.4126,0.253,0.345,0.275,0.2473,0.2896,0.2473,0.2408,0.2628,0.2742,0.2619,0.3425,1.3113,0.4446,0.3507,0.3279,0.2562,0.275,0.3572,0.2904,0.2807,0.253
7/10/2022,32.3668,0.6418,0.7588,0.8465,0.8197,1.0122,0.788,0.9172,0.9708,0.9635,0.6028,0.7588,0.6077,0.5346,0.4518,0.4981,0.4542,0.4591,0.7539,0.6711,0.5906,0.5858,0.749,0.6491,0.6613,0.5346,0.4469,0.961,0.5005,0.6053,0.5029,0.4518,0.3884,0.4201,0.5175,0.4347,0.5492,0.6905,0.7027,2.445,0.7198,0.7295,0.576,0.5005,0.6053,0.6369,0.8124,0.4786,0.4103
7/9/2022,41.7761,0.8557,0.8996,0.8625,0.9807,1.1867,0.805,0.7882,0.8152,1.0854,0.8456,0.7341,0.5922,0.5956,0.599,0.8591,0.8726,0.8962,0.8422,0.8962,0.8591,0.9266,0.805,0.9773,0.6868,0.6362,0.5382,0.93,0.5044,1.207,0.7983,0.5517,0.7138,0.653,0.5922,0.5483,0.6328,0.8692,0.8996,3.9118,1.0759,1.0651,0.5754,0.6159,0.9638,0.7003,1.0651,0.7071,0.7544
7/8/2022,16.3861,0.3201,0.3201,0.2883,0.5139,0.5206,0.4023,0.4023,0.4258,0.4468,0.3755,0.3788,0.3713,0.3369,0.3445,0.3528,0.321,0.3226,0.2883,0.3696,0.3361,0.3084,0.3453,0.3864,0.3855,0.3394,0.3302,0.4124,0.2639,0.3914,0.2908,0.3008,0.2774,0.2732,0.2329,0.2623,0.2748,0.3025,0.2983,0.5493,0.2596,0.269,0.331,0.2765,0.2631,0.3268,0.2891,0.3512,0.357
7/7/2022,13.1412,0.2417,0.2798,0.2592,0.3492,0.3039,0.2967,0.2993,0.3821,0.3127,0.235,0.2901,0.2602,0.2407,0.2299,0.2813,0.2865,0.2633,0.2469,0.2813,0.2751,0.252,0.2381,0.2926,0.2592,0.253,0.2644,0.2885,0.2186,0.2942,0.2428,0.2057,0.2047,0.2289,0.2381,0.2325,0.2515,0.2258,0.2613,0.7413,0.3062,0.2366,0.2798,0.234,0.2525,0.2823,0.2577,0.2582,0.2258
7/6/2022,12.0058,0.2452,0.2408,0.2548,0.3265,0.2752,0.3261,0.232,0.2824,0.3121,0.2828,0.2239,0.2183,0.2336,0.2324,0.2596,0.2588,0.2219,0.2412,0.242,0.2528,0.2352,0.2392,0.258,0.2456,0.2031,0.2235,0.2788,0.2219,0.2183,0.2352,0.1951,0.2167,0.2296,0.2103,0.2055,0.2292,0.2556,0.2488,0.5289,0.2546,0.2612,0.2075,0.2432,0.2276,0.2604,0.24,0.2404,0.23
7/5/2022,13.141,0.2494,0.2561,0.271,0.3286,0.2926,0.3682,0.3281,0.2952,0.2947,0.3235,0.3512,0.2859,0.232,0.2705,0.2628,0.2885,0.2587,0.2551,0.268,0.2674,0.2746,0.2165,0.3075,0.2659,0.2433,0.2618,0.252,0.2381,0.2325,0.2674,0.1991,0.2181,0.2299,0.2191,0.2181,0.2386,0.2428,0.2597,0.7165,0.3001,0.2412,0.2494,0.2186,0.2253,0.2731,0.2746,0.2644,0.2453
7/4/2022,24.7413,0.4027,0.4781,0.3659,0.7108,0.6404,0.6639,0.5952,0.8112,0.684,0.4295,0.6237,0.612,0.4061,0.3625,0.4864,0.5634,0.4881,0.3877,0.5752,0.5048,0.5383,0.4429,0.3743,0.4128,0.468,0.5132,0.4914,0.3793,0.4714,0.4479,0.3207,0.4312,0.3759,0.386,0.3642,0.391,0.3943,0.381,1.7293,0.546,0.4931,0.6321,0.5601,0.3425,0.4161,0.6287,0.5634,0.4546
7/3/2022,26.0393,0.5545,0.5599,0.4355,0.5798,1.074,0.8612,0.6591,0.5906,0.6483,0.6682,0.798,0.6537,0.5094,0.513,0.4553,0.3904,0.4066,0.4228,0.605,0.4355,0.5166,0.5455,0.4084,0.4228,0.4914,0.3633,0.5635,0.3561,0.4463,0.4553,0.3849,0.3002,0.32,0.3633,0.3994,0.4535,0.5545,0.4246,1.6371,0.5236,0.5563,0.4751,0.5076,0.5726,0.4968,0.6267,0.5635,0.4896
7/2/2022,9.4102,0.1995,0.1888,0.1881,0.2074,0.2281,0.2224,0.2045,0.199,0.1904,0.2133,0.2156,0.1964,0.195,0.1935,0.1837,0.1963,0.1905,0.1933,0.1963,0.1946,0.1881,0.1991,0.1895,0.198,0.1911,0.1856,0.2025,0.1868,0.1935,0.1888,0.1761,0.1836,0.1788,0.1825,0.182,0.1909,0.1882,0.1912,0.301,0.1993,0.1836,0.2004,0.1925,0.1906,0.1901,0.1913,0.1847,0.1837
7/1/2022,14.9255,0.3495,0.3045,0.335,0.3273,0.3876,0.4368,0.3814,0.301,0.2782,0.3911,0.3841,0.2782,0.256,0.299,0.2768,0.3003,0.2955,0.3086,0.2733,0.31,0.3017,0.2823,0.346,0.2913,0.283,0.2934,0.3211,0.247,0.3751,0.3107,0.2546,0.2622,0.2567,0.2505,0.2352,0.256,0.3121,0.3003,0.5172,0.2518,0.3398,0.3357,0.3211,0.2692,0.3384,0.2906,0.2837,0.3246
6/30/2022,12.9793,0.2389,0.2498,0.2613,0.3464,0.2867,0.318,0.2598,0.2712,0.3036,0.2887,0.2981,0.2628,0.2682,0.2374,0.2727,0.2822,0.2259,0.2349,0.2503,0.2364,0.2672,0.2867,0.2448,0.2897,0.212,0.2349,0.2877,0.2334,0.2956,0.2463,0.214,0.2165,0.2458,0.208,0.2229,0.2364,0.2732,0.2438,0.8702,0.3375,0.2528,0.218,0.2279,0.2364,0.2707,0.2314,0.2344,0.2478
6/29/2022,11.6813,0.2259,0.262,0.2263,0.3088,0.3275,0.2764,0.2892,0.2918,0.262,0.2407,0.2267,0.2488,0.2208,0.227,0.2274,0.2484,0.2116,0.2178,0.2451,0.2451,0.2414,0.2322,0.265,0.2237,0.205,0.2108,0.2859,0.2149,0.248,0.2237,0.202,0.213,0.2101,0.2024,0.205,0.223,0.2097,0.2488,0.4632,0.2386,0.2539,0.2396,0.2105,0.2208,0.2535,0.2296,0.2488,0.2289
6/28/2022,18.6572,0.351,0.4299,0.3542,0.497,0.4949,0.4224,0.4683,0.5066,0.3308,0.3553,0.4864,0.3766,0.3564,0.3329,0.3478,0.3127,0.3393,0.3223,0.3265,0.4086,0.3777,0.2956,0.3148,0.3255,0.3052,0.301,0.3084,0.2754,0.4693,0.366,0.3361,0.3212,0.2882,0.2551,0.2732,0.3287,0.3361,0.3798,1.4273,0.4727,0.4565,0.4459,0.399,0.3926,0.3041,0.3969,0.3915,0.2935
6/27/2022,18.8194,0.3344,0.4155,0.4437,0.5021,0.5118,0.5129,0.5248,0.5789,0.3582,0.3917,0.3474,0.4058,0.2889,0.2943,0.4047,0.343,0.3777,0.3387,0.356,0.369,0.3906,0.2965,0.3192,0.3625,0.3495,0.3549,0.4566,0.3084,0.329,0.3495,0.3073,0.3463,0.2511,0.2803,0.3181,0.3322,0.3722,0.3906,1.2601,0.4321,0.3538,0.3549,0.3333,0.3733,0.3571,0.4274,0.3365,0.3766
6/26/2022,33.2588,0.6289,0.7274,0.8663,0.9699,0.9244,1.1492,0.8032,0.9497,0.6087,0.6668,0.7072,0.5481,0.5582,0.5127,0.49,0.7148,0.6643,0.6137,0.6137,0.5658,0.5531,0.5152,0.8183,0.6516,0.6239,0.5405,0.8815,0.4571,0.4925,0.6845,0.3612,0.5026,0.5203,0.3713,0.4142,0.5733,0.6087,0.4369,3.1585,0.893,0.6668,0.4875,0.6693,0.7274,0.6668,0.6516,0.4824,0.5658
6/25/2022,38.6131,0.5738,0.9075,0.7116,0.9932,1.4004,0.8065,0.7912,0.9534,0.8065,1.1585,0.9871,0.7208,0.7391,0.7759,0.8524,0.733,0.9014,0.531,0.8708,0.8646,0.6657,0.7024,1.0116,0.5554,0.5065,0.7055,0.981,0.6075,1.0391,0.6412,0.3932,0.6626,0.4116,0.5646,0.5646,0.5738,0.6901,0.8922,3.3246,0.9333,0.6136,0.5891,0.6442,0.5769,0.6412,0.5279,0.7483,0.7667
6/24/2022,41.0463,0.9003,0.7582,1.0688,1.4687,1.7859,1.201,1.2902,1.2308,1.2076,1.2407,1.1316,0.8408,0.7681,0.7648,0.7285,0.7086,0.7086,0.702,0.9036,0.9532,0.7813,0.9697,0.8342,0.6128,0.8012,0.854,0.9466,0.5335,1.2605,0.7846,0.4542,0.4079,0.4707,0.6326,0.4575,0.7252,0.9168,0.9499,0.8899,0.3423,0.8342,0.821,0.6293,0.8177,0.8672,0.6326,0.6624,0.7945
6/23/2022,15.9807,0.2656,0.3797,0.3622,0.458,0.3758,0.4564,0.2975,0.4923,0.3263,0.2952,0.2936,0.2928,0.2736,0.2576,0.3047,0.2688,0.2736,0.2632,0.3478,0.2952,0.3359,0.3351,0.3614,0.3063,0.3231,0.2513,0.3239,0.2481,0.3478,0.3287,0.2816,0.2999,0.2736,0.2345,0.2856,0.2744,0.367,0.3151,1.067,0.3852,0.2728,0.2648,0.3438,0.3071,0.3063,0.3199,0.3454,0.2952
6/22/2022,13.385,0.2598,0.2625,0.2873,0.388,0.3083,0.325,0.3164,0.3584,0.2889,0.3153,0.3336,0.2851,0.2523,0.2372,0.2717,0.2862,0.29,0.2711,0.2539,0.2507,0.2334,0.2259,0.2297,0.2356,0.22,0.2776,0.3007,0.2264,0.2695,0.2577,0.2485,0.2216,0.248,0.2431,0.2318,0.2501,0.2857,0.2539,0.7594,0.3106,0.2324,0.2561,0.2905,0.2593,0.2399,0.2324,0.2749,0.2286
6/21/2022,14.196,0.3253,0.2999,0.2522,0.4102,0.3817,0.3705,0.4164,0.3098,0.2416,0.2571,0.3395,0.2466,0.2807,0.2689,0.2608,0.3067,0.2441,0.2559,0.2993,0.3073,0.246,0.2943,0.2429,0.2379,0.2658,0.2522,0.3216,0.2447,0.3538,0.2546,0.2286,0.2516,0.2119,0.2577,0.2485,0.2652,0.3147,0.2962,0.7774,0.3149,0.254,0.2962,0.2782,0.2986,0.3048,0.272,0.2454,0.2918
6/20/2022,23.6054,0.3992,0.4897,0.3836,0.7378,0.7472,0.5646,0.5927,0.6426,0.4819,0.5474,0.4476,0.3508,0.407,0.4663,0.4741,0.5443,0.3883,0.4086,0.4585,0.5209,0.3508,0.4881,0.4663,0.5865,0.4382,0.4632,0.5022,0.3258,0.6067,0.4803,0.3461,0.3508,0.3399,0.304,0.3789,0.4179,0.3555,0.5131,1.5002,0.4904,0.5787,0.485,0.4335,0.5147,0.4132,0.5194,0.5178,0.3851
6/19/2022,16.3858,0.2782,0.2958,0.3294,0.3612,0.3931,0.3688,0.5029,0.3218,0.4233,0.4057,0.409,0.2958,0.3386,0.3268,0.3486,0.2732,0.2983,0.3696,0.3445,0.3185,0.321,0.3059,0.3864,0.3554,0.3226,0.3176,0.4401,0.2832,0.3461,0.3285,0.2539,0.2614,0.2304,0.2958,0.2866,0.2807,0.3243,0.3008,0.7753,0.3144,0.3134,0.3461,0.3109,0.2681,0.3679,0.3579,0.3419,0.3461
6/18/2022,43.1557,0.6624,0.6659,0.5604,1.3127,1.5131,1.0034,1.4569,0.8733,1.0526,0.9612,0.8241,0.9401,0.6342,0.7292,0.7784,0.7327,0.7397,0.6835,0.9963,0.9049,0.8381,0.7397,0.7116,1.0983,0.817,0.8452,1.1088,0.5358,0.926,0.6413,0.4796,0.6167,0.6588,0.6729,0.578,0.6167,0.6659,0.5569,3.9092,1.0752,0.8698,0.9366,0.7186,0.8627,0.7959,1.042,0.8874,0.926
6/17/2022,39.667,0.6733,0.6512,0.9869,1.0914,0.9869,0.7905,1.4999,0.9678,0.9235,0.8095,0.6163,0.9932,0.5182,0.5815,0.819,0.8665,0.7525,0.6955,0.8317,0.6195,0.5783,0.6385,0.9235,0.895,0.6322,0.6163,0.9045,0.5657,0.572,0.6258,0.4897,0.5182,0.5688,0.6353,0.5308,0.7113,0.9077,0.6385,4.6386,1.2523,0.6005,0.6955,0.8728,0.572,0.648,0.5625,0.6797,0.5182
6/16/2022,16.6293,0.3254,0.3177,0.3177,0.454,0.4842,0.3513,0.4126,0.3695,0.2814,0.3867,0.3418,0.3168,0.2892,0.2763,0.3324,0.3384,0.3686,0.2694,0.3651,0.3013,0.2901,0.2996,0.3375,0.3306,0.3047,0.3013,0.3513,0.2538,0.3884,0.3418,0.2478,0.2806,0.2607,0.278,0.2642,0.2814,0.3669,0.3246,1.2145,0.421,0.3859,0.278,0.347,0.3229,0.2944,0.2883,0.3677,0.3065
6/15/2022,15.6562,0.3175,0.2922,0.3634,0.4698,0.4408,0.4637,0.463,0.453,0.3106,0.2976,0.3382,0.3083,0.283,0.2731,0.2647,0.3052,0.3382,0.3443,0.3144,0.2968,0.2784,0.3405,0.2555,0.3305,0.2654,0.2555,0.3443,0.2693,0.3757,0.2938,0.2195,0.2861,0.2287,0.2494,0.2769,0.2716,0.3006,0.3068,0.6466,0.2832,0.3542,0.2777,0.3297,0.3297,0.3466,0.365,0.3006,0.3366
6/14/2022,16.5485,0.3616,0.4009,0.3992,0.377,0.4992,0.4753,0.4257,0.4368,0.2633,0.3393,0.3607,0.3163,0.306,0.3274,0.3436,0.2812,0.3487,0.2838,0.2983,0.3205,0.3522,0.3299,0.3026,0.2855,0.2453,0.3146,0.3872,0.2778,0.4488,0.3188,0.2547,0.2556,0.3026,0.2795,0.2667,0.3103,0.3094,0.2846,0.9047,0.3458,0.2727,0.3188,0.3274,0.3171,0.3436,0.3445,0.3684,0.3146
6/13/2022,12.9787,0.2931,0.2329,0.2901,0.2906,0.4191,0.2727,0.3638,0.335,0.2289,0.2468,0.3135,0.2687,0.2523,0.2274,0.2638,0.2802,0.2558,0.2742,0.2428,0.2653,0.2717,0.2677,0.2677,0.2548,0.2443,0.2453,0.2832,0.2289,0.2423,0.2633,0.2234,0.2498,0.204,0.2239,0.2294,0.2414,0.2767,0.2414,0.6466,0.2832,0.2284,0.2847,0.2309,0.2314,0.2419,0.2354,0.2518,0.2682
6/12/2022,37.1528,0.7177,0.773,0.6419,1.1491,0.8168,0.9509,0.8984,0.9888,1.1812,0.7031,1.0529,0.7264,0.5544,0.4961,0.7993,0.7147,0.8518,0.6185,0.8313,0.6885,0.5719,0.8139,0.8926,0.7002,0.5719,0.5282,0.6156,0.4815,0.6856,0.5952,0.601,0.4349,0.5398,0.4086,0.5427,0.5894,0.8576,0.6156,3.5258,0.9822,0.6185,0.7847,0.6943,0.5602,0.8372,0.671,0.6652,0.6127
6/11/2022,47.617,1.0303,0.9392,0.86,1.1888,2.1,1.8147,0.9709,1.6404,1.3116,1.2046,1.5414,1.0462,0.8639,0.7649,0.7847,0.963,0.9511,1.0422,0.8322,0.9194,0.8085,0.8956,1.0026,0.8996,0.6025,0.6143,0.9352,0.7292,1.2482,0.8441,0.5628,0.4598,0.5985,0.5232,0.7609,0.8005,0.6579,0.5866,3.2652,0.9189,0.9511,0.757,0.7372,1.1333,0.8045,1.0462,0.856,0.8481
6/10/2022,16.9535,0.2786,0.3663,0.3699,0.5132,0.523,0.4666,0.4451,0.54,0.4129,0.3081,0.3834,0.2741,0.3475,0.3099,0.326,0.2911,0.2822,0.2911,0.3296,0.3305,0.3377,0.3296,0.2983,0.3422,0.2768,0.2893,0.2777,0.2884,0.3511,0.3019,0.2714,0.2849,0.3037,0.2401,0.3108,0.2974,0.3296,0.2866,1.1566,0.407,0.3404,0.292,0.2893,0.3574,0.3189,0.3314,0.3225,0.3314
6/9/2022,15.4938,0.2641,0.3345,0.3195,0.3503,0.4432,0.3031,0.2866,0.333,0.2881,0.3997,0.3405,0.3398,0.2873,0.3143,0.3413,0.3375,0.3203,0.3128,0.2761,0.315,0.2581,0.336,0.3105,0.2888,0.2843,0.3143,0.342,0.2701,0.4132,0.3113,0.2821,0.2491,0.2266,0.2334,0.2603,0.2971,0.3218,0.2806,1.006,0.3704,0.2521,0.2543,0.2716,0.2813,0.3383,0.3038,0.3338,0.2956
6/8/2022,14.3579,0.3065,0.2665,0.3218,0.3097,0.3879,0.3326,0.4261,0.3809,0.2538,0.2633,0.2881,0.3326,0.2639,0.2938,0.3135,0.2608,0.2595,0.2792,0.2595,0.2716,0.3034,0.2296,0.3148,0.2735,0.2722,0.2678,0.3784,0.2519,0.2805,0.2709,0.2659,0.2512,0.2652,0.2512,0.2487,0.2582,0.2449,0.3046,0.7847,0.3167,0.3288,0.2582,0.2722,0.2455,0.2519,0.3307,0.262,0.3027
6/7/2022,25.9582,0.5977,0.4648,0.56,0.7952,0.6264,0.6875,0.8491,0.7449,0.7772,0.454,0.6515,0.5689,0.4558,0.5276,0.5186,0.5887,0.56,0.4037,0.436,0.4576,0.3893,0.4504,0.6713,0.375,0.472,0.4666,0.5869,0.3462,0.4989,0.4468,0.4163,0.3373,0.3552,0.3983,0.4109,0.4773,0.5887,0.4755,1.2851,0.4382,0.6246,0.6497,0.6031,0.5941,0.472,0.4289,0.3983,0.5761
6/6/2022,15.9806,0.2856,0.3446,0.3319,0.4691,0.3869,0.4795,0.505,0.4141,0.3351,0.2784,0.272,0.2688,0.3295,0.3055,0.2848,0.3534,0.2728,0.2864,0.2991,0.3622,0.3359,0.3303,0.272,0.2904,0.3143,0.3207,0.2832,0.2768,0.2752,0.3351,0.284,0.2704,0.2401,0.2792,0.2401,0.3087,0.28,0.2975,0.9867,0.3657,0.264,0.3223,0.3598,0.3351,0.3311,0.3031,0.272,0.3422
6/5/2022,7.7065,0.159,0.1604,0.1622,0.1573,0.158,0.1588,0.1555,0.1559,0.1616,0.1603,0.1553,0.1604,0.1634,0.1623,0.1601,0.1614,0.1617,0.1625,0.1622,0.1595,0.1615,0.1619,0.1604,0.1633,0.1629,0.1619,0.1585,0.1632,0.157,0.1621,0.1623,0.1642,0.1633,0.1624,0.1639,0.1626,0.1594,0.1619,0.1414,0.1605,0.1598,0.1631,0.1627,0.1606,0.1617,0.1606,0.1625,0.1631
6/4/2022,9.4102,0.1985,0.1922,0.1932,0.2118,0.2013,0.1942,0.2083,0.2118,0.1942,0.2005,0.1867,0.2035,0.1829,0.1935,0.198,0.1916,0.1984,0.193,0.1885,0.1988,0.1978,0.193,0.1966,0.1935,0.1877,0.1957,0.2097,0.1833,0.1885,0.1874,0.177,0.1795,0.1873,0.1865,0.1798,0.1906,0.1841,0.1878,0.3031,0.1998,0.2025,0.1956,0.1956,0.1981,0.1997,0.1825,0.1957,0.1909
6/3/2022,15.7373,0.2711,0.3137,0.364,0.4119,0.3895,0.3702,0.4065,0.4274,0.4143,0.2967,0.2703,0.2881,0.3114,0.2587,0.3369,0.3531,0.2626,0.3369,0.275,0.299,0.2541,0.2425,0.3779,0.2618,0.268,0.3299,0.3934,0.258,0.3524,0.3276,0.2889,0.2533,0.2394,0.2518,0.2905,0.282,0.357,0.3175,0.91,0.3471,0.3028,0.3222,0.2587,0.2781,0.2758,0.3702,0.3299,0.3392
6/2/2022,14.1148,0.2865,0.2511,0.2963,0.3061,0.4051,0.2786,0.3642,0.2981,0.2498,0.2877,0.3917,0.2975,0.2431,0.2908,0.2657,0.2596,0.2511,0.2951,0.3122,0.3055,0.2761,0.2284,0.2535,0.2737,0.2645,0.2407,0.2327,0.2413,0.2694,0.2578,0.2486,0.259,0.2327,0.2639,0.2186,0.2694,0.259,0.2773,0.8919,0.3427,0.3073,0.3367,0.289,0.2908,0.3159,0.3091,0.2651,0.2639
6/1/2022,16.6294,0.3565,0.3272,0.3194,0.4186,0.5274,0.5196,0.4937,0.4678,0.3798,0.3591,0.3634,0.2728,0.3436,0.2685,0.2952,0.3712,0.3531,0.3177,0.3367,0.3056,0.265,0.2564,0.278,0.3686,0.2814,0.3522,0.385,0.2883,0.3082,0.3056,0.2486,0.2392,0.2685,0.2426,0.2858,0.3185,0.2901,0.2832,0.8638,0.3359,0.3833,0.4057,0.316,0.265,0.3487,0.3324,0.366,0.3505
5/31/2022,11.1946,0.2488,0.2328,0.212,0.2398,0.251,0.227,0.2791,0.2542,0.2306,0.2149,0.2392,0.2433,0.2223,0.2216,0.2277,0.235,0.2325,0.2108,0.2341,0.2219,0.2165,0.243,0.2421,0.2296,0.2235,0.2047,0.2328,0.2092,0.2181,0.2155,0.2127,0.2002,0.1906,0.1919,0.2024,0.2191,0.2127,0.2357,0.5527,0.2604,0.2532,0.2197,0.2021,0.2433,0.2379,0.2159,0.2293,0.2012
5/30/2022,27.5806,0.4545,0.6483,0.5759,0.6523,0.8167,0.8814,0.9812,0.5779,0.4858,0.523,0.4369,0.4251,0.4173,0.4369,0.523,0.619,0.4016,0.57,0.6327,0.6092,0.4428,0.4251,0.7149,0.4271,0.5309,0.5935,0.3801,0.4193,0.803,0.478,0.4604,0.4721,0.4584,0.4173,0.4173,0.4193,0.5661,0.3762,2.4276,0.7156,0.4428,0.709,0.4506,0.3644,0.4212,0.5779,0.5955,0.4055
5/29/2022,23.2812,0.486,0.5533,0.4326,0.5212,0.5105,0.7076,0.5334,0.4616,0.6297,0.5884,0.3638,0.4524,0.4341,0.3913,0.4478,0.4509,0.4891,0.5074,0.5365,0.4769,0.4845,0.4692,0.3485,0.3516,0.4066,0.3944,0.5227,0.3531,0.6297,0.4616,0.3348,0.3852,0.2752,0.318,0.4066,0.4264,0.4662,0.483,1.652,0.5273,0.3775,0.4555,0.5151,0.4815,0.486,0.4906,0.4264,0.3775
5/28/2022,16.386,0.3855,0.3461,0.3956,0.4283,0.3679,0.4652,0.3235,0.4451,0.3755,0.2799,0.3663,0.3939,0.269,0.274,0.3428,0.2883,0.2765,0.3679,0.331,0.352,0.2933,0.3034,0.2799,0.3193,0.2505,0.279,0.3302,0.2723,0.4266,0.3017,0.2648,0.2279,0.2363,0.2723,0.2665,0.2967,0.3528,0.3352,1.0209,0.3741,0.3696,0.3352,0.3034,0.2748,0.3612,0.3294,0.3025,0.3319
5/27/2022,46.6438,1.21,0.8313,0.8661,1.3492,0.9782,1.0361,1.5424,1.4071,0.6922,1.0671,1.666,1.1946,0.8932,0.7734,0.8932,0.9898,0.7309,1.0091,0.9395,1.1018,1.013,1.0902,1.0284,1.0246,0.6227,0.8236,1.2294,0.6188,1.0555,0.8159,0.6884,0.5647,0.6265,0.7154,0.7811,0.6884,0.9705,1.0941,2.648,0.7691,0.7425,1.0941,0.7695,0.5299,0.6574,1.2178,0.7502,0.8429
5/26/2022,43.8041,1.1405,1.0546,0.8899,1.1656,1.5487,1.5702,0.7897,1.0367,0.6643,0.7646,1.4735,1.0152,0.7109,0.7503,0.7216,1.0045,0.7789,0.8863,0.8111,0.7825,0.9078,1.0188,0.8434,1.0761,0.5211,0.693,0.9186,0.5784,1.0904,0.6858,0.5784,0.4746,0.6715,0.5355,0.5283,0.6321,0.8505,0.7968,3.4424,0.9619,0.7252,0.9329,1.0152,0.7181,0.7718,0.7574,0.9544,0.5641
5/25/2022,13.5472,0.2737,0.2909,0.2377,0.3198,0.3137,0.3053,0.3281,0.3364,0.3303,0.3031,0.2399,0.2954,0.2571,0.2549,0.2343,0.2399,0.2377,0.266,0.2626,0.2832,0.2904,0.2904,0.2493,0.2809,0.2615,0.2327,0.3331,0.2377,0.3542,0.2576,0.2033,0.2138,0.206,0.2216,0.2438,0.2504,0.231,0.2504,0.925,0.3508,0.2898,0.2804,0.2227,0.2643,0.2382,0.2709,0.236,0.251
5/24/2022,14.6825,0.2849,0.3043,0.309,0.4427,0.5048,0.4213,0.3311,0.3324,0.2549,0.3785,0.3511,0.3097,0.2883,0.2763,0.3184,0.2702,0.2983,0.2696,0.2749,0.3237,0.2763,0.2415,0.2696,0.2903,0.2535,0.2535,0.2843,0.2622,0.3003,0.2629,0.2355,0.2702,0.2382,0.2248,0.2535,0.2669,0.297,0.2495,0.7985,0.3201,0.2756,0.327,0.2502,0.3257,0.2535,0.3397,0.2649,0.2529
5/23/2022,16.7918,0.3302,0.3759,0.2871,0.3829,0.6115,0.4629,0.5157,0.5289,0.4533,0.3293,0.4779,0.3381,0.2757,0.2818,0.3126,0.339,0.3733,0.3671,0.3311,0.3117,0.3478,0.3407,0.3645,0.3363,0.3135,0.332,0.2854,0.2625,0.3917,0.3504,0.288,0.2432,0.2889,0.2643,0.2792,0.3021,0.3196,0.3698,0.5374,0.2567,0.3047,0.3592,0.3706,0.3249,0.2792,0.3504,0.2854,0.3574
5/22/2022,27.7431,0.6405,0.5122,0.4608,0.8281,1.136,0.5951,0.6938,0.7511,0.5576,0.6188,0.7076,0.4865,0.5517,0.5852,0.4056,0.5023,0.447,0.5556,0.4707,0.5497,0.5971,0.4332,0.5595,0.5635,0.5359,0.5477,0.678,0.3957,0.7649,0.5655,0.4016,0.3562,0.4589,0.4766,0.4648,0.4845,0.451,0.4944,1.5472,0.5018,0.526,0.6977,0.4016,0.6208,0.5852,0.6306,0.5319,0.4154
5/21/2022,46.9682,0.7083,0.8486,0.8876,1.2032,1.1175,1.2032,0.911,1.5228,1.1798,1.5033,0.8993,0.8915,0.9577,1.0123,0.72,1.1019,0.7746,0.8213,0.9343,1.1253,1.0279,0.8174,1.024,0.8018,0.6304,0.5836,0.7161,0.7083,0.6733,0.9226,0.6538,0.7512,0.7863,0.7785,0.7979,0.7278,0.6343,0.8408,3.4998,0.9759,1.098,1.2266,1.1019,1.1019,0.7278,1.1837,1.0006,0.8525
5/20/2022,29.0407,0.6127,0.5938,0.4318,0.6864,1.1998,0.7053,0.5559,0.9389,0.8799,0.5117,0.5475,0.6906,0.4318,0.4781,0.5012,0.6254,0.598,0.6043,0.5138,0.6801,0.6064,0.436,0.4633,0.5475,0.5833,0.4507,0.4991,0.4507,0.7937,0.5202,0.3161,0.3245,0.4949,0.3497,0.5033,0.5202,0.4612,0.4507,2.6199,0.7622,0.4149,0.5096,0.5307,0.5075,0.5749,0.5875,0.457,0.518
5/19/2022,46.4812,0.7131,0.7477,0.9748,1.4058,1.3211,1.6905,1.7944,1.3403,0.8901,1.4442,1.1749,0.9324,0.8632,0.64,0.9209,0.8401,0.9632,0.6323,0.9017,0.9286,0.9671,0.69,1.0402,0.6823,0.5861,0.6323,1.2749,0.5861,0.9286,0.7208,0.7208,0.5977,0.5784,0.7516,0.5438,0.7016,0.9979,1.021,3.4334,0.9597,1.0133,0.5399,1.0286,0.7785,0.9786,1.1402,0.8747,0.5938
5/18/2022,22.8756,0.4776,0.4344,0.4984,0.7096,0.7959,0.5549,0.5743,0.5505,0.5133,0.5832,0.7319,0.5534,0.3467,0.3362,0.3868,0.3749,0.3809,0.4196,0.4642,0.491,0.4344,0.372,0.4582,0.3318,0.3407,0.4686,0.5505,0.3496,0.6486,0.3645,0.2931,0.3303,0.2797,0.3913,0.2916,0.3571,0.4419,0.3229,1.8113,0.5659,0.3422,0.3526,0.4106,0.4924,0.4329,0.369,0.4984,0.3958
5/17/2022,16.305,0.3087,0.361,0.356,0.454,0.5371,0.3178,0.523,0.4333,0.3909,0.3012,0.4507,0.3162,0.2663,0.2995,0.3427,0.3444,0.3137,0.2979,0.3635,0.3112,0.3386,0.2522,0.2713,0.3544,0.2547,0.3286,0.361,0.2863,0.3809,0.2788,0.2846,0.2971,0.2314,0.2987,0.2522,0.2738,0.2696,0.3145,1.0374,0.3781,0.2995,0.2854,0.2613,0.258,0.3137,0.2746,0.3137,0.2655
5/16/2022,23.0378,0.5501,0.481,0.478,0.7577,0.8885,0.4644,0.7937,0.511,0.7095,0.4088,0.5456,0.5005,0.4148,0.3576,0.4494,0.4629,0.3576,0.3607,0.4313,0.4283,0.3546,0.49,0.5291,0.4554,0.4088,0.4855,0.5125,0.3441,0.3682,0.4449,0.2644,0.3471,0.3005,0.3456,0.3351,0.3832,0.3682,0.4313,1.4602,0.4807,0.508,0.5306,0.481,0.481,0.3847,0.4764,0.3697,0.3456
5/15/2022,38.8557,0.6449,0.9936,0.901,1.08,1.6107,1.3083,1.5089,0.7344,1.2744,0.9442,1.151,0.5061,0.7159,0.6079,0.6295,0.5277,0.5493,0.6943,0.79,0.6295,0.6573,0.503,0.6511,0.7591,0.8023,0.7961,0.6696,0.4937,0.8239,0.756,0.5894,0.3919,0.5246,0.4259,0.5801,0.6912,0.7406,0.793,2.9673,0.8466,0.7869,0.4783,0.8455,0.611,0.7498,0.6974,0.9072,0.5153
5/14/2022,50.4564,0.778,1.2238,0.8927,1.5168,1.5083,1.7206,1.5805,1.5465,1.3937,0.7653,1.5974,0.9012,1.0031,0.795,0.9054,0.8417,1.1219,0.8842,0.8757,1.1049,0.9266,0.8375,1.1899,1.054,0.9903,0.9096,1.1984,0.6931,1.4955,0.8375,0.4681,0.6252,0.829,0.6082,0.7186,0.7993,0.9181,1.1474,2.9851,0.8509,0.7908,1.2578,0.604,0.8162,1.1347,0.9606,0.9776,0.8757
5/13/2022,26.2013,0.6672,0.5143,0.3996,0.851,0.9657,0.7673,0.8019,0.6636,0.7983,0.5289,0.882,0.3924,0.4634,0.3887,0.4925,0.4979,0.5525,0.3869,0.5234,0.4597,0.4561,0.3523,0.3833,0.6399,0.4106,0.4888,0.4306,0.4269,0.4779,0.4178,0.3632,0.3487,0.3469,0.3432,0.3141,0.3978,0.4415,0.598,1.8451,0.5741,0.5817,0.6017,0.4324,0.5271,0.4979,0.5016,0.5689,0.436
5/12/2022,24.3358,0.5359,0.4574,0.4052,0.7221,0.5783,0.6894,0.5522,0.464,0.5179,0.4819,0.6894,0.4215,0.3872,0.4672,0.3578,0.4117,0.3888,0.5016,0.4754,0.4509,0.4476,0.3562,0.3643,0.5375,0.4885,0.4868,0.7025,0.3496,0.6355,0.4215,0.2761,0.2974,0.2827,0.3088,0.3464,0.4591,0.3496,0.5359,2.5511,0.7455,0.4052,0.3921,0.4623,0.562,0.4509,0.3856,0.4313,0.348
5/11/2022,22.0645,0.4058,0.5408,0.4072,0.7405,0.7222,0.6561,0.4325,0.507,0.3622,0.4831,0.4803,0.327,0.3861,0.4564,0.3847,0.448,0.4465,0.334,0.4367,0.3748,0.3298,0.4916,0.3312,0.417,0.3045,0.4705,0.4255,0.3284,0.5197,0.3959,0.3157,0.3804,0.2961,0.2721,0.3383,0.3692,0.4859,0.3565,2.0125,0.6148,0.3748,0.552,0.3523,0.4044,0.3664,0.4001,0.4311,0.3959
5/10/2022,23.6871,0.4804,0.4365,0.5243,0.6828,0.5745,0.6122,0.7377,0.7283,0.6514,0.369,0.6373,0.4741,0.4349,0.4255,0.4773,0.4506,0.4349,0.5573,0.4318,0.4428,0.3816,0.3988,0.5573,0.5243,0.4835,0.4569,0.6388,0.3675,0.4726,0.5008,0.3078,0.3753,0.3784,0.38,0.3863,0.4208,0.3471,0.3502,1.5236,0.4961,0.5369,0.4318,0.3549,0.3345,0.4459,0.4271,0.3847,0.46
5/9/2022,39.6668,0.6543,0.9235,0.7588,1.199,1.7089,1.3289,1.5315,1.408,0.9108,0.7018,0.9837,0.6227,0.6258,0.5815,0.857,0.876,0.6163,0.9425,0.9203,0.819,0.8127,0.8665,0.7873,0.9774,0.4517,0.6037,1.0819,0.5372,0.7842,0.6733,0.6702,0.6512,0.515,0.4263,0.6417,0.7335,0.933,0.686,0.9846,0.3652,0.9393,0.876,0.7398,0.8887,0.6575,0.724,0.9108,0.7778
5/8/2022,52.6464,1.2605,1.2382,1.2828,1.39,1.2828,1.3632,1.9615,1.1712,1.5061,1.3944,1.3855,0.9524,1.0239,0.7917,0.8676,0.9257,0.8944,0.8453,0.9123,1.1042,1.1489,1.0283,1.1846,0.939,0.689,0.9033,1.5462,0.7873,0.756,1.0328,0.5596,0.7247,0.6533,0.6533,0.564,0.9614,1.2114,0.9569,3.752,1.0371,0.9748,0.6087,1.0998,1.2382,0.9971,1.073,0.9837,1.0283
5/7/2022,25.8771,0.61,0.5153,0.4277,0.8102,0.9139,0.6565,0.56,0.5278,0.3991,0.4402,0.7745,0.5796,0.4813,0.4902,0.4241,0.5528,0.551,0.5528,0.4277,0.5153,0.442,0.4652,0.4312,0.4044,0.4742,0.3705,0.5796,0.4223,0.4992,0.5099,0.3866,0.315,0.358,0.374,0.3937,0.4491,0.4563,0.4581,2.1316,0.6437,0.6011,0.374,0.6029,0.4223,0.5886,0.5188,0.4259,0.5689
5/6/2022,23.7678,0.5167,0.5167,0.4142,0.7706,0.7107,0.5372,0.5041,0.5309,0.4994,0.4868,0.7012,0.4741,0.4741,0.4316,0.3732,0.4458,0.4505,0.4142,0.5136,0.4063,0.4063,0.4663,0.4946,0.4678,0.4804,0.3843,0.5892,0.3433,0.6161,0.3953,0.3937,0.4126,0.3102,0.307,0.3212,0.4174,0.523,0.3559,1.5839,0.5107,0.4804,0.5293,0.4899,0.5419,0.3906,0.5798,0.4631,0.3417
5/5/2022,23.4434,0.3566,0.3937,0.3566,0.5775,0.8786,0.6748,0.423,0.5419,0.6871,0.6516,0.4369,0.5775,0.3921,0.3365,0.4724,0.3999,0.4508,0.4817,0.5419,0.4261,0.3767,0.4354,0.5914,0.3304,0.3026,0.3458,0.5697,0.386,0.3705,0.4539,0.3381,0.301,0.3211,0.3813,0.352,0.4122,0.3659,0.3551,2.2506,0.6726,0.5033,0.4632,0.4663,0.474,0.4153,0.3659,0.3968,0.3891
5/4/2022,30.5005,0.6797,0.7292,0.5132,1.0284,1.1972,0.6369,0.9992,0.8687,0.8237,0.6729,1.0509,0.7089,0.5447,0.6347,0.4839,0.7134,0.5807,0.4434,0.6324,0.5897,0.4322,0.7157,0.6212,0.5514,0.5424,0.5829,0.4592,0.4277,0.5154,0.5019,0.3467,0.5154,0.4367,0.3467,0.3917,0.4569,0.4434,0.4232,1.8088,0.5653,0.7787,0.7539,0.5424,0.4457,0.5919,0.6122,0.5289,0.6302
5/3/2022,20.0366,0.3629,0.4279,0.3809,0.5205,0.535,0.4206,0.5025,0.5964,0.3556,0.405,0.5651,0.4531,0.3713,0.3966,0.3448,0.3737,0.3171,0.3593,0.4483,0.4351,0.3641,0.4387,0.393,0.3845,0.3496,0.328,0.5663,0.334,0.3785,0.4218,0.2509,0.3364,0.3087,0.2569,0.287,0.3352,0.3749,0.3568,1.5807,0.51,0.3593,0.4074,0.3424,0.3123,0.417,0.3978,0.3472,0.3255
5/2/2022,21.1717,0.4591,0.4683,0.4907,0.5631,0.5394,0.6277,0.6013,0.5447,0.3484,0.55,0.4011,0.3656,0.3866,0.4406,0.3247,0.3932,0.3287,0.3603,0.4709,0.4459,0.4486,0.3748,0.3814,0.4209,0.326,0.3037,0.3603,0.2984,0.4406,0.3484,0.276,0.3037,0.3682,0.2668,0.3221,0.3379,0.3642,0.3774,1.8731,0.5809,0.4064,0.4696,0.3563,0.3023,0.4196,0.5105,0.355,0.4683
5/1/2022,18.0898,0.4189,0.3261,0.3483,0.4068,0.6711,0.3725,0.4361,0.3826,0.3866,0.4835,0.4139,0.4411,0.3352,0.3271,0.4018,0.3796,0.3937,0.3876,0.4038,0.3241,0.3604,0.3604,0.4058,0.314,0.2877,0.2948,0.3836,0.2766,0.4572,0.3664,0.3241,0.3019,0.2504,0.2524,0.2908,0.32,0.3917,0.3816,0.8235,0.3261,0.4078,0.2938,0.4088,0.3917,0.3735,0.3896,0.322,0.2928
4/30/2022,18.0892,0.4058,0.319,0.3664,0.5329,0.6651,0.5581,0.3382,0.3836,0.3755,0.4522,0.3997,0.3765,0.3059,0.2857,0.3463,0.2847,0.3785,0.3644,0.4118,0.3997,0.2948,0.3886,0.315,0.3695,0.3604,0.3553,0.3089,0.3079,0.4512,0.3523,0.313,0.3069,0.2575,0.2736,0.2988,0.313,0.312,0.312,1.1506,0.4055,0.3291,0.2676,0.3543,0.3432,0.3231,0.3614,0.3584,0.3553
4/29/2022,17.6026,0.3011,0.3856,0.3299,0.4768,0.5556,0.5085,0.4644,0.5623,0.3818,0.4653,0.3654,0.3741,0.353,0.2781,0.353,0.3587,0.2838,0.3539,0.3626,0.3049,0.2819,0.3808,0.4115,0.4096,0.3318,0.2982,0.4221,0.2646,0.375,0.304,0.2358,0.2617,0.28,0.2905,0.2867,0.2896,0.3549,0.2973,1.0576,0.383,0.3731,0.2848,0.2915,0.2579,0.3251,0.3539,0.303,0.3779
4/28/2022,23.768,0.5467,0.471,0.5183,0.8147,0.9109,0.8258,0.5987,0.7722,0.7343,0.6145,0.4111,0.5798,0.4773,0.3433,0.4426,0.3685,0.4552,0.4268,0.441,0.4615,0.4095,0.4868,0.5057,0.3228,0.4126,0.4473,0.6161,0.3858,0.6775,0.4931,0.4221,0.3685,0.348,0.3417,0.3858,0.4316,0.4804,0.4079,0.3824,0.219,0.5498,0.5687,0.3764,0.378,0.5546,0.5924,0.471,0.5183
4/27/2022,43.1553,0.8557,0.8452,0.7749,1.5553,1.3373,1.4885,0.9155,1.2705,0.9541,1.2811,0.6342,0.9401,0.7889,0.6905,0.694,0.6553,0.9295,0.7995,0.6764,0.9577,0.6659,0.694,1.0631,0.5991,0.7819,0.7643,1.1756,0.6167,0.7573,0.8206,0.578,0.4198,0.4901,0.5745,0.6342,0.7186,1.0526,0.6096,3.9346,1.0814,0.9225,0.7854,0.8557,0.9541,0.7186,0.5604,0.6905,0.592
4/26/2022,28.3106,0.6602,0.648,0.6115,0.9933,0.6155,0.8389,0.5099,0.6907,0.4165,0.7049,0.5038,0.5973,0.4327,0.4002,0.4591,0.449,0.4591,0.4957,0.6297,0.5708,0.5688,0.4368,0.5851,0.6237,0.4734,0.4795,0.6724,0.4449,0.648,0.5526,0.4449,0.3576,0.3982,0.3596,0.3718,0.451,0.5587,0.3881,2.69,0.7793,0.4612,0.4957,0.579,0.4713,0.6379,0.449,0.6277,0.6176
4/25/2022,59.298,1.444,1.3568,1.5312,1.6389,2.67,1.7979,1.9005,1.1567,2.0134,1.7005,2.0493,1.2901,0.8335,1.1362,1.2337,1.3055,0.813,0.8028,1.285,1.0285,0.7976,1.2183,1.5722,1.0695,1.0028,0.7771,1.8492,0.9002,0.9413,1.0849,0.8643,0.5976,0.9105,0.89,0.9002,0.9208,1.2388,1.1926,3.2955,0.9263,0.7361,0.813,0.7412,0.9464,0.9361,1.4543,1.0028,0.7309
4/24/2022,28.3108,0.4937,0.6826,0.6602,0.7983,0.9811,0.8288,0.9182,0.8125,0.6622,0.5079,0.7191,0.4226,0.514,0.4368,0.5851,0.4104,0.4388,0.514,0.4693,0.4612,0.6013,0.449,0.713,0.4246,0.3515,0.5749,0.581,0.4449,0.6399,0.5973,0.3616,0.4673,0.3149,0.4673,0.4612,0.4307,0.4896,0.648,2.0298,0.619,0.5018,0.4287,0.6013,0.5607,0.514,0.5932,0.5465,0.581
4/23/2022,17.7653,0.3151,0.3112,0.3825,0.525,0.6432,0.4508,0.5651,0.4831,0.4401,0.4059,0.3317,0.2838,0.3053,0.3385,0.3864,0.3629,0.3805,0.3405,0.3424,0.3971,0.3629,0.2995,0.4206,0.3903,0.3249,0.3083,0.2868,0.2809,0.4782,0.3024,0.2829,0.2506,0.3112,0.2467,0.3151,0.3073,0.3874,0.3327,0.7772,0.3149,0.4235,0.4333,0.404,0.2878,0.3161,0.2897,0.3444,0.2946
4/22/2022,36.3417,0.8157,0.725,0.6626,0.9064,0.8979,1.34,1.2295,0.9234,1.1785,1.0623,1.0481,0.7052,0.6315,0.5323,0.6173,0.725,0.6088,0.8525,0.6088,0.6541,0.674,0.8185,0.8639,0.7137,0.6258,0.725,0.5124,0.4643,1.0566,0.6371,0.4728,0.4189,0.4217,0.4529,0.5634,0.5351,0.7902,0.742,2.397,0.7081,0.5068,0.5663,0.7533,0.8327,0.6768,0.5493,0.6881,0.4501
4/21/2022,32.5289,0.6229,0.7627,0.7235,0.8191,0.7823,0.9344,0.6376,1.1503,0.9295,0.9074,0.564,0.851,0.488,0.5616,0.5812,0.6646,0.7088,0.5199,0.6769,0.5984,0.6425,0.7652,0.775,0.4855,0.6671,0.6033,0.8927,0.4561,0.6229,0.672,0.4684,0.5272,0.3678,0.3703,0.5248,0.5984,0.4438,0.461,2.5055,0.7345,0.7284,0.4144,0.6008,0.407,0.5567,0.7186,0.515,0.5199
4/20/2022,29.1217,0.4687,0.625,0.4096,0.9249,0.6757,0.8742,0.7454,0.8954,0.7306,0.8637,0.9144,0.7602,0.5595,0.4201,0.5025,0.5173,0.511,0.6842,0.6546,0.5257,0.6292,0.663,0.6166,0.5616,0.4032,0.4729,0.6609,0.4413,0.5616,0.4729,0.4941,0.361,0.3504,0.3293,0.4919,0.4603,0.4814,0.5616,1.6521,0.5273,0.7053,0.5997,0.4666,0.6757,0.4624,0.5405,0.6567,0.5595
4/19/2022,24.7412,0.4094,0.5166,0.6287,0.6321,0.8698,0.7928,0.7593,0.7509,0.5919,0.5216,0.5517,0.4965,0.463,0.4211,0.4714,0.5701,0.5099,0.4228,0.5685,0.4931,0.4379,0.4898,0.5902,0.5065,0.401,0.4211,0.3508,0.3843,0.6153,0.5233,0.3625,0.3006,0.3039,0.3374,0.3425,0.3943,0.3491,0.5601,1.1433,0.4038,0.3776,0.5885,0.5534,0.3224,0.5367,0.617,0.54,0.5467
4/18/2022,13.3034,0.2775,0.2775,0.3046,0.3369,0.3528,0.3804,0.338,0.3671,0.3046,0.2823,0.2733,0.2489,0.2658,0.269,0.2892,0.2468,0.277,0.2711,0.2658,0.2589,0.2791,0.2176,0.2802,0.2616,0.2674,0.2637,0.2886,0.2409,0.3215,0.2446,0.2017,0.2213,0.2367,0.2409,0.2261,0.2383,0.2658,0.2224,0.5328,0.2556,0.2823,0.3099,0.243,0.2414,0.2552,0.2547,0.2658,0.2568
4/17/2022,13.466,0.2355,0.2804,0.3006,0.3224,0.3011,0.3673,0.2836,0.3662,0.3164,0.2853,0.2656,0.2317,0.2525,0.2323,0.2525,0.2995,0.2415,0.2323,0.2853,0.2569,0.2853,0.2831,0.2804,0.2279,0.2426,0.2596,0.3213,0.2312,0.2765,0.2437,0.2541,0.2241,0.2088,0.2519,0.2252,0.2563,0.2935,0.2612,0.9091,0.3469,0.2372,0.2743,0.2601,0.2306,0.2415,0.2465,0.2607,0.2235
4/16/2022,12.7355,0.296,0.2405,0.2363,0.3064,0.3736,0.3604,0.2571,0.2675,0.2888,0.2727,0.3353,0.2377,0.2386,0.2581,0.2543,0.2746,0.2259,0.286,0.2476,0.2566,0.2278,0.2159,0.2311,0.2197,0.2121,0.2178,0.2955,0.2244,0.3139,0.2514,0.2188,0.242,0.215,0.2121,0.2434,0.2306,0.2353,0.2699,0.6015,0.2722,0.2353,0.3035,0.2709,0.2282,0.2709,0.2808,0.2462,0.2353
4/15/2022,26.1205,0.52,0.5726,0.6614,0.8353,0.9603,0.6632,0.5997,0.915,0.4475,0.6179,0.8516,0.5128,0.4693,0.3642,0.4711,0.5037,0.5055,0.4874,0.5635,0.5291,0.4675,0.3986,0.3986,0.6342,0.4892,0.366,0.6922,0.395,0.5907,0.5399,0.3207,0.3859,0.3932,0.3062,0.4602,0.4801,0.578,0.5073,1.4877,0.4874,0.5418,0.4783,0.5617,0.3424,0.4204,0.4348,0.5363,0.3751
4/14/2022,32.4476,0.5383,0.4918,0.5603,0.8243,0.9759,0.7974,1.0566,1.1079,0.5016,0.8488,0.6458,0.7779,0.5725,0.4625,0.5505,0.7583,0.5774,0.6996,0.7485,0.6898,0.7192,0.7436,0.8536,0.4625,0.5603,0.6923,0.7119,0.4698,0.795,0.5505,0.3256,0.4551,0.5529,0.3525,0.4698,0.5969,0.7241,0.5749,1.7444,0.5497,0.8341,0.6067,0.7656,0.7363,0.5749,0.6532,0.4698,0.7167
4/13/2022,28.5538,0.5469,0.6928,0.4195,0.9107,0.8306,0.5613,0.9457,0.5839,0.6045,0.4811,0.8696,0.44,0.3969,0.4688,0.5921,0.5572,0.4668,0.4647,0.5038,0.6394,0.6045,0.5366,0.6024,0.4688,0.5202,0.4071,0.3763,0.4565,0.734,0.551,0.4626,0.4359,0.4133,0.4071,0.4154,0.4811,0.5407,0.5654,2.4523,0.7216,0.5264,0.6045,0.5161,0.6312,0.5366,0.5017,0.5839,0.5243
4/12/2022,31.8799,0.4628,0.6299,0.4699,0.8449,0.7207,1.0454,0.8066,0.9356,0.6777,0.6395,0.4843,0.8353,0.5177,0.6371,0.4484,0.5965,0.5631,0.7374,0.6658,0.5273,0.6777,0.6061,0.7111,0.5798,0.4007,0.6944,0.778,0.4938,0.4747,0.6395,0.4341,0.5631,0.4484,0.3553,0.4246,0.5655,0.4914,0.5296,2.9375,0.8393,0.4652,0.8234,0.6992,0.5201,0.7374,0.649,0.5129,0.5822
4/11/2022,27.0939,0.56,0.4836,0.4092,0.5925,1.0221,0.6555,0.6001,0.7853,0.7605,0.4473,0.8731,0.5562,0.413,0.5409,0.5027,0.476,0.5925,0.4932,0.5199,0.4703,0.4932,0.4531,0.5218,0.6688,0.4321,0.4607,0.5772,0.4168,0.6287,0.5676,0.3538,0.413,0.3175,0.4321,0.3977,0.4397,0.5772,0.5256,1.9965,0.6109,0.5275,0.6001,0.4874,0.4626,0.5944,0.4225,0.5008,0.4607
4/10/2022,47.7794,0.8071,1.0339,1.1492,1.7101,1.0458,1.8294,1.8135,0.9861,1.4754,1.1253,1.6186,0.8867,0.9304,0.827,1.0577,0.7952,1.0856,0.8668,0.9225,1.0617,1.0339,0.8628,1.0537,1.002,0.5605,0.9981,1.3004,0.644,1.368,0.9185,0.7196,0.4849,0.6679,0.5804,0.656,0.6719,0.6719,0.8668,1.8759,0.5816,0.9066,0.8906,0.8429,0.8071,1.1413,0.7355,0.9105,0.9981
4/9/2022,61.7314,1.0156,1.4347,1.064,1.4723,1.4186,2.3965,1.8538,2.2192,1.4885,1.5583,1.9721,1.1338,0.9888,1.295,1.1768,0.8867,0.9512,1.1822,1.1123,1.3004,0.8652,0.9028,1.0049,1.0962,0.9243,1.1822,1.7947,0.7577,1.9237,1.2359,0.8007,0.8544,0.7201,0.6449,0.7953,0.8544,1.0479,0.9189,5.476,1.4556,0.892,1.4186,0.7201,1.3273,1.4616,0.7738,1.1446,0.8168
4/8/2022,35.611,0.8928,0.8293,0.8956,0.9453,0.7769,1.0419,0.9205,1.2269,0.7575,0.8238,1.1717,0.7493,0.6526,0.5035,0.7244,0.7272,0.7051,0.7548,0.6305,0.6002,0.5781,0.6637,0.9398,0.7437,0.6084,0.6499,0.9895,0.4952,0.8459,0.7465,0.5946,0.6195,0.5063,0.5173,0.429,0.5781,0.7879,0.6029,1.5286,0.4973,0.9067,0.4649,0.6084,0.8431,0.5256,0.7631,0.694,0.5532
4/7/2022,40.2354,0.7437,0.9983,0.892,0.9597,1.0145,0.8855,0.8436,1.0886,0.6728,0.9371,0.7276,0.6566,0.7888,0.6889,0.7662,0.7888,0.5664,0.821,0.7082,0.9081,0.547,0.5825,0.9951,0.6373,0.7985,0.6276,1.1563,0.6083,0.8952,0.6051,0.402,0.4181,0.5084,0.5213,0.5277,0.6985,0.6018,0.8275,4.392,1.1925,0.8114,0.9532,0.7211,0.9532,0.792,0.6857,0.7533,0.5664
4/6/2022,49.8072,0.8648,0.8941,1.1742,1.5588,1.053,1.7888,1.4627,1.1868,1.1575,1.2871,1.5338,0.8398,0.6809,0.8189,0.6558,0.869,0.6767,0.6684,1.0739,0.8189,0.6809,0.9401,0.6767,1.0446,1.007,0.7185,0.7561,0.614,1.3833,1.0572,0.6516,0.7185,0.5889,0.5973,0.6725,0.8021,1.1324,0.7102,4.7249,1.2733,1.0237,0.9861,1.1868,0.8941,1.0321,0.9986,0.8648,1.007
4/5/2022,58.1624,1.3756,1.2803,1.0997,1.9976,1.3756,1.4609,1.6715,1.9775,1.185,1.817,1.0646,1.4157,0.8087,1.0445,1.1749,0.8439,1.1047,0.899,1.1248,0.894,1.0796,0.6783,1.2853,0.9492,0.8439,1.2401,1.7769,0.6833,1.511,1.2201,0.7084,0.6532,0.6432,0.9492,0.6633,0.9793,1.2552,1.3455,4.4533,1.2073,1.2301,1.0947,0.8087,1.1799,0.9994,0.9994,1.0495,1.0596
4/4/2022,58.4869,1.0451,0.8482,1.5046,1.9287,1.9186,1.242,1.7923,1.7368,0.8129,1.5046,2.1508,1.0048,0.828,1.1461,1.3228,1.3531,0.8684,1.3985,0.9795,1.3228,1.0249,0.823,1.5652,0.7321,0.7826,1.0199,0.7523,0.7725,0.9997,1.0451,0.5504,0.5504,0.6059,0.9038,0.7978,0.929,1.2925,0.8937,6.0653,1.5987,0.7372,0.7877,1.1512,0.7675,1.2269,1.2471,1.2673,0.8886
4/3/2022,70.0871,1.1973,1.4022,1.7871,2.5322,2.6812,2.1038,1.2904,1.6754,1.129,2.1535,1.8927,1.7499,1.1166,0.8558,1.3649,1.427,1.3463,1.2159,1.4395,1.3712,1.1725,1.0173,1.5077,1.8244,1.0111,1.0173,1.3215,1.0235,1.843,1.1601,1.0669,0.9428,0.9738,0.8372,0.7627,1.2594,1.5698,1.5512,5.3823,1.4329,0.8869,1.6816,1.0483,1.0607,0.9428,1.6257,1.0731,1.3587
4/2/2022,73.0886,1.6897,1.9436,1.182,2.1714,3.369,1.501,1.9371,1.8134,1.5596,1.4749,2.4643,1.5791,1.3448,0.9022,1.2602,1.3122,1.6962,1.7093,1.5596,1.2797,1.2536,0.8957,1.6116,1.872,0.7655,1.1039,2.1584,0.9803,1.3903,1.3903,1.0649,0.9477,0.6418,0.759,1.0519,1.1104,1.3383,1.2471,5.4878,1.4585,1.0584,1.5335,1.488,0.7785,1.5986,1.2016,1.6572,1.4945
4/1/2022,49.6453,0.7122,1.2244,1.2744,1.7617,1.745,1.8783,1.8824,1.5659,1.5285,1.5784,1.2952,0.7039,0.7747,0.8996,0.9829,1.0954,0.8122,1.162,0.9038,1.062,0.9413,0.8372,0.7622,1.0704,0.7955,0.7747,0.9288,0.6206,1.2161,0.9871,0.7664,0.6539,0.6539,0.7539,0.6831,0.7414,0.8163,0.8413,1.6076,0.5165,0.7372,1.2036,1.1995,0.7081,0.9996,1.1828,0.9996,0.8038
3/31/2022,50.5373,0.7707,1.06,1.1791,1.4088,2.2723,1.6087,1.1025,1.6767,0.8345,1.5321,1.1493,0.6473,0.6558,0.7409,0.6601,0.7494,1.1238,0.9238,0.8217,1.2131,1.0174,0.843,0.9281,0.9281,0.7026,1.0812,0.9026,0.6176,1.3407,0.8983,0.6388,0.5793,0.792,0.4942,0.7962,0.9111,0.9366,0.7452,4.9243,1.3217,1.162,0.7537,1.0047,0.7664,0.86,0.6473,0.7111,1.1025
3/30/2022,38.2884,0.9845,0.7058,0.7421,1.3964,1.5569,1.1934,1.0117,1.1298,0.8603,0.9814,0.9148,0.933,0.5665,0.7391,0.6725,0.6301,0.8118,0.8239,0.8966,0.8603,0.6483,0.6331,0.8996,0.6755,0.5332,0.4817,0.512,0.5877,0.5816,0.7633,0.3908,0.6089,0.415,0.3908,0.4271,0.6907,0.8118,0.724,2.5161,0.737,0.624,0.7967,0.9208,0.6725,0.7785,0.8875,0.5756,0.5937
3/29/2022,36.4228,0.5163,0.6499,0.9511,1.0449,0.9398,1.1416,1.1472,1.1643,1.1757,0.7834,0.6129,0.6243,0.755,0.7664,0.7948,0.5646,0.755,0.8261,0.809,0.8602,0.792,0.8261,0.6669,0.6442,0.4566,0.5703,0.9028,0.5617,0.5362,0.5902,0.377,0.5617,0.485,0.5276,0.539,0.6243,0.8431,0.8318,2.6595,0.7719,0.5646,0.5276,0.6953,0.6754,0.5902,0.5077,0.593,0.6186
3/28/2022,44.1289,0.6616,0.7267,0.7231,1.4348,1.0121,1.4745,0.994,1.2541,0.6941,1.2036,0.976,1.0374,0.7014,0.5605,0.864,0.7989,0.6725,0.7556,0.9471,1.0554,0.6219,0.5171,0.5966,0.9218,0.8242,0.6147,1.3372,0.593,1.2975,0.817,0.6074,0.5496,0.4412,0.7158,0.4738,0.7592,0.9218,0.9904,4.975,1.334,0.7267,0.7989,0.5243,0.7917,0.7772,0.7194,0.77,0.5641
3/27/2022,31.8798,0.7756,0.5368,0.7422,0.6944,1.3678,1.0168,0.9929,0.735,0.7661,0.5081,0.5631,0.501,0.5774,0.6084,0.4962,0.735,0.4532,0.5846,0.5607,0.735,0.6944,0.6777,0.8114,0.6299,0.6467,0.575,0.8186,0.4628,0.575,0.6538,0.5296,0.4938,0.4556,0.3673,0.4102,0.5201,0.6228,0.5774,1.7942,0.5618,0.4986,0.7971,0.7422,0.6371,0.5702,0.5655,0.6323,0.6084
3/26/2022,37.2335,0.6461,0.6666,0.6958,1.0846,1.4646,0.7338,0.9414,0.9706,0.8741,0.6724,0.7016,0.9589,0.5789,0.5964,0.8273,0.7864,0.6666,0.6315,0.804,0.7981,0.6724,0.8244,0.6987,0.8858,0.4853,0.6841,1.0554,0.4882,0.6256,0.6519,0.5847,0.4473,0.4415,0.497,0.6256,0.5993,0.6666,0.611,2.9283,0.8371,0.7835,0.6783,0.4882,0.7484,0.7338,0.8332,0.801,0.7572
3/25/2022,31.1497,0.5047,0.5139,0.75,0.9792,1.257,1.0996,0.9607,0.9051,0.5116,0.5926,0.6158,0.6598,0.6158,0.5533,0.6111,0.4445,0.5047,0.5903,0.4954,0.6713,0.5625,0.7292,0.5463,0.4699,0.4213,0.4097,0.4375,0.4213,0.7246,0.6551,0.5417,0.3843,0.4815,0.5347,0.4306,0.4653,0.5347,0.456,2.877,0.8247,0.669,0.5232,0.4144,0.6621,0.6528,0.4607,0.5232,0.5
3/24/2022,48.9959,0.7242,1.0973,0.8595,1.4744,1.4498,1.8188,0.9784,1.3187,1.3883,0.798,1.0481,0.9087,0.8185,0.9046,1.1055,0.9333,0.8185,1.1547,1.0317,1.0809,0.757,0.88,0.8595,0.9538,0.9702,0.7939,0.6258,0.7406,1.003,0.757,0.7447,0.4741,0.7488,0.4741,0.5438,0.7201,0.9661,0.5971,5.0851,1.3607,0.7529,0.5602,1.1014,0.962,1.1711,0.9456,0.6545,1.0809
3/23/2022,36.0979,0.9056,0.65,0.4786,1.1445,0.8607,0.7904,1.1613,0.6809,0.9899,0.9871,1.2484,0.8944,0.6443,0.723,0.7371,0.8466,0.5067,0.8635,0.709,0.6162,0.6078,0.7764,0.8804,0.7511,0.6921,0.56,0.6359,0.5404,1.0602,0.6022,0.4336,0.4954,0.6078,0.4729,0.5572,0.605,0.5067,0.5966,2.1472,0.6475,0.8157,0.9871,0.7876,0.4561,0.5544,0.5348,0.5628,0.7848
3/22/2022,40.5596,0.9155,0.7951,0.9904,1.2183,1.6709,1.4886,1.3421,0.8341,0.5313,0.8146,0.8667,0.5997,0.6062,0.7788,0.8732,0.5965,0.8862,0.6811,0.782,0.769,0.5899,0.87,0.6746,0.6844,0.5346,0.8667,0.5737,0.5802,0.7267,0.642,0.5541,0.6811,0.616,0.4858,0.6323,0.6681,0.5476,0.7788,4.0494,1.1093,1.0393,0.5541,0.6876,0.5444,0.7495,0.5606,0.8993,0.6192
3/21/2022,35.7736,0.8999,0.6277,0.7388,0.8693,0.9999,1.2276,1.186,0.7555,0.8499,0.8471,0.7249,0.911,0.5138,0.5166,0.7388,0.7055,0.5249,0.6749,0.8027,0.5666,0.7555,0.4972,0.586,0.586,0.4638,0.7083,0.9554,0.5611,0.9138,0.7305,0.4472,0.4555,0.5666,0.5027,0.4583,0.5583,0.6166,0.5972,3.2887,0.9246,0.7138,0.5472,0.5638,0.8166,0.6138,0.4805,0.7305,0.4527
3/20/2022,51.5109,0.9325,0.7889,1.0412,1.8288,1.1805,1.2979,1.9898,1.7983,0.6931,0.9368,0.9542,0.8846,0.9412,0.654,1.0064,0.9847,0.8846,0.7018,1.0369,0.7976,0.8889,1.2109,1.2457,0.8106,0.815,0.9107,0.7715,0.741,1.0978,0.741,0.6279,0.7715,0.7149,0.7106,0.6409,0.7802,0.7976,0.8411,5.0192,1.3447,1.237,0.8759,1.1935,1.1239,0.9151,1.0804,1.2153,1.0543
3/19/2022,31.8795,0.7947,0.8066,0.8066,1.0168,0.8663,0.7207,1.1123,0.9499,0.6084,0.9093,0.9881,0.6586,0.6275,0.6132,0.458,0.544,0.5201,0.6705,0.7087,0.5129,0.4389,0.5678,0.6729,0.5273,0.5153,0.5225,0.8305,0.4222,0.6849,0.6084,0.4317,0.3911,0.5081,0.4867,0.4986,0.4819,0.587,0.5416,1.725,0.545,0.8138,0.7875,0.7541,0.3887,0.4819,0.6586,0.7064,0.4079
3/18/2022,37.7206,0.5293,0.9245,0.66,1.2515,1.5308,1.1593,1.0999,0.8621,1.195,1.0286,1.3317,0.8146,0.7581,0.7908,0.6244,0.5709,0.767,0.7373,0.8383,0.6095,0.5798,0.5917,0.9424,0.4817,0.7314,0.7908,1.0672,0.5619,1.1861,0.7819,0.3836,0.4312,0.5322,0.452,0.553,0.5887,0.5174,0.874,1.9148,0.5911,0.877,0.5828,0.6303,0.6571,0.7432,0.5174,0.5411,0.5352
3/17/2022,27.905,0.7001,0.6643,0.4473,0.8594,0.6404,0.5508,0.9967,0.6543,0.8892,0.4712,0.6404,0.5588,0.4812,0.4215,0.4513,0.4593,0.511,0.6623,0.4613,0.6324,0.513,0.5031,0.4951,0.4891,0.4175,0.5747,0.6523,0.3956,0.6026,0.5867,0.3339,0.4254,0.4513,0.3558,0.4493,0.4354,0.4871,0.513,2.2632,0.6757,0.3956,0.4613,0.515,0.5031,0.6404,0.4294,0.6344,0.5528
3/16/2022,35.3678,0.7688,0.7633,0.6976,0.9685,1.1245,1.0424,0.8782,1.1656,0.5307,0.5827,0.662,0.9083,0.6812,0.7168,0.6675,0.4896,0.7606,0.777,0.6894,0.7304,0.5334,0.621,0.5197,0.8837,0.4212,0.7688,0.8892,0.5361,1.078,0.7496,0.5553,0.3883,0.5498,0.465,0.5717,0.5142,0.6018,0.4759,2.5935,0.7558,0.8782,0.6073,0.7824,0.6264,0.5389,0.4951,0.8153,0.5471
3/15/2022,41.614,0.6541,1.0238,0.9835,1.36,1.3398,0.8255,1.0608,1.5045,1.3835,0.9902,0.8356,0.8793,0.7919,0.7448,0.8423,0.9835,0.8524,0.7146,0.8322,0.8759,0.7919,0.7684,0.8154,0.9062,0.7784,0.5196,0.8053,0.5633,0.9566,0.7347,0.4423,0.6373,0.4154,0.5398,0.57,0.728,0.7381,0.728,2.1925,0.6585,0.6843,0.7146,0.9297,0.9028,0.9364,0.9835,0.7953,0.8995
3/14/2022,54.9177,0.8282,0.9267,0.9408,1.4053,2.2404,1.2176,1.0112,2.0575,1.5132,0.8423,1.1848,1.3396,0.7954,1.03,1.1285,1.2833,0.8704,1.1097,1.2692,1.0956,1.2082,1.0253,0.725,0.6593,1.0393,0.6921,1.3818,0.786,0.7719,0.9361,0.4857,0.6734,0.7531,0.6358,0.7907,0.969,1.227,0.7813,5.3274,1.4196,1.41,0.6734,1.1895,0.8376,1.2364,1.3068,0.9877,0.8986
3/13/2022,60.6772,1.0622,1.0674,1.236,2.337,1.5995,1.6785,1.9524,1.5047,1.4731,1.2518,1.4098,1.2307,1.2255,0.8199,1.2782,0.8199,1.2465,1.0042,1.2202,1.3677,1.315,1.157,1.5363,1.5679,1.2465,1.236,1.7154,0.8304,1.5521,0.862,1.0253,0.6092,0.8146,0.7567,0.6408,1.0411,1.2518,1.1096,4.0747,1.1154,0.7567,1.3993,0.7461,1.2676,1.0253,1.0727,1.2518,0.9147
3/12/2022,62.1373,1.3523,0.9246,1.5309,1.8341,2.8248,1.4443,1.336,2.2455,1.9424,1.9857,1.4605,1.244,0.9138,0.9625,1.2657,1.0653,1.2494,0.9787,1.0653,1.2278,0.9787,1.0545,1.022,1.5093,0.8813,1.0545,1.7421,0.773,1.0437,1.244,0.5348,1.0437,0.8055,0.7514,0.6701,0.8596,1.4822,1.1844,4.6666,1.2591,1.4335,1.1899,0.8488,0.8867,1.1574,1.65,0.7947,0.7622
3/11/2022,42.5877,1.1144,1.0556,0.9691,0.9449,1.5121,1.1109,1.1905,0.7962,0.9449,0.7062,0.7892,0.8031,0.554,0.6578,0.7477,0.5886,0.8238,0.7132,0.6578,0.7892,0.8273,0.7028,1.0487,1.0244,0.8446,0.6336,0.9587,0.5368,1.2216,0.7789,0.6751,0.4261,0.7166,0.682,0.4468,0.6613,0.7547,0.9172,4.0046,1.0984,0.6163,0.9138,0.7201,0.5471,0.6578,1.1213,0.8515,0.7304
3/10/2022,36.7469,0.6007,0.5864,0.5835,1.0118,1.1786,0.9773,0.8393,1.3079,0.6496,0.5634,1.2648,0.5806,0.5001,0.5203,0.6266,0.5145,0.8163,0.6726,0.6554,0.6467,0.5375,0.572,0.5835,0.8077,0.6324,0.5346,0.6812,0.5519,1.0262,0.7301,0.4685,0.5433,0.4484,0.5318,0.5174,0.5433,0.8767,0.7704,3.3657,0.9433,0.9055,0.8882,0.5203,0.71,0.6496,0.9457,0.7502,0.6151
3/9/2022,48.4279,0.955,1.1289,1.2421,1.7555,1.2825,1.3027,1.1248,1.3633,1.1733,0.7205,1.0116,1.2784,0.6841,1.0197,1.0884,0.668,0.7893,0.8297,1.0157,0.9146,0.7771,0.8135,1.2138,0.765,0.5467,0.6114,0.7165,0.6073,1.3189,0.8499,0.4254,0.4618,0.579,0.6114,0.575,0.769,0.862,0.7367,4.7795,1.2865,1.1935,1.335,0.7771,0.7771,0.9793,0.8459,1.0601,0.8054
3/8/2022,53.2952,1.0635,1.2764,0.9412,1.6161,1.8562,1.0363,1.0771,2.0011,1.4984,0.9005,1.4938,1.2719,1.0454,0.8687,0.7147,0.8416,0.9503,1.213,0.828,0.8869,0.7736,0.6015,1.0771,0.7963,1.0227,1.0046,1.3036,0.7872,0.7827,1.1224,0.452,0.7872,0.7193,0.7555,0.6377,0.8642,0.8008,0.7057,5.1089,1.3665,1.3579,0.9412,1.1269,1.1949,0.7691,1.0318,1.0635,0.9593
3/7/2022,63.5162,1.4102,1.1382,1.2159,1.5379,2.8426,1.9654,1.7211,1.3436,1.9709,1.8155,1.8821,1.1715,0.8828,1.0383,1.1993,0.9661,0.844,1.2437,0.9772,0.9383,1.2492,0.9383,1.0882,0.7052,0.7996,1.2659,1.7267,0.8551,1.549,1.3325,0.7662,0.7662,0.5719,0.9717,1.0438,1.0327,1.0716,0.9606,6.8138,1.7804,1.2714,0.9494,0.7885,1.4713,0.9661,0.8717,0.8107,0.9939
3/6/2022,61.5696,1.6184,1.6023,1.2273,1.4309,1.7577,1.4684,2.4219,1.9666,0.8095,1.0345,1.1738,1.4309,1.0881,0.9809,1.1738,1.0184,1.4095,0.9166,1.1631,1.0024,0.7827,1.1952,0.8791,1.1845,1.1845,1.2006,1.1523,0.8845,1.6666,0.9809,0.9113,1.0238,0.9006,0.5577,0.8684,0.9595,0.9863,1.0773,5.3048,1.4141,1.5702,0.8899,1.0184,1.2756,1.0827,1.3077,1.3559,1.2595
3/5/2022,50.8616,0.9596,1.0882,0.9553,1.3282,2.0354,1.5854,1.8126,1.2982,1.5211,0.891,1.2896,0.9167,0.8139,0.7024,1.1096,1.1396,0.7196,1.1611,0.8482,0.8225,0.651,0.8696,1.2425,0.9253,0.8439,0.9553,1.3497,0.7496,1.5125,0.7967,0.561,0.5781,0.6296,0.6253,0.5481,0.7667,0.9382,0.7239,3.8087,1.0508,0.9682,1.3025,1.1911,0.8867,1.0796,0.7882,0.8996,0.621
3/4/2022,51.9162,0.8122,1.0582,0.9879,1.7169,1.572,1.8179,1.6993,1.0889,0.9089,1.5017,0.8035,0.8869,0.9132,0.9923,0.8605,1.1109,0.8562,1.2119,0.8518,0.9352,0.8166,0.7156,1.348,0.843,0.8605,0.7551,0.9484,0.6454,1.2119,0.8781,0.6014,0.8957,0.6717,0.8605,0.6322,0.8781,0.7727,0.6717,4.8701,1.3085,1.0757,0.7639,1.1416,0.9264,1.0933,1.1724,1.0538,0.9176
3/3/2022,51.3484,0.9643,1.2981,1.1117,1.2894,2.3341,1.0466,1.9006,1.8963,1.7142,1.0076,1.0987,0.7952,1.0466,0.9643,0.8819,0.7215,0.7649,0.6955,0.7909,1.0466,0.8732,1.1333,0.8212,1.1377,0.5481,0.7085,1.5712,0.7042,1.4368,0.7692,0.7085,0.5351,0.7779,0.7432,0.7215,0.9426,1.2287,1.0206,3.2257,0.9093,1.1507,1.168,0.8863,0.6652,0.8602,0.7996,1.09,0.8429
3/2/2022,49.3207,0.6708,1.0964,0.8691,1.7534,1.1997,1.365,1.6625,1.5055,1.1501,1.0261,0.7823,1.2162,0.6832,0.927,0.8402,0.6542,0.9435,1.146,1.022,1.1832,0.6997,0.8815,1.2286,0.6088,0.8154,0.7245,1.46,0.5964,1.2121,0.898,0.5179,0.646,0.4931,0.7534,0.6956,0.7947,0.8361,0.6253,5.0708,1.3573,0.898,0.5881,0.7947,0.9435,0.96,0.8113,0.9642,0.7493
3/1/2022,48.996,0.7857,0.9087,0.7898,1.0645,1.868,1.8188,1.8147,1.2285,0.6422,1.4293,1.5318,1.0973,0.6668,1.0399,0.7611,0.7816,0.9251,0.962,0.8759,0.9251,0.8595,0.757,1.1383,1.0522,0.8718,1.0686,1.0891,0.7037,0.7037,0.7775,0.7611,0.6463,0.6422,0.511,0.8308,0.7734,1.1547,0.9374,3.858,1.0628,1.1014,0.7119,0.6832,0.8513,0.7324,0.8759,1.1506,0.7734
2/28/2022,60.3528,1.1509,1.0095,1.2504,1.9048,2.2712,1.7006,1.7215,1.1352,1.0776,0.8473,1.8995,1.0933,1.1195,0.8473,0.8996,1.0462,1.3184,1.4755,1.3446,1.2504,0.8001,1.3917,1.4545,1.13,1.1928,0.9624,1.6849,0.7373,1.0514,0.9886,0.8996,0.8787,0.6693,0.8682,0.6274,0.9624,1.4598,1.3603,4.7542,1.2804,1.3132,0.9624,1.3446,0.9729,0.9363,0.7844,1.2294,1.2923
2/27/2022,44.697,1.0657,0.9923,0.6584,1.429,1.9978,1.4841,1.5428,1.3226,1.04,1.3446,1.0437,1.0144,0.7979,0.7575,0.8052,0.8529,0.6144,0.6364,0.93,0.9079,0.6768,1.0217,1.1318,0.8933,0.8382,0.5483,1.2309,0.5336,0.8015,0.8602,0.6254,0.6034,0.4456,0.6034,0.6951,0.8199,0.9116,0.93,2.5998,0.7574,0.6584,0.6364,0.8823,0.6217,0.8492,0.9153,0.6474,0.7208
2/26/2022,46.8063,1.1795,1.2222,0.7992,1.327,1.0476,1.1834,1.3968,1.6413,1.0592,1.0864,1.3968,0.7177,0.9079,0.8652,0.8186,0.8807,0.7682,0.8302,0.8574,0.7526,0.644,0.7565,0.9894,0.904,0.8846,0.6013,0.7099,0.6246,1.2455,0.9079,0.5741,0.7837,0.7449,0.5082,0.7643,0.7371,1.0282,0.5858,4.1167,1.1256,0.8108,0.8458,0.7798,1.0243,0.838,1.0902,0.8652,0.578
2/25/2022,41.5328,0.6328,0.6395,0.9815,1.4745,1.2028,1.461,0.9983,1.3202,0.5389,0.6328,1.4476,1.0989,0.6797,0.5758,0.6697,0.5825,0.8071,0.8071,0.6328,0.9648,0.8574,0.8977,0.8071,0.8608,0.4685,0.6697,1.1425,0.5489,1.119,0.8742,0.7032,0.6697,0.6931,0.5188,0.6261,0.73,0.9077,0.8977,2.6895,0.7791,1.0184,0.5355,0.6663,0.5355,0.7937,0.8574,0.8507,0.6663
2/24/2022,45.0213,0.8442,0.9478,0.5924,1.2033,1.7067,1.0922,1.1477,1.4513,1.3143,0.8812,0.8145,0.6479,0.8368,0.7738,0.8738,0.8368,1.0515,0.7294,0.9034,0.8997,0.9182,0.9885,0.6183,1.1144,0.5813,0.7146,1.1107,0.6813,1.3217,0.833,0.7701,0.7183,0.5813,0.5036,0.585,0.6924,0.9552,0.97,4.1763,1.1401,0.9811,0.7072,0.5443,0.6665,0.6479,0.5813,0.6628,0.7072
2/23/2022,52.4843,0.7761,0.9763,1.1943,1.43,1.1186,1.1498,1.8971,1.2031,0.696,0.9318,0.8206,1.1987,0.7227,0.8651,0.8651,1.1453,1.0297,0.9896,1.1498,1.2476,0.9629,1.2165,0.9629,0.6249,0.7983,1.0875,1.6169,0.6204,0.8117,0.9407,0.7628,0.745,0.6916,0.5225,0.6338,0.8028,0.825,1.1631,6.1085,1.6092,0.9362,0.8651,1.2031,1.1053,1.0163,0.8473,0.7183,0.8784
2/22/2022,41.9389,0.8963,0.8115,0.971,1.0728,1.884,0.8183,0.9574,1.5582,0.8963,0.7572,1.2697,0.8353,0.6181,0.7131,0.6486,0.6554,0.9473,0.6757,0.7674,0.8658,0.6859,0.6486,0.8149,0.6588,0.7538,0.6927,0.6316,0.6384,0.9439,0.8794,0.6554,0.4619,0.4585,0.5604,0.5841,0.7233,0.859,0.8522,3.5803,0.9954,0.8624,1.0016,0.8522,0.6724,0.9473,0.6011,0.764,0.54
2/21/2022,42.7499,0.601,0.9694,0.9207,1.1188,1.3899,1.5949,0.7678,1.3099,1.4038,0.6184,1.2613,1.098,0.8825,0.5976,0.9451,0.9555,0.8269,0.9937,1.0111,0.7783,0.5593,0.7678,0.681,0.9763,0.5802,0.5976,0.8721,0.6671,0.9485,0.8582,0.6358,0.4412,0.4794,0.5176,0.7157,0.674,0.7366,0.7088,3.2676,0.9195,0.959,0.5176,0.7018,0.8443,0.8756,0.9207,0.7366,0.5454
2/20/2022,53.4577,1.3986,0.8076,1.2986,1.2713,2.0486,1.4713,1.1804,1.8759,1.4895,0.8758,1.1349,1.1849,0.6712,0.7985,0.7167,0.7803,1.1667,0.8394,1.0849,1.1304,0.8394,0.8531,0.8713,1.0122,0.6258,0.7894,1.3804,0.644,1.6986,1.0395,0.5212,0.9213,0.8076,0.6167,0.6712,0.9258,1.2713,0.794,5.379,1.4321,1.1395,0.7667,0.6712,0.6894,0.844,1.2213,0.9531,0.8531
2/19/2022,62.7863,1.4432,1.6514,1.1528,1.9144,2.4677,2.1938,2.4622,1.2788,1.7883,1.4432,1.8815,0.9611,1.2186,0.9282,0.9665,1.1528,0.9282,1.3774,0.9939,1.2898,0.9337,1.0268,1.5418,1.2569,0.8077,0.7858,1.865,0.8515,1.4377,1.1528,0.9008,0.5666,0.8515,0.9775,0.6488,1.0761,1.372,1.4596,3.2129,0.9062,1.1857,1.3281,1.3007,0.6762,1.2076,1.4268,1.224,1.3117
2/18/2022,31.88,0.4723,0.8138,0.7016,0.9165,0.9547,1.0049,1.0311,0.6658,0.6299,0.489,0.5416,0.8043,0.5631,0.4461,0.5201,0.5487,0.7302,0.5678,0.6299,0.7135,0.5846,0.5846,0.5917,0.6586,0.575,0.5941,0.8449,0.4986,0.7207,0.587,0.4532,0.5559,0.4532,0.5058,0.4604,0.501,0.4986,0.6204,2.4283,0.7157,0.7565,0.6252,0.4723,0.6132,0.4699,0.6132,0.6061,0.5464
2/17/2022,32.3664,0.5151,0.7344,0.4712,0.9659,1.0219,0.8587,0.8246,0.7295,0.6564,0.8977,0.8221,0.6321,0.5273,0.5833,0.5809,0.4712,0.7076,0.7368,0.7442,0.7368,0.5273,0.6759,0.8343,0.6272,0.5712,0.598,0.827,0.4371,0.9367,0.5443,0.5541,0.5663,0.3689,0.4566,0.4591,0.6028,0.4591,0.749,2.1195,0.6408,0.788,0.4444,0.7612,0.4274,0.537,0.5005,0.6321,0.5029
2/16/2022,45.1832,1.1781,0.8694,1.1743,1.1669,1.9701,1.535,0.7653,1.2078,1.2227,1.1855,1.2264,0.8062,0.6054,0.9401,0.8025,0.9773,0.862,1.007,0.8211,0.7504,0.5868,0.7504,1.0851,0.5571,0.888,0.7393,1.2487,0.5645,1.3417,0.9215,0.5906,0.7207,0.6203,0.6761,0.5757,0.6686,0.7876,0.8025,2.3448,0.6955,0.6054,0.9698,0.7467,0.8917,1.0628,1.0628,0.8174,0.7876
2/15/2022,59.947,1.4498,1.2679,1.0446,2.0004,1.777,1.1381,2.2809,2.2757,1.8394,1.4757,1.8809,1.6264,0.7848,1.055,1.1692,0.8887,1.3459,1.4342,0.9978,1.1433,0.7952,1.0238,1.2783,0.7641,0.8108,1.1225,1.8394,0.9147,1.1796,1.0965,0.8368,0.6082,0.9718,0.9407,0.79,1.0654,1.0913,1.1069,2.4949,0.7319,1.4134,1.2991,0.7225,1.1589,1.0186,1.5796,1.2368,1.1796
2/14/2022,78.118,1.9897,1.569,1.6952,2.8522,3.0555,2.6839,2.5647,2.726,2.5437,1.1483,1.4849,1.4849,1.4989,1.2184,1.527,1.0502,1.2745,1.3727,1.534,1.6952,1.2395,1.8355,1.9336,1.2114,1.1062,1.4919,1.7794,0.959,1.4428,1.3587,1.1133,1.0081,0.7907,0.7346,0.7767,1.2395,1.1834,1.6462,4.511,1.2214,1.2044,2.0388,0.8959,1.0642,1.8775,1.9827,1.7373,1.7654
2/13/2022,57.9194,1.5195,1.0602,1.1251,2.1235,1.6642,2.2533,1.0403,1.814,1.1051,1.834,1.3348,1.3198,1.1601,1.225,1.185,1.1251,1.0053,1.1551,0.9903,0.9853,1.2948,0.6808,1.5095,1.4446,0.7557,0.7907,0.9304,0.7757,1.8689,1.21,0.7108,0.6709,0.6908,0.6259,0.9005,0.9454,1.3498,1.3148,2.6691,0.7742,0.9155,0.7357,1.3298,1.22,1.4047,1.4546,0.9604,0.9604
2/12/2022,49.4013,0.7629,1.1644,1.1562,1.6902,1.2845,0.9947,1.8973,1.5743,1.3342,1.4832,0.7173,0.9657,0.9864,1.0609,1.0899,0.9243,0.9864,1.1851,0.7918,0.9947,0.7463,0.9699,0.8746,0.7794,0.9616,0.796,0.6304,0.7256,1.2762,0.7214,0.502,0.7173,0.4813,0.7173,0.6262,0.7629,1.1851,0.9699,3.1949,0.9018,1.2307,1.1023,0.6221,1.0609,0.8746,1.0982,0.8581,0.9699
2/11/2022,54.9177,1.1942,1.1754,0.9877,1.9073,1.7384,1.7572,1.8745,1.8932,0.786,1.546,1.9214,0.8564,0.7954,0.9783,1.0581,1.0487,1.1989,0.9314,1.0393,1.1754,0.7531,1.0769,1.0816,0.7813,1.0393,1.0909,1.1097,0.6921,1.1707,0.983,0.5092,0.7344,0.603,0.7672,0.8282,0.9549,0.7531,0.8001,4.8706,1.3087,1.0628,0.7907,1.0816,0.7109,0.8564,1.0065,0.9783,0.6593
2/10/2022,45.9948,1.0519,0.9342,0.6226,1.0215,1.4623,1.4091,1.7472,1.6903,1.1013,0.7708,0.824,1.0405,0.6302,0.9912,0.8468,0.7404,0.7936,0.938,1.0329,1.0975,0.9646,0.6226,1.1735,0.9949,0.5238,0.8772,0.957,0.6112,1.3825,0.7214,0.5732,0.7898,0.5656,0.6568,0.7062,0.7024,0.6606,0.8734,3.8017,1.0492,0.6036,0.8316,0.7138,0.6188,0.843,1.0747,0.71,0.6454
2/9/2022,50.0506,0.9404,1.2894,0.8185,1.8739,1.6973,1.3231,1.2011,1.4618,1.0077,1.4913,1.5081,0.6334,0.8605,0.646,0.974,1.1843,0.7259,0.8269,0.7512,0.9782,0.9362,0.7554,1.1717,0.8437,0.7554,0.7974,0.953,0.6545,0.789,0.8227,0.5914,0.4778,0.4652,0.6629,0.6923,0.7049,0.8605,0.6671,5.1541,1.3775,0.953,1.2894,0.7974,1.1422,1.1927,0.8479,0.7007,0.8016
2/8/2022,48.3472,0.9575,0.7114,0.9655,1.3569,2.0025,1.5869,1.5546,1.7241,1.0341,1.0261,1.4901,0.9252,0.8001,0.8848,1.0503,0.6791,0.8001,0.6468,0.7678,1.0785,0.9615,1.014,0.8606,0.5822,0.9615,0.9575,1.0583,0.6871,0.9333,0.9413,0.7961,0.7436,0.5903,0.784,0.554,0.7235,1.1673,0.675,3.1308,0.8863,1.0422,1.0341,0.9494,0.9534,0.9938,0.7356,0.7275,0.8606
2/7/2022,61.3262,1.4838,1.5958,0.9292,2.2944,1.6545,2.321,2.481,2.2251,1.5851,1.0732,1.0412,0.9186,0.8919,1.1639,0.9986,0.8652,1.3932,1.0092,1.2119,1.2812,1.0519,1.4678,0.8812,1.2225,0.6679,0.7693,1.1372,0.8812,1.3505,1.0412,0.9399,0.8866,0.9186,0.8119,0.8332,1.0785,0.9986,1.0839,4.2816,1.1657,0.9666,1.2972,1.1585,0.8919,1.2865,1.4572,1.3932,0.9879
2/6/2022,69.8434,1.082,1.756,1.3231,2.0529,2.9063,2.4858,2.8321,1.9354,1.1252,1.3417,1.2366,1.1562,1.1191,1.1624,1.4159,1.1252,1.3664,1.1871,1.1624,1.5149,1.0448,1.0448,1.8921,0.7666,1.2056,1.453,1.4592,0.7851,1.2613,1.15,0.6181,0.7047,0.8469,0.8593,1.051,1.0201,1.5458,1.0696,5.6654,1.5016,1.0139,1.1685,1.6757,1.385,1.6138,1.6509,1.5581,1.5458
2/5/2022,68.3025,1.1617,1.0531,1.7526,2.0481,1.4752,1.7044,2.0722,2.3074,2.2049,1.421,1.7587,0.8421,1.3848,0.9988,1.0049,1.1436,1.2461,1.4813,1.029,1.0712,0.9807,0.8903,1.8491,0.8119,1.1737,0.9747,1.9456,0.8179,1.8732,1.0049,1.029,0.9325,0.8903,0.9084,0.824,1.0712,1.421,1.5476,5.7759,1.5284,1.0531,1.632,1.5174,1.2762,1.0471,1.7164,1.5355,1.1134
2/4/2022,45.1834,0.9252,0.9773,1.0405,1.2747,2.0035,0.9252,1.2375,1.2004,1.0293,0.8769,1.0144,0.6649,0.5906,0.8174,0.7876,0.9996,0.8508,0.7542,0.8025,0.9178,0.691,0.691,0.8917,0.9066,0.8546,0.9326,0.5422,0.6352,1.1372,0.9326,0.5459,0.7356,0.7207,0.6129,0.7133,0.8062,1.0479,0.8508,3.2574,0.917,1.033,1.0033,0.8434,1.0665,0.7021,0.9401,0.8434,0.6389
2/3/2022,63.5167,1.5379,0.955,1.3492,2.4373,2.3263,2.4151,1.6934,1.7711,0.8773,1.6101,1.2326,1.1327,0.844,1.0216,1.1049,0.8551,1.3991,1.3825,1.0438,1.3381,1.2714,1.0549,0.8606,1.3048,1.2492,1.1493,1.6434,0.7718,1.6989,1.1937,0.5997,0.9217,0.8995,0.6774,0.9161,0.9606,1.4658,1.2215,4.2898,1.1677,1.3325,1.5324,1.1438,0.8828,0.9106,1.5879,1.2881,1.1937
2/2/2022,55.7292,1.0067,0.8635,1.0306,1.7226,2.6247,1.5365,1.5269,1.6558,1.1117,1.8085,1.484,0.8731,1.1117,1.1547,0.9065,1.0831,0.7633,1.2835,0.9017,1.0497,0.7537,0.7442,1.0353,1.126,0.8587,0.6917,1.2072,0.7824,1.4028,1.0783,0.4912,0.9542,0.5676,0.706,0.8969,0.854,0.8731,1.0544,4.7177,1.2715,0.8158,1.2549,0.8921,0.9972,1.0497,1.2549,0.8015,1.0974
2/1/2022,63.3541,1.6778,1.4398,1.5118,1.9269,2.7738,2.0376,1.628,1.4066,2.0542,1.7166,1.4177,1.5228,1.152,1.307,0.8143,1.0413,1.1243,0.9638,1.1022,0.9804,1.2737,0.7756,1.3679,1.4675,0.9693,1.152,1.8328,0.9582,1.1409,1.2239,1.0579,1.0191,0.9859,0.7811,0.6704,1.1354,1.4564,0.9084,3.8012,1.049,1.3789,0.9084,1.1464,0.9139,1.1409,1.0966,1.2904,0.8531
1/31/2022,8.7609,0.1856,0.1865,0.1796,0.1835,0.1953,0.1839,0.1881,0.1927,0.1787,0.1874,0.1904,0.1878,0.1768,0.1813,0.1835,0.1762,0.1763,0.1775,0.1828,0.1773,0.1817,0.1836,0.1878,0.1804,0.1763,0.1775,0.1786,0.1763,0.1817,0.1775,0.1726,0.1766,0.1777,0.1731,0.1736,0.1782,0.1829,0.1818,0.227,0.1813,0.1854,0.188,0.1841,0.1786,0.179,0.1807,0.1836,0.1841
1/30/2022,63.5164,1.1604,1.3769,1.3325,1.8821,2.3485,2.0653,1.9265,2.5039,2.082,1.9043,1.7156,1.5213,1.1549,1.1937,1.2048,1.3381,0.9439,1.2104,1.1327,1.3103,1.0494,1.1549,0.9494,1.2048,1.0272,1.0161,1.1104,0.8162,1.5157,0.9106,0.9883,0.5997,1.0438,0.7773,0.794,0.9828,1.388,1.1826,2.4449,0.7198,1.3991,1.7544,1.1882,1.3381,1.3214,1.0827,1.2215,1.227
1/29/2022,60.3529,1.1771,1.1614,1.554,2.198,2.5173,1.6587,1.4074,1.6901,1.5278,1.6221,2.0671,0.9677,1.2242,1.0828,0.9729,1.308,1.0305,1.0828,1.0985,1.1457,1.2661,1.2818,1.3603,0.7897,1.2294,0.8054,0.8263,0.7164,1.664,0.9991,0.7897,0.6954,0.5436,0.753,0.9991,0.9781,0.7583,0.7216,4.8342,1.2998,1.0776,1.02,1.0514,1.1038,1.4598,0.7425,0.9991,1.0933
1/28/2022,65.9502,1.7603,1.5922,1.7023,1.6792,2.6933,1.9747,2.2471,1.3604,1.5633,1.0243,1.2677,0.8447,1.3373,1.0417,1.1055,1.2387,1.1634,1.1982,1.1055,1.4532,1.4474,1.2735,1.0127,1.204,1.2503,1.4474,1.882,0.92,1.7487,1.3488,0.9606,0.7578,0.6361,1.0185,1.0185,0.9142,1.5053,1.0649,3.8784,1.0678,1.4937,1.7081,0.9896,0.9896,1.146,0.9606,1.5285,1.4242
1/27/2022,61.4881,1.0653,1.3327,1.1776,1.659,2.7822,1.6643,1.215,2.3543,1.8622,0.846,1.3006,0.9209,0.7764,1.0225,0.8995,0.9636,1.4183,1.1936,1.4664,1.306,1.0011,0.7978,1.2364,1.3006,0.7016,1.3006,1.6429,0.7229,1.3648,1.1883,0.8727,0.7925,0.7764,0.7764,1.0332,0.9316,1.0011,1.3381,4.1564,1.1353,1.1883,1.5734,1.2471,1.0867,1.4076,1.2364,1.0867,1.3648
1/26/2022,61.732,0.9941,1.3918,1.0855,2.375,1.3703,2.1332,1.5906,2.0258,1.9398,1.1392,2.273,0.9834,1.1929,1.3004,1.0049,1.3864,1.3595,1.2037,1.1016,0.9189,1.295,1.4455,1.4616,1.424,0.8007,1.1446,1.6658,0.7309,1.6926,0.978,0.5535,0.8652,0.7846,0.9512,0.9673,0.9458,1.2306,1.0694,2.9035,0.8311,1.0371,1.5046,1.1929,1.252,1.4885,0.8061,0.8222,1.1177
1/25/2022,63.5167,1.3325,1.6823,1.5046,2.465,2.1764,2.193,1.8488,1.6379,1.4491,1.2048,1.9432,1.4658,0.8551,1.2048,0.8828,1.3048,1.3381,1.277,1.0882,1.1993,0.9772,0.8384,0.8273,1.3714,1.0494,1.0993,1.2992,0.905,1.5213,0.9217,0.905,0.8384,0.6552,0.7274,1.0161,0.9106,1.0272,0.9106,5.4156,1.441,0.8218,0.9772,0.9994,1.3048,1.5324,0.8717,0.8939,1.4047
1/24/2022,77.2253,1.392,1.5719,1.7312,1.7519,2.7003,2.2573,2.5965,1.6412,1.7519,1.1912,2.8595,1.7658,1.5789,1.302,1.3573,1.295,1.7658,1.835,1.7173,1.2327,1.2535,1.7935,1.0804,1.9042,0.9835,1.3504,1.8073,0.8728,1.4473,1.3712,1.0597,0.8935,0.9628,0.7343,0.7689,1.2812,1.0666,0.9835,6.8454,1.7881,1.2327,1.1981,1.482,1.8488,1.3089,1.6481,1.7035,1.2604
1/23/2022,69.2754,1.0245,1.0797,0.8652,1.8579,2.9608,1.5638,1.9192,2.7464,1.0123,2.1214,1.7966,1.8456,1.0552,1.1961,1.576,0.9387,1.239,1.3003,1.2022,1.625,1.2451,1.4657,1.1164,1.7353,1.3615,1.239,0.9939,0.8039,1.5331,1.4473,1.1593,1.0735,0.9939,1.049,0.7059,1.1838,1.1287,1.6189,4.5154,1.2224,1.4718,0.8897,1.576,1.1226,1.3064,1.625,1.2635,1.5025
1/22/2022,59.6226,0.9462,1.5502,0.8119,2.0096,2.2006,1.3798,2.3297,2.0664,1.4366,1.4159,2.1128,1.5966,1.0856,1.1681,0.9462,1.3179,1.0856,1.1423,1.2198,1.1268,1.0391,1.101,1.1836,1.0081,0.7758,1.0959,1.7257,0.8171,1.2301,0.8687,0.6932,0.9049,0.7035,0.9875,0.6209,0.8687,0.8739,0.9668,4.387,1.1912,0.8274,1.2766,0.8481,1.2559,0.8687,0.9204,0.8481,0.7861
1/21/2022,60.7586,1.0055,1.5489,1.3168,1.7969,1.4276,2.1082,1.5384,1.3537,0.8684,1.8444,0.9633,1.2377,1.1691,1.206,0.9475,1.2482,0.8156,0.8367,1.2746,1.3907,1.3221,1.206,1.5859,0.842,0.7312,0.8261,1.5595,0.9106,1.57,0.8736,0.7576,0.7734,0.9633,0.5887,0.9475,0.9053,1.2271,0.8895,5.452,1.4498,1.301,1.2957,0.7787,1.2746,1.4645,1.0477,1.1585,1.1585
1/20/2022,49.4826,1.3074,0.9341,0.735,1.4651,1.2826,1.3987,1.5563,1.6891,1.0337,0.9673,1.6683,1.324,1.0171,0.8843,1.0585,0.8802,0.9756,0.6728,1.1374,1.0378,0.6935,0.6437,0.6852,0.8387,0.7516,0.9134,1.0005,0.6105,1.0129,1.0212,0.569,0.7765,0.8138,0.5939,0.7391,0.8179,0.6354,0.6645,4.082,1.1172,1.0378,0.5773,1.0461,0.8345,0.9465,1.1166,0.8968,1.0212
1/19/2022,63.2734,1.1118,1.3937,0.9018,1.9188,2.2615,2.4771,1.6701,1.5761,1.5817,1.7143,0.9847,1.3163,0.8355,1.2003,1.1505,1.0842,1.2279,1.4324,1.2169,1.4877,0.8355,0.9129,1.6038,0.8742,1.1395,0.8631,1.04,0.9018,1.4711,1.2003,0.6918,0.7636,0.6973,0.6918,0.7249,0.9571,0.9902,0.8078,6.5356,1.7129,0.7968,1.2611,1.0787,0.9847,1.1339,1.3219,1.4601,1.2777
1/18/2022,74.0619,1.6266,1.9768,1.2567,2.2806,3.4367,1.4284,2.1816,1.8975,2.492,1.3029,2.3731,1.0387,1.369,0.933,1.2633,1.4747,1.0453,1.6531,1.1642,1.1047,0.9726,1.6597,1.1972,0.933,1.5275,0.9462,2.1023,0.8603,1.8777,1.3095,1.1246,1.0783,1.184,1.0717,1.2237,1.2171,1.2501,1.7125,4.9136,1.3191,1.8777,1.1576,1.62,1.4351,1.62,0.9792,0.9462,1.6465
1/17/2022,61.6505,1.2826,1.0412,1.2289,1.803,2.5058,1.7386,2.1893,1.1431,1.1968,1.465,2.1947,1.3738,1.2289,1.068,1.245,0.7997,1.2772,1.4704,1.1163,1.0251,0.8534,1.3523,1.5509,0.9553,1.2772,1.0519,1.5079,0.9017,0.95,1.1056,0.7676,0.569,0.789,0.8427,0.891,0.8588,1.1699,1.1163,4.8679,1.308,1.5133,1.0197,0.9231,0.8319,1.4221,0.9822,0.8641,1.0143
1/16/2022,63.7598,1.6387,1.4491,1.3711,2.1517,2.6647,1.7725,1.1202,1.7949,1.9119,1.6164,2.0569,1.332,1.1202,0.7968,1.0923,0.9919,1.4101,1.4547,1.0365,1.1369,1.3376,0.8414,1.4547,1.0979,0.8971,1.1648,1.293,0.9027,1.9008,0.9752,0.8023,0.6964,0.6072,0.8637,0.8637,1.0365,1.3934,0.9306,4.1329,1.1296,1.4603,1.6945,1.4603,0.8692,1.0086,0.9473,0.9473,1.1313
1/15/2022,58.0016,1.4117,1.5367,1.5117,1.3567,1.6567,1.5717,1.7467,1.2317,1.7617,0.9667,2.1117,0.8617,1.1717,0.9717,1.1967,1.2317,0.7967,1.3217,1.0167,1.1417,0.8667,0.9267,0.7517,1.0317,1.1767,1.0967,1.3217,0.8617,0.8617,1.0717,0.9267,0.7167,0.6817,0.9217,0.9167,0.9467,1.3767,1.1367,4.4837,1.2147,0.8417,0.9917,0.8517,0.9117,1.3967,0.8567,1.0617,1.2267
1/14/2022,54.3503,1.1354,1.1076,1.2883,1.8445,1.5201,1.9002,1.8816,1.5572,1.1586,1.1632,1.3022,1.0334,1.0937,1.0983,0.8666,1.1539,0.95,1.052,0.8619,1.1076,1.1029,0.9129,1.4042,0.8156,0.9778,0.7507,1.2791,0.6302,1.4459,0.8109,0.8202,0.8063,0.6302,0.7785,0.9036,0.8944,1.2003,1.1215,2.4939,0.7317,1.4135,0.6255,1.3069,1.1678,1.1632,0.7136,1.1632,1.2095
1/13/2022,53.2953,0.9457,1.3806,1.4213,1.7022,1.5436,1.983,1.5572,1.0907,1.6795,1.2719,1.6342,1.1043,0.8914,0.8506,1.0318,0.7193,1.0862,0.8687,1.1949,0.8144,0.8234,0.7329,0.9503,1.3715,0.6332,0.8597,0.7057,0.6876,1.2402,0.8099,0.7193,0.8325,0.4973,0.8869,0.5426,0.8914,1.0816,1.0726,4.1649,1.1373,0.8914,0.6332,0.9231,1.0182,1.2402,1.1903,0.914,1.0726
1/12/2022,55.5669,1.451,1.0895,1.2226,1.6507,1.9837,1.1513,1.8981,1.4034,1.451,1.1513,1.4367,1.1703,0.728,0.9087,0.8136,0.8802,0.8326,0.8088,1.2226,1.1418,0.747,0.6899,1.5033,1.3749,1.0467,0.8278,1.5794,0.8088,1.4795,0.9753,0.7375,0.8944,0.6899,0.7517,0.7042,0.9135,0.8183,1.0562,3.7913,1.0466,1.2607,1.4177,1.0942,1.1418,0.8659,1.0657,1.0086,0.8802
1/11/2022,44.9401,0.7836,0.7318,0.5878,1.3672,1.0939,0.9757,1.1677,0.9572,1.0939,1.2933,1.334,1.0421,0.7873,0.6173,0.7392,0.7762,0.7282,0.9313,0.7429,0.8242,0.7429,0.9461,0.8611,0.5582,0.5102,0.706,0.9757,0.5952,1.0385,0.6654,0.5915,0.5693,0.6284,0.6247,0.7429,0.7208,0.8094,0.6321,5.1841,1.3848,1.153,0.6543,0.754,0.983,0.6727,0.8944,0.839,0.9276
1/10/2022,36.4225,0.8659,0.6328,0.9483,1.116,1.3377,1.2723,1.0733,1.2467,1.1586,0.5703,1.0591,0.7067,0.6101,0.6555,0.7692,0.7721,0.6157,0.6925,0.755,0.647,0.5873,0.809,0.6726,0.7351,0.4935,0.5163,0.6015,0.5248,0.7209,0.6356,0.4537,0.539,0.4537,0.4111,0.5447,0.5305,0.7976,0.647,2.1061,0.6375,0.5191,0.5561,0.8687,0.846,0.8261,0.7778,0.5418,0.5646
1/9/2022,36.9093,0.6899,0.5743,0.7853,0.9646,1.1496,0.7824,1.4011,1.2855,0.5338,0.5801,1.0947,0.8316,0.6234,0.6813,0.7651,0.7246,0.5425,0.7593,0.7767,0.7477,0.7882,0.8113,0.846,0.8663,0.7275,0.4644,0.8027,0.4876,0.583,0.6321,0.395,0.4008,0.5801,0.3777,0.5107,0.6697,0.7102,0.794,2.9604,0.8449,0.7246,0.7131,0.7217,0.6552,0.5309,0.5743,0.8518,0.5916
1/8/2022,41.9385,1.0016,0.8454,0.6825,1.4631,1.514,0.8624,1.178,0.9642,1.3749,0.669,0.7674,0.893,0.7504,0.6045,0.9439,0.8217,0.8624,1.0185,0.9608,0.764,0.8963,0.5298,0.7877,1.0796,0.6995,0.8794,1.2323,0.6316,0.8285,0.6282,0.6452,0.6554,0.5264,0.4925,0.6113,0.6214,0.7844,0.6757,3.1979,0.9026,0.635,0.7267,0.6825,0.6554,0.7538,0.7776,0.7063,0.7538
1/7/2022,58.2437,1.3625,1.3223,0.8098,1.7895,2.4528,2.1412,1.5685,2.1161,1.7795,1.2419,1.7745,1.1112,1.0007,0.8751,1.1766,1.272,0.7997,1.3022,0.9756,1.0208,0.8651,1.3424,0.7495,1.257,0.7344,1.0711,1.1012,0.8852,0.8651,1.056,0.5334,0.7947,0.5636,0.8399,0.7344,0.9756,0.7193,0.7193,4.7755,1.2856,1.4127,1.2469,0.9806,0.7344,0.9002,1.1565,1.2318,0.8198
1/6/2022,47.9414,0.6939,0.7139,1.1892,1.5646,1.5087,1.2051,1.7803,1.0654,1.2371,1.2051,1.6924,0.646,0.6699,0.7858,0.7059,0.7858,1.0534,1.0214,0.8137,1.0813,0.7498,0.9855,0.7498,0.7059,0.6579,0.9016,1.3649,0.642,1.1372,0.7618,0.7578,0.4582,0.5741,0.598,0.7618,0.8177,0.7738,0.7059,3.9044,1.0741,1.0733,1.301,0.6699,1.0414,0.6779,0.8896,1.0853,0.7019
1/5/2022,46.7246,1.2277,0.7901,1.1967,1.0612,1.3942,1.158,1.5298,1.6343,0.7398,1.158,0.8715,0.8986,0.7514,0.763,0.7088,1.1077,0.7204,0.7127,0.7708,0.8443,0.6507,0.6275,1.2239,0.55,0.7708,0.6778,0.9721,0.5655,1.0031,0.9141,0.6275,0.6507,0.7127,0.5655,0.674,0.6662,0.9605,0.7088,4.6568,1.2568,1.1619,0.9218,0.6662,0.7166,1.1348,0.9373,0.8018,0.9102
1/4/2022,33.5019,0.5186,0.8603,0.5543,0.9853,0.7991,0.8246,1.1154,0.8756,0.9215,1.0337,0.7226,0.465,0.5288,0.5977,0.7175,0.4982,0.5135,0.7456,0.7532,0.7813,0.7048,0.5058,0.8476,0.516,0.414,0.4778,0.794,0.5058,0.516,0.6665,0.3324,0.4523,0.4548,0.4166,0.5109,0.5492,0.6691,0.7609,2.8076,0.8078,0.7022,0.5288,0.5696,0.4727,0.7354,0.8374,0.5543,0.5798
1/3/2022,36.0983,0.6247,0.9225,0.5713,0.8101,0.7848,0.8804,0.8747,1.0068,0.8214,1.0377,0.5376,0.959,0.5376,0.7371,0.5291,0.6696,0.5713,0.8635,0.7258,0.8326,0.768,0.6471,0.9113,0.6471,0.4589,0.7764,0.5207,0.5432,0.5572,0.5994,0.3577,0.5769,0.428,0.5797,0.5095,0.5938,0.8523,0.5544,3.6259,1.0065,0.6921,0.7258,0.6865,0.4814,0.7146,0.6078,0.6724,0.7061
1/2/2022,40.7218,0.6051,0.7393,0.8211,1.4166,0.9651,1.2563,0.8211,0.9978,0.5888,0.6706,1.3872,0.7622,0.7131,0.6673,0.6673,0.8865,0.7982,0.8375,0.7851,0.7033,0.8898,0.6673,1.0502,0.9324,0.4841,0.6771,0.6673,0.5626,0.6771,0.7,0.6837,0.5659,0.4481,0.5364,0.4677,0.6869,0.6739,0.7066,4.7428,1.2776,0.664,0.6673,0.7917,0.6051,0.579,0.88,0.6706,0.6771
1/1/2022,39.3428,1.0286,0.8687,0.944,1.3734,1.154,1.3169,0.7434,1.1916,1.2292,1.2355,1.1383,0.6337,0.6305,0.8374,0.7026,0.7308,0.8813,0.7559,0.6399,0.712,0.8499,0.8249,0.9722,1.0098,0.4864,0.5616,0.5459,0.5114,0.7371,0.665,0.3986,0.6744,0.4299,0.4049,0.6086,0.6023,0.549,0.7904,2.4466,0.7202,0.781,0.8938,0.8844,0.6337,0.5867,0.6086,0.5553,0.8625
12/31/2021,38.3491,0.9648,0.9315,0.6189,0.9041,0.9406,1.2592,1.3928,0.9982,0.7433,1.1894,0.6887,0.9072,0.5187,0.6614,0.8435,0.7251,0.6462,0.807,0.8859,0.7463,0.5309,0.5946,0.7342,0.716,0.7281,0.6796,0.8435,0.5248,0.6431,0.7129,0.6371,0.4641,0.5005,0.5885,0.6523,0.6644,0.8435,0.6371,2.3181,0.689,0.7129,1.0407,0.5278,0.8192,0.9163,0.6431,0.8495,0.7645
12/30/2021,24.4105,0.5129,0.5802,0.5014,0.6048,0.5835,0.6984,0.6426,0.5408,0.3964,0.4604,0.6557,0.5392,0.5064,0.5014,0.4506,0.4407,0.4095,0.4391,0.4374,0.4653,0.3948,0.4292,0.5671,0.5556,0.3652,0.4046,0.6902,0.403,0.5523,0.4161,0.3094,0.4227,0.3981,0.3882,0.3669,0.4112,0.3997,0.3915,2.1698,0.653,0.403,0.4391,0.3423,0.3833,0.4637,0.4916,0.4834,0.3488
12/29/2021,23.4521,0.553,0.4324,0.3413,0.7492,0.743,0.6704,0.6982,0.6426,0.7276,0.5746,0.5051,0.3598,0.3706,0.4881,0.4773,0.4803,0.3583,0.4695,0.5298,0.3799,0.4819,0.366,0.5143,0.3799,0.3876,0.4355,0.4077,0.383,0.5777,0.4031,0.4062,0.3629,0.3227,0.3737,0.3212,0.3923,0.417,0.5035,1.5443,0.5011,0.4942,0.4232,0.3305,0.4618,0.3722,0.5638,0.4433,0.3305
12/28/2021,23.4523,0.5406,0.4927,0.5947,0.6859,0.6179,0.6766,0.7044,0.6117,0.6364,0.5236,0.4463,0.5437,0.4865,0.4062,0.4834,0.4124,0.4989,0.5174,0.5174,0.4124,0.4633,0.5221,0.3954,0.4386,0.4293,0.4788,0.3413,0.3258,0.4402,0.4031,0.4124,0.2949,0.3428,0.2996,0.3289,0.3814,0.4618,0.5004,1.4486,0.4779,0.4819,0.3305,0.3475,0.4278,0.5051,0.5236,0.4819,0.3583
12/27/2021,32.7442,0.523,0.7581,0.518,1.1069,1.196,0.7828,0.8397,1.0847,0.7605,0.5131,1.0426,0.7655,0.4859,0.4859,0.7135,0.7407,0.7556,0.5156,0.6442,0.5354,0.6046,0.763,0.8199,0.8273,0.5428,0.6912,0.6566,0.4512,0.6022,0.6838,0.424,0.5601,0.3844,0.5428,0.3696,0.4933,0.4636,0.7432,1.4569,0.4799,0.5502,0.8645,0.7457,0.5749,0.7407,0.8298,0.5131,0.5972
12/26/2021,38.6442,0.5926,0.9174,0.5068,0.8991,1.6069,1.0431,1.4384,1.1381,1.2423,0.611,1.2178,0.6233,0.6754,0.5344,0.7489,0.5344,0.7949,0.8531,0.6846,0.8562,0.6416,0.47,0.755,0.8378,0.7489,0.5773,1.1136,0.4731,1.0308,0.7949,0.6263,0.5375,0.6233,0.4118,0.4608,0.5865,0.5804,0.5007,2.8618,0.821,0.7734,0.5558,0.847,0.7918,0.6202,0.7826,0.7795,0.5221
12/25/2021,32.3016,0.835,0.8058,0.5045,0.8009,0.8544,0.609,0.7912,1.0634,1.0148,0.8252,0.8495,0.8131,0.6138,0.4631,0.4656,0.5628,0.6964,0.5895,0.6284,0.5749,0.4461,0.5652,0.8447,0.4413,0.4559,0.6454,0.417,0.4388,0.7985,0.5725,0.468,0.3538,0.4607,0.3805,0.3757,0.4899,0.7693,0.4631,2.3216,0.6898,0.8277,0.7693,0.4267,0.7402,0.7548,0.6892,0.6843,0.6503
12/24/2021,28.4666,0.6886,0.5085,0.4184,0.8421,1.0467,1.0119,0.7213,0.6783,0.8666,0.4245,0.9669,0.5494,0.5658,0.4286,0.4082,0.5801,0.4634,0.488,0.5555,0.5576,0.531,0.3713,0.709,0.443,0.578,0.5289,0.8421,0.445,0.4368,0.5146,0.4184,0.3816,0.445,0.4102,0.4164,0.5044,0.6313,0.662,1.6472,0.5261,0.4409,0.7643,0.5801,0.531,0.4348,0.4839,0.578,0.4409
12/23/2021,31.9329,0.4586,0.4993,0.7554,1.1001,1.1048,0.8631,1.1431,0.9158,0.8799,0.9182,0.9373,0.7913,0.5759,0.6429,0.5592,0.686,0.7339,0.6669,0.6549,0.6166,0.631,0.4347,0.5161,0.7099,0.5065,0.5951,0.5831,0.4922,0.8081,0.5831,0.4012,0.4299,0.4563,0.4012,0.418,0.5472,0.5424,0.4682,1.3818,0.4617,0.6525,0.8511,0.6214,0.4658,0.5783,0.4634,0.7267,0.7028
12/22/2021,31.3428,0.6709,0.5238,0.7012,0.7036,1.2101,0.8506,1.1167,0.951,0.7059,0.7759,0.874,0.4631,0.6172,0.5028,0.6639,0.6942,0.5962,0.5565,0.5168,0.7059,0.4304,0.5472,0.5728,0.6872,0.5261,0.4888,0.8133,0.4444,0.6125,0.6055,0.4094,0.4491,0.4981,0.4585,0.3768,0.5845,0.5308,0.6989,2.3981,0.7084,0.5635,0.5752,0.4841,0.5938,0.5775,0.4374,0.4701,0.4001
12/21/2021,40.7827,0.6092,0.6289,0.7928,1.4616,1.5239,1.2583,1.4255,1.1338,1.2846,1.16,0.8354,0.7994,0.5437,0.8649,0.9272,0.7109,0.606,0.9371,0.9174,0.96,0.8453,0.8289,0.6027,1.0485,0.7043,0.5568,0.7961,0.524,0.8977,0.6551,0.6027,0.5371,0.4748,0.6551,0.5469,0.7338,0.7141,0.7305,1.723,0.5445,0.9174,0.5568,0.5928,0.8223,0.9633,1.0715,0.9502,0.8059
12/20/2021,47.8625,0.8124,1.239,0.7606,1.3745,1.1513,1.5539,1.8329,1.7213,0.8563,0.7247,1.7054,1.0915,0.7008,1.0038,1.0397,1.1313,1.1034,0.653,0.9998,0.9799,0.8364,0.5852,1.2031,0.5852,0.8643,0.8244,0.8324,0.6012,0.7447,0.7008,0.4696,0.6649,0.7287,0.5932,0.5095,0.7447,1.0197,0.8643,3.2972,0.9267,1.1632,1.0516,1.1114,0.7845,0.7885,1.0795,1.0995,0.7526
12/19/2021,44.6178,0.9723,0.8111,0.8624,1.3018,1.6936,0.9723,1.0748,0.9466,0.7269,1.2066,0.9283,0.8478,0.7342,0.6171,0.9869,0.9027,0.8075,0.8148,0.7196,1.0089,0.7562,0.6793,0.7233,0.6427,0.8661,0.7342,1.2762,0.6354,0.9979,0.8441,0.423,0.4376,0.6793,0.5365,0.7452,0.7123,1.0162,0.8587,4.0884,1.1188,0.661,1.0894,0.9979,0.639,0.7416,0.9356,0.9613,0.8844
12/18/2021,50.8128,0.826,0.9587,1.1085,1.8107,1.3397,1.9477,1.3526,1.0829,1.2413,1.1085,1.6266,0.8474,0.7147,0.6761,0.8774,1.1514,0.689,1.0829,1.1899,1.1,0.6676,0.7446,1.1556,1.2541,0.7275,0.7832,1.1085,0.6462,1.4896,0.8388,0.5777,0.552,0.5434,0.7275,0.8431,0.7404,0.9929,0.9587,4.211,1.1485,1.0229,1.1599,0.8303,0.629,0.9373,0.7318,1.07,0.9887
12/17/2021,47.2728,1.1642,0.9835,1.0032,1.5608,1.4941,0.9168,1.6433,1.7415,0.7872,1.5059,0.8422,0.7597,0.6026,0.5947,0.9914,0.8186,1.0542,1.1171,0.7911,0.8422,1.0542,0.6772,1.066,0.8422,0.8264,0.9875,1.0385,0.689,1.3448,0.7911,0.6458,0.4848,0.7636,0.7518,0.5005,0.6851,0.8461,1.0385,2.8717,0.8234,0.8068,1.227,1.1171,0.9286,0.8854,1.1328,0.6222,0.6104
12/16/2021,42.6262,0.8661,0.7761,0.5545,1.3924,1.4963,1.2297,1.4444,1.2262,0.6064,0.8384,1.2886,0.7726,0.7553,0.8523,0.873,0.7138,0.9561,0.6168,0.9492,0.9631,0.5614,0.7934,0.8661,0.9631,0.7103,0.873,0.8557,0.6584,1.0219,0.8834,0.4194,0.5302,0.5302,0.5337,0.648,0.6965,0.7934,0.7068,2.613,0.7606,1.0116,1.0012,0.5545,0.5753,0.9804,0.9561,0.9942,0.9631
12/15/2021,46.4615,0.859,0.9667,0.7782,1.282,2.0743,1.4628,1.059,1.4474,0.9013,1.1128,1.3436,1.059,0.5936,0.9628,0.882,1.0359,0.9628,0.6359,0.9244,0.9167,0.959,0.5359,0.682,0.7744,0.8897,0.7782,1.0513,0.6359,1.3013,0.9051,0.759,0.6359,0.509,0.6474,0.5936,0.6782,0.5897,1.0244,3.7381,1.0337,0.759,0.7397,1.0897,0.7128,0.6782,0.8167,0.859,0.8244
12/14/2021,46.609,1.0508,1.2091,0.7111,1.2516,1.0045,1.6647,1.4562,1.2207,1.433,1.4137,1.5566,0.5952,0.9195,0.8925,0.6609,0.6416,0.8539,0.8925,0.7458,0.769,0.7149,0.7033,0.7883,0.989,0.5219,0.7535,1.1203,0.5605,1.4369,0.7265,0.6107,0.5605,0.7651,0.7033,0.6068,0.7458,0.6879,0.5914,4.2426,1.1562,0.6416,1.2516,0.7265,0.8462,0.85,0.6763,0.7226,0.9659
12/13/2021,46.6827,1.1376,1.0448,1.2382,1.4045,1.5051,1.7604,1.7952,0.9558,1.4239,1.2923,1.5283,1.242,0.6425,0.9481,0.9171,0.9171,1.0834,1.0718,0.9365,0.7082,0.7082,0.8243,0.627,0.9287,0.8707,0.8281,0.6889,0.6889,1.1802,0.8204,0.4413,0.7276,0.7082,0.7508,0.7121,0.8397,1.0448,0.8591,1.0724,0.3866,0.8668,0.8707,1.0448,0.6618,0.9983,0.9248,1.0757,0.979
12/12/2021,45.2814,0.6476,1.177,1.0801,1.3448,1.1099,0.9123,1.3709,1.2888,0.8415,0.6364,0.9086,0.9309,0.793,0.6588,0.8265,0.7706,0.9719,0.7184,0.7594,0.8228,0.6998,1.0651,1.0391,1.1472,0.6029,0.5991,0.8079,0.5507,1.0801,0.7744,0.6551,0.6886,0.4314,0.7483,0.573,0.6998,0.6513,0.8638,5.0384,1.3494,0.7557,0.614,0.9794,0.7594,0.793,0.8601,0.8899,0.9943
12/11/2021,42.4053,0.6896,0.7516,0.9545,1.4637,1.3192,1.247,1.4156,1.3846,1.013,0.6965,1.0715,1.0956,0.6415,0.638,0.6999,0.9855,0.872,0.9649,0.7344,0.7309,0.7516,0.7722,0.6931,1.0784,0.5245,0.552,0.5176,0.5864,1.0268,0.7894,0.5245,0.466,0.6965,0.4213,0.5073,0.6346,0.9683,0.9545,3.4556,0.9651,0.8376,0.6965,0.8617,0.8238,0.5967,0.7653,0.7137,0.8548
12/10/2021,48.1571,1.1786,1.026,1.2027,1.0541,1.9135,0.9979,1.8171,1.026,1.3794,1.2951,1.6404,0.7088,0.8413,0.8534,0.9377,0.6927,0.8373,1.1304,0.8413,0.9658,1.0742,1.1184,0.6405,0.6927,0.5682,0.9859,1.4517,0.5843,1.0622,1.014,0.5763,0.7771,0.7931,0.4678,0.5602,0.765,0.6044,0.7289,2.923,0.8358,1.1023,0.7811,0.7851,0.5803,1.0301,1.2228,1.0903,1.0019
12/9/2021,57.8923,0.8851,1.0198,0.7504,1.9129,2.4667,1.873,2.0426,1.0897,1.5637,1.6485,1.389,1.0697,0.945,0.8552,0.7853,0.95,1.0797,1.389,0.9799,1.1346,0.8402,0.7704,0.9949,1.2743,0.7704,1.1196,0.6756,0.7903,0.8352,0.9899,0.6656,0.7654,0.6706,0.6456,0.7853,1.0148,0.8153,1.3192,5.6506,1.498,1.1994,1.0847,0.6556,1.0248,1.3142,1.4788,1.1994,1.2144
12/8/2021,54.7948,0.9809,0.9388,0.906,1.2476,1.7343,1.2149,1.126,1.6781,1.7671,0.789,1.2429,0.906,0.7142,1.0651,1.009,1.257,1.2008,1.1634,1.1213,0.8452,0.9341,1.0745,0.8031,1.0464,0.906,1.1634,1.1868,0.6908,0.8452,0.8779,0.5925,0.5083,0.7469,0.5363,0.8592,0.8078,1.1774,0.6721,7.3547,1.9117,1.126,0.6721,1.0792,0.7469,0.7937,1.0324,1.0417,0.7001
12/7/2021,49.7801,0.6931,0.948,1.2822,1.2864,1.1945,1.7668,1.3532,1.5955,1.629,1.5078,1.2153,0.6388,0.8184,0.6889,1.0775,0.9647,1.0357,0.8769,1.1819,0.8059,0.948,0.9563,0.9772,1.2153,0.9772,0.7725,1.1318,0.6346,1.4827,0.7349,0.7767,0.8268,0.8184,0.6012,0.6597,0.8184,0.8184,0.6471,2.5166,0.7372,1.2697,0.9145,1.1193,0.6513,1.1569,1.1234,0.9354,0.9981
12/6/2021,51.6235,1.0871,1.1962,0.7556,1.2791,2.2562,1.4754,1.4405,1.2136,1.266,1.0391,1.3183,0.8734,0.6683,0.9344,0.9126,0.9868,1.1351,1.1177,1.0304,0.8646,1.0697,1.0784,0.9039,0.6465,0.6596,1.0348,1.0959,0.6334,0.8908,0.917,0.7294,0.8559,0.8603,0.616,0.5244,0.8297,0.8865,0.8123,4.4421,1.2046,1.1526,0.8079,0.7425,1.1308,1.2398,1.2529,1.0042,0.7512
12/5/2021,49.3376,0.8446,0.7785,0.9521,1.1257,1.7499,1.0844,1.659,1.5184,1.3365,1.4605,0.9893,0.6627,0.9397,1.0058,1.043,0.6627,0.8653,0.8818,0.8281,0.9893,0.6751,0.7909,0.7743,1.196,0.857,0.8281,1.3572,0.6834,1.3407,1.0306,0.642,0.8322,0.642,0.6048,0.6503,0.7123,0.7661,1.1216,3.3166,0.9314,0.8529,1.0802,1.1298,0.5511,1.1092,1.2662,1.105,1.1133
12/4/2021,35.7681,0.8914,0.5582,0.8859,0.9025,1.2413,0.872,1.0358,0.8803,0.5998,1.083,0.7081,0.8803,0.6943,0.4777,0.6248,0.5082,0.5582,0.5526,0.561,0.6471,0.5471,0.7137,0.8414,0.9164,0.4638,0.5749,0.8248,0.4471,0.5749,0.5637,0.6026,0.3999,0.4055,0.4416,0.5776,0.5693,0.5388,0.6776,3.2791,0.9223,0.722,0.7498,0.7887,0.5887,0.536,0.8248,0.7609,0.7526
12/3/2021,45.2812,0.8862,0.7706,0.9533,1.0763,1.8182,1.5237,1.4454,1.5945,1.095,0.8564,1.5013,1.2068,0.8228,0.8154,0.6923,0.8713,0.6066,0.9608,1.0689,1.0167,0.7371,0.6513,0.9831,0.6886,0.5134,0.5581,1.0987,0.5917,1.1546,0.8489,0.4873,0.7072,0.4575,0.7445,0.6662,0.7333,0.9235,0.8415,2.9595,0.8447,1.0167,0.6737,0.7072,0.5544,0.9458,1.0018,0.6886,0.9198
12/2/2021,52.6561,0.8901,0.7963,0.8186,2.011,1.1893,1.7654,1.2116,1.1178,1.6403,1.0151,1.5064,1.1446,0.9839,0.8678,0.7651,1.0687,1.1268,0.8678,1.1848,0.832,0.9526,1.2027,1.2697,1.0866,0.7159,0.9214,1.3188,0.8008,1.3902,0.9973,0.4569,0.6356,0.5016,0.4971,0.5462,0.8812,0.7204,1.0151,4.4858,1.2152,1.2429,1.4215,0.7025,1.0107,0.8856,0.8231,1.091,1.0643
12/1/2021,48.7472,1.2302,0.7086,0.9083,1.491,1.5765,1.2913,0.9164,1.7843,1.5073,0.7738,0.7738,0.8349,0.7045,0.8634,0.7086,1.0957,1.0957,0.8553,1.059,0.9531,0.8553,0.8838,1.1976,0.7779,0.7371,0.619,1.2709,0.6679,1.1609,0.8105,0.4804,0.7208,0.4845,0.5497,0.7249,0.7779,1.0794,0.676,4.4782,1.2134,0.7534,1.0427,0.9612,0.9123,1.002,1.059,0.892,0.8268
11/30/2021,49.1899,0.8422,0.974,0.9534,1.4642,2.2797,1.7854,1.8637,1.6372,1.3076,1.0193,1.5136,1.2417,0.6733,0.7021,0.8092,0.8628,0.8916,1.0728,0.8381,0.8751,0.6815,0.6527,1.1552,1.044,0.7474,0.9822,1.2458,0.6198,1.3818,0.9493,0.5456,0.7598,0.5992,0.5786,0.7557,0.8545,1.1758,1.0811,1.6714,0.532,1.0811,1.0481,0.6404,1.1223,0.7763,0.8751,0.9163,1.1099
11/29/2021,52.066,0.8585,1.2507,1.1273,1.5944,2.2598,0.9775,1.0171,1.1141,0.9907,0.9775,1.8368,0.8453,0.6911,1.1185,1.0304,0.788,1.2198,0.7307,0.8144,0.9202,0.8144,1.0877,1.352,0.647,1.0656,0.9422,1.2992,0.7351,1.2066,1.0744,0.8453,0.7483,0.6558,0.7351,0.7175,0.8938,1.0744,0.6955,4.5705,1.2358,0.8497,0.766,0.7527,1.0788,0.7263,1.1141,1.0524,1.167
11/28/2021,45.5769,0.9746,1.0723,0.8881,1.4706,1.0384,1.6021,1.17,1.5495,1.4894,0.7566,0.9558,0.6176,0.7491,0.9483,0.6251,0.6815,0.6101,0.8806,0.7153,0.7867,0.6702,0.6401,1.0647,1.0234,0.8055,0.689,0.7679,0.5537,1.17,0.9257,0.7078,0.7153,0.6138,0.4673,0.7641,0.6552,0.6251,0.8393,4.5388,1.2281,1.0497,0.6213,0.8769,0.7904,0.8468,1.0986,0.6364,0.6101
11/27/2021,43.2898,0.8054,0.7984,0.8019,1.1336,1.1795,0.8654,1.2218,0.8654,0.9289,0.6854,0.876,0.9148,0.6254,0.9007,0.8019,0.7595,0.9501,0.9995,0.6572,0.9819,0.6819,0.6043,0.9678,0.516,0.8866,0.7243,1.2571,0.6184,1.2642,0.8901,0.5478,0.4455,0.4313,0.6748,0.5125,0.7807,0.6713,0.5584,4.3977,1.1938,0.8619,0.8301,1.0242,0.8936,1.0136,0.9289,0.7207,0.6396
11/26/2021,48.9688,1.0393,0.7771,1.0147,1.8505,1.9078,1.2441,1.9037,1.4039,1.5719,0.9533,1.0967,1.1704,0.9451,0.7484,1.0352,1.0106,0.9656,0.8754,0.7689,1.1089,1.0639,0.8918,1.0188,0.9492,0.5641,0.9,0.8877,0.6583,1.0598,1.0311,0.814,0.8263,0.4903,0.6665,0.6829,0.7853,1.0475,0.7484,2.8138,0.8093,0.6993,0.5518,1.1745,0.7607,0.7607,1.1008,0.7648,1.0557
11/25/2021,48.1573,1.006,1.0742,0.8855,1.536,1.2389,1.3995,0.9778,0.9738,1.3272,0.769,1.5802,1.1786,0.8775,0.9457,0.8052,0.9136,0.7289,0.9698,0.7409,0.9096,0.9096,0.753,1.1786,0.6727,0.9738,0.765,1.0381,0.6967,1.4156,0.9417,0.4919,0.6847,0.6686,0.6566,0.7329,0.8453,0.8052,1.0421,3.7534,1.0374,1.2228,1.1104,0.9457,0.5522,1.0983,0.6606,0.9778,0.6887
11/24/2021,53.2465,1.0128,1.0128,1.2254,1.3476,2.4245,1.2209,1.3702,1.0625,0.9766,0.7865,1.1757,1.0309,0.8906,0.7549,1.0399,1.0354,1.1033,1.1711,1.0263,0.9585,1.0354,1.0761,0.8273,1.1395,0.8454,1.1576,1.1847,0.7368,0.8408,1.0671,0.6599,0.9178,0.5739,0.5467,0.6825,0.9313,1.1938,0.972,4.8559,1.3051,1.4019,0.7322,0.9811,1.0761,1.2752,0.7639,0.9947,0.8454
11/23/2021,49.7799,1.1819,0.9605,0.6304,1.8003,1.5287,0.973,1.746,1.0942,0.973,1.1945,0.8393,0.9563,0.7098,0.643,0.8059,1.0399,0.8184,0.9647,1.1151,0.9145,0.7725,1.161,1.0273,1.0148,0.6931,0.9312,1.2195,0.7599,1.2864,0.9145,0.6304,0.7934,0.597,0.48,0.6722,0.8895,0.7098,0.8477,4.9539,1.3289,0.7892,0.8602,0.9981,0.5928,0.8435,1.044,0.9897,1.09
11/22/2021,45.1338,0.9613,0.9242,0.8648,1.0839,1.5926,1.2064,1.4181,1.5555,1.2361,0.9836,0.8202,0.6828,0.6717,0.8648,0.7348,0.7497,0.6531,0.9873,0.7682,0.7534,0.8611,0.991,0.5974,1.0727,0.6011,0.9391,0.7942,0.5937,1.2176,0.7088,0.6308,0.6308,0.6717,0.6011,0.7088,0.7088,0.9725,0.8834,3.5909,0.998,0.5937,0.8536,1.0802,0.8685,1.0505,0.9093,0.6086,0.8834
11/21/2021,32.0806,0.5279,0.8072,0.682,0.983,1.0143,1.1419,1.2094,1.0504,0.4749,0.7253,0.6699,0.5495,0.6242,0.5712,0.4773,0.6651,0.7205,0.7374,0.6122,0.6724,0.5664,0.4436,0.6507,0.6266,0.5134,0.4749,0.812,0.4701,0.8819,0.6411,0.3304,0.3762,0.4532,0.4002,0.4075,0.5255,0.5423,0.6411,1.8892,0.5849,0.6988,0.629,0.5784,0.4388,0.7326,0.6748,0.6411,0.5399
11/20/2021,38.5701,0.6436,0.9218,0.8728,1.31,0.8086,0.9921,0.7108,0.8851,1.1633,1.1816,1.0929,0.6833,0.6619,0.723,0.6161,0.5885,0.7444,0.6466,0.9065,0.7658,0.7506,0.5091,0.7016,0.4785,0.6955,0.558,0.6222,0.5121,0.7414,0.6099,0.3745,0.4326,0.3837,0.5396,0.6374,0.6374,0.9004,0.8728,3.4727,0.9693,0.7964,0.9218,0.827,0.8759,0.6008,0.5977,0.7811,0.8514
11/19/2021,42.7003,1.0203,0.8156,0.7843,1.2736,1.3985,1.2285,1.0723,1.2875,0.944,1.1105,1.4887,1.0029,0.6906,0.8537,0.6698,0.7219,0.7774,0.7496,0.7427,0.9023,0.937,0.9162,0.6941,0.5484,0.8815,0.7392,0.944,0.6178,1.2563,0.6282,0.4096,0.6455,0.708,0.5553,0.5484,0.6386,0.8954,0.8121,3.4977,0.9754,0.6178,0.5171,0.6802,0.5831,0.8711,0.7392,0.7357,0.5727
11/18/2021,45.5024,1.0255,1.078,0.6092,1.4905,1.963,1.1905,1.1117,1.558,0.7292,0.8305,1.5843,1.1605,0.9205,0.958,0.8792,0.7442,0.8155,0.7105,0.9167,1.0667,0.8717,0.898,1.1305,1.078,0.8642,0.5754,1.3105,0.5417,1.303,0.6992,0.5229,0.6017,0.4779,0.688,0.7592,0.7817,0.6429,1.0217,2.0768,0.6304,1.0142,1.1342,0.7967,0.5679,0.7667,0.7817,0.6167,1.0067
11/17/2021,46.4611,0.6474,0.9936,1.1628,1.0936,1.009,1.7282,1.3282,1.7436,0.7397,0.8859,1.0013,0.659,0.7667,0.632,0.7667,0.9128,1.0051,0.859,0.8513,0.7051,0.6474,0.8397,0.7974,0.6051,0.682,0.782,0.8013,0.682,1.1436,0.9128,0.4167,0.6782,0.6397,0.6513,0.659,0.7205,0.8474,0.809,5.6476,1.4973,0.6782,1.0551,0.5628,0.8051,0.6974,1.0897,0.6782,0.9436
11/16/2021,45.5766,0.922,1.1587,0.8543,1.0647,1.2038,1.666,0.9257,1.1286,1.3315,1.4255,0.8468,0.7604,0.8693,0.6401,0.9783,0.8806,0.8243,0.7641,0.7003,0.8769,0.6439,0.7979,0.8769,0.5838,0.828,0.7529,1.2564,0.5462,1.3466,0.7867,0.5049,0.5575,0.6589,0.6213,0.7078,0.6702,0.6476,0.8092,3.5954,0.9991,0.9332,1.1925,0.7378,0.8769,0.9445,0.9633,0.8956,1.0197
11/15/2021,39.824,0.8286,0.7427,0.6981,1.0673,0.8827,0.7618,0.8954,1.4969,1.0514,0.94,0.7395,0.5199,0.8,0.6536,0.7745,0.5708,0.9113,0.6313,0.9082,0.905,0.6981,0.6472,0.835,0.5231,0.5326,0.87,0.6568,0.5581,1.2041,0.644,0.5995,0.6472,0.5167,0.4817,0.4785,0.679,0.7077,0.5581,4.2869,1.1669,0.7172,0.9527,0.6854,0.7777,0.6759,0.7809,0.6695,0.4945
11/14/2021,41.7415,0.882,0.8854,0.8213,0.9562,1.3071,1.0743,0.8179,1.243,0.5446,0.9393,1.3206,0.7639,0.5581,0.7403,0.6762,0.8752,0.855,0.9225,0.7504,0.8854,0.6256,0.494,0.6424,0.8246,0.8246,0.8752,1.2059,0.5918,1.0507,0.6154,0.6154,0.4703,0.6964,0.5716,0.6694,0.6998,0.9663,0.7099,2.955,0.8436,0.8989,0.936,0.9562,0.99,0.8617,0.828,0.7571,0.747
11/13/2021,34.5875,0.8872,0.7968,0.499,1.076,0.8048,0.9297,1.3206,0.9563,0.5043,0.5442,0.9324,0.7489,0.6266,0.608,0.7888,0.7622,0.6958,0.6,0.5974,0.7011,0.6452,0.717,0.6798,0.4352,0.7037,0.7383,0.5921,0.4804,0.7569,0.5681,0.3794,0.4485,0.4006,0.4086,0.4006,0.632,0.5575,0.4512,3.5063,0.9774,0.6213,0.7091,0.4857,0.4538,0.5495,0.6772,0.5522,0.6798
11/12/2021,35.8414,0.8905,0.5676,0.6205,1.0409,1.4585,1.3165,1.0827,1.0994,0.7931,0.6595,0.8265,0.6957,0.6901,0.6734,0.6233,0.6901,0.8098,0.7875,0.8209,0.5759,0.4896,0.7124,0.7792,0.4896,0.4757,0.4562,0.8766,0.5648,0.6121,0.7235,0.4952,0.5008,0.3643,0.3866,0.42,0.5258,0.6706,0.6845,2.1964,0.6594,0.7513,0.8098,0.7931,0.807,0.6957,0.8265,0.7541,0.5982
11/11/2021,40.3401,0.904,0.8782,0.558,1.1498,1.2404,1.3633,1.0948,1.1951,0.752,1.0496,1.3891,0.6582,0.8005,0.5936,0.7908,0.7811,0.8749,0.6679,0.7229,0.7294,0.5968,0.8135,0.8976,0.8005,0.6259,0.8717,1.0819,0.5968,1.0302,0.6873,0.5968,0.6,0.4189,0.4092,0.4286,0.5839,0.7779,0.5159,2.8756,0.8243,1.0366,0.6259,0.7456,0.7714,0.8426,0.5871,0.697,0.807
11/10/2021,43.1426,0.8449,0.9398,0.6587,1.0312,1.2034,1.5794,1.0663,1.2315,0.743,0.8484,1.488,0.606,0.7289,0.7852,0.5814,0.8414,0.7606,0.8625,0.8273,0.7254,0.7746,0.6095,0.7325,0.6622,0.7254,0.75,0.7957,0.627,1.1612,0.7184,0.5884,0.504,0.5532,0.5708,0.6762,0.6868,1.0031,0.7114,4.233,1.1539,0.9152,0.606,0.8344,0.5884,0.7043,1.0206,0.9082,0.9749
11/9/2021,44.9123,0.617,1.1264,1.1227,1.2334,1.861,1.2482,1.4771,1.3479,0.7905,1.3589,0.6613,0.8975,0.9049,0.8828,0.6871,0.713,0.6391,0.9086,0.8126,1.0083,0.8089,0.7388,0.7536,0.7425,0.8865,0.6059,1.3626,0.6318,1.1042,0.772,0.6613,0.7167,0.5247,0.569,0.4878,0.6724,0.7868,1.023,2.7893,0.8034,1.0858,1.1928,0.7351,0.9455,0.7536,1.0636,0.6908,0.7056
11/8/2021,43.4375,1.0136,0.6486,0.8719,1.5913,1.3219,1.1022,1.2936,1.5133,1.2546,1.3255,1.2652,0.6344,0.5777,0.8967,0.6982,0.879,1.0065,0.8364,1.0278,0.6663,0.8187,0.9569,0.925,0.6947,0.6734,0.9428,1.29,0.6415,0.6415,0.8329,0.5175,0.6486,0.4821,0.7195,0.7018,0.7656,0.9463,0.8081,1.9403,0.5973,0.8152,0.8931,0.5388,0.6451,0.9817,0.9428,0.6699,0.9817
11/7/2021,48.6737,1.0167,0.7076,0.8541,1.2486,1.3259,1.7448,1.7448,1.3665,0.667,1.2445,1.6187,0.9476,0.9232,1.0208,0.6995,1.029,0.8296,1.0981,0.8947,1.1184,0.8622,0.7646,1.1469,0.9313,0.6344,0.9191,1.1347,0.7117,1.4723,0.7158,0.4758,0.7971,0.7198,0.5531,0.7971,0.8744,1.1266,0.7402,2.978,0.8492,0.7768,1.212,1.1632,0.6385,0.9313,1.1184,0.8581,0.671
11/6/2021,37.1693,0.648,0.6363,0.7734,1.0738,1.1322,0.8055,0.9542,1.0009,0.6246,0.5663,0.5925,0.5984,0.7646,0.4992,0.5692,0.5955,0.7675,0.753,0.823,0.6363,0.7646,0.8667,0.5429,0.613,0.5371,0.7559,0.47,0.4759,0.6071,0.7413,0.3709,0.4846,0.4759,0.5634,0.4263,0.613,0.6946,0.7121,4.4431,1.2049,0.8609,0.8755,0.4992,0.8171,0.7763,0.9688,0.6217,0.5721
11/5/2021,36.8004,0.662,0.8089,0.95,0.9385,0.8694,1.3619,1.2611,0.8665,0.544,0.7628,0.878,0.9731,0.6131,0.5152,0.5699,0.806,0.8608,0.7139,0.616,0.5929,0.616,0.5036,0.8982,0.7369,0.5036,0.7196,1.1228,0.5267,1.0076,0.662,0.4633,0.4633,0.4403,0.4892,0.6332,0.5468,0.6707,0.5353,2.644,0.7681,0.5785,1.0076,0.8032,0.4777,0.7542,0.688,0.7888,0.5872
11/4/2021,29.4254,0.5373,0.7537,0.4688,0.7816,0.713,0.9766,1.088,0.9701,0.8159,0.4409,0.4538,0.548,0.4473,0.4623,0.4581,0.5952,0.4388,0.5373,0.6316,0.5373,0.5009,0.4173,0.5973,0.7002,0.3574,0.4966,0.3959,0.4516,0.8201,0.6187,0.3981,0.4023,0.3831,0.4131,0.4216,0.4495,0.5995,0.4323,2.6217,0.7627,0.6487,0.6573,0.6487,0.6423,0.5566,0.4281,0.5116,0.4366
11/3/2021,27.5818,0.5524,0.6112,0.6875,0.7404,0.6033,0.9793,0.7776,0.9167,0.8129,0.4251,0.8638,0.4741,0.5681,0.4016,0.5348,0.5152,0.6347,0.6445,0.6053,0.4898,0.4389,0.4114,0.433,0.5407,0.4859,0.4271,0.4075,0.4408,0.7992,0.478,0.3566,0.3742,0.431,0.3899,0.3801,0.4369,0.5211,0.5387,1.9881,0.6089,0.5916,0.4232,0.4682,0.4291,0.5916,0.4526,0.4721,0.4271
11/2/2021,21.4609,0.3659,0.4211,0.4641,0.553,0.6634,0.5665,0.6405,0.4318,0.5934,0.3834,0.4211,0.3174,0.3161,0.4211,0.3551,0.3915,0.3255,0.4736,0.382,0.4022,0.4103,0.3417,0.5018,0.4763,0.3147,0.3713,0.3188,0.3255,0.5974,0.347,0.3767,0.3861,0.3457,0.3524,0.2784,0.382,0.3618,0.4709,1.7058,0.5403,0.3888,0.3295,0.3928,0.4615,0.4063,0.5032,0.4372,0.448
11/1/2021,18.5849,0.427,0.4429,0.3096,0.4059,0.7001,0.5636,0.5519,0.48,0.5244,0.5149,0.5583,0.4196,0.2905,0.2863,0.3911,0.4165,0.3551,0.3403,0.4006,0.3403,0.3392,0.3307,0.2916,0.282,0.3117,0.3487,0.4366,0.282,0.4165,0.39,0.2545,0.2588,0.3233,0.3138,0.2842,0.3233,0.3731,0.2969,1.049,0.3809,0.3582,0.3053,0.3043,0.2937,0.3212,0.2916,0.3191,0.3858
10/31/2021,17.4781,0.324,0.4103,0.3714,0.4027,0.5202,0.4084,0.5069,0.56,0.2842,0.3809,0.3458,0.2738,0.343,0.3164,0.3818,0.3761,0.36,0.3761,0.379,0.3904,0.2927,0.3505,0.3363,0.3913,0.2577,0.3401,0.4178,0.2823,0.3676,0.3278,0.306,0.2614,0.2652,0.2918,0.3022,0.3297,0.3401,0.2738,0.9034,0.3455,0.3439,0.3837,0.3742,0.2709,0.3657,0.3866,0.325,0.3335
10/30/2021,19.248,0.4198,0.4175,0.4737,0.5694,0.6009,0.5795,0.422,0.4422,0.4985,0.5007,0.3905,0.4198,0.3838,0.3241,0.3163,0.359,0.4141,0.3421,0.3601,0.3736,0.3331,0.3826,0.3185,0.3793,0.2724,0.3174,0.5041,0.3106,0.476,0.3455,0.2668,0.287,0.2825,0.3028,0.2679,0.3354,0.2949,0.4198,1.1405,0.4031,0.3635,0.4951,0.3826,0.2926,0.3646,0.4198,0.3804,0.3016
10/29/2021,21.0182,0.4049,0.4635,0.4374,0.5989,0.5143,0.47,0.6483,0.4739,0.6015,0.3997,0.608,0.4257,0.414,0.4322,0.4335,0.3919,0.3645,0.3841,0.358,0.3893,0.3828,0.4557,0.427,0.2929,0.3619,0.4062,0.5859,0.3385,0.3411,0.4153,0.3619,0.3151,0.3307,0.3724,0.3099,0.3593,0.4583,0.3229,1.3158,0.4456,0.4869,0.3021,0.4192,0.4557,0.4374,0.3372,0.3958,0.3711
10/28/2021,22.5668,0.4332,0.4041,0.4609,0.5236,0.7508,0.6736,0.726,0.442,0.4799,0.4624,0.5454,0.4245,0.442,0.4828,0.4507,0.4565,0.3473,0.4099,0.4187,0.4857,0.3808,0.423,0.5585,0.4624,0.3546,0.4507,0.608,0.3546,0.6008,0.4172,0.2599,0.3939,0.34,0.2788,0.3225,0.3954,0.5338,0.4624,1.1583,0.4074,0.541,0.3837,0.4332,0.4041,0.3662,0.5192,0.4828,0.4536
10/27/2021,25.5907,0.4165,0.5713,0.4798,0.5994,0.5396,0.5114,0.5713,0.6539,0.6152,0.6381,0.6223,0.4094,0.3989,0.5167,0.3778,0.4182,0.4235,0.5185,0.4974,0.58,0.4411,0.4587,0.5466,0.5009,0.4323,0.3566,0.719,0.3936,0.6434,0.5009,0.3338,0.4094,0.4182,0.3566,0.3742,0.4041,0.5378,0.5537,2.3351,0.6931,0.434,0.3602,0.5765,0.5501,0.4939,0.4851,0.4516,0.471
10/26/2021,23.5993,0.4459,0.4147,0.3851,0.6237,0.8889,0.4974,0.7329,0.566,0.6612,0.3648,0.708,0.5348,0.4038,0.449,0.4443,0.4022,0.4693,0.4989,0.3882,0.5083,0.357,0.3679,0.5879,0.5691,0.3102,0.4553,0.4365,0.3757,0.4334,0.4989,0.2649,0.3305,0.3897,0.2993,0.3788,0.3741,0.4085,0.4287,1.9378,0.5966,0.474,0.4521,0.4116,0.5005,0.4069,0.4443,0.3585,0.3632
10/25/2021,20.2807,0.4737,0.3337,0.3423,0.4982,0.513,0.6161,0.4516,0.6186,0.3411,0.4479,0.4909,0.4995,0.3263,0.3779,0.4,0.3656,0.3128,0.4442,0.3546,0.4381,0.4233,0.4258,0.3926,0.3668,0.2932,0.2968,0.3926,0.3349,0.583,0.3718,0.3595,0.3582,0.3546,0.2944,0.33,0.3754,0.4282,0.3386,1.3693,0.4586,0.4761,0.427,0.314,0.3116,0.3337,0.3693,0.4516,0.4037
10/24/2021,17.9948,0.4245,0.3825,0.3736,0.5215,0.5035,0.4565,0.5185,0.4915,0.3346,0.3506,0.4475,0.3636,0.3136,0.3496,0.2926,0.3366,0.3276,0.3236,0.3486,0.3985,0.2886,0.3786,0.4445,0.2806,0.3066,0.3646,0.4565,0.2796,0.3716,0.3216,0.3026,0.2456,0.2636,0.2756,0.3036,0.3376,0.3845,0.3476,1.0167,0.373,0.4335,0.3606,0.4065,0.2656,0.2926,0.3975,0.3016,0.3346
10/23/2021,18.4371,0.3775,0.3629,0.4234,0.4693,0.4203,0.604,0.3545,0.4819,0.4349,0.4756,0.5393,0.4161,0.2971,0.3911,0.3076,0.3389,0.3963,0.3326,0.3587,0.4224,0.3869,0.3253,0.3765,0.3284,0.3003,0.366,0.4401,0.2971,0.3462,0.3295,0.2825,0.3243,0.3034,0.2616,0.319,0.3065,0.3128,0.3347,1.1157,0.3971,0.3472,0.294,0.3357,0.3858,0.3326,0.4057,0.3744,0.3034
10/22/2021,27.8032,0.4419,0.4499,0.4003,0.7528,0.8657,0.7073,0.8083,0.7251,0.3825,0.8063,0.6459,0.6835,0.5053,0.5013,0.6202,0.4399,0.6122,0.6578,0.4637,0.5885,0.4578,0.4578,0.4281,0.4677,0.438,0.4796,0.7509,0.3667,0.7726,0.4954,0.3885,0.339,0.3964,0.4598,0.331,0.5192,0.5291,0.6142,1.9784,0.6065,0.6043,0.5112,0.531,0.4994,0.6241,0.6835,0.4776,0.537
10/21/2021,19.1745,0.4561,0.3645,0.398,0.465,0.703,0.5097,0.5142,0.4282,0.5354,0.4036,0.3801,0.4818,0.2907,0.3913,0.4214,0.4125,0.3767,0.3309,0.4371,0.4103,0.3745,0.3488,0.3276,0.446,0.3343,0.3198,0.4416,0.3019,0.4706,0.3913,0.3376,0.2728,0.2985,0.2784,0.2572,0.3376,0.3499,0.3667,0.993,0.3673,0.3767,0.4583,0.341,0.3388,0.3544,0.3578,0.3231,0.2985
10/20/2021,17.6257,0.3553,0.4227,0.3842,0.5055,0.3688,0.5652,0.5142,0.4025,0.3293,0.467,0.2966,0.4246,0.2803,0.3717,0.3669,0.3832,0.3082,0.364,0.3505,0.3265,0.3005,0.3053,0.3053,0.2793,0.3601,0.3688,0.4506,0.287,0.4891,0.3091,0.286,0.2398,0.3043,0.2697,0.286,0.2985,0.2966,0.3255,1.1054,0.3946,0.3139,0.3034,0.3082,0.3332,0.3717,0.3322,0.2841,0.3303
10/19/2021,17.7733,0.4022,0.3152,0.3309,0.4608,0.6602,0.4921,0.323,0.3543,0.3064,0.4726,0.3651,0.3416,0.3094,0.3094,0.3328,0.2898,0.369,0.3856,0.3797,0.3612,0.2918,0.3465,0.3475,0.2644,0.282,0.3377,0.4667,0.2693,0.3269,0.326,0.3025,0.2761,0.2517,0.3191,0.3015,0.2918,0.3504,0.3328,1.4037,0.467,0.3514,0.2722,0.4071,0.3182,0.3269,0.3113,0.28,0.3895
10/18/2021,22.4191,0.4089,0.4695,0.5055,0.716,0.8098,0.6483,0.6151,0.6223,0.6266,0.4132,0.5228,0.4147,0.3469,0.4666,0.3685,0.4204,0.3974,0.4161,0.3931,0.5199,0.3931,0.4147,0.4623,0.3916,0.3325,0.4003,0.4954,0.3671,0.543,0.3772,0.3484,0.3541,0.3671,0.3613,0.3354,0.357,0.3584,0.3397,1.6947,0.5376,0.3368,0.3109,0.3613,0.4161,0.4233,0.3613,0.5055,0.3714
10/17/2021,23.083,0.5121,0.3884,0.503,0.7474,0.8137,0.4879,0.4653,0.503,0.5151,0.4291,0.6146,0.3959,0.4382,0.4231,0.5091,0.3793,0.506,0.4532,0.5,0.5302,0.4834,0.4955,0.5573,0.4698,0.4638,0.3643,0.3582,0.3688,0.5045,0.4532,0.4065,0.3341,0.2768,0.3205,0.3929,0.3748,0.4457,0.4834,1.8828,0.5833,0.3839,0.4005,0.3296,0.402,0.3552,0.3431,0.408,0.3265
10/16/2021,20.5023,0.3442,0.4767,0.3592,0.6592,0.7893,0.4805,0.6742,0.498,0.3617,0.4542,0.3905,0.3692,0.393,0.3079,0.3354,0.4555,0.4392,0.4605,0.393,0.3805,0.3855,0.3017,0.4967,0.2942,0.3042,0.393,0.5455,0.2954,0.5142,0.3517,0.3579,0.3042,0.2867,0.2967,0.2967,0.3855,0.4417,0.3404,1.2753,0.4358,0.3604,0.4305,0.3842,0.4155,0.3379,0.4267,0.4092,0.413
10/15/2021,21.5345,0.4171,0.4861,0.3886,0.4996,0.4915,0.6309,0.6607,0.4333,0.3386,0.459,0.528,0.524,0.3467,0.3386,0.4455,0.4874,0.3778,0.459,0.4414,0.3589,0.4671,0.3589,0.4414,0.5267,0.3291,0.4536,0.4739,0.3101,0.3886,0.4008,0.3575,0.2993,0.2871,0.3372,0.3805,0.4022,0.4333,0.3331,1.6674,0.531,0.3765,0.4143,0.4076,0.3913,0.4685,0.3399,0.4184,0.4265
10/14/2021,23.8207,0.5543,0.51,0.5448,0.5416,0.9498,0.6081,0.5416,0.7963,0.4087,0.4151,0.404,0.3486,0.3692,0.4388,0.4198,0.5147,0.4799,0.3866,0.5479,0.5464,0.3486,0.3423,0.4593,0.3233,0.3233,0.4894,0.3502,0.3945,0.5495,0.4688,0.3787,0.3407,0.2932,0.4087,0.385,0.4467,0.5036,0.4293,2.0024,0.6123,0.4815,0.3929,0.4293,0.404,0.5147,0.3628,0.5479,0.5116
10/13/2021,23.083,0.5573,0.3899,0.5422,0.5558,0.6554,0.6342,0.7202,0.5287,0.6569,0.5196,0.6584,0.5121,0.3462,0.3386,0.408,0.3974,0.4894,0.3462,0.4351,0.3974,0.3597,0.3899,0.5649,0.3341,0.3537,0.3507,0.6569,0.3733,0.3718,0.3959,0.3793,0.3778,0.2783,0.2768,0.3884,0.3959,0.5106,0.4864,1.6546,0.5279,0.497,0.3175,0.4502,0.5106,0.4955,0.3959,0.4532,0.4472
10/12/2021,28.6881,0.508,0.5018,0.5391,0.9921,0.7646,0.5473,1.048,0.8432,0.837,0.5659,0.5887,0.4791,0.5701,0.4977,0.537,0.5804,0.5225,0.6756,0.5101,0.5122,0.4894,0.3839,0.4728,0.6611,0.4294,0.4604,0.4542,0.3777,0.5928,0.5391,0.3611,0.4977,0.3404,0.3715,0.3425,0.5246,0.4832,0.5908,3.0515,0.867,0.4439,0.5142,0.4791,0.5018,0.4646,0.4625,0.4894,0.4211
10/11/2021,22.8621,0.5486,0.5234,0.3822,0.7047,0.5055,0.5234,0.51,0.6705,0.4921,0.4609,0.5932,0.4639,0.345,0.4431,0.342,0.4728,0.4238,0.5025,0.4431,0.4015,0.348,0.3732,0.4639,0.5085,0.3822,0.4401,0.5129,0.3807,0.6393,0.4401,0.351,0.3822,0.3985,0.3183,0.342,0.3718,0.4788,0.4966,1.6878,0.536,0.4847,0.3197,0.458,0.3703,0.3703,0.4996,0.403,0.3524
10/10/2021,18.7319,0.3319,0.3201,0.2869,0.4564,0.5412,0.45,0.4393,0.6024,0.4317,0.3781,0.3416,0.3523,0.3115,0.3384,0.3373,0.3598,0.391,0.4038,0.3223,0.318,0.3556,0.3287,0.4028,0.4103,0.3191,0.3298,0.5144,0.3201,0.4951,0.3792,0.2826,0.2525,0.3008,0.3287,0.2675,0.3566,0.3545,0.2847,1.3782,0.4608,0.4071,0.4639,0.377,0.3749,0.3792,0.2879,0.3276,0.2783
10/9/2021,23.5999,0.3835,0.449,0.5364,0.5535,0.658,0.5801,0.5785,0.6877,0.4521,0.5941,0.4693,0.5411,0.4693,0.3414,0.5083,0.4272,0.3944,0.3819,0.4568,0.4631,0.4443,0.5411,0.4787,0.4584,0.3648,0.3632,0.5052,0.3445,0.3882,0.4911,0.3851,0.3773,0.3133,0.3461,0.3851,0.4085,0.41,0.4459,1.9993,0.6116,0.4599,0.4116,0.4709,0.3258,0.4787,0.5535,0.527,0.3851
10/8/2021,19.6168,0.4629,0.4141,0.4513,0.6383,0.6592,0.442,0.6441,0.6383,0.2979,0.3421,0.5686,0.4687,0.3119,0.4176,0.3247,0.4025,0.3781,0.4071,0.3978,0.3874,0.3235,0.2921,0.4559,0.3653,0.3618,0.3537,0.3758,0.284,0.3769,0.3212,0.3072,0.3502,0.255,0.2619,0.2828,0.3421,0.3955,0.4478,0.9556,0.3582,0.4699,0.478,0.3793,0.4106,0.3154,0.2991,0.4269,0.3165
10/7/2021,21.8295,0.4917,0.3769,0.5428,0.4709,0.7115,0.706,0.7102,0.6936,0.4737,0.482,0.4114,0.3935,0.417,0.3188,0.4114,0.4142,0.4018,0.3478,0.4958,0.4308,0.4612,0.4751,0.4087,0.3879,0.2967,0.3464,0.4917,0.3229,0.5484,0.4004,0.2649,0.3285,0.3202,0.3188,0.3216,0.3464,0.4709,0.4723,1.3718,0.4592,0.3409,0.3852,0.4847,0.4211,0.4875,0.3603,0.4419,0.3921
10/6/2021,24.3369,0.5391,0.4134,0.3578,0.6192,0.6747,0.7238,0.4787,0.6061,0.6796,0.66,0.7989,0.5735,0.3692,0.4771,0.3954,0.3692,0.5114,0.5539,0.4771,0.4117,0.3856,0.5097,0.4542,0.3594,0.4787,0.3921,0.3398,0.3807,0.531,0.4264,0.3725,0.3954,0.4003,0.3905,0.3888,0.4232,0.5522,0.4003,1.9361,0.5962,0.3856,0.4558,0.3774,0.4477,0.4738,0.4918,0.5016,0.4003
10/5/2021,23.3046,0.4881,0.4575,0.534,0.5171,0.5294,0.6824,0.7023,0.7666,0.5829,0.5967,0.5998,0.3916,0.3825,0.4819,0.3641,0.4651,0.4268,0.534,0.4314,0.5294,0.4728,0.3886,0.4865,0.332,0.3993,0.4008,0.5156,0.3626,0.4605,0.3733,0.2968,0.4146,0.2769,0.3197,0.3396,0.3656,0.4881,0.3534,1.7343,0.5473,0.3549,0.5447,0.4896,0.5049,0.3886,0.4467,0.4529,0.3304
10/4/2021,19.6908,0.3724,0.3455,0.4589,0.5326,0.5197,0.4975,0.5373,0.4285,0.3233,0.5548,0.6156,0.321,0.342,0.3444,0.3268,0.3479,0.4414,0.4426,0.3409,0.3888,0.425,0.4157,0.3946,0.4063,0.321,0.3946,0.4426,0.328,0.4192,0.3818,0.3374,0.328,0.2543,0.2602,0.2801,0.3362,0.3105,0.3993,1.3059,0.4432,0.3268,0.3502,0.4508,0.3338,0.3303,0.466,0.4426,0.3245
10/3/2021,21.4607,0.4709,0.3767,0.4965,0.6189,0.6553,0.6916,0.6203,0.5126,0.4493,0.413,0.4399,0.5328,0.4036,0.3592,0.3618,0.3403,0.3686,0.4157,0.3847,0.417,0.3968,0.413,0.409,0.3982,0.3215,0.4547,0.5422,0.3578,0.4332,0.3874,0.3443,0.3834,0.2959,0.378,0.3349,0.3807,0.3161,0.3363,1.6343,0.523,0.4816,0.2959,0.4063,0.3982,0.3349,0.3322,0.3713,0.4709
10/2/2021,19.6904,0.3841,0.3783,0.4098,0.6401,0.4975,0.5945,0.4718,0.5092,0.4437,0.4741,0.6261,0.4554,0.3923,0.3958,0.3175,0.4332,0.4414,0.3946,0.3783,0.3315,0.3198,0.3163,0.4005,0.3561,0.3502,0.4098,0.3748,0.3116,0.3677,0.3409,0.3525,0.3163,0.3268,0.2543,0.2625,0.3327,0.3748,0.3713,1.1789,0.4124,0.3303,0.3736,0.3911,0.2801,0.3677,0.4356,0.4437,0.3689
10/1/2021,19.47,0.3548,0.4236,0.3984,0.6197,0.5016,0.5165,0.4649,0.5234,0.4626,0.4568,0.3662,0.3444,0.3823,0.2986,0.38,0.3616,0.4018,0.3032,0.3353,0.4351,0.3169,0.3766,0.3387,0.2779,0.3605,0.3915,0.4339,0.2825,0.3984,0.3227,0.3238,0.2791,0.3284,0.3353,0.3387,0.3158,0.419,0.3961,1.5418,0.5005,0.3077,0.3789,0.3502,0.4293,0.3399,0.2963,0.3662,0.3926
9/30/2021,18.9533,0.3835,0.3474,0.3912,0.5292,0.4482,0.5062,0.5139,0.4306,0.2948,0.4723,0.4964,0.3857,0.3792,0.3923,0.3145,0.4274,0.3474,0.3605,0.3463,0.3441,0.3014,0.3978,0.3748,0.3474,0.3529,0.3934,0.5303,0.2806,0.354,0.3671,0.3375,0.2915,0.3025,0.2762,0.2817,0.3353,0.3726,0.3222,1.2666,0.4337,0.3474,0.4668,0.3058,0.3189,0.412,0.4186,0.377,0.2762
9/29/2021,15.0445,0.3555,0.2857,0.3379,0.3618,0.4717,0.4611,0.459,0.3407,0.2449,0.3942,0.2752,0.2554,0.2688,0.2984,0.3132,0.2688,0.2921,0.3026,0.2864,0.2829,0.2744,0.2935,0.3062,0.2843,0.2857,0.2942,0.347,0.2519,0.3019,0.2681,0.2723,0.2822,0.2364,0.2223,0.2752,0.2857,0.2582,0.3216,0.7885,0.3176,0.3322,0.2343,0.2371,0.3132,0.2766,0.3393,0.3301,0.2582
9/28/2021,18.4369,0.4015,0.3994,0.3232,0.4485,0.4119,0.5257,0.4516,0.5988,0.4224,0.3806,0.4046,0.4172,0.2982,0.342,0.3681,0.4046,0.4192,0.3055,0.4182,0.3942,0.3785,0.318,0.4318,0.4401,0.3264,0.3608,0.438,0.3023,0.4683,0.3577,0.2575,0.2564,0.3232,0.2992,0.3243,0.3451,0.3984,0.3921,0.7604,0.3108,0.3065,0.414,0.389,0.2731,0.3639,0.2836,0.4119,0.3702
9/27/2021,20.8706,0.5142,0.5155,0.4382,0.5554,0.8166,0.6931,0.4691,0.5579,0.4176,0.4807,0.6043,0.5013,0.4138,0.3494,0.4331,0.3198,0.4421,0.3378,0.4331,0.4061,0.4138,0.2967,0.4678,0.4421,0.3121,0.3288,0.4923,0.2979,0.4228,0.3456,0.2722,0.2658,0.3494,0.3662,0.3301,0.3404,0.3211,0.3173,1.3701,0.4588,0.5,0.4151,0.2915,0.2992,0.3327,0.316,0.4125,0.3932
9/26/2021,18.1421,0.4344,0.3401,0.4314,0.402,0.6859,0.5186,0.4182,0.4892,0.4517,0.5125,0.4253,0.3776,0.3705,0.3584,0.3736,0.2884,0.3908,0.336,0.4009,0.3817,0.2894,0.2924,0.333,0.3817,0.3421,0.2924,0.4222,0.2711,0.4648,0.3513,0.2529,0.335,0.2448,0.2437,0.2772,0.334,0.336,0.2732,1.0293,0.3761,0.3482,0.3239,0.2945,0.2721,0.3746,0.3239,0.3766,0.2985
9/25/2021,16.7408,0.3354,0.2899,0.2663,0.5146,0.428,0.4813,0.4175,0.449,0.2978,0.3764,0.4674,0.2751,0.3266,0.3126,0.3205,0.303,0.3511,0.2812,0.2995,0.3485,0.2873,0.2707,0.3922,0.2663,0.3048,0.3083,0.3231,0.2593,0.3266,0.3214,0.2602,0.3013,0.2654,0.234,0.2611,0.3004,0.3179,0.3633,1.1703,0.4103,0.3695,0.4035,0.3555,0.2855,0.3362,0.2934,0.3336,0.2777
9/24/2021,15.3396,0.2973,0.3377,0.3391,0.4595,0.356,0.3017,0.2958,0.3641,0.3604,0.3032,0.3986,0.3685,0.2804,0.2577,0.2658,0.3091,0.254,0.3047,0.312,0.2738,0.2834,0.3208,0.2533,0.2731,0.2547,0.2936,0.3979,0.2584,0.4162,0.2878,0.2819,0.2291,0.2386,0.2224,0.2856,0.2775,0.2709,0.2753,1.0962,0.3923,0.323,0.3648,0.2467,0.2988,0.29,0.2621,0.2533,0.2525
9/23/2021,17.6258,0.4141,0.4092,0.364,0.4179,0.4728,0.5671,0.3573,0.5065,0.2841,0.3062,0.3707,0.3245,0.3611,0.3159,0.3775,0.3024,0.3919,0.2812,0.3544,0.364,0.2793,0.3139,0.3399,0.2812,0.26,0.337,0.288,0.2899,0.3351,0.312,0.3101,0.3139,0.2995,0.2437,0.2976,0.339,0.3419,0.3707,1.4067,0.4677,0.2928,0.4044,0.2706,0.3592,0.2918,0.3053,0.3688,0.363
9/22/2021,17.5521,0.3176,0.3997,0.3701,0.4122,0.4599,0.3911,0.4255,0.3424,0.3615,0.3978,0.4494,0.3224,0.3539,0.2736,0.3615,0.3119,0.3644,0.3797,0.3988,0.3673,0.3816,0.3281,0.3806,0.2985,0.3281,0.3042,0.4399,0.2966,0.4303,0.3233,0.2421,0.2488,0.266,0.3014,0.2794,0.3262,0.3969,0.3634,1.0137,0.3723,0.4141,0.3759,0.33,0.3262,0.4055,0.3634,0.2832,0.2717
9/21/2021,20.5756,0.5075,0.476,0.4471,0.5741,0.6923,0.4157,0.5515,0.4672,0.3842,0.4924,0.6521,0.3641,0.349,0.3918,0.4018,0.4106,0.3553,0.3364,0.3767,0.4119,0.432,0.3905,0.4735,0.4194,0.4069,0.3226,0.344,0.2987,0.4031,0.4207,0.3566,0.2572,0.3478,0.3402,0.3452,0.3704,0.3704,0.427,1.2079,0.4195,0.3905,0.4056,0.3679,0.349,0.4018,0.427,0.4106,0.4119
9/20/2021,19.4695,0.4786,0.341,0.4752,0.5612,0.6897,0.6094,0.45,0.5876,0.4867,0.4247,0.5096,0.4454,0.3697,0.3823,0.3249,0.3502,0.3502,0.4442,0.3364,0.4029,0.3846,0.3295,0.3961,0.4626,0.3341,0.3823,0.5119,0.3123,0.5452,0.3582,0.31,0.2584,0.2745,0.3261,0.302,0.3582,0.3915,0.3754,0.6752,0.2901,0.4006,0.3376,0.349,0.3938,0.3628,0.3387,0.3227,0.3662
9/19/2021,21.092,0.3604,0.5005,0.3146,0.5123,0.7375,0.6707,0.4429,0.6341,0.4835,0.3748,0.4193,0.439,0.3709,0.3892,0.3356,0.3238,0.3683,0.3866,0.3853,0.418,0.3225,0.4848,0.4508,0.5188,0.2897,0.3513,0.3041,0.3303,0.3932,0.4102,0.2832,0.3722,0.3565,0.2897,0.3395,0.3892,0.4036,0.3303,1.9639,0.603,0.4377,0.3552,0.4141,0.3395,0.422,0.3722,0.3198,0.3774
9/18/2021,17.8471,0.3223,0.3006,0.4207,0.5497,0.4631,0.3764,0.4503,0.4335,0.5084,0.3065,0.5409,0.4247,0.3419,0.3291,0.3754,0.3242,0.4,0.2888,0.3104,0.3813,0.3439,0.3833,0.3971,0.3735,0.2789,0.2838,0.2681,0.272,0.5015,0.3035,0.3016,0.2622,0.3035,0.3055,0.271,0.337,0.2809,0.3823,1.1001,0.3933,0.276,0.2789,0.3026,0.3853,0.4079,0.4089,0.3282,0.2681
9/17/2021,16.2246,0.3846,0.3057,0.2654,0.3723,0.3994,0.3172,0.3772,0.4356,0.415,0.2761,0.4364,0.2637,0.2744,0.2793,0.3575,0.3106,0.2983,0.3394,0.2892,0.2884,0.2793,0.2761,0.3772,0.2974,0.3221,0.3377,0.3509,0.2851,0.3344,0.3131,0.2843,0.2876,0.295,0.295,0.2925,0.3122,0.2761,0.3081,1.0892,0.3906,0.2974,0.3427,0.3122,0.2917,0.332,0.2728,0.332,0.3542
9/16/2021,17.2569,0.3537,0.3685,0.2713,0.387,0.6055,0.3398,0.4925,0.4212,0.3463,0.3555,0.5184,0.2703,0.337,0.3583,0.3268,0.2815,0.3342,0.3296,0.3648,0.3287,0.3666,0.3805,0.3907,0.3888,0.35,0.2648,0.3342,0.299,0.4083,0.3277,0.2629,0.3203,0.3018,0.262,0.2546,0.2981,0.3092,0.2861,1.0732,0.3867,0.2842,0.299,0.3694,0.3666,0.3481,0.2935,0.3203,0.3194
9/15/2021,17.3308,0.3617,0.4009,0.288,0.3859,0.5156,0.3607,0.5698,0.4858,0.4363,0.2982,0.3878,0.3132,0.3048,0.3048,0.3766,0.3029,0.3206,0.3626,0.3682,0.3869,0.3328,0.287,0.343,0.3626,0.2749,0.2805,0.3822,0.2628,0.4494,0.3253,0.2264,0.2814,0.3113,0.2497,0.2889,0.3216,0.2758,0.3244,1.0962,0.3923,0.3579,0.2926,0.3206,0.3953,0.3178,0.3272,0.371,0.3486
9/14/2021,15.6345,0.3148,0.2766,0.3476,0.4476,0.34,0.3056,0.3957,0.4614,0.2797,0.3201,0.3613,0.3209,0.2789,0.2659,0.2957,0.2682,0.2606,0.3453,0.3026,0.2911,0.2545,0.3499,0.3446,0.3591,0.3094,0.3186,0.3507,0.272,0.3079,0.3094,0.2155,0.2903,0.2644,0.2277,0.2682,0.2751,0.2583,0.2827,1.0273,0.3756,0.2842,0.3858,0.3041,0.2537,0.3323,0.3751,0.3155,0.243
9/13/2021,17.6254,0.3707,0.3553,0.3861,0.4949,0.3823,0.4487,0.5421,0.5267,0.4949,0.4718,0.4737,0.3592,0.3342,0.3072,0.3505,0.3476,0.3072,0.3563,0.3861,0.3755,0.3082,0.2764,0.2908,0.26,0.2677,0.2658,0.4593,0.2716,0.466,0.3265,0.3168,0.2793,0.2658,0.2908,0.3014,0.2899,0.3563,0.3303,0.959,0.359,0.2918,0.2985,0.3014,0.3832,0.3553,0.3534,0.288,0.3419
9/12/2021,20.8707,0.4305,0.482,0.4498,0.5335,0.648,0.5065,0.5515,0.706,0.4382,0.4949,0.352,0.3353,0.3971,0.4447,0.3211,0.4176,0.4035,0.4267,0.4241,0.3662,0.3314,0.3996,0.361,0.4833,0.3211,0.3494,0.5772,0.3147,0.4202,0.4228,0.2786,0.3777,0.3276,0.352,0.3366,0.3327,0.3301,0.3546,1.5606,0.5051,0.3198,0.4176,0.2992,0.3855,0.4666,0.3082,0.3636,0.4447
9/11/2021,17.9945,0.4235,0.3206,0.3156,0.4445,0.5944,0.4475,0.5225,0.4665,0.3526,0.2966,0.4395,0.4355,0.3186,0.3096,0.3825,0.3316,0.3176,0.3925,0.3596,0.3386,0.3176,0.4045,0.3126,0.2976,0.2586,0.3286,0.3895,0.3076,0.4895,0.3726,0.3046,0.2916,0.2536,0.2526,0.2826,0.3386,0.4085,0.2736,1.0529,0.3818,0.3376,0.4015,0.3845,0.3066,0.3646,0.4055,0.3316,0.3336
9/10/2021,15.4869,0.2715,0.3583,0.3441,0.3441,0.3576,0.3434,0.2902,0.4826,0.3523,0.3396,0.3239,0.3314,0.3044,0.2603,0.3029,0.3014,0.2969,0.3037,0.2939,0.2939,0.3276,0.264,0.3748,0.2707,0.2423,0.2984,0.3209,0.261,0.3561,0.2865,0.2528,0.2715,0.273,0.2378,0.288,0.2812,0.279,0.249,1.1083,0.3953,0.2812,0.2707,0.2618,0.3187,0.3231,0.3022,0.2565,0.3381
9/9/2021,17.5521,0.3911,0.4208,0.2746,0.394,0.5936,0.4972,0.3711,0.5421,0.4924,0.3577,0.4122,0.2813,0.3262,0.3138,0.3892,0.3931,0.3759,0.3128,0.3453,0.3634,0.3673,0.3252,0.4188,0.267,0.2717,0.3606,0.2717,0.2966,0.3988,0.3185,0.2364,0.2756,0.2431,0.2784,0.2889,0.2947,0.4026,0.3558,0.9207,0.3497,0.3453,0.4465,0.3472,0.2679,0.3128,0.3615,0.3348,0.3462
9/8/2021,18.2891,0.4249,0.3498,0.4095,0.533,0.5978,0.4013,0.4136,0.4599,0.5114,0.3323,0.4218,0.4496,0.3262,0.2891,0.3539,0.3251,0.3035,0.3827,0.3817,0.3786,0.3395,0.3786,0.3663,0.3354,0.3591,0.286,0.427,0.2943,0.3817,0.3467,0.2572,0.2582,0.3117,0.251,0.2634,0.3241,0.321,0.3251,1.0907,0.391,0.4167,0.3241,0.3519,0.3447,0.3251,0.4002,0.391,0.3817
9/7/2021,18.8056,0.4617,0.4228,0.4249,0.5459,0.4141,0.5546,0.5719,0.4303,0.5535,0.4541,0.332,0.4411,0.2985,0.3785,0.3331,0.4249,0.4282,0.4195,0.3223,0.3903,0.3417,0.3795,0.4368,0.4498,0.3568,0.399,0.3752,0.2834,0.372,0.3309,0.238,0.3385,0.2618,0.3071,0.265,0.3579,0.4282,0.3795,0.6466,0.2832,0.4033,0.4552,0.2888,0.2736,0.3968,0.4368,0.3125,0.4055
9/6/2021,17.3309,0.4111,0.3356,0.3915,0.5464,0.3673,0.5548,0.3962,0.4681,0.4307,0.3486,0.4214,0.4158,0.3272,0.3505,0.385,0.3318,0.2982,0.3384,0.3169,0.3468,0.3188,0.3486,0.3551,0.3943,0.3579,0.3365,0.288,0.3001,0.427,0.344,0.2366,0.2954,0.3066,0.288,0.2553,0.3234,0.3029,0.3533,0.7561,0.3098,0.4018,0.3001,0.2628,0.3887,0.3346,0.3328,0.3524,0.2777
9/5/2021,14.4545,0.2725,0.2964,0.2641,0.348,0.3932,0.3726,0.3255,0.3597,0.2925,0.3403,0.2738,0.279,0.2816,0.3048,0.3164,0.2725,0.2512,0.2667,0.2609,0.2732,0.2661,0.2912,0.308,0.2628,0.3003,0.257,0.3145,0.2506,0.2958,0.2719,0.2654,0.2525,0.2557,0.2299,0.2325,0.2777,0.2816,0.3113,0.927,0.3513,0.2841,0.2622,0.2977,0.2331,0.2777,0.3409,0.2454,0.2654
9/4/2021,13.7908,0.3271,0.2807,0.3074,0.3097,0.2946,0.2779,0.3358,0.3236,0.3167,0.2587,0.3468,0.3062,0.2309,0.2373,0.2906,0.2923,0.2645,0.2871,0.3056,0.2495,0.2726,0.2709,0.312,0.2755,0.2715,0.2587,0.3398,0.2385,0.3329,0.253,0.2518,0.2286,0.2576,0.2506,0.2443,0.268,0.29,0.2918,0.5408,0.2575,0.2634,0.3149,0.2454,0.3022,0.3062,0.2315,0.2889,0.2889
9/3/2021,15.6346,0.3323,0.2934,0.3209,0.3759,0.4873,0.4522,0.3934,0.4553,0.2873,0.4232,0.3988,0.2736,0.2545,0.314,0.2888,0.3262,0.3224,0.2995,0.3041,0.2881,0.3339,0.2819,0.3056,0.2506,0.3232,0.2445,0.3858,0.2713,0.4285,0.3216,0.2422,0.2789,0.2545,0.285,0.2552,0.2636,0.2919,0.2972,0.7159,0.3,0.2636,0.385,0.3094,0.2995,0.2835,0.2736,0.2629,0.3346
9/2/2021,11.3569,0.2476,0.2251,0.2106,0.2597,0.2556,0.2415,0.2684,0.2818,0.2717,0.2687,0.2412,0.2207,0.2224,0.2241,0.2093,0.2073,0.2449,0.2217,0.2462,0.2234,0.2385,0.2194,0.2096,0.2083,0.2033,0.2338,0.2664,0.2023,0.2499,0.2254,0.219,0.2063,0.2006,0.2123,0.218,0.2143,0.2469,0.218,0.4762,0.2418,0.2409,0.2244,0.2301,0.2362,0.2341,0.208,0.2415,0.2395
9/1/2021,17.3309,0.3943,0.3999,0.3915,0.5492,0.5352,0.4055,0.552,0.4764,0.3607,0.4177,0.3365,0.3412,0.3206,0.3216,0.2889,0.2936,0.3533,0.3365,0.302,0.316,0.2796,0.3635,0.3066,0.2842,0.3337,0.3001,0.3365,0.2768,0.3412,0.302,0.2283,0.2814,0.287,0.2768,0.2917,0.3076,0.3328,0.3514,1.1037,0.3941,0.274,0.3094,0.3813,0.3533,0.2861,0.4018,0.2768,0.3766
8/31/2021,14.1596,0.243,0.2658,0.3157,0.3225,0.312,0.3533,0.2745,0.4192,0.3718,0.3151,0.3773,0.2997,0.2628,0.2628,0.2517,0.264,0.2584,0.2529,0.2868,0.2658,0.2874,0.3108,0.3003,0.333,0.2929,0.2868,0.2929,0.2387,0.2769,0.2597,0.2203,0.2554,0.2135,0.2258,0.2203,0.2461,0.2991,0.2554,0.8046,0.3215,0.2455,0.3151,0.2591,0.2862,0.2757,0.3059,0.3009,0.2547
8/30/2021,16.5934,0.2913,0.3222,0.3832,0.3703,0.3806,0.5164,0.3368,0.4099,0.2904,0.3067,0.3488,0.281,0.2896,0.2621,0.3265,0.3428,0.3033,0.3806,0.3016,0.3076,0.3368,0.3385,0.2758,0.2509,0.2621,0.293,0.2595,0.2896,0.3274,0.3016,0.2449,0.3033,0.2973,0.2672,0.2449,0.2844,0.3239,0.3119,1.6284,0.5215,0.305,0.2595,0.2629,0.3179,0.3007,0.3798,0.2921,0.3609
8/29/2021,12.685,0.2946,0.244,0.2219,0.3419,0.2932,0.2913,0.2444,0.3456,0.2257,0.2665,0.2547,0.2575,0.2393,0.2337,0.266,0.2454,0.2716,0.2458,0.2646,0.2533,0.266,0.2505,0.2716,0.2899,0.2604,0.2299,0.236,0.2262,0.3114,0.2665,0.2252,0.2276,0.2393,0.2177,0.2416,0.2393,0.2318,0.243,0.7016,0.2965,0.2402,0.2159,0.2168,0.244,0.2744,0.2641,0.2337,0.2229
8/28/2021,16.5197,0.3004,0.3584,0.4027,0.5066,0.5765,0.3345,0.4836,0.3975,0.3498,0.3243,0.4904,0.2919,0.2655,0.3081,0.2945,0.3618,0.372,0.3422,0.3141,0.372,0.2868,0.251,0.2672,0.3456,0.2544,0.3209,0.2621,0.2629,0.3498,0.3302,0.2911,0.2553,0.2689,0.2732,0.3004,0.3072,0.3549,0.3268,0.833,0.3284,0.3549,0.3226,0.3354,0.2485,0.3669,0.3626,0.3413,0.2706
8/27/2021,7.8172,0.1642,0.1626,0.1641,0.1605,0.1585,0.1597,0.1595,0.16,0.164,0.1611,0.1635,0.1634,0.1632,0.1636,0.1626,0.1645,0.1627,0.1642,0.1635,0.1641,0.1632,0.1629,0.1637,0.1631,0.1649,0.1635,0.1611,0.1647,0.1605,0.1634,0.1648,0.165,0.1638,0.1641,0.1638,0.1641,0.1645,0.164,0.1521,0.1631,0.1625,0.1634,0.1625,0.1646,0.1627,0.1633,0.164,0.1644
8/26/2021,6.5636,0.1404,0.1443,0.129,0.1145,0.13,0.1191,0.1045,0.1175,0.1193,0.1417,0.1157,0.1395,0.1377,0.1369,0.1356,0.1445,0.143,0.1364,0.1389,0.1388,0.1352,0.1316,0.1315,0.1494,0.1395,0.1473,0.1474,0.152,0.1342,0.146,0.157,0.1456,0.1512,0.1549,0.1487,0.1441,0.1496,0.1381,0.0663,0.1423,0.1326,0.1387,0.1451,0.1463,0.1427,0.1392,0.1394,0.1404
8/25/2021,8.4811,0.176,0.1735,0.1761,0.1793,0.1774,0.1758,0.1841,0.1865,0.1765,0.1815,0.1759,0.1787,0.1735,0.1726,0.1762,0.1741,0.1733,0.1731,0.1752,0.1771,0.1728,0.1742,0.1733,0.1743,0.1732,0.1727,0.1722,0.1735,0.176,0.1734,0.1707,0.1707,0.1723,0.1725,0.1719,0.1732,0.1776,0.1739,0.2457,0.1859,0.1764,0.1732,0.1774,0.1714,0.1727,0.1765,0.1724,0.1747
8/24/2021,6.4896,0.1446,0.1297,0.1476,0.1259,0.1236,0.1162,0.1398,0.1313,0.1233,0.1229,0.1291,0.1282,0.1439,0.1413,0.1488,0.1419,0.144,0.1461,0.1331,0.1319,0.1437,0.1501,0.1285,0.1339,0.1371,0.1345,0.1271,0.1455,0.1221,0.1434,0.1482,0.1556,0.1499,0.1448,0.152,0.1411,0.1417,0.1469,0.0173,0.1304,0.1359,0.1374,0.1313,0.1333,0.1428,0.139,0.1402,0.1427
8/23/2021,6.5632,0.1323,0.1471,0.1481,0.1171,0.1206,0.1069,0.141,0.1306,0.1219,0.124,0.1277,0.1414,0.1468,0.1356,0.1375,0.147,0.1461,0.1339,0.1382,0.1354,0.1457,0.1507,0.1454,0.1457,0.148,0.1458,0.1326,0.148,0.1464,0.1422,0.1437,0.1461,0.1443,0.153,0.1523,0.148,0.1438,0.1404,0.02,0.1311,0.1379,0.132,0.1503,0.1346,0.1351,0.1402,0.1379,0.1428
8/22/2021,6.4899,0.1408,0.143,0.1315,0.1251,0.1135,0.1309,0.1037,0.1256,0.1445,0.1449,0.1442,0.1263,0.1436,0.1365,0.1339,0.1442,0.1395,0.1328,0.1455,0.1343,0.149,0.1475,0.1371,0.1283,0.1386,0.1455,0.1475,0.1473,0.1446,0.136,0.1442,0.1439,0.1514,0.1461,0.1466,0.1446,0.135,0.1354,0.0166,0.1302,0.1288,0.1342,0.1316,0.1384,0.1445,0.1307,0.1378,0.1442
8/21/2021,6.4897,0.1408,0.1337,0.1304,0.1191,0.1185,0.1126,0.1182,0.1233,0.1313,0.1271,0.1146,0.1416,0.1384,0.1374,0.1442,0.1433,0.1337,0.1353,0.1319,0.1328,0.1431,0.1507,0.139,0.1431,0.1383,0.1369,0.1513,0.1464,0.1313,0.1408,0.1534,0.1433,0.149,0.147,0.1529,0.1436,0.1375,0.1424,0.0396,0.1358,0.1436,0.1381,0.1331,0.1491,0.1333,0.1395,0.1319,0.1475
8/20/2021,6.7114,0.1375,0.1333,0.1435,0.1265,0.1333,0.1299,0.1213,0.1307,0.1422,0.1469,0.1427,0.1469,0.1431,0.1466,0.15,0.1484,0.1359,0.1437,0.1359,0.1433,0.1506,0.1365,0.1471,0.136,0.1535,0.143,0.1356,0.1517,0.1316,0.1396,0.1524,0.1499,0.1531,0.1476,0.1538,0.1484,0.1404,0.1472,0.0396,0.1358,0.145,0.135,0.14,0.1404,0.1431,0.1359,0.1466,0.1504
8/19/2021,6.5636,0.1454,0.131,0.1279,0.1144,0.1302,0.1144,0.1058,0.1246,0.1299,0.1276,0.125,0.1399,0.141,0.1507,0.1348,0.1364,0.1352,0.1382,0.1362,0.1384,0.1458,0.132,0.1474,0.1299,0.1398,0.1425,0.1206,0.1512,0.1411,0.1405,0.1552,0.1494,0.1559,0.1456,0.1517,0.147,0.1325,0.1352,0.1003,0.1506,0.1444,0.1336,0.1523,0.1358,0.1349,0.1431,0.1389,0.1394
8/18/2021,7.3011,0.1486,0.1532,0.152,0.1494,0.1328,0.1501,0.1553,0.1529,0.1488,0.1454,0.1547,0.1513,0.1582,0.1553,0.153,0.1514,0.1567,0.1545,0.1507,0.1505,0.1559,0.1535,0.1548,0.1594,0.1572,0.1572,0.1579,0.1572,0.1433,0.1527,0.1588,0.1597,0.1616,0.1583,0.1583,0.1574,0.1563,0.1564,0.0825,0.1462,0.158,0.153,0.1498,0.1578,0.1539,0.1483,0.1556,0.1553
8/17/2021,6.49,0.1392,0.1283,0.1384,0.1061,0.1011,0.1273,0.1152,0.1117,0.1263,0.1424,0.1177,0.135,0.1482,0.1416,0.1366,0.1387,0.1377,0.1446,0.1407,0.1315,0.1448,0.1396,0.13,0.1277,0.143,0.1451,0.117,0.1455,0.12,0.1449,0.1565,0.1493,0.1543,0.1513,0.1458,0.1433,0.149,0.1334,0.0908,0.1483,0.1327,0.1369,0.1381,0.1428,0.1368,0.1359,0.1424,0.1365
8/16/2021,6.711,0.1356,0.1431,0.1486,0.1167,0.123,0.1142,0.1149,0.1308,0.1357,0.131,0.1424,0.1436,0.1428,0.1424,0.1507,0.1393,0.1482,0.1435,0.1477,0.1484,0.1462,0.1374,0.1372,0.1337,0.1552,0.1383,0.1477,0.1516,0.1395,0.146,0.1462,0.1527,0.1527,0.1518,0.1477,0.1497,0.1348,0.1426,0.0703,0.1433,0.1512,0.1325,0.1419,0.153,0.1428,0.133,0.1395,0.1499
8/15/2021,5.7522,0.1228,0.1201,0.1228,0.1161,0.0532,0.1217,0.1013,0.0911,0.0961,0.1156,0.128,0.139,0.1361,0.1352,0.1262,0.1222,0.1224,0.1336,0.1345,0.1321,0.1316,0.1118,0.126,0.1298,0.1354,0.1278,0.1285,0.1395,0.1354,0.121,0.1359,0.1467,0.1356,0.1348,0.1327,0.1374,0.1165,0.1383,-0.0505,0.1139,0.1087,0.1024,0.1123,0.1361,0.1156,0.1258,0.1305,0.1226
8/14/2021,7.2275,0.1513,0.1557,0.1486,0.1429,0.1311,0.1391,0.1434,0.1352,0.1406,0.1557,0.1463,0.1558,0.1545,0.1569,0.1569,0.1544,0.1501,0.1487,0.1513,0.1524,0.1518,0.1519,0.1572,0.148,0.1598,0.1537,0.1441,0.1561,0.1494,0.1558,0.1586,0.1557,0.1546,0.1573,0.1546,0.155,0.1476,0.1512,0.1116,0.1533,0.152,0.1543,0.1545,0.1556,0.157,0.1536,0.1521,0.1502
8/13/2021,6.4901,0.1309,0.1387,0.1402,0.1336,0.1182,0.1333,0.1279,0.131,0.1128,0.117,0.125,0.1288,0.1451,0.1436,0.1363,0.13,0.1356,0.1321,0.1356,0.1446,0.1476,0.1463,0.1337,0.1353,0.1469,0.1485,0.1191,0.1476,0.1247,0.1395,0.1433,0.1528,0.1514,0.1466,0.1498,0.1455,0.1389,0.133,0.0454,0.1372,0.1395,0.1313,0.1466,0.1526,0.1419,0.1304,0.134,0.1404
8/12/2021,6.5634,0.1438,0.1283,0.1387,0.123,0.1287,0.118,0.1115,0.1374,0.1417,0.1372,0.1197,0.128,0.1494,0.1448,0.1473,0.1496,0.1326,0.1313,0.1399,0.1315,0.1408,0.1389,0.1372,0.1351,0.1517,0.1496,0.1408,0.1514,0.1174,0.1434,0.1501,0.1477,0.1444,0.1447,0.1478,0.1451,0.145,0.1497,0.05,0.1384,0.1467,0.1253,0.143,0.1404,0.1382,0.1397,0.1368,0.1417
8/11/2021,14.6756,0.2795,0.3115,0.2701,0.4137,0.3863,0.4123,0.2755,0.3449,0.3135,0.3175,0.417,0.3302,0.2768,0.3115,0.2708,0.3082,0.2721,0.2922,0.3015,0.2888,0.2688,0.2661,0.3336,0.3082,0.2461,0.2762,0.3516,0.2621,0.2568,0.3015,0.2628,0.2181,0.2421,0.2328,0.2741,0.2515,0.3062,0.2535,0.7688,0.3129,0.2701,0.2948,0.2414,0.3256,0.2715,0.3195,0.2581,0.3069
8/10/2021,12.1683,0.25,0.2379,0.2242,0.273,0.2896,0.2846,0.2534,0.3055,0.2384,0.2396,0.3192,0.2596,0.2317,0.2275,0.2325,0.2259,0.2492,0.2513,0.2359,0.2609,0.2146,0.2267,0.2263,0.2267,0.2304,0.2171,0.2488,0.2217,0.2884,0.2296,0.2075,0.2292,0.2008,0.1996,0.2004,0.225,0.24,0.2605,0.6953,0.295,0.2371,0.2609,0.2346,0.265,0.2605,0.2625,0.2646,0.2096
8/9/2021,7.3012,0.1519,0.1475,0.1574,0.1486,0.1507,0.1421,0.146,0.1462,0.1522,0.1559,0.151,0.1509,0.1559,0.158,0.1581,0.1544,0.154,0.1516,0.1511,0.1528,0.158,0.1522,0.1517,0.1482,0.1596,0.1543,0.1535,0.1586,0.1551,0.1537,0.1616,0.1581,0.1607,0.1593,0.1572,0.1558,0.1508,0.1558,0.0801,0.1456,0.1498,0.1531,0.1539,0.1541,0.1567,0.157,0.1577,0.1527
8/8/2021,13.9385,0.2771,0.311,0.2747,0.2985,0.3852,0.4012,0.4214,0.4048,0.2326,0.2718,0.3799,0.2747,0.2379,0.2486,0.2777,0.2955,0.3021,0.2658,0.2795,0.2742,0.286,0.2742,0.2777,0.2641,0.2225,0.2783,0.3496,0.2261,0.3371,0.2516,0.2563,0.2094,0.21,0.2415,0.235,0.2587,0.2848,0.2403,0.5991,0.2717,0.3086,0.3199,0.2403,0.3003,0.2581,0.3098,0.2777,0.2356
8/7/2021,16.9618,0.3504,0.3755,0.3154,0.4203,0.4965,0.3979,0.3244,0.4517,0.3773,0.4705,0.3522,0.3656,0.3486,0.2697,0.3163,0.3549,0.3145,0.2912,0.362,0.2957,0.3136,0.3638,0.3531,0.3549,0.3127,0.3549,0.2733,0.2715,0.3244,0.319,0.25,0.2939,0.2509,0.276,0.2993,0.3154,0.3629,0.2706,0.8323,0.3283,0.4095,0.3988,0.3378,0.3827,0.3602,0.4069,0.328,0.3665
8/6/2021,12.8319,0.2435,0.2396,0.2909,0.3208,0.2773,0.3174,0.2947,0.3532,0.2247,0.3256,0.3358,0.2232,0.2488,0.2454,0.2314,0.2735,0.2802,0.2744,0.271,0.2725,0.2338,0.2416,0.2227,0.2894,0.229,0.2483,0.2889,0.2334,0.2952,0.2701,0.2193,0.2218,0.2063,0.2391,0.2314,0.2295,0.2768,0.2773,0.5228,0.2531,0.2822,0.2725,0.2145,0.2551,0.2561,0.2759,0.2536,0.2483
8/5/2021,12.7584,0.2457,0.2737,0.2585,0.2794,0.3884,0.297,0.2809,0.3451,0.3089,0.2661,0.3499,0.2733,0.2428,0.2495,0.2409,0.2423,0.268,0.2376,0.239,0.2785,0.2571,0.2152,0.2956,0.2485,0.2185,0.2257,0.2685,0.2233,0.3242,0.2499,0.2352,0.2461,0.2423,0.2423,0.2162,0.2347,0.2476,0.2723,0.571,0.2648,0.2495,0.2361,0.2633,0.2181,0.2304,0.2585,0.2228,0.2152
8/4/2021,12.4633,0.2359,0.2336,0.2376,0.2983,0.2675,0.2716,0.3604,0.301,0.2952,0.2314,0.3256,0.2921,0.2216,0.2466,0.2644,0.2443,0.2318,0.2345,0.2742,0.2367,0.2238,0.2519,0.239,0.2582,0.2564,0.2175,0.2939,0.226,0.2894,0.247,0.222,0.2234,0.2042,0.2309,0.2046,0.2336,0.2774,0.2666,0.5542,0.2607,0.2506,0.2613,0.2135,0.2363,0.2443,0.2671,0.2506,0.2546
8/3/2021,13.5693,0.2424,0.3098,0.2485,0.3778,0.3922,0.2808,0.2914,0.2825,0.3042,0.2552,0.253,0.2691,0.2302,0.2647,0.2419,0.2608,0.2959,0.2736,0.2441,0.2524,0.2925,0.2664,0.2391,0.2424,0.2658,0.2691,0.3349,0.2396,0.2452,0.263,0.2034,0.2463,0.2396,0.2552,0.2246,0.2536,0.243,0.2658,0.9787,0.3638,0.2368,0.2218,0.2363,0.238,0.2964,0.312,0.263,0.2625
8/2/2021,14.5284,0.2568,0.3351,0.2463,0.3521,0.3534,0.3912,0.309,0.3658,0.3932,0.3828,0.2639,0.275,0.2613,0.2509,0.3031,0.3142,0.2594,0.26,0.2737,0.2731,0.3018,0.2809,0.2731,0.3096,0.2535,0.2953,0.2731,0.2561,0.388,0.2966,0.2202,0.2633,0.2528,0.2489,0.2228,0.2548,0.2985,0.2626,0.7666,0.3123,0.3201,0.3044,0.3149,0.2548,0.2901,0.3214,0.2652,0.3064
8/1/2021,10.988,0.2405,0.2318,0.2255,0.2441,0.2348,0.2545,0.2348,0.2829,0.1998,0.256,0.2118,0.25,0.2127,0.2082,0.2157,0.2124,0.2309,0.2378,0.2279,0.222,0.2342,0.2255,0.2432,0.2414,0.1957,0.2273,0.265,0.2055,0.2527,0.2294,0.2004,0.2013,0.2001,0.1995,0.2031,0.2082,0.1998,0.2249,0.367,0.2153,0.2279,0.2112,0.2264,0.2315,0.2264,0.2345,0.2369,0.2196
7/31/2021,14.9707,0.2901,0.2852,0.2538,0.3605,0.5166,0.2956,0.3632,0.3312,0.2949,0.343,0.2984,0.3479,0.274,0.2775,0.3249,0.3347,0.2691,0.2824,0.2705,0.2859,0.2629,0.32,0.3221,0.2803,0.2301,0.2454,0.3082,0.2433,0.3423,0.2873,0.2392,0.2698,0.2538,0.2657,0.2378,0.2594,0.3221,0.2482,1.0742,0.387,0.3061,0.2907,0.2559,0.3075,0.2712,0.2461,0.3249,0.2698
7/30/2021,8.4813,0.1782,0.177,0.1767,0.1862,0.1857,0.1847,0.1876,0.1836,0.1834,0.182,0.1783,0.1762,0.1723,0.1736,0.1757,0.1736,0.1732,0.176,0.177,0.1739,0.1723,0.1737,0.1774,0.1764,0.1748,0.175,0.1787,0.1733,0.1816,0.1749,0.1719,0.1733,0.1701,0.1737,0.1742,0.1746,0.1734,0.1772,0.189,0.1721,0.1745,0.1782,0.172,0.173,0.1747,0.1792,0.1737,0.1735
7/29/2021,11.1363,0.2231,0.2363,0.2391,0.2357,0.2774,0.2595,0.2369,0.2284,0.2767,0.2241,0.2617,0.2482,0.225,0.2074,0.2118,0.2397,0.2181,0.2385,0.2109,0.2175,0.2316,0.2225,0.2488,0.2059,0.22,0.2103,0.2686,0.2059,0.2203,0.2212,0.2121,0.2115,0.2018,0.1999,0.2034,0.22,0.2404,0.2328,0.4241,0.2292,0.2266,0.2253,0.2027,0.215,0.2316,0.2375,0.2197,0.2316
7/28/2021,8.6285,0.1765,0.1782,0.1784,0.1898,0.1841,0.1835,0.1823,0.1894,0.189,0.1806,0.1812,0.1743,0.179,0.1784,0.1787,0.1746,0.179,0.18,0.1774,0.1803,0.1777,0.177,0.1818,0.1797,0.1733,0.1747,0.1741,0.1754,0.1794,0.1796,0.174,0.1725,0.176,0.1717,0.174,0.1759,0.1817,0.1782,0.2379,0.184,0.1793,0.1726,0.1768,0.1804,0.1787,0.1738,0.1774,0.1762
7/27/2021,9.4394,0.1934,0.1963,0.1867,0.2258,0.2004,0.2024,0.2181,0.2078,0.1924,0.213,0.1896,0.1855,0.1848,0.1875,0.1916,0.1852,0.1868,0.1963,0.196,0.1989,0.1927,0.2002,0.2028,0.1995,0.1815,0.1923,0.1992,0.1811,0.194,0.1873,0.1881,0.1861,0.1867,0.1864,0.1783,0.1852,0.2027,0.1841,0.3264,0.2055,0.2027,0.1934,0.194,0.1826,0.1937,0.1884,0.1865,0.1995
7/26/2021,9.9559,0.2085,0.2156,0.1966,0.2365,0.2177,0.2402,0.2296,0.2212,0.2257,0.212,0.2285,0.1985,0.2038,0.1937,0.2038,0.1966,0.2132,0.2115,0.2001,0.2058,0.2003,0.2077,0.2134,0.197,0.1962,0.189,0.2177,0.1911,0.2277,0.2019,0.1913,0.187,0.1835,0.1851,0.1913,0.2003,0.1896,0.2128,0.2976,0.1985,0.2179,0.2224,0.1984,0.1882,0.2009,0.1952,0.1984,0.1964
7/25/2021,11.8734,0.2255,0.2387,0.2709,0.2743,0.2802,0.3263,0.2689,0.2647,0.224,0.2159,0.2437,0.2445,0.2135,0.2306,0.2263,0.2585,0.2376,0.2437,0.2515,0.2209,0.236,0.2403,0.2418,0.2631,0.2147,0.217,0.2434,0.2178,0.2906,0.2468,0.2089,0.2201,0.2031,0.2104,0.2286,0.2213,0.2352,0.2085,0.5376,0.2567,0.2666,0.2488,0.2565,0.2403,0.2441,0.2542,0.248,0.2128
7/24/2021,9.44,0.1962,0.1916,0.1942,0.2048,0.213,0.2199,0.2122,0.2139,0.1845,0.2146,0.2224,0.1828,0.1878,0.1943,0.1923,0.1952,0.1855,0.1998,0.1886,0.1991,0.1989,0.192,0.191,0.1878,0.1914,0.1946,0.185,0.186,0.2133,0.1939,0.1834,0.1789,0.1858,0.1884,0.1848,0.1854,0.1916,0.1825,0.2845,0.1953,0.2004,0.2065,0.1874,0.2005,0.186,0.1867,0.1913,0.194
7/23/2021,8.5545,0.1767,0.178,0.1744,0.1824,0.1921,0.1895,0.1781,0.178,0.178,0.1804,0.1785,0.1812,0.1775,0.176,0.1785,0.175,0.1775,0.1792,0.1798,0.1796,0.1739,0.177,0.1771,0.1758,0.1726,0.175,0.1826,0.1741,0.1816,0.1757,0.1747,0.1755,0.1728,0.1734,0.1744,0.174,0.1772,0.1793,0.208,0.1767,0.1743,0.1768,0.1736,0.1741,0.1767,0.1798,0.1796,0.1778
7/22/2021,10.7668,0.201,0.24,0.1982,0.2502,0.2314,0.274,0.2353,0.2184,0.2511,0.2585,0.2134,0.2342,0.2234,0.2228,0.2007,0.2239,0.23,0.1999,0.2148,0.2204,0.2098,0.2212,0.214,0.1946,0.2134,0.2151,0.2215,0.2018,0.2123,0.2145,0.1982,0.1918,0.1946,0.2021,0.2071,0.2037,0.23,0.1963,0.4891,0.2449,0.2123,0.2298,0.2242,0.214,0.2303,0.237,0.2037,0.1979
7/21/2021,11.2095,0.2427,0.2488,0.2286,0.2713,0.2967,0.2732,0.2597,0.2386,0.2732,0.245,0.2257,0.2289,0.2315,0.2341,0.2382,0.2344,0.2257,0.2402,0.2135,0.2309,0.2337,0.228,0.2354,0.2068,0.2045,0.2074,0.1997,0.2084,0.236,0.2209,0.1885,0.2087,0.2033,0.1949,0.2013,0.2138,0.227,0.2174,0.4559,0.2369,0.2042,0.2578,0.236,0.228,0.2071,0.2354,0.2309,0.2007
7/20/2021,11.8734,0.2271,0.267,0.2422,0.26,0.3448,0.3208,0.2716,0.2891,0.2712,0.2515,0.2751,0.2364,0.2383,0.2197,0.2434,0.2441,0.2461,0.2352,0.26,0.2376,0.2356,0.2039,0.2546,0.2542,0.2298,0.231,0.2829,0.2221,0.26,0.2279,0.2201,0.224,0.1942,0.2027,0.1984,0.219,0.2302,0.2112,0.3711,0.2163,0.2387,0.2759,0.2503,0.255,0.2538,0.236,0.2569,0.2364
7/19/2021,12.1685,0.2384,0.2571,0.2805,0.3392,0.3034,0.313,0.3138,0.2584,0.2613,0.2809,0.2617,0.2596,0.2192,0.2159,0.2488,0.2163,0.245,0.2309,0.2421,0.2279,0.2379,0.2417,0.2421,0.2771,0.2371,0.2379,0.2951,0.2209,0.2663,0.2438,0.2104,0.2317,0.2313,0.2063,0.2063,0.2221,0.2129,0.2509,0.4276,0.23,0.2767,0.2613,0.2555,0.2538,0.255,0.2642,0.2263,0.2329
7/18/2021,11.7997,0.2548,0.2472,0.2544,0.3118,0.3164,0.2362,0.3099,0.316,0.2491,0.2438,0.2636,0.2104,0.2373,0.243,0.2324,0.2187,0.2575,0.2499,0.2396,0.2548,0.2324,0.2199,0.2138,0.2647,0.2172,0.2438,0.2278,0.2066,0.2347,0.2233,0.2069,0.2058,0.2259,0.2157,0.2244,0.2218,0.2586,0.2134,0.4816,0.2431,0.2685,0.237,0.2161,0.2077,0.2195,0.2503,0.2316,0.2408
7/17/2021,12.8322,0.2561,0.2324,0.2836,0.3484,0.3005,0.3687,0.2614,0.2855,0.3054,0.3266,0.3078,0.2251,0.2208,0.2527,0.2599,0.271,0.2498,0.2619,0.2768,0.2449,0.2295,0.2541,0.2609,0.258,0.2193,0.2556,0.2952,0.2271,0.272,0.2329,0.2179,0.2401,0.2251,0.2145,0.2208,0.2493,0.2474,0.2551,0.643,0.2823,0.2449,0.2367,0.287,0.2623,0.2396,0.2213,0.2324,0.2686
7/16/2021,14.8971,0.3515,0.3232,0.2805,0.417,0.3239,0.4522,0.3881,0.4488,0.3901,0.3143,0.3894,0.3177,0.2701,0.2818,0.2956,0.2515,0.2839,0.3129,0.297,0.2743,0.2618,0.3136,0.2687,0.2522,0.2405,0.237,0.2405,0.2453,0.3957,0.2956,0.2349,0.2377,0.2667,0.2481,0.2232,0.2612,0.2874,0.2674,0.8071,0.3221,0.2529,0.3163,0.2915,0.3053,0.2812,0.2446,0.3143,0.3205
7/15/2021,13.422,0.3066,0.2404,0.2691,0.3293,0.2908,0.3239,0.3293,0.3548,0.2881,0.2447,0.3385,0.2621,0.2713,0.2778,0.2334,0.2328,0.2334,0.2957,0.2881,0.28,0.2534,0.2475,0.2355,0.2214,0.2751,0.2469,0.241,0.229,0.3315,0.2556,0.2225,0.2106,0.2176,0.2279,0.2507,0.241,0.2399,0.2854,0.8674,0.3368,0.306,0.2654,0.2382,0.286,0.2838,0.2377,0.2442,0.2339
7/14/2021,13.2749,0.2389,0.2426,0.307,0.2869,0.4035,0.3059,0.3555,0.365,0.2954,0.3312,0.3376,0.2906,0.2479,0.249,0.2484,0.259,0.2864,0.2363,0.2611,0.2743,0.2648,0.2437,0.3091,0.2384,0.2685,0.2727,0.3286,0.2252,0.297,0.2431,0.249,0.2379,0.2099,0.2437,0.2516,0.2416,0.2827,0.2901,0.3912,0.2212,0.298,0.2178,0.2685,0.2774,0.2532,0.2795,0.2648,0.2832
7/13/2021,14.0121,0.3194,0.3224,0.2532,0.4023,0.3266,0.2815,0.3807,0.3609,0.3627,0.3536,0.3122,0.3284,0.2424,0.2653,0.2893,0.2851,0.2707,0.2418,0.3067,0.2791,0.2587,0.2863,0.2839,0.3278,0.2893,0.2568,0.2671,0.2412,0.3182,0.2707,0.2382,0.21,0.213,0.2334,0.2532,0.2587,0.3043,0.3037,0.59,0.2694,0.252,0.2466,0.2749,0.2599,0.2472,0.323,0.2995,0.2508
7/12/2021,15.6346,0.3423,0.33,0.2949,0.3468,0.3293,0.3629,0.2957,0.3438,0.3896,0.3064,0.2804,0.2606,0.2659,0.3178,0.2858,0.2575,0.34,0.2881,0.3308,0.2804,0.2697,0.3339,0.3018,0.2781,0.3247,0.3003,0.269,0.243,0.3927,0.3247,0.2323,0.2598,0.2789,0.2537,0.2682,0.2957,0.2697,0.2667,1.262,0.4326,0.3262,0.3262,0.327,0.3339,0.3575,0.3362,0.2674,0.2537
7/11/2021,11.4312,0.2483,0.2384,0.2065,0.2576,0.2936,0.2936,0.2933,0.2411,0.2185,0.2271,0.2682,0.2106,0.2082,0.2312,0.2106,0.2137,0.2408,0.2305,0.2435,0.2198,0.2264,0.2288,0.2463,0.2078,0.2133,0.2023,0.2353,0.2126,0.2445,0.2384,0.2054,0.215,0.2116,0.2178,0.2089,0.2277,0.2295,0.2418,0.5844,0.2681,0.2511,0.2072,0.2205,0.2044,0.2391,0.2209,0.2171,0.2099
7/10/2021,8.9239,0.1836,0.1884,0.1901,0.1968,0.2085,0.199,0.1991,0.1855,0.1957,0.1847,0.1967,0.1851,0.1773,0.1782,0.1812,0.1871,0.1777,0.1786,0.1814,0.1867,0.1788,0.1871,0.1802,0.1901,0.1831,0.1812,0.1968,0.1766,0.1804,0.1807,0.173,0.1812,0.1736,0.177,0.1805,0.1809,0.1872,0.1874,0.2401,0.1845,0.1919,0.1799,0.176,0.1826,0.1799,0.1899,0.1806,0.1813
7/9/2021,10.9886,0.2494,0.2127,0.23,0.2898,0.2471,0.2363,0.2172,0.2575,0.2512,0.2659,0.2288,0.2133,0.2121,0.2288,0.2058,0.2237,0.2333,0.2148,0.2279,0.2151,0.2261,0.2273,0.2342,0.198,0.196,0.2091,0.2264,0.2046,0.2593,0.2202,0.1891,0.1921,0.1918,0.2139,0.1936,0.2136,0.2193,0.2112,0.493,0.2459,0.2366,0.2112,0.2217,0.2184,0.2106,0.2166,0.2288,0.2193
7/8/2021,11.3579,0.2187,0.215,0.257,0.2456,0.2543,0.2728,0.2419,0.2946,0.2184,0.2576,0.2731,0.254,0.2207,0.2063,0.2258,0.2063,0.2466,0.2419,0.2399,0.2486,0.2362,0.2325,0.2439,0.2533,0.2177,0.2315,0.2613,0.2049,0.2711,0.2348,0.1955,0.209,0.2009,0.2026,0.2194,0.2194,0.2043,0.2023,0.4125,0.2263,0.2496,0.2352,0.2033,0.2224,0.2365,0.2469,0.2335,0.212
7/7/2021,15.1921,0.3321,0.3609,0.2479,0.3702,0.4544,0.3119,0.3716,0.3831,0.4141,0.2803,0.409,0.2817,0.2458,0.2789,0.304,0.3184,0.2832,0.2897,0.3292,0.3084,0.2594,0.3235,0.3645,0.3558,0.2968,0.2911,0.3206,0.2573,0.3659,0.3184,0.2228,0.2695,0.2278,0.2436,0.2652,0.2738,0.3177,0.3285,0.838,0.3296,0.2465,0.3098,0.2436,0.235,0.2702,0.294,0.2825,0.2659
7/6/2021,12.1682,0.2692,0.2496,0.255,0.3001,0.3492,0.2463,0.2817,0.3046,0.2329,0.2838,0.2609,0.2721,0.2142,0.2367,0.2254,0.2188,0.263,0.2271,0.268,0.24,0.2175,0.2104,0.2413,0.23,0.2313,0.2425,0.2725,0.2204,0.2605,0.25,0.2067,0.2334,0.2329,0.205,0.2038,0.2246,0.255,0.2254,0.6168,0.2759,0.2259,0.2459,0.2592,0.2142,0.2192,0.2517,0.2442,0.2534
7/5/2021,15.4871,0.258,0.3666,0.249,0.3943,0.3583,0.3246,0.3381,0.3875,0.3351,0.3845,0.3404,0.3523,0.264,0.2655,0.2737,0.3097,0.2932,0.3104,0.3381,0.3157,0.2565,0.2954,0.2857,0.3172,0.2872,0.2984,0.2625,0.2595,0.3516,0.27,0.2745,0.2363,0.246,0.276,0.255,0.2715,0.276,0.3389,1.2179,0.4219,0.2588,0.2588,0.2438,0.2992,0.3007,0.3479,0.3419,0.279
7/4/2021,18.0683,0.3932,0.4174,0.3056,0.51,0.4969,0.364,0.361,0.5805,0.3046,0.357,0.4989,0.3962,0.2915,0.3368,0.362,0.3519,0.368,0.3408,0.3469,0.3781,0.366,0.362,0.3429,0.3298,0.364,0.2905,0.4284,0.2965,0.4194,0.3721,0.3117,0.2825,0.3117,0.3076,0.2794,0.3026,0.3912,0.2804,1.0595,0.3834,0.3106,0.4325,0.2976,0.365,0.3398,0.369,0.4093,0.3016
7/3/2021,12.5368,0.2737,0.2429,0.2474,0.2728,0.3404,0.3495,0.2452,0.257,0.2347,0.2982,0.2356,0.2642,0.2311,0.2311,0.2325,0.2497,0.2474,0.2234,0.2706,0.2715,0.2261,0.2384,0.291,0.2819,0.2084,0.2302,0.2769,0.2193,0.2397,0.232,0.1966,0.212,0.2134,0.2129,0.2234,0.2356,0.2329,0.2424,0.8789,0.3396,0.2247,0.2315,0.2288,0.2379,0.276,0.2433,0.2302,0.2139
7/2/2021,14.1595,0.3225,0.264,0.2689,0.4044,0.3773,0.3835,0.3533,0.2973,0.2905,0.3354,0.2609,0.2917,0.2412,0.2985,0.2966,0.2831,0.2665,0.2948,0.2892,0.2745,0.2498,0.2584,0.288,0.2511,0.2498,0.2449,0.3613,0.2535,0.2794,0.2782,0.2252,0.2683,0.235,0.2307,0.2665,0.2603,0.2609,0.2714,0.8274,0.3271,0.3059,0.2276,0.2689,0.2775,0.3083,0.2812,0.2775,0.2313
7/1/2021,12.2424,0.2753,0.2299,0.2795,0.263,0.3245,0.2443,0.3156,0.2859,0.2447,0.2502,0.2545,0.2604,0.218,0.2439,0.2163,0.2617,0.2435,0.2345,0.2413,0.271,0.2155,0.2485,0.2418,0.2587,0.2422,0.2269,0.2549,0.2095,0.2362,0.2435,0.2354,0.2129,0.2227,0.2036,0.2036,0.2252,0.2464,0.2311,0.6507,0.2842,0.274,0.2549,0.2405,0.2562,0.249,0.2549,0.2409,0.2205
6/30/2021,15.3396,0.2635,0.2797,0.2936,0.4478,0.5381,0.4382,0.3648,0.4052,0.348,0.3076,0.3722,0.2797,0.3054,0.3186,0.2533,0.2562,0.2819,0.2665,0.3421,0.2709,0.2591,0.2606,0.3391,0.2503,0.3032,0.2672,0.3458,0.2658,0.3355,0.2716,0.2437,0.2709,0.2335,0.2452,0.2665,0.2885,0.2988,0.3377,0.8488,0.3323,0.3164,0.2672,0.3296,0.3171,0.3281,0.3369,0.2834,0.2635
6/29/2021,10.9147,0.229,0.2331,0.2395,0.2538,0.2818,0.2413,0.2605,0.285,0.248,0.2661,0.2783,0.229,0.2156,0.2218,0.2349,0.2203,0.2066,0.2171,0.2267,0.2209,0.2282,0.2218,0.2197,0.1952,0.206,0.1976,0.2247,0.2072,0.2197,0.2127,0.2095,0.1909,0.1976,0.2116,0.2043,0.2136,0.213,0.2325,0.3573,0.213,0.2057,0.2034,0.2139,0.2191,0.2191,0.2366,0.2057,0.2258
6/28/2021,14.6022,0.2591,0.341,0.2518,0.4083,0.3687,0.3898,0.302,0.4261,0.2763,0.3608,0.2657,0.2763,0.2822,0.2697,0.2657,0.2908,0.2994,0.3126,0.3073,0.2644,0.273,0.267,0.2637,0.2505,0.2538,0.2347,0.3601,0.2373,0.2782,0.3066,0.2274,0.2763,0.2188,0.2201,0.238,0.2796,0.2479,0.2875,1.031,0.3765,0.2769,0.3337,0.2538,0.265,0.3099,0.2604,0.2868,0.2697
6/27/2021,17.6255,0.363,0.4083,0.4333,0.3823,0.5594,0.5045,0.468,0.5401,0.3909,0.4285,0.3496,0.3428,0.363,0.3438,0.3563,0.3659,0.2831,0.2812,0.3245,0.3977,0.286,0.3669,0.2966,0.2774,0.3505,0.2937,0.2937,0.3014,0.313,0.2995,0.2648,0.3255,0.3178,0.2783,0.2899,0.3255,0.3688,0.3967,0.9071,0.3464,0.3842,0.2687,0.3621,0.2591,0.4083,0.3842,0.39,0.3832
6/26/2021,14.2335,0.3262,0.2546,0.2489,0.3132,0.388,0.2932,0.401,0.4191,0.3275,0.2571,0.4116,0.3044,0.2832,0.2988,0.3094,0.2839,0.3075,0.2795,0.3082,0.2764,0.2371,0.2945,0.3244,0.2514,0.2932,0.2795,0.3262,0.2471,0.3643,0.2726,0.267,0.2359,0.2315,0.2359,0.2552,0.2639,0.2602,0.3013,0.608,0.2738,0.2558,0.2284,0.3088,0.2471,0.2458,0.292,0.2564,0.2845
6/25/2021,14.5283,0.3455,0.3155,0.3286,0.3664,0.3064,0.4376,0.3344,0.3834,0.2509,0.3553,0.3207,0.2522,0.2652,0.2887,0.2705,0.2816,0.2933,0.2855,0.3253,0.2835,0.3122,0.2731,0.3175,0.2548,0.2998,0.2594,0.245,0.2607,0.3593,0.3057,0.2084,0.2652,0.2326,0.232,0.2444,0.2744,0.2639,0.279,0.8007,0.3206,0.2803,0.2796,0.2679,0.2855,0.2652,0.3149,0.262,0.2737
6/24/2021,12.832,0.2599,0.2324,0.2435,0.3648,0.3169,0.3063,0.2831,0.3227,0.2459,0.3121,0.2391,0.228,0.2638,0.2575,0.2237,0.2706,0.2556,0.2701,0.2493,0.2807,0.2735,0.2759,0.2831,0.2691,0.2387,0.2164,0.242,0.2198,0.2836,0.2517,0.2266,0.242,0.2174,0.2029,0.214,0.2295,0.2604,0.2836,0.6644,0.2875,0.2329,0.244,0.2493,0.215,0.2768,0.2875,0.2807,0.2377
6/23/2021,12.9058,0.2726,0.2937,0.2991,0.3497,0.3138,0.3698,0.357,0.3521,0.3109,0.2756,0.2471,0.2883,0.2417,0.2319,0.2393,0.2353,0.251,0.2501,0.2407,0.281,0.2648,0.2383,0.3021,0.2579,0.2118,0.2246,0.2383,0.2339,0.2432,0.2564,0.2143,0.2486,0.2059,0.2138,0.2393,0.2373,0.2407,0.2844,0.5141,0.251,0.2314,0.305,0.2677,0.2319,0.2854,0.2633,0.2707,0.229
6/22/2021,16.741,0.3834,0.2838,0.3257,0.421,0.5618,0.352,0.3249,0.4184,0.4708,0.3817,0.4202,0.3712,0.3074,0.3415,0.3424,0.3257,0.3126,0.3459,0.3686,0.3703,0.359,0.2759,0.3843,0.3598,0.2515,0.3581,0.2768,0.2838,0.2969,0.3074,0.2689,0.2357,0.2506,0.2707,0.2436,0.2785,0.3389,0.3686,0.8327,0.3284,0.366,0.3782,0.2611,0.2978,0.3756,0.3397,0.373,0.3502
6/21/2021,14.5281,0.339,0.3194,0.3018,0.3299,0.3377,0.3873,0.3429,0.4232,0.3266,0.3469,0.3841,0.3181,0.2848,0.2633,0.2829,0.2724,0.277,0.292,0.2998,0.2711,0.2698,0.2489,0.2594,0.2587,0.2724,0.2868,0.2496,0.2607,0.2776,0.3005,0.2626,0.2222,0.2437,0.2626,0.2607,0.2776,0.2444,0.2822,0.7671,0.3124,0.3227,0.3018,0.2326,0.3175,0.3083,0.2528,0.2718,0.3005
6/20/2021,11.7258,0.2173,0.2542,0.2628,0.2617,0.2546,0.2993,0.2285,0.2721,0.2688,0.2572,0.252,0.2158,0.2334,0.2363,0.2352,0.2173,0.2207,0.2367,0.2188,0.2293,0.2341,0.2285,0.2308,0.2345,0.2106,0.2192,0.2293,0.205,0.2222,0.2229,0.2062,0.2214,0.2132,0.1939,0.2106,0.2285,0.2091,0.2494,0.6931,0.2945,0.2606,0.2274,0.214,0.2393,0.2349,0.2602,0.2337,0.2267
6/19/2021,15.6345,0.2652,0.2858,0.2789,0.4171,0.5431,0.3774,0.4812,0.4827,0.414,0.4133,0.272,0.3575,0.272,0.2949,0.2903,0.2613,0.3194,0.3545,0.2972,0.2758,0.3071,0.3041,0.285,0.3713,0.3163,0.272,0.2636,0.2468,0.3537,0.2957,0.2369,0.2377,0.2789,0.2529,0.2858,0.2804,0.2812,0.3155,0.7159,0.3,0.3125,0.2896,0.2674,0.34,0.3026,0.3751,0.285,0.3079
6/18/2021,12.9797,0.2887,0.2593,0.2493,0.3006,0.4216,0.3639,0.3519,0.339,0.2961,0.2389,0.3614,0.2279,0.2493,0.2463,0.2409,0.2867,0.2777,0.2314,0.2608,0.2593,0.2284,0.2518,0.2463,0.2692,0.2294,0.2364,0.3106,0.2334,0.2787,0.2354,0.1985,0.2429,0.2429,0.216,0.2369,0.2493,0.2777,0.2369,0.4588,0.2376,0.2936,0.2822,0.2498,0.2458,0.2742,0.2862,0.2429,0.2369
6/17/2021,12.0949,0.2179,0.2486,0.2432,0.3223,0.346,0.2694,0.3292,0.2768,0.2113,0.2527,0.2956,0.278,0.2502,0.2322,0.2236,0.2363,0.2326,0.2482,0.2617,0.2502,0.2482,0.2179,0.2277,0.2653,0.2174,0.2482,0.2989,0.2146,0.3018,0.2428,0.2334,0.2027,0.2264,0.2142,0.2191,0.2269,0.2338,0.2318,0.4902,0.2452,0.24,0.208,0.2195,0.2547,0.2203,0.2785,0.2281,0.2133
6/16/2021,15.1187,0.2621,0.319,0.3453,0.329,0.3582,0.2991,0.356,0.4087,0.245,0.3767,0.351,0.3617,0.2556,0.2941,0.2763,0.3069,0.3304,0.3439,0.3005,0.3048,0.277,0.3069,0.287,0.3012,0.2934,0.319,0.3311,0.2663,0.3318,0.2749,0.2621,0.2492,0.2585,0.2621,0.2371,0.2934,0.3439,0.3347,0.803,0.3212,0.2649,0.3681,0.2528,0.2528,0.3233,0.2514,0.3197,0.3076
6/15/2021,15.7084,0.2777,0.2692,0.3401,0.4519,0.5135,0.3509,0.4997,0.3871,0.4395,0.2653,0.2969,0.3771,0.317,0.3,0.2615,0.3162,0.3208,0.28,0.3393,0.3463,0.3378,0.3339,0.2707,0.2453,0.2345,0.3255,0.3894,0.2538,0.3779,0.3178,0.2831,0.2576,0.2545,0.2561,0.2484,0.2892,0.3124,0.2484,0.7665,0.3123,0.3332,0.3023,0.3054,0.2553,0.3224,0.3586,0.2599,0.3062
6/14/2021,16.7408,0.3887,0.3983,0.3817,0.428,0.6151,0.4682,0.3546,0.4193,0.3546,0.4105,0.373,0.3869,0.2943,0.3013,0.352,0.3397,0.3476,0.2716,0.3004,0.3747,0.2777,0.3249,0.2742,0.2785,0.2445,0.3362,0.4263,0.2838,0.4149,0.2987,0.2558,0.2759,0.2296,0.2427,0.2785,0.3083,0.2917,0.3284,0.8869,0.3415,0.3091,0.296,0.3834,0.2584,0.3205,0.3179,0.3598,0.3362
6/13/2021,18.6582,0.3297,0.3393,0.3233,0.6079,0.6101,0.4566,0.3777,0.431,0.3628,0.3351,0.5408,0.4246,0.3031,0.383,0.4054,0.35,0.3553,0.3436,0.4235,0.3809,0.3212,0.3201,0.2946,0.2764,0.383,0.3894,0.3969,0.318,0.4971,0.3788,0.2381,0.2551,0.2946,0.2509,0.2519,0.3319,0.3297,0.3692,1.3485,0.4536,0.3191,0.4246,0.4118,0.3393,0.3329,0.3436,0.3436,0.3606
6/12/2021,17.0356,0.3121,0.3862,0.3383,0.4305,0.4287,0.3962,0.4432,0.5308,0.3871,0.4269,0.4088,0.3067,0.3112,0.3022,0.3736,0.2805,0.3329,0.3609,0.3347,0.3447,0.2932,0.295,0.3835,0.3591,0.3031,0.3492,0.2923,0.257,0.3953,0.3573,0.2561,0.3149,0.2868,0.3022,0.2896,0.295,0.3772,0.3519,0.9512,0.3571,0.3528,0.3176,0.3094,0.2661,0.3085,0.3365,0.3185,0.323
6/11/2021,13.8647,0.2757,0.3121,0.3139,0.3549,0.3596,0.3256,0.4124,0.3977,0.3584,0.2775,0.3907,0.3191,0.2611,0.24,0.2388,0.2365,0.2535,0.2898,0.2675,0.2576,0.2939,0.2253,0.3268,0.3104,0.2834,0.2646,0.281,0.2447,0.267,0.2664,0.2593,0.2517,0.2271,0.2382,0.2523,0.2617,0.2828,0.2822,0.4692,0.2401,0.274,0.2957,0.2628,0.3016,0.2634,0.308,0.2476,0.2411
6/10/2021,13.127,0.2707,0.2431,0.2502,0.302,0.402,0.3128,0.2656,0.3502,0.2569,0.3307,0.2574,0.2974,0.2277,0.2656,0.2374,0.282,0.2897,0.2938,0.2774,0.2636,0.2625,0.2795,0.2338,0.3025,0.2379,0.2549,0.301,0.2343,0.3364,0.2467,0.2477,0.2036,0.2051,0.22,0.2333,0.2446,0.2707,0.2431,0.5194,0.2523,0.2923,0.2518,0.2441,0.2872,0.2656,0.2579,0.2636,0.259
6/9/2021,13.643,0.2756,0.2936,0.2632,0.3055,0.3523,0.3698,0.3924,0.3224,0.2999,0.257,0.3258,0.3145,0.253,0.2688,0.2615,0.2897,0.2553,0.2445,0.2519,0.2733,0.2462,0.2208,0.2327,0.2699,0.2699,0.2767,0.2304,0.235,0.266,0.2637,0.2519,0.2541,0.2242,0.24,0.2118,0.266,0.2959,0.2287,0.9382,0.354,0.2293,0.2248,0.2643,0.2304,0.288,0.2524,0.2462,0.2615
6/8/2021,15.7084,0.3016,0.3563,0.3501,0.4557,0.5529,0.3147,0.4187,0.3486,0.3601,0.3501,0.411,0.3355,0.2969,0.2676,0.3016,0.3309,0.2576,0.3563,0.3363,0.2761,0.3062,0.2584,0.3216,0.2908,0.2746,0.3039,0.384,0.2453,0.2869,0.2908,0.29,0.2815,0.2399,0.2391,0.2569,0.2808,0.3016,0.3401,0.7795,0.3154,0.2715,0.347,0.263,0.2954,0.3293,0.3208,0.3409,0.2746
6/7/2021,14.3809,0.2739,0.3287,0.3294,0.3932,0.3677,0.3147,0.3753,0.2981,0.2981,0.3511,0.3811,0.2694,0.2975,0.2586,0.2688,0.3128,0.2936,0.3115,0.3045,0.3122,0.2847,0.3134,0.3268,0.2802,0.2298,0.2445,0.3319,0.2413,0.3007,0.286,0.2413,0.2605,0.2515,0.2139,0.2515,0.2758,0.2381,0.24,0.7797,0.3155,0.2713,0.2541,0.3256,0.2445,0.2873,0.2464,0.2452,0.2592
6/6/2021,17.7731,0.3221,0.3406,0.3641,0.5605,0.6553,0.3963,0.4345,0.3455,0.41,0.3064,0.5322,0.3328,0.326,0.281,0.3064,0.3328,0.3924,0.3533,0.3846,0.4012,0.3279,0.3465,0.3905,0.4208,0.3025,0.3807,0.4589,0.2732,0.453,0.3348,0.3211,0.2849,0.3064,0.281,0.3182,0.323,0.3631,0.3993,0.6503,0.2841,0.3739,0.3094,0.3162,0.323,0.3612,0.3963,0.367,0.3279
6/5/2021,12.8322,0.2391,0.2749,0.2295,0.3271,0.3769,0.2585,0.3169,0.3643,0.301,0.3078,0.3295,0.2222,0.2256,0.2657,0.2488,0.2454,0.2372,0.2276,0.2677,0.2483,0.2251,0.2556,0.2793,0.2411,0.2435,0.2478,0.3121,0.2174,0.2599,0.2648,0.2116,0.2222,0.2411,0.2363,0.2218,0.2416,0.2218,0.2227,0.6488,0.2837,0.2546,0.2904,0.2754,0.2401,0.2276,0.2657,0.2237,0.2425
6/4/2021,16.5194,0.2817,0.3601,0.3481,0.3635,0.5134,0.5194,0.3558,0.4427,0.4614,0.32,0.3192,0.3106,0.2757,0.3285,0.3243,0.3652,0.349,0.2817,0.3549,0.2962,0.3285,0.3243,0.4001,0.3669,0.3149,0.297,0.3839,0.2868,0.4563,0.3072,0.2502,0.251,0.2612,0.2425,0.2612,0.2859,0.3754,0.343,0.6568,0.2857,0.3856,0.4027,0.3652,0.3098,0.326,0.2876,0.2936,0.2987
6/3/2021,12.4637,0.2818,0.2783,0.2515,0.3215,0.3215,0.2809,0.2809,0.272,0.2658,0.2943,0.2908,0.2372,0.2546,0.2292,0.2466,0.2318,0.2198,0.2698,0.2336,0.2332,0.2238,0.2234,0.26,0.2269,0.2367,0.2559,0.3064,0.2269,0.2466,0.2278,0.2216,0.2158,0.2314,0.2305,0.21,0.2345,0.2305,0.2278,0.6917,0.2941,0.2341,0.2216,0.2439,0.2533,0.2787,0.2631,0.2251,0.2265
6/2/2021,13.2007,0.2582,0.2894,0.2847,0.3482,0.3898,0.2613,0.3159,0.3627,0.3399,0.2837,0.3419,0.2806,0.228,0.2686,0.2681,0.2873,0.252,0.265,0.2738,0.239,0.2639,0.2816,0.2613,0.279,0.2608,0.2613,0.3279,0.2353,0.239,0.2535,0.215,0.227,0.2494,0.2088,0.2254,0.2468,0.2525,0.2696,0.532,0.2554,0.2374,0.2764,0.2275,0.2551,0.241,0.2644,0.2852,0.2301
6/1/2021,15.3393,0.3164,0.3193,0.3656,0.3685,0.3524,0.3193,0.4382,0.3002,0.4045,0.3083,0.3634,0.3149,0.2503,0.2804,0.3157,0.2804,0.2914,0.2951,0.2797,0.3069,0.2496,0.3076,0.2797,0.2379,0.3149,0.2826,0.3722,0.2496,0.2782,0.2665,0.276,0.2892,0.2709,0.2628,0.2496,0.2768,0.2694,0.265,1.0785,0.388,0.3215,0.3597,0.3164,0.2555,0.3369,0.2775,0.2892,0.2467
5/31/2021,13.8644,0.2388,0.3092,0.3092,0.3473,0.3672,0.3145,0.362,0.3848,0.315,0.267,0.3925,0.24,0.2511,0.2341,0.2376,0.2957,0.2558,0.2417,0.2928,0.2757,0.2523,0.2828,0.3174,0.2787,0.2822,0.2804,0.3549,0.2464,0.3496,0.2716,0.22,0.2271,0.2329,0.2329,0.2329,0.2535,0.291,0.2851,0.6131,0.275,0.2681,0.284,0.2658,0.2693,0.298,0.2505,0.2447,0.2722
5/30/2021,18.5844,0.3741,0.3096,0.4567,0.463,0.5403,0.4281,0.462,0.4652,0.4207,0.4874,0.4027,0.3942,0.3614,0.3498,0.3011,0.2958,0.4228,0.4027,0.4207,0.3371,0.3085,0.4101,0.3149,0.3381,0.3741,0.2947,0.4302,0.2852,0.4323,0.3815,0.2662,0.299,0.2746,0.3254,0.2651,0.3445,0.3561,0.3826,1.1512,0.4057,0.3371,0.3953,0.3127,0.2831,0.4228,0.4165,0.3106,0.3709
5/29/2021,16.5199,0.2732,0.3805,0.3635,0.4555,0.3626,0.4921,0.4512,0.4436,0.4163,0.3652,0.3439,0.3524,0.3098,0.2885,0.3354,0.28,0.3371,0.3354,0.3226,0.3567,0.3498,0.3098,0.2859,0.2732,0.2868,0.2876,0.3677,0.2783,0.3975,0.2808,0.251,0.2365,0.2399,0.2621,0.2587,0.3175,0.3711,0.303,1.1387,0.4027,0.3464,0.2766,0.2502,0.2928,0.3311,0.2732,0.2706,0.3149
5/28/2021,14.3073,0.2764,0.3105,0.3168,0.3679,0.4215,0.4089,0.4347,0.3445,0.3225,0.2758,0.3458,0.3243,0.2663,0.2594,0.2625,0.3067,0.2897,0.3048,0.3016,0.2796,0.2827,0.2367,0.2524,0.2682,0.2777,0.2342,0.2493,0.2468,0.3231,0.272,0.2499,0.2367,0.2392,0.2417,0.2348,0.2499,0.3004,0.3035,0.6529,0.2847,0.2966,0.2726,0.2846,0.2726,0.2966,0.2638,0.3029,0.2606
5/27/2021,16.9621,0.3549,0.3853,0.3432,0.3638,0.5655,0.4669,0.371,0.3647,0.4104,0.3611,0.4355,0.3701,0.3423,0.3602,0.3235,0.3764,0.2823,0.3522,0.3549,0.3764,0.2751,0.3567,0.2912,0.3665,0.3253,0.2877,0.2724,0.2912,0.3531,0.2859,0.3056,0.2796,0.2563,0.2733,0.2446,0.3101,0.2832,0.2859,1.1431,0.4037,0.397,0.3952,0.2626,0.2581,0.3262,0.2912,0.3074,0.2733
5/26/2021,22.8616,0.3673,0.4416,0.3361,0.7686,0.7715,0.6467,0.6809,0.6482,0.617,0.5248,0.3747,0.3331,0.3628,0.345,0.4342,0.4268,0.4832,0.4476,0.4832,0.4312,0.3569,0.3851,0.507,0.3732,0.4327,0.3792,0.4282,0.3643,0.562,0.4832,0.2707,0.4074,0.3851,0.3034,0.3019,0.4104,0.5129,0.3391,1.6555,0.5281,0.403,0.5932,0.4936,0.5308,0.3807,0.3406,0.4357,0.3732
5/25/2021,28.5407,0.6124,0.6288,0.5549,0.7418,1.0663,0.902,1.0437,0.6186,0.483,0.4871,0.4727,0.5117,0.52,0.4152,0.596,0.6268,0.4933,0.522,0.5261,0.4727,0.522,0.5241,0.6206,0.5919,0.4892,0.6062,0.7541,0.3762,0.6843,0.5549,0.4132,0.4563,0.4316,0.4933,0.4378,0.5323,0.4255,0.6412,1.8971,0.5868,0.4255,0.4974,0.4933,0.6021,0.4296,0.7069,0.5569,0.4953
5/24/2021,28.4669,0.5105,0.4409,0.5392,0.6231,0.9362,0.6456,0.793,0.8441,0.4491,0.6845,0.7009,0.443,0.576,0.4634,0.6128,0.6006,0.443,0.6435,0.6374,0.662,0.4491,0.4327,0.4634,0.6538,0.574,0.5085,0.6374,0.402,0.5453,0.5719,0.3509,0.4123,0.3734,0.4839,0.4245,0.5126,0.4286,0.5064,2.6798,0.7768,0.621,0.619,0.5801,0.3836,0.4962,0.4982,0.4102,0.4225
5/23/2021,29.278,0.7518,0.6859,0.6284,0.9284,0.7007,1.054,0.9476,0.6114,0.6433,0.4837,0.9327,0.7093,0.5518,0.4241,0.4816,0.6178,0.6241,0.4943,0.6795,0.605,0.522,0.6476,0.439,0.6518,0.3943,0.4943,0.4688,0.4603,0.8795,0.5156,0.3199,0.4816,0.356,0.4305,0.4369,0.456,0.6412,0.5199,1.7281,0.5457,0.4582,0.522,0.5369,0.5922,0.6412,0.5986,0.5944,0.3901
5/22/2021,28.9827,0.4856,0.5779,0.5213,0.6891,1.0542,0.899,0.985,0.6745,0.3954,0.8465,0.8234,0.4017,0.5632,0.58,0.5884,0.6325,0.6346,0.622,0.6388,0.5758,0.4583,0.622,0.7059,0.5108,0.4898,0.5821,0.5549,0.4311,0.5108,0.5486,0.4793,0.4961,0.3492,0.3513,0.366,0.5276,0.6954,0.4311,1.8179,0.5675,0.6262,0.5779,0.4793,0.3996,0.4373,0.7206,0.5821,0.4751
5/21/2021,25.3694,0.4185,0.5766,0.4376,0.884,0.9274,0.5592,0.8997,0.5453,0.6652,0.4897,0.5523,0.5088,0.3751,0.3577,0.5453,0.5662,0.5245,0.4064,0.4324,0.4463,0.4237,0.5714,0.5175,0.4342,0.4949,0.3959,0.5801,0.3942,0.6391,0.5002,0.4428,0.3803,0.3682,0.316,0.4046,0.422,0.3838,0.3855,2.108,0.638,0.5175,0.4064,0.3404,0.4689,0.4446,0.3977,0.4724,0.4029
5/20/2021,17.7735,0.41,0.3318,0.4247,0.4374,0.3866,0.4423,0.5322,0.496,0.3787,0.2957,0.3866,0.4227,0.3142,0.2976,0.3455,0.2898,0.3524,0.4042,0.4042,0.3543,0.3397,0.2967,0.4296,0.3543,0.3015,0.324,0.2781,0.3045,0.455,0.3563,0.3074,0.3269,0.3064,0.28,0.2967,0.3162,0.411,0.2742,0.9098,0.3471,0.3612,0.3133,0.3211,0.3758,0.3563,0.3924,0.3592,0.3719
5/19/2021,23.6728,0.5021,0.408,0.4331,0.7466,0.5475,0.7215,0.6447,0.5209,0.734,0.6008,0.6917,0.4551,0.466,0.3845,0.5099,0.4566,0.4143,0.4049,0.535,0.4817,0.477,0.3986,0.5507,0.3328,0.3861,0.408,0.6572,0.3312,0.4566,0.4033,0.3532,0.4174,0.4033,0.4002,0.3156,0.408,0.3406,0.4707,1.3635,0.4572,0.4958,0.3265,0.488,0.5224,0.4253,0.4268,0.4723,0.5256
5/18/2021,23.3048,0.537,0.5615,0.508,0.788,0.6794,0.7084,0.6885,0.6488,0.4467,0.4498,0.5156,0.3335,0.3702,0.4942,0.4223,0.4957,0.3978,0.4804,0.4054,0.4039,0.3519,0.332,0.3626,0.5753,0.4712,0.4376,0.5753,0.3381,0.6488,0.4544,0.283,0.3733,0.3442,0.3702,0.3687,0.4391,0.3427,0.5141,1.44,0.4758,0.4115,0.4376,0.3794,0.4253,0.4651,0.5661,0.3488,0.4376
5/17/2021,22.9355,0.5774,0.446,0.5565,0.543,0.5729,0.4848,0.6103,0.6715,0.6371,0.5774,0.6013,0.5236,0.4519,0.4833,0.3952,0.431,0.3832,0.5102,0.4923,0.3937,0.4893,0.3668,0.546,0.5221,0.4579,0.4071,0.4878,0.3788,0.5206,0.3847,0.3384,0.3056,0.2876,0.2847,0.3773,0.3817,0.3593,0.3862,1.485,0.4867,0.4863,0.4923,0.4131,0.3414,0.3952,0.3773,0.4639,0.3698
5/16/2021,18.5843,0.3508,0.3519,0.299,0.4027,0.4207,0.408,0.3762,0.6017,0.3773,0.5033,0.5022,0.445,0.3519,0.3201,0.4016,0.3466,0.3318,0.335,0.4122,0.4048,0.3741,0.39,0.4165,0.3381,0.2831,0.3424,0.444,0.299,0.4884,0.3762,0.3053,0.3138,0.2863,0.3265,0.2873,0.3212,0.2958,0.3445,1.0379,0.3782,0.3974,0.3995,0.3657,0.426,0.4069,0.3487,0.3074,0.3413
5/15/2021,13.422,0.2935,0.2995,0.2675,0.3705,0.3532,0.3288,0.2686,0.2897,0.3033,0.286,0.3277,0.2757,0.2626,0.2388,0.2447,0.2686,0.2822,0.2637,0.2735,0.274,0.2404,0.2778,0.312,0.2323,0.2355,0.2361,0.2816,0.2225,0.3282,0.2382,0.2529,0.2166,0.2209,0.2475,0.2317,0.2431,0.2919,0.2789,0.7282,0.303,0.2485,0.2811,0.235,0.2643,0.2545,0.2301,0.2897,0.2274
5/14/2021,15.4133,0.2823,0.3513,0.372,0.3691,0.4343,0.4247,0.3342,0.3298,0.2845,0.4202,0.2868,0.2942,0.3008,0.2882,0.3335,0.2971,0.2727,0.2868,0.3335,0.269,0.306,0.2415,0.2801,0.3646,0.306,0.3083,0.2504,0.2519,0.2986,0.2994,0.2793,0.2734,0.2423,0.2653,0.2541,0.2623,0.2986,0.3053,0.9678,0.3612,0.3431,0.3127,0.2452,0.2452,0.3498,0.3424,0.2786,0.3149
5/13/2021,22.1244,0.517,0.4661,0.4816,0.5099,0.6257,0.5141,0.5749,0.4802,0.476,0.5071,0.5918,0.5226,0.3757,0.4534,0.3347,0.3531,0.3955,0.4308,0.4605,0.4223,0.3842,0.3404,0.3828,0.3347,0.404,0.3121,0.5833,0.3418,0.5,0.4167,0.3475,0.3785,0.346,0.3418,0.3701,0.3616,0.4562,0.3178,1.6362,0.5234,0.5085,0.5297,0.4689,0.346,0.5141,0.4972,0.3701,0.3178
5/12/2021,26.4757,0.5085,0.4309,0.3939,0.9279,0.7671,0.6988,0.6637,0.865,0.4309,0.4881,0.6323,0.5454,0.5362,0.5159,0.5048,0.6008,0.5417,0.5011,0.4567,0.5787,0.4124,0.4974,0.5417,0.5491,0.49,0.3699,0.769,0.3514,0.7357,0.4826,0.3052,0.3329,0.3459,0.3939,0.4013,0.4456,0.5251,0.3736,1.9715,0.6048,0.5824,0.4179,0.5362,0.4992,0.4881,0.3773,0.5399,0.5473
5/11/2021,22.1983,0.5003,0.3697,0.5585,0.6693,0.4861,0.5671,0.6679,0.5543,0.4137,0.4308,0.3938,0.4308,0.3299,0.3285,0.3924,0.3924,0.3853,0.3683,0.4535,0.4535,0.4861,0.4989,0.5017,0.4024,0.303,0.374,0.4322,0.3186,0.3612,0.4435,0.2575,0.3782,0.3129,0.303,0.391,0.3527,0.4961,0.4038,2.094,0.6346,0.374,0.364,0.3228,0.4364,0.4293,0.5585,0.4748,0.347
5/10/2021,21.3871,0.3969,0.3541,0.421,0.5736,0.5884,0.4799,0.4585,0.666,0.6325,0.5723,0.4558,0.5228,0.3755,0.3166,0.3394,0.405,0.326,0.3635,0.492,0.4572,0.3621,0.3434,0.4692,0.425,0.2898,0.4237,0.4009,0.326,0.5241,0.3996,0.2979,0.33,0.3755,0.3527,0.2992,0.3394,0.3728,0.409,1.8503,0.5754,0.3929,0.3139,0.3501,0.3862,0.3876,0.4344,0.4036,0.3554
5/9/2021,15.2661,0.3294,0.2764,0.3549,0.381,0.49,0.3563,0.3476,0.3534,0.2575,0.32,0.3701,0.3316,0.2924,0.2539,0.2524,0.3345,0.3156,0.3033,0.2851,0.2902,0.3069,0.3316,0.3185,0.3614,0.2357,0.2633,0.2633,0.2473,0.3469,0.2851,0.2793,0.251,0.2815,0.2706,0.2749,0.2815,0.3105,0.3345,0.8659,0.3364,0.2713,0.2887,0.2451,0.3294,0.3113,0.2953,0.2844,0.2989
5/8/2021,19.5433,0.4772,0.3837,0.3167,0.476,0.5314,0.5441,0.5303,0.6342,0.5395,0.4864,0.3756,0.3133,0.3375,0.3721,0.3975,0.3525,0.3594,0.3456,0.3929,0.4056,0.3075,0.3756,0.3617,0.3687,0.4045,0.3929,0.4772,0.3156,0.483,0.3352,0.2509,0.2798,0.2555,0.2856,0.3248,0.3317,0.3179,0.3029,1.206,0.419,0.4714,0.4333,0.3271,0.3895,0.4172,0.3941,0.3641,0.3791
5/7/2021,21.4603,0.4251,0.5355,0.5395,0.6566,0.5368,0.4211,0.6338,0.6997,0.5718,0.5449,0.5813,0.3551,0.382,0.3874,0.3847,0.483,0.4251,0.4238,0.4641,0.4372,0.4305,0.3524,0.3551,0.413,0.3915,0.444,0.4143,0.3026,0.522,0.4197,0.304,0.3026,0.2919,0.3632,0.3268,0.3645,0.4857,0.417,1.0212,0.3741,0.5099,0.3403,0.3026,0.4466,0.4036,0.4628,0.4413,0.3686
5/6/2021,16.4459,0.3896,0.3542,0.3668,0.4504,0.5442,0.4479,0.3229,0.4167,0.3491,0.3229,0.2925,0.3271,0.2934,0.2739,0.3018,0.2917,0.3711,0.2841,0.2917,0.2841,0.2672,0.3043,0.2993,0.2782,0.2697,0.3339,0.3778,0.2663,0.279,0.2976,0.2325,0.2444,0.2494,0.2942,0.2553,0.2858,0.2731,0.2613,1.4443,0.4768,0.3744,0.2841,0.3195,0.306,0.3026,0.2672,0.2714,0.3542
5/5/2021,18.6585,0.4534,0.3884,0.4139,0.4086,0.4864,0.5227,0.6058,0.5717,0.4235,0.3393,0.3809,0.3106,0.3255,0.3649,0.2967,0.3638,0.318,0.3084,0.3447,0.3255,0.383,0.3138,0.4363,0.2754,0.2679,0.3447,0.3276,0.2818,0.4129,0.3521,0.2956,0.2669,0.3287,0.2711,0.2562,0.3223,0.4129,0.4011,1.2198,0.4223,0.4534,0.334,0.3649,0.3415,0.431,0.4342,0.4001,0.3543
5/4/2021,24.4108,0.613,0.6015,0.4522,0.5999,0.5162,0.5507,0.6705,0.7328,0.4177,0.7033,0.5868,0.4982,0.4785,0.421,0.403,0.5392,0.5507,0.4998,0.5408,0.4063,0.4637,0.4785,0.4785,0.3537,0.4358,0.3521,0.3406,0.3702,0.3997,0.4883,0.3554,0.3423,0.3833,0.316,0.3899,0.4374,0.4588,0.403,1.9124,0.5905,0.5096,0.4095,0.3751,0.49,0.4965,0.5638,0.5359,0.4982
5/3/2021,26.7706,0.6566,0.467,0.4876,0.8706,0.7185,0.8837,0.9325,0.7392,0.5383,0.7786,0.5777,0.5853,0.4651,0.5102,0.4332,0.5139,0.4501,0.5721,0.5158,0.6078,0.3938,0.5515,0.6078,0.4952,0.5496,0.3656,0.4482,0.3731,0.6134,0.4557,0.4238,0.345,0.4463,0.3037,0.4069,0.4539,0.6209,0.4388,1.6197,0.5194,0.6528,0.5045,0.3544,0.4745,0.5083,0.5008,0.5684,0.4708
5/2/2021,31.4903,0.5026,0.6529,0.5637,0.8174,0.8643,0.9653,0.6811,0.5989,0.6294,0.6341,0.7304,0.4368,0.5472,0.5848,0.4603,0.6341,0.5895,0.6036,0.6999,0.7328,0.6576,0.4603,0.6905,0.66,0.465,0.519,0.5613,0.5049,0.6999,0.6459,0.4345,0.3757,0.3828,0.3898,0.4321,0.5284,0.7257,0.5331,2.9944,0.8532,0.4368,0.7116,0.714,0.6717,0.6036,0.6952,0.6764,0.5378
5/1/2021,32.8915,0.7442,0.7666,0.8437,1.003,1.0777,1.1424,1.0628,0.7591,1.003,0.8462,1.0105,0.8412,0.5624,0.6048,0.6396,0.5525,0.6222,0.5176,0.5649,0.7242,0.6794,0.4056,0.5824,0.7815,0.5176,0.6396,0.4479,0.5251,0.9831,0.5301,0.4604,0.5102,0.3658,0.5152,0.3658,0.5251,0.5152,0.769,0.9598,0.3592,0.7566,0.8089,0.4206,0.7491,0.7267,0.7715,0.6297,0.7018
4/30/2021,31.859,0.5222,0.5317,0.6271,0.9302,0.9254,0.9373,0.6916,0.8037,0.4792,0.8514,0.7727,0.6295,0.5747,0.682,0.577,0.6653,0.7035,0.6295,0.6582,0.6701,0.4697,0.6606,0.5007,0.4816,0.5126,0.6152,0.5603,0.422,0.7989,0.6224,0.4124,0.5102,0.4601,0.3575,0.4291,0.5365,0.5484,0.6319,2.7642,0.7973,0.4458,0.6248,0.5866,0.6439,0.5985,0.5985,0.7393,0.6677
4/29/2021,26.1066,0.4021,0.5632,0.5704,0.9,0.6393,0.8909,0.6664,0.8819,0.4147,0.6175,0.8728,0.4419,0.4672,0.5469,0.498,0.4781,0.393,0.5107,0.5397,0.5071,0.3894,0.4944,0.6139,0.6501,0.4926,0.556,0.594,0.3677,0.7026,0.4908,0.3984,0.3912,0.3332,0.4274,0.3821,0.431,0.5469,0.3767,1.7067,0.5405,0.4129,0.4328,0.3568,0.3876,0.4075,0.4763,0.4636,0.4817
4/28/2021,25.8857,0.4832,0.4815,0.4135,0.6013,0.553,0.6871,0.6424,0.8964,0.7551,0.4385,0.68,0.6174,0.4618,0.3956,0.3831,0.5584,0.5888,0.46,0.5458,0.5584,0.4707,0.5065,0.5727,0.6424,0.3849,0.5441,0.6067,0.4028,0.5906,0.5458,0.3563,0.3312,0.2972,0.4493,0.4564,0.401,0.4332,0.3884,2.016,0.6156,0.5136,0.3777,0.4671,0.4332,0.5029,0.5923,0.3813,0.4045
4/27/2021,22.2718,0.3493,0.4849,0.4635,0.6805,0.6719,0.5763,0.542,0.5192,0.4193,0.3964,0.5663,0.4264,0.3265,0.3408,0.3422,0.4935,0.5049,0.5263,0.4207,0.375,0.4878,0.4264,0.5006,0.3294,0.4221,0.4022,0.3722,0.3708,0.4578,0.4107,0.3865,0.3436,0.268,0.3351,0.3322,0.3993,0.4364,0.4079,1.6481,0.5263,0.4121,0.4949,0.5178,0.4721,0.4906,0.385,0.385,0.425
4/26/2021,19.9862,0.4639,0.3321,0.3932,0.4783,0.6677,0.404,0.404,0.6617,0.3908,0.4316,0.3692,0.404,0.3992,0.3033,0.3321,0.41,0.4244,0.3177,0.4304,0.4603,0.3584,0.398,0.3776,0.41,0.3285,0.3405,0.3189,0.2865,0.4663,0.374,0.2626,0.3093,0.2901,0.3045,0.3381,0.3273,0.3417,0.2937,1.7406,0.5488,0.4148,0.422,0.2949,0.3512,0.3896,0.4316,0.4088,0.38
4/25/2021,17.2571,0.3796,0.3388,0.4231,0.5295,0.4194,0.4786,0.5045,0.3861,0.2703,0.3463,0.3092,0.3176,0.3,0.3333,0.3657,0.3833,0.3685,0.287,0.3305,0.375,0.2935,0.2796,0.3953,0.3407,0.2842,0.2611,0.4481,0.2602,0.4425,0.3277,0.2935,0.2592,0.3009,0.2426,0.3129,0.3296,0.3379,0.362,0.9972,0.3683,0.2694,0.4203,0.3222,0.325,0.3213,0.3999,0.3037,0.312
4/24/2021,23.0828,0.4261,0.5679,0.4879,0.6644,0.5603,0.6644,0.6433,0.4683,0.4155,0.402,0.405,0.3854,0.3944,0.3311,0.3597,0.3567,0.3597,0.5196,0.3914,0.3914,0.3839,0.4713,0.5528,0.4864,0.3974,0.4759,0.6116,0.3793,0.6674,0.4336,0.3024,0.3386,0.3281,0.3808,0.3929,0.3658,0.4382,0.3658,1.7675,0.5553,0.5618,0.4864,0.4517,0.417,0.5196,0.5815,0.3673,0.408
4/23/2021,20.2807,0.4811,0.4958,0.4982,0.6554,0.4282,0.4491,0.4074,0.47,0.5093,0.5425,0.5584,0.3202,0.3963,0.3239,0.4491,0.4528,0.4,0.47,0.4467,0.3914,0.3104,0.4589,0.4307,0.4467,0.4086,0.3951,0.3447,0.3275,0.5191,0.3681,0.2563,0.2735,0.3042,0.2919,0.3239,0.357,0.3398,0.4454,1.0867,0.39,0.3263,0.4774,0.4025,0.3263,0.4332,0.3509,0.3496,0.3902
4/22/2021,23.8209,0.5733,0.4973,0.5337,0.8185,0.9577,0.5416,0.5495,0.5938,0.6081,0.4688,0.4657,0.4942,0.4641,0.3866,0.4419,0.453,0.4499,0.385,0.5084,0.3945,0.4071,0.4989,0.4056,0.5274,0.4894,0.3296,0.4024,0.385,0.4214,0.4135,0.2727,0.3518,0.3755,0.3613,0.4135,0.4119,0.3518,0.4942,1.8852,0.5839,0.54,0.3454,0.3961,0.4372,0.5416,0.4957,0.3676,0.3296
4/21/2021,23.968,0.4621,0.4924,0.4349,0.5962,0.577,0.7,0.5196,0.5004,0.379,0.3966,0.4685,0.5723,0.4796,0.4653,0.4589,0.4764,0.486,0.4621,0.5419,0.5228,0.4828,0.4733,0.5946,0.5914,0.3279,0.3503,0.6952,0.3439,0.3854,0.4158,0.3711,0.3966,0.3024,0.4062,0.3567,0.395,0.4924,0.4717,1.7856,0.5597,0.379,0.4094,0.5579,0.5467,0.4844,0.51,0.5132,0.3774
4/20/2021,26.1069,0.4365,0.5469,0.6356,0.6429,0.6139,0.5976,0.9253,0.8855,0.6574,0.6755,0.4872,0.565,0.4926,0.5306,0.5161,0.4165,0.4618,0.4872,0.4582,0.5288,0.5668,0.4365,0.5505,0.4835,0.3677,0.4944,0.7081,0.3586,0.6302,0.4872,0.4039,0.4691,0.3278,0.4328,0.4509,0.4564,0.393,0.4075,1.7387,0.5483,0.4654,0.556,0.5379,0.4401,0.4509,0.4817,0.5198,0.3821
4/19/2021,32.8914,0.6371,0.54,0.5376,0.779,1.1822,0.657,0.7989,0.6869,0.5848,0.7516,0.8786,0.4903,0.6297,0.443,0.4753,0.5749,0.5799,0.6147,0.6346,0.6844,0.54,0.5052,0.5475,0.6421,0.5973,0.5674,0.5699,0.4405,0.5624,0.4977,0.3285,0.3782,0.4927,0.4156,0.4977,0.4927,0.662,0.7641,4.0083,1.0993,0.5998,0.8238,0.6172,0.5624,0.6695,0.5226,0.7143,0.6122
4/18/2021,37.3164,0.6738,0.7002,0.923,1.2191,1.0315,0.7266,0.7852,1.3745,1.0286,1.0989,0.9348,0.5214,0.583,0.6387,0.6093,0.8322,0.7735,0.8908,0.7765,0.7032,0.5976,0.6123,0.7002,0.6738,0.5449,0.5067,0.9289,0.4891,0.6387,0.5888,0.6211,0.5976,0.5918,0.5918,0.451,0.5419,0.7061,0.7383,3.2451,0.914,0.5361,0.4716,0.5859,0.5361,0.8966,0.7471,0.7002,0.7383
4/17/2021,36.4316,0.6216,0.6813,0.7211,1.2044,1.1106,1.0651,1.3693,0.9628,0.9343,0.9258,1.1959,0.5789,0.5391,0.6784,0.5619,0.505,0.5903,0.8178,0.6614,0.6216,0.4936,0.5647,0.7495,0.5277,0.5704,0.7609,0.451,0.559,0.9116,0.5875,0.5391,0.6244,0.5647,0.4567,0.5164,0.6642,0.8206,0.7353,2.6146,0.7609,0.903,0.7154,0.5334,0.6727,0.8263,0.7211,0.6983,0.542
4/16/2021,28.2456,0.608,0.5878,0.4865,0.8246,0.8327,0.691,0.9016,0.9097,0.5635,0.8186,0.4643,0.5493,0.4967,0.4481,0.523,0.5432,0.6505,0.4784,0.6526,0.4764,0.4096,0.3732,0.5189,0.3833,0.5675,0.4056,0.6424,0.4299,0.8611,0.5189,0.4177,0.3792,0.3691,0.4724,0.4096,0.4886,0.5635,0.5959,2.1395,0.6456,0.5189,0.5716,0.5777,0.3651,0.525,0.6951,0.44,0.4542
4/15/2021,31.1953,0.6143,0.5146,0.6051,0.9808,0.8811,0.7512,0.8857,0.721,0.6329,0.6607,0.6654,0.7697,0.6468,0.4404,0.6909,0.4844,0.4682,0.5053,0.619,0.5935,0.4821,0.5564,0.5656,0.677,0.394,0.6491,0.4079,0.4311,0.902,0.6352,0.5053,0.4334,0.3824,0.336,0.4705,0.5216,0.6074,0.4102,3.2612,0.9179,0.7767,0.4172,0.6955,0.4334,0.5888,0.6259,0.5819,0.3986
4/14/2021,37.39,0.631,0.8985,0.6252,1.3217,1.2541,0.8603,1.1189,0.7427,1.1395,0.9484,1.1013,0.7633,0.6163,0.5399,0.8191,0.8368,0.7809,0.8603,0.775,0.8426,0.778,0.4488,0.6869,0.631,0.5223,0.5987,0.7809,0.5752,1.113,0.6457,0.5752,0.5605,0.3989,0.4224,0.4841,0.6016,0.8103,0.5693,2.4015,0.7092,0.7956,0.9778,0.5693,0.6692,0.5605,0.5282,0.7662,0.7339
4/13/2021,37.3171,0.8497,0.6181,0.7794,0.9729,1.4976,0.7999,1.3423,1.3862,0.6592,1.0843,1.2983,0.8234,0.6768,0.5859,0.6152,0.7207,0.5419,0.7413,0.8322,0.8146,0.5185,0.7442,0.9377,0.5712,0.495,0.7149,0.6123,0.4774,0.8879,0.7032,0.5976,0.4364,0.3895,0.4804,0.4804,0.58,0.6123,0.6416,2.5516,0.7457,0.6885,0.5273,0.6856,0.7794,0.8322,0.712,0.5126,0.7618
4/12/2021,32.1544,0.6256,0.8188,0.6981,0.9734,0.7246,1.0797,1.0121,0.8454,0.4976,0.9058,0.7005,0.6884,0.5411,0.6184,0.6498,0.7005,0.6498,0.4807,0.6304,0.6642,0.7126,0.7222,0.5266,0.7584,0.6522,0.4783,0.8937,0.4324,0.7391,0.57,0.4565,0.5628,0.3792,0.4179,0.442,0.5676,0.5555,0.7198,1.5777,0.5092,0.7126,0.8502,0.5531,0.5676,0.6812,0.4517,0.5604,0.599
4/11/2021,27.8766,0.6059,0.5205,0.604,0.6079,0.6894,0.8067,0.7749,0.6735,0.5344,0.7709,0.8286,0.3853,0.5722,0.5463,0.5423,0.4231,0.429,0.4608,0.5046,0.6099,0.5702,0.5881,0.5503,0.59,0.431,0.596,0.6218,0.3714,0.6576,0.5085,0.4668,0.3893,0.4549,0.3396,0.429,0.4668,0.5264,0.59,2.0396,0.6214,0.4131,0.4708,0.6517,0.4092,0.6636,0.6715,0.4767,0.4211
4/10/2021,25.9596,0.6318,0.6157,0.4792,0.8168,0.7719,0.7593,0.5025,0.8366,0.7054,0.4253,0.4989,0.3786,0.366,0.4145,0.5869,0.5294,0.472,0.4432,0.481,0.4792,0.542,0.5923,0.4396,0.4343,0.393,0.4414,0.6282,0.4235,0.5564,0.4271,0.4594,0.3319,0.4396,0.3948,0.4361,0.4235,0.454,0.5672,2.1248,0.642,0.4199,0.4522,0.4343,0.4774,0.4648,0.5223,0.4217,0.4217
4/9/2021,21.1655,0.3589,0.4497,0.3602,0.5235,0.5932,0.4866,0.7367,0.7196,0.3984,0.5327,0.3536,0.4431,0.3576,0.3931,0.4155,0.4826,0.4668,0.347,0.3681,0.4747,0.4273,0.3879,0.5208,0.4431,0.401,0.3286,0.4471,0.3339,0.4879,0.3431,0.3168,0.3839,0.3023,0.297,0.3339,0.3576,0.3721,0.4234,1.1741,0.4113,0.3326,0.4826,0.4273,0.3207,0.4695,0.4958,0.4484,0.4339
4/8/2021,31.4908,0.5496,0.6741,0.7422,0.8902,0.8291,0.7422,1.0687,0.8291,0.8667,0.8479,0.7445,0.6506,0.6083,0.4486,0.5355,0.6506,0.4814,0.6012,0.5073,0.5707,0.4626,0.5871,0.7375,0.4861,0.6318,0.4509,0.7492,0.4016,0.6247,0.6459,0.4274,0.3499,0.4298,0.3969,0.4157,0.5754,0.6929,0.6952,2.3366,0.6935,0.5049,0.8056,0.6318,0.6412,0.5331,0.7892,0.4673,0.4885
4/7/2021,32.007,0.606,0.5556,0.714,1.1557,1.3094,1.1533,0.6204,1.0333,0.6036,0.9685,0.6924,0.5868,0.6156,0.5916,0.6636,0.4812,0.6324,0.5412,0.5916,0.582,0.5196,0.582,0.4812,0.4475,0.618,0.606,0.4956,0.4692,0.7812,0.582,0.3347,0.4067,0.4643,0.474,0.5508,0.57,0.5892,0.7236,1.8357,0.5719,0.7716,0.5604,0.6636,0.6324,0.6204,0.6924,0.5724,0.6924
4/6/2021,28.3194,0.6299,0.6239,0.6096,0.9368,0.7742,0.699,0.8392,0.6279,0.5405,0.6848,0.6625,0.5223,0.4796,0.4776,0.634,0.4349,0.445,0.6401,0.6584,0.6442,0.567,0.3963,0.4227,0.6706,0.445,0.569,0.6889,0.4186,0.7031,0.5365,0.4857,0.3191,0.4186,0.4572,0.4776,0.4328,0.4836,0.4979,1.9374,0.5965,0.5507,0.4796,0.571,0.5934,0.4633,0.699,0.4532,0.4207
4/5/2021,29.6463,0.6559,0.513,0.4805,1.0066,0.6819,0.842,0.9156,1.0715,0.4632,0.8875,0.9654,0.7165,0.5736,0.5801,0.6472,0.5715,0.4719,0.6905,0.6602,0.5087,0.6537,0.3896,0.5888,0.7381,0.4416,0.5173,0.7078,0.4329,0.5476,0.5303,0.4676,0.3788,0.4113,0.3701,0.5087,0.4437,0.6905,0.5758,1.6176,0.5189,0.5866,0.4676,0.4827,0.5238,0.5087,0.658,0.5044,0.4805
4/4/2021,28.098,0.641,0.5144,0.643,0.9847,1.1012,0.7435,0.9384,0.7475,0.6289,0.6329,0.7977,0.4902,0.5626,0.5043,0.5787,0.4862,0.649,0.643,0.6108,0.4561,0.3998,0.5807,0.6149,0.7073,0.4239,0.3998,0.6852,0.4078,0.8178,0.4802,0.3496,0.4742,0.3938,0.4722,0.3978,0.434,0.4902,0.4943,1.179,0.4124,0.5767,0.5566,0.4983,0.6068,0.4179,0.5847,0.3998,0.4882
4/3/2021,19.175,0.4382,0.4047,0.3957,0.5488,0.5019,0.4427,0.5365,0.3801,0.4092,0.3142,0.5421,0.3343,0.3846,0.3108,0.2985,0.4237,0.4036,0.4337,0.436,0.3388,0.3946,0.4248,0.4617,0.4282,0.3745,0.3712,0.3656,0.3142,0.4673,0.398,0.3019,0.2706,0.3153,0.3253,0.3276,0.3388,0.3041,0.2941,0.904,0.3457,0.4539,0.4416,0.3153,0.3253,0.4237,0.4494,0.389,0.3712
4/2/2021,16.3719,0.3919,0.3442,0.2839,0.4957,0.3793,0.4287,0.3559,0.5158,0.2604,0.3056,0.4379,0.2663,0.3324,0.2755,0.2805,0.2696,0.314,0.2705,0.3266,0.3442,0.3416,0.3492,0.314,0.3165,0.2571,0.3333,0.2596,0.2856,0.3249,0.314,0.2562,0.2856,0.2395,0.2722,0.2814,0.2847,0.3768,0.2763,1.227,0.4241,0.2604,0.3391,0.3065,0.247,0.3751,0.3768,0.3056,0.2629
4/1/2021,18.1418,0.3736,0.3198,0.3005,0.5287,0.6778,0.5095,0.4983,0.5652,0.4709,0.4973,0.476,0.2995,0.3147,0.3634,0.3553,0.2995,0.3137,0.3533,0.3979,0.3208,0.2853,0.3513,0.2904,0.2924,0.2782,0.3462,0.3168,0.2934,0.4892,0.3533,0.264,0.2762,0.3107,0.2569,0.2813,0.3066,0.2803,0.3938,1.1272,0.3999,0.3229,0.4111,0.3026,0.3005,0.3553,0.4111,0.3401,0.2691
3/31/2021,16.2249,0.3164,0.3312,0.2851,0.4118,0.4044,0.3937,0.3805,0.3723,0.4233,0.3928,0.2744,0.3756,0.3303,0.2884,0.2818,0.2909,0.3147,0.3451,0.3303,0.3641,0.2983,0.2876,0.3443,0.3525,0.2588,0.2711,0.2629,0.2547,0.3641,0.304,0.2563,0.2974,0.2349,0.2604,0.2645,0.3016,0.2958,0.2999,1.1455,0.4043,0.3476,0.2851,0.3534,0.258,0.2999,0.3402,0.3386,0.3361
3/30/2021,20.7232,0.3919,0.3512,0.5102,0.5891,0.4415,0.514,0.5878,0.4517,0.3295,0.411,0.3639,0.3193,0.3613,0.3842,0.3422,0.411,0.4695,0.3842,0.3448,0.3512,0.3855,0.3766,0.4835,0.3791,0.3715,0.4071,0.3092,0.2952,0.3868,0.4084,0.2914,0.2748,0.3295,0.3308,0.2735,0.3613,0.4339,0.383,1.9736,0.6053,0.3193,0.5318,0.4249,0.3346,0.4657,0.4466,0.3868,0.444
3/29/2021,24.1157,0.4986,0.4165,0.4954,0.6501,0.8983,0.6163,0.7887,0.5841,0.3697,0.6663,0.6614,0.5905,0.431,0.3456,0.4374,0.4148,0.4793,0.4632,0.4535,0.4616,0.3697,0.5003,0.5534,0.5244,0.3472,0.4584,0.4729,0.3746,0.6308,0.4294,0.3601,0.3214,0.3036,0.4084,0.4052,0.4197,0.4567,0.3359,1.7837,0.5592,0.5776,0.4294,0.3987,0.3439,0.4277,0.431,0.4229,0.3472
3/28/2021,32.6706,0.7736,0.7119,0.7785,1.0647,1.1387,1.1288,0.6551,1.1337,0.5984,0.7859,0.7218,0.8352,0.438,0.6231,0.7292,0.6231,0.6798,0.4923,0.5491,0.5417,0.665,0.4824,0.5071,0.6995,0.5885,0.48,0.8254,0.4306,0.7785,0.6379,0.517,0.4504,0.4553,0.5589,0.48,0.5639,0.6403,0.4479,1.6079,0.5165,0.6206,0.813,0.7637,0.7514,0.744,0.5096,0.6749,0.4578
3/27/2021,34.1459,0.6634,0.87,0.4935,0.7942,1.453,1.2099,1.0112,0.9458,1.1001,0.5484,0.6582,0.8125,0.7053,0.5144,0.6138,0.5275,0.7445,0.4961,0.7497,0.6687,0.5667,0.4595,0.517,0.5379,0.4595,0.5353,0.8151,0.5432,0.6948,0.5432,0.4072,0.5719,0.3811,0.5798,0.4098,0.5196,0.6033,0.5196,3.2466,0.9144,0.7131,0.5615,0.5484,0.4778,0.6321,0.5432,0.6242,0.6399
3/26/2021,35.6202,0.8958,0.7854,0.4843,1.2024,1.5864,0.9594,0.6859,0.8903,0.7798,0.8986,0.6279,0.5202,0.6196,0.5092,0.5174,0.5672,0.5561,0.6473,0.6362,0.697,0.708,0.5865,0.6583,0.7384,0.5561,0.6555,0.6003,0.5506,0.9428,0.7108,0.5616,0.5672,0.5699,0.4815,0.3959,0.6003,0.5009,0.4788,3.4782,0.9706,0.5782,0.8102,0.7716,0.4235,0.5948,0.8931,0.6141,0.5561
3/25/2021,30.9745,0.7456,0.6262,0.6216,0.8949,1.1224,0.9432,1.104,0.6307,0.7801,0.7801,0.7158,0.6193,0.6284,0.5388,0.6905,0.4424,0.7089,0.6193,0.6262,0.6882,0.486,0.5641,0.7226,0.4883,0.6147,0.5802,0.7548,0.3964,0.679,0.6216,0.4814,0.4998,0.4102,0.3574,0.3964,0.5067,0.4263,0.5136,2.0781,0.6307,0.4309,0.633,0.4309,0.5251,0.5848,0.6813,0.5044,0.4492
3/24/2021,36.6528,0.883,0.8285,0.4847,0.8973,1.2841,0.9489,1.1122,0.8486,1.0119,0.5879,0.7283,0.6566,0.5678,0.6222,0.8028,0.8228,0.7913,0.6996,0.6853,0.6681,0.7111,0.5707,0.9116,0.6796,0.5306,0.5936,0.6022,0.4733,0.8944,0.7426,0.5506,0.4589,0.3988,0.6079,0.5306,0.6222,0.5134,0.7741,3.2907,0.9251,0.5907,0.8973,0.6681,0.5334,0.6881,0.4962,0.84,0.6251
3/23/2021,35.7679,0.6082,0.6998,0.7498,1.2913,0.8525,0.9469,0.6998,1.0858,0.7442,0.8581,1.0358,0.4777,0.6304,0.6859,0.5582,0.7803,0.6582,0.5749,0.8137,0.5749,0.6526,0.5138,0.7637,0.5526,0.4749,0.772,0.4638,0.5221,0.7192,0.6998,0.511,0.5721,0.4277,0.3721,0.5887,0.6026,0.5526,0.6804,3.5182,0.9803,0.6693,0.5221,0.6248,0.847,0.586,0.6915,0.8053,0.7553
3/22/2021,41.889,0.8275,0.797,0.6581,1.2511,1.0207,1.0647,1.4883,0.858,0.9054,0.8987,1.1562,0.7224,0.6852,0.7767,0.9122,0.6581,0.7834,0.6852,0.7089,0.7021,0.6648,0.7123,1.0207,0.6886,0.6276,0.8004,0.9427,0.6004,0.8987,0.6513,0.5293,0.7292,0.6004,0.6682,0.5598,0.6648,0.6038,0.9021,4.7151,1.2709,0.8716,0.5123,0.675,0.5361,0.7462,0.6106,0.6614,0.8648
3/21/2021,45.1339,0.8202,1.0245,0.8908,1.5146,1.3475,1.2213,0.9725,1.4701,1.4218,0.7088,0.72,0.6828,0.8536,0.8834,1.0245,0.7088,1.0393,1.0579,0.9391,0.7051,0.965,0.7682,1.1433,0.7942,0.5529,0.5751,1.095,0.5491,0.8982,0.8239,0.4377,0.7571,0.6865,0.5343,0.7162,0.8054,0.9242,0.8834,3.6029,1.0009,0.6383,0.9539,0.6123,0.7274,1.0356,1.0207,1.0022,0.6234
3/20/2021,44.5441,0.6125,0.66,0.7806,1.4676,1.3105,1.0181,0.8391,1.4055,0.8537,1.2593,0.7587,1.0437,0.8208,0.8683,0.6929,0.6856,0.7441,0.7221,0.8208,1.0072,0.6783,0.9341,0.6673,0.9852,0.7514,0.9597,1.0254,0.5723,0.7477,0.7368,0.671,0.7587,0.6783,0.7441,0.7404,0.8135,0.7258,0.7331,5.1891,1.386,1.1058,0.5138,0.5358,0.565,0.7002,0.576,0.8939,0.7843
3/19/2021,43.6593,0.6659,0.944,1.0082,1.5895,1.9033,1.1509,1.3149,1.404,0.8977,1.215,1.0296,0.8977,0.8478,0.8335,0.862,0.9226,0.6552,1.051,1.0296,0.8157,0.6695,0.7943,1.0724,1.1152,0.7657,0.6909,0.805,0.6053,0.9975,0.6409,0.6445,0.5946,0.4484,0.7229,0.6837,0.7265,1.0082,0.6552,1.6358,0.5233,0.8549,1.1687,0.7622,0.8014,0.887,0.6481,0.9476,0.7515
3/18/2021,32.2281,0.6973,0.736,0.5204,1.0486,1.1964,1.1673,1.0437,0.9686,0.6997,0.5834,0.8693,0.5277,0.5422,0.69,0.6706,0.6464,0.6827,0.5301,0.7409,0.7457,0.4695,0.61,0.845,0.7021,0.4089,0.4162,0.4962,0.4308,0.8063,0.6512,0.4404,0.4865,0.3411,0.5349,0.3871,0.5301,0.5495,0.6536,1.9934,0.6101,0.6658,0.4695,0.6658,0.4065,0.5713,0.5519,0.6052,0.6222
3/17/2021,33.4815,0.6126,0.6738,0.5871,0.9439,1.4306,1.0789,0.6636,0.6355,0.6432,0.6279,0.8241,0.8114,0.4572,0.7171,0.5769,0.5514,0.7349,0.6457,0.6304,0.6661,0.5336,0.4979,0.5234,0.689,0.61,0.447,0.926,0.4801,0.9005,0.6483,0.4903,0.5871,0.503,0.5667,0.396,0.5769,0.6508,0.4801,2.5923,0.7555,0.8215,0.6712,0.6457,0.4189,0.61,0.8343,0.605,0.5081
3/16/2021,33.1128,0.8573,0.8522,0.8196,1.0506,1.3746,0.6639,0.8271,1.0155,0.9929,0.6137,0.6438,0.7719,0.4956,0.6915,0.5132,0.6589,0.6488,0.4831,0.5911,0.5534,0.7267,0.7292,0.7518,0.4605,0.3977,0.7217,0.4555,0.4203,1.0079,0.6287,0.5534,0.468,0.36,0.4756,0.4203,0.4856,0.6589,0.6714,1.9651,0.6033,0.7141,0.7819,0.4354,0.6287,0.7192,0.5434,0.4781,0.7317
3/15/2021,43.6588,0.8085,0.7836,0.887,1.2828,1.5788,1.3541,1.2436,1.5609,0.5981,0.6516,1.2329,0.7479,0.8763,0.6944,0.7693,0.8763,0.805,0.887,0.9797,0.9761,0.9405,1.0225,0.7158,0.7871,0.6374,0.9119,1.0332,0.6659,1.0367,0.8727,0.566,0.4519,0.5803,0.5874,0.5553,0.7122,0.8371,0.8335,3.0331,0.8626,0.6766,1.0153,0.5553,0.7194,0.8941,0.805,0.8228,0.9333
3/14/2021,37.5377,0.6659,0.5861,0.7811,1.0498,1.3718,1.0114,0.8697,1.103,1.0498,1.0912,0.8401,0.722,0.5507,0.719,0.5566,0.6127,0.6629,0.8313,0.8283,0.7958,0.5123,0.6659,0.7161,0.8372,0.4414,0.6865,0.8047,0.5034,1.1532,0.6068,0.403,0.5595,0.5536,0.462,0.4473,0.6481,0.8431,0.657,2.9308,0.8377,0.5772,0.5831,0.5388,0.5625,0.8224,0.8401,0.8135,0.8313
3/13/2021,40.2666,0.712,0.7539,0.883,0.8959,1.1476,0.9185,0.9927,0.9475,0.9927,1.125,0.7894,0.5506,0.6894,0.6603,0.7539,0.8636,0.7733,0.6378,0.8927,0.712,0.8927,0.9378,0.6991,0.5248,0.5442,0.8281,0.7378,0.5958,0.7475,0.6378,0.6345,0.6313,0.5442,0.5539,0.5151,0.7184,0.7346,0.6862,4.4636,1.2098,0.9088,0.8443,0.8668,0.5216,0.7571,0.5345,0.7442,0.5603
3/12/2021,36.2103,0.8296,0.7845,0.7873,1.1315,1.171,0.8747,0.7901,1.2189,0.4657,0.9227,0.8155,0.508,0.5701,0.6152,0.7817,0.5616,0.7591,0.6462,0.5785,0.8324,0.5447,0.5165,0.7111,0.6519,0.5898,0.4713,1.0017,0.4854,1.1145,0.6265,0.5842,0.5137,0.6152,0.508,0.5814,0.587,0.855,0.7675,3.163,0.8941,0.7619,0.4911,0.6773,0.5334,0.6378,0.4911,0.7365,0.4544
3/11/2021,36.9477,0.5864,0.5661,0.7456,0.9106,0.9714,0.7833,1.3391,0.8064,0.9048,0.8527,0.8035,0.6211,0.5372,0.708,0.7862,0.8151,0.8614,0.6385,0.8354,0.5893,0.5372,0.5401,0.9656,0.8614,0.598,0.7225,0.9627,0.4909,0.7196,0.7746,0.433,0.6327,0.5488,0.433,0.5661,0.6617,0.7109,0.5719,3.1691,0.8956,0.818,0.5517,0.679,0.5864,0.7804,0.679,0.7543,0.6414
3/10/2021,39.2342,0.6008,0.8788,0.6352,1.4098,0.8444,0.9944,1.1287,1.2724,0.8038,1.0756,0.6695,0.8382,0.7945,0.6133,0.7008,0.6477,0.5602,0.8538,0.6883,0.6633,0.6196,0.707,0.5883,0.6664,0.5259,0.7507,1.1818,0.5071,0.7726,0.807,0.4384,0.6539,0.4322,0.6602,0.5508,0.6945,0.5196,0.6039,4.0396,1.1069,0.5384,0.6852,0.8007,0.4665,0.6789,0.8257,0.9069,0.832
3/9/2021,46.3872,0.9536,1.0419,0.6734,1.5601,1.0074,1.0304,1.2492,1.6791,1.372,0.8653,0.7732,0.9728,0.9421,0.8576,1.0649,0.9766,0.9882,1.0496,0.8384,0.9037,0.8768,0.5966,0.9037,0.9536,0.5928,0.5774,0.5966,0.5505,1.1686,0.731,0.4507,0.7847,0.5505,0.6887,0.7348,0.7348,1.0074,0.7962,4.7691,1.284,0.7118,0.5774,1.1033,0.7617,0.7194,0.9805,0.8346,0.5505
3/8/2021,43.3639,0.8669,0.7537,0.8598,1.2134,1.0543,1.4009,1.0013,1.3726,0.7643,1.224,0.7537,0.8739,0.7502,0.7679,0.9482,0.8598,0.8068,0.98,0.7714,0.8492,0.6901,0.8386,0.6299,0.7431,0.5663,0.8174,0.9871,0.591,1.0508,0.8669,0.7219,0.4991,0.7077,0.4849,0.5698,0.7537,0.6229,0.6653,3.6809,1.0198,0.8174,0.8704,0.9694,1.0295,0.8916,0.7183,0.8846,0.8032
3/7/2021,47.6415,1.2568,1.1894,0.8485,1.2766,1.673,1.0427,1.2489,1.8356,0.7375,0.8406,0.8802,0.8881,0.9714,0.6225,0.7098,0.6344,0.7296,0.7335,1.0388,0.7732,0.9912,0.5552,0.9753,0.9,0.8802,0.8842,1.2172,0.6146,0.7851,0.7534,0.5631,0.7058,0.4838,0.6503,0.797,0.7335,1.0745,0.797,4.7471,1.2787,1.2409,0.5591,1.1379,0.9199,0.7851,1.0269,0.6543,0.9991
3/6/2021,44.5437,0.85,0.8354,0.9524,1.1168,1.9135,0.9451,1.2703,0.85,0.8902,0.9597,1.5773,0.9816,0.576,0.8318,0.7404,0.8281,1.0328,0.7002,0.8829,0.7879,0.9852,0.7075,1.0218,1.062,0.8829,0.6746,0.6344,0.6088,1.3215,0.7989,0.7002,0.6417,0.6637,0.4627,0.5833,0.8025,0.6783,0.5942,2.8308,0.8134,1.146,1.2264,0.9852,0.9158,0.8902,0.7112,0.8573,0.8208
3/5/2021,40.6351,1.0184,0.8553,0.5681,0.9434,0.9401,1.0315,1.2208,0.9597,1.1523,1.1457,0.8357,1.0413,0.6072,0.5387,0.9205,0.5681,0.7019,0.9434,0.9369,0.8553,0.7541,0.9042,0.8846,0.8128,0.6692,0.8879,1.0902,0.5322,0.9108,0.6529,0.5387,0.5159,0.5257,0.5811,0.6301,0.5844,0.8259,0.5779,3.5148,0.9795,0.6562,0.9401,0.7933,0.5746,0.7149,0.5289,0.741,0.5289
3/4/2021,37.3905,0.5282,0.6193,0.6751,1.3834,1.5039,1.2159,1.2512,0.9426,1.0954,0.7839,1.1953,0.8162,0.5399,0.7104,0.8044,0.5399,0.5958,0.8867,0.7163,0.6692,0.7633,0.6928,0.7163,0.6663,0.4429,0.7662,1.0366,0.4694,0.8191,0.7251,0.4606,0.4312,0.4459,0.4606,0.4253,0.6369,0.4929,0.537,2.0941,0.6346,0.9631,0.8809,0.7986,0.7074,0.6722,0.6957,0.6986,0.7839
3/3/2021,31.4909,0.5449,0.7328,0.5449,0.7492,1.1321,0.7657,0.714,0.7492,1.0029,0.5284,0.7539,0.7069,0.6106,0.5543,0.6788,0.4556,0.5402,0.5543,0.5002,0.6976,0.4321,0.613,0.4885,0.4767,0.465,0.6294,0.4439,0.4979,0.6553,0.6224,0.371,0.4157,0.4509,0.4157,0.4133,0.5002,0.6271,0.4838,2.9566,0.844,0.8033,0.7845,0.6647,0.5355,0.5731,0.6811,0.6741,0.4556
3/2/2021,26.9181,0.5753,0.6434,0.6718,0.6472,1.0918,0.5431,0.7437,0.7815,0.441,0.5715,0.7607,0.6812,0.4637,0.5167,0.4202,0.5185,0.4807,0.5148,0.5167,0.6018,0.4353,0.4656,0.458,0.6207,0.3388,0.4731,0.7607,0.3804,0.7853,0.5337,0.4126,0.4069,0.3294,0.4599,0.4448,0.4523,0.5034,0.4958,1.3784,0.4608,0.3861,0.5223,0.4977,0.6093,0.5204,0.6756,0.5053,0.4202
3/1/2021,41.2251,0.8046,0.8013,0.5687,1.0637,1.7781,1.2565,1.4458,1.2963,1.3528,1.1601,0.9308,0.5587,0.5587,0.8278,0.7116,0.6584,0.8445,0.6783,0.6949,0.7348,0.7149,0.9109,0.7448,1.0637,0.5488,0.8378,1.0338,0.6119,1.0106,0.7116,0.4325,0.6983,0.6551,0.665,0.5488,0.665,0.7315,0.9009,1.9419,0.5976,0.9707,0.9375,0.489,0.8777,0.6916,0.675,0.9342,0.8976
2/28/2021,42.6264,0.6514,0.6514,0.5822,1.0843,1.8218,1.3786,1.2435,0.9388,1.0081,0.7068,1.5309,0.7796,0.7692,0.6653,0.8315,0.6757,0.6514,0.9665,0.6688,1.0116,0.6168,0.7726,0.6237,1.0393,0.6999,0.9181,0.6549,0.6618,0.8003,0.783,0.5649,0.6445,0.6341,0.4991,0.5822,0.7242,0.88,0.7553,3.5631,0.9912,1.0739,0.7865,0.7345,0.7796,0.9873,1.0912,0.5891,0.5579
2/27/2021,36.0628,0.582,0.6129,0.5539,1.0871,1.5586,1.2723,1.2387,1.0647,0.857,0.8374,1.0282,0.6157,0.742,0.742,0.596,0.4978,0.5343,0.5203,0.7055,0.7335,0.5118,0.7981,0.843,0.6774,0.5848,0.5175,0.6493,0.5203,0.9973,0.6606,0.3996,0.4978,0.5848,0.4277,0.4838,0.5511,0.6269,0.6493,2.5873,0.7543,0.4922,0.5371,0.7363,0.5146,0.7391,0.8907,0.8177,0.6325
2/26/2021,39.0127,0.7838,0.6226,0.8676,1.4072,1.0722,0.7714,1.1529,1.0226,1.1746,0.7931,0.7001,0.7807,0.8086,0.6133,0.7001,0.5977,0.7218,0.8738,0.6257,0.7497,0.821,0.911,0.7559,0.728,0.5636,0.7125,0.5791,0.4892,0.6629,0.7311,0.5295,0.5822,0.514,0.5233,0.635,0.6815,0.5729,0.7652,3.568,0.9924,0.5512,0.7838,0.5543,0.7807,0.8055,0.9916,0.6474,0.7404
2/25/2021,34.8829,0.707,0.8038,0.8737,0.8307,0.9839,0.7446,1.2312,0.9275,1.0995,0.5538,0.5592,0.8414,0.5645,0.6344,0.5484,0.5565,0.4866,0.4866,0.8172,0.8119,0.7097,0.7016,0.8307,0.621,0.6506,0.7231,0.9732,0.4651,0.5296,0.7124,0.4301,0.6129,0.4328,0.5645,0.4866,0.5403,0.6425,0.8145,2.6326,0.7653,0.5538,0.457,0.5565,0.5538,0.7715,0.9006,0.5,0.6882
2/24/2021,37.6117,0.827,0.5635,0.6701,1.3659,0.9958,0.9366,1.2682,0.7707,0.8122,0.7204,1.283,0.8803,0.6316,0.6316,0.6701,0.5753,0.6256,0.8507,0.6168,0.7826,0.6553,0.6523,0.9869,0.8388,0.4421,0.5279,0.5872,0.4628,1.0876,0.6316,0.5427,0.5694,0.3976,0.4006,0.5753,0.6345,0.6582,0.8566,2.6995,0.7816,0.7263,0.8388,0.7441,0.753,0.8448,0.7589,0.83,0.6493
2/23/2021,42.5525,0.7126,0.8508,1.1272,1.1756,1.5004,0.799,0.761,1.3587,1.0858,1.0823,1.2551,0.8335,0.8646,0.7506,0.9545,0.9579,0.7713,0.8715,0.7886,0.7264,0.8681,0.5882,0.5744,0.9165,0.8646,0.761,0.8957,0.5744,1.1791,0.7402,0.6297,0.6711,0.5709,0.4569,0.7161,0.6228,0.6642,0.6469,3.5058,0.9773,0.6608,0.6919,0.875,0.5018,1.0339,0.6366,0.6366,0.8646
2/22/2021,38.054,0.9451,0.8489,0.9841,1.0022,1.474,1.1675,1.0593,1.2727,1.2276,0.7467,1.0803,0.5964,0.7557,0.5363,0.5664,0.5183,0.8369,0.5604,0.8789,0.7137,0.6415,0.6265,0.9841,0.7046,0.5844,0.4762,0.8579,0.5664,0.8279,0.7918,0.6205,0.6175,0.5514,0.4341,0.4582,0.6896,0.5874,0.6986,2.5463,0.7444,0.5904,0.9751,0.6716,0.7347,0.5964,0.5453,0.6265,0.5333
2/21/2021,30.3844,0.4465,0.7173,0.4599,1.024,1.2165,0.6994,1.0822,1.0822,0.7643,0.592,0.8136,0.5271,0.6233,0.5338,0.5271,0.6412,0.5897,0.5964,0.6502,0.545,0.6546,0.6076,0.5964,0.5226,0.6054,0.6278,0.733,0.4241,0.6703,0.5651,0.348,0.5114,0.4756,0.4621,0.5203,0.5629,0.4465,0.5136,1.1915,0.4155,0.6949,0.6591,0.4868,0.6233,0.5584,0.7822,0.5875,0.4062
2/20/2021,30.163,0.5767,0.5457,0.6033,0.7562,0.9357,0.8537,1.0931,0.7496,0.8692,0.7119,0.4592,0.6609,0.4526,0.5789,0.6055,0.57,0.5324,0.5479,0.559,0.59,0.6432,0.6631,0.6121,0.4171,0.4082,0.4792,0.5279,0.3949,0.6764,0.5501,0.5213,0.3484,0.3329,0.4326,0.508,0.5567,0.5789,0.4282,2.5688,0.7498,0.7429,0.6875,0.4504,0.4149,0.5811,0.621,0.4725,0.5434
2/19/2021,33.6293,0.6203,0.851,0.4998,0.8894,1.0073,0.7228,1.0355,1.1713,0.8176,0.5357,0.9612,0.669,0.4845,0.4998,0.71,0.6357,0.5614,0.6408,0.5921,0.5434,0.6793,0.792,0.6024,0.81,0.5947,0.4435,0.8023,0.5178,0.7741,0.6075,0.4819,0.5511,0.4435,0.5101,0.5075,0.5742,0.5075,0.6869,2.6269,0.764,0.5075,0.464,0.6895,0.5998,0.5127,0.8638,0.5229,0.7433
2/18/2021,31.6378,0.8025,0.6583,0.63,0.6985,1.1335,0.734,1.1311,0.7363,0.7363,0.8309,0.5685,0.4338,0.5732,0.526,0.5945,0.4858,0.4503,0.6914,0.6063,0.5,0.6394,0.4692,0.6654,0.4172,0.4409,0.4385,0.7671,0.4881,0.5189,0.6418,0.3392,0.4716,0.4811,0.5189,0.5141,0.4858,0.4763,0.5,3.577,0.9946,0.5165,0.7056,0.422,0.4243,0.5354,0.5307,0.5543,0.5827
2/17/2021,31.7116,0.6148,0.482,0.5342,0.9136,1.3475,0.667,0.9112,0.7523,0.8614,0.5461,0.9397,0.4773,0.4749,0.6267,0.4441,0.4631,0.7405,0.4797,0.5318,0.6196,0.4631,0.603,0.6504,0.629,0.5958,0.6717,0.8211,0.4939,0.961,0.5057,0.4014,0.4085,0.3919,0.4465,0.4014,0.4773,0.5627,0.437,2.6375,0.7665,0.5413,0.6148,0.6788,0.5816,0.5958,0.7049,0.7049,0.5366
2/16/2021,37.7593,0.8065,0.6131,0.7559,0.9255,1.4761,1.3451,1.0832,1.1755,0.9136,1.0446,1.2053,0.738,0.5506,0.5506,0.7738,0.6815,0.8481,0.6785,0.7767,0.6101,0.7678,0.8779,0.5863,0.4583,0.7738,0.6666,1.11,0.5535,0.8958,0.7291,0.4047,0.6369,0.5059,0.3899,0.5922,0.6517,0.7708,0.6131,1.8022,0.5637,0.7827,0.6755,0.6488,0.872,0.7261,0.7053,0.8333,0.6131
2/15/2021,37.0216,0.8748,0.6194,0.7181,1.1447,0.7935,1.0489,0.9793,1.2637,0.8806,0.9067,1.1476,0.573,0.6629,0.5788,0.7529,0.7732,0.8197,0.8051,0.75,0.6136,0.8138,0.6281,0.7007,0.7123,0.6165,0.4975,0.8603,0.4569,0.6107,0.6803,0.5178,0.5904,0.5207,0.4017,0.5498,0.6165,0.6774,0.5991,2.7074,0.7835,0.7848,0.7384,0.4888,0.8458,0.6716,0.9532,0.5672,0.7239
2/14/2021,38.6441,0.7029,0.7121,0.7734,1.2116,1.1749,1.0921,1.466,0.9021,1.1749,0.9634,0.9787,0.9113,0.5038,0.7642,0.611,0.8224,0.755,0.5896,0.8194,0.9144,0.7489,0.7581,0.9236,0.5773,0.7795,0.5375,1.1687,0.5099,0.8102,0.7458,0.6141,0.6233,0.5344,0.4884,0.6325,0.6876,0.6784,0.5773,2.519,0.7378,0.611,0.8623,0.5436,0.4823,0.801,0.6018,0.7704,0.4762
2/13/2021,35.1779,0.7591,0.6396,0.4955,1.2348,1.0554,0.9548,0.626,1.0336,0.6205,0.7265,1.0119,0.6559,0.4955,0.5771,0.4901,0.6287,0.4928,0.6885,0.5716,0.7456,0.6368,0.751,0.751,0.6396,0.6912,0.7374,0.7428,0.4548,0.838,0.7374,0.5173,0.5227,0.4711,0.5363,0.4792,0.6069,0.6151,0.4819,3.3967,0.9508,0.8244,0.5145,0.4982,0.7021,0.7102,0.6667,0.6178,0.5825
2/12/2021,36.4318,0.7723,0.6159,0.8974,1.1021,1.1504,1.0168,1.3921,1.3267,0.6784,0.5562,0.7922,0.8974,0.7239,0.6074,0.5306,0.7836,0.7495,0.5818,0.6528,0.7922,0.6955,0.849,0.8775,0.6017,0.5903,0.7666,0.849,0.5533,0.8121,0.559,0.4197,0.5192,0.6159,0.4481,0.5789,0.6642,0.8462,0.7552,1.8299,0.5704,0.9201,0.9258,0.6074,0.5676,0.6727,0.4851,0.5135,0.7182
2/11/2021,38.128,0.8596,0.9681,0.7602,0.9289,1.1518,0.7963,1.2995,0.9711,0.5975,0.8566,1.0675,0.9922,0.5041,0.7572,0.6427,0.5734,0.6427,0.7542,0.7692,0.7692,0.5312,0.5794,0.9922,0.4649,0.5945,0.6728,0.8476,0.5071,0.6035,0.5975,0.4017,0.6487,0.5161,0.5041,0.474,0.6969,0.7632,0.6849,3.6988,1.0242,0.8566,0.8656,0.477,0.6668,0.6758,0.8626,0.709,0.5493
2/10/2021,43.069,0.6471,0.7208,0.7663,1.4818,1.0259,0.8821,1.4747,1.0504,1.2187,1.2573,1.1205,0.6822,0.8926,0.8645,0.7418,0.8295,0.612,0.8295,0.8961,0.6962,0.7523,0.8014,0.826,0.6331,0.8189,0.5384,1.089,0.5279,0.7137,0.7278,0.5629,0.6226,0.4402,0.6752,0.7208,0.6927,0.9592,0.8786,3.6121,1.0031,0.9487,0.7488,0.8821,0.7734,1.0188,1.0048,0.7208,0.6857
2/9/2021,41.7413,1.0642,0.8044,0.8685,1.3409,1.4353,1.5669,1.1755,0.8347,0.9832,0.9427,1.3206,0.963,0.7301,0.8651,0.7605,0.7976,0.8786,0.8617,0.9326,0.882,0.7032,0.7808,0.9124,0.8381,0.7167,0.828,1.2025,0.5277,0.7673,0.7605,0.5783,0.5547,0.5041,0.4467,0.4568,0.7268,0.8347,0.7976,1.6083,0.5167,0.5851,0.8179,0.9225,0.8887,0.7706,0.8179,0.9731,0.8955
2/8/2021,43.8803,0.7659,0.7946,0.9273,1.6234,1.6126,1.0852,1.2144,1.3328,0.8699,0.8807,1.261,0.9237,0.6654,0.7515,0.8556,0.8125,0.669,0.7264,0.8089,0.7085,0.7479,0.895,0.6259,1.0386,0.8269,0.852,0.7659,0.6833,0.669,0.9058,0.4394,0.5362,0.5147,0.73,0.4609,0.6762,0.5578,0.7515,4.2317,1.1535,0.8556,0.6152,0.9991,0.651,0.6367,1.0924,0.9345,0.7443
2/7/2021,47.3466,1.1267,1.2093,0.8906,1.3431,1.9923,1.4612,1.3313,1.6776,0.749,1.4848,0.9497,1.2133,0.8788,0.8277,0.9182,1.1228,0.9969,0.989,0.9733,0.9064,0.7647,1.0952,1.233,1.0913,0.9733,0.7529,0.8198,0.6231,1.3274,0.9733,0.7411,0.4618,0.6782,0.7647,0.4972,0.8119,1.107,0.9064,1.1545,0.4065,1.0992,1.1346,0.5837,0.8238,1.0126,1.0874,0.7136,0.6664
2/6/2021,38.5702,0.6741,0.6986,0.5519,1.3956,1.2122,0.7995,0.6833,0.9523,0.8698,1.0899,1.2275,0.72,0.7414,0.7292,0.6252,0.5243,0.7872,0.7781,0.8698,0.8392,0.7811,0.5121,0.9493,0.4999,0.72,0.7536,0.5885,0.4938,0.8362,0.6802,0.4265,0.4693,0.6344,0.5121,0.4785,0.6191,0.7903,0.5213,4.0237,1.103,0.5977,0.7811,0.4815,0.723,0.613,0.8331,0.7383,0.6405
2/5/2021,41.6676,0.9814,0.8064,0.8872,0.9612,1.6043,1.1969,0.867,1.2508,0.9949,0.968,0.7727,0.9343,0.6582,0.8838,0.6447,0.7525,0.6447,0.8198,0.8838,0.7188,0.7626,0.6851,0.5572,0.5606,0.7828,0.7458,0.9747,0.5067,1.3013,0.6683,0.4528,0.4528,0.4629,0.4124,0.702,0.6481,0.9006,0.8232,3.8212,1.0539,0.6447,0.5235,0.9646,0.9208,0.7323,0.9074,0.5673,0.9006
2/4/2021,33.6291,0.7228,0.5511,0.8176,0.933,1.0893,0.851,0.9432,0.6408,0.5972,0.874,1.1175,0.5127,0.4665,0.6869,0.5101,0.7305,0.5819,0.628,0.6587,0.5921,0.6511,0.5947,0.6049,0.5921,0.3922,0.5306,0.8176,0.4512,0.7305,0.7049,0.3486,0.569,0.4383,0.528,0.464,0.5947,0.7946,0.5665,2.8682,0.8225,0.6511,0.7126,0.5972,0.7331,0.6152,0.505,0.5537,0.6921
2/3/2021,34.8089,0.9066,0.8101,0.8128,1.231,0.7672,1.2658,0.6063,1.2873,0.4884,0.8208,0.7886,0.6412,0.6921,0.4991,0.7404,0.5822,0.5286,0.6063,0.6894,0.7886,0.5232,0.5715,0.6841,0.7002,0.55,0.7323,0.6492,0.4374,0.9227,0.5661,0.4857,0.3838,0.4133,0.4267,0.5634,0.5179,0.6868,0.6868,2.8567,0.8197,0.8154,0.4589,0.7002,0.4723,0.5742,0.6787,0.6037,0.7752
2/2/2021,32.0802,0.7181,0.735,0.5062,0.8939,1.1106,0.9758,0.7374,0.6122,0.9228,0.9396,0.5495,0.5929,0.6362,0.5206,0.4725,0.5447,0.6242,0.7181,0.7301,0.6266,0.6049,0.4002,0.6916,0.6555,0.5375,0.6627,0.7566,0.499,0.7109,0.6772,0.4797,0.4147,0.4918,0.3738,0.3689,0.5712,0.5712,0.5784,2.238,0.6695,0.735,0.8289,0.6338,0.5857,0.6844,0.4821,0.5688,0.4412
2/1/2021,40.3404,1.0334,0.7423,0.6582,0.9299,1.3374,1.1563,0.7779,0.8038,1.3147,1.1207,1.3536,0.6809,0.6518,0.6841,0.917,0.6227,0.6356,0.8038,0.6227,0.7488,0.7067,0.8005,1.0172,0.862,0.6227,0.8296,1.1692,0.545,1.2048,0.6841,0.4965,0.4351,0.4286,0.4416,0.5127,0.7165,0.917,0.6421,2.7689,0.7984,0.9687,0.9655,0.7941,0.5936,0.6679,0.8038,0.807,0.545
1/31/2021,41.5203,0.8471,0.9577,0.6292,0.9779,1.6147,0.9712,1.0013,1.3835,0.7633,1.055,1.4069,0.7566,0.6996,0.5924,0.6829,0.7901,0.8203,0.8002,0.6762,0.817,0.8304,0.9812,1.0147,0.6628,0.8103,0.7466,0.5153,0.6225,1.2192,0.7164,0.6795,0.7097,0.6829,0.5421,0.4415,0.6024,0.6058,0.8237,2.9205,0.8352,0.6058,0.6862,0.9946,0.703,0.9712,0.9846,0.6795,0.6896
1/30/2021,40.3401,1.0269,0.9525,0.8717,0.9267,1.7675,1.2501,1.4053,1.4053,0.7811,1.0366,0.7585,1.0722,0.8296,0.7423,0.6421,0.5547,0.7973,0.6841,0.8264,0.9073,0.7682,0.6744,1.0657,0.6259,0.8005,0.5645,0.5612,0.4965,1.1757,0.5968,0.6776,0.6388,0.6388,0.5645,0.6873,0.7165,0.7682,0.5612,2.1652,0.6519,0.6097,0.7423,0.6065,0.7359,0.8426,0.765,0.5418,0.8587
1/29/2021,35.1775,0.6477,0.8488,0.626,0.8488,1.1831,1.2076,1.2456,0.8189,0.7184,1.0391,0.7836,0.6287,0.4819,0.626,0.5716,0.7102,0.5607,0.6994,0.7836,0.7102,0.5961,0.5064,0.4846,0.4602,0.4493,0.5553,0.6504,0.5336,0.9113,0.7048,0.5145,0.4058,0.4602,0.5281,0.4575,0.6205,0.5227,0.5716,3.3879,0.9487,0.5825,0.7999,0.6368,0.6124,0.6042,0.6314,0.5363,0.7646
1/28/2021,29.4996,0.5945,0.5859,0.5408,0.8826,0.9234,0.8267,0.9836,0.8632,0.6504,0.659,0.9213,0.4419,0.4956,0.4935,0.4462,0.5752,0.5816,0.6611,0.4999,0.4956,0.644,0.6654,0.6719,0.5429,0.4526,0.6375,0.8353,0.4118,0.7665,0.5967,0.5128,0.4075,0.3752,0.358,0.4032,0.4505,0.5601,0.5687,1.2773,0.4363,0.7256,0.6719,0.6676,0.5666,0.6547,0.4311,0.5967,0.4892
1/27/2021,34.5877,0.6825,0.5203,0.725,1.0308,0.834,1.0334,1.1903,1.1743,0.5947,0.8553,0.858,0.8739,0.6745,0.5735,0.5947,0.7037,0.5947,0.6266,0.5575,0.7516,0.616,0.6133,0.6958,0.7622,0.4591,0.5097,0.7356,0.5043,1.0627,0.6054,0.5681,0.5336,0.5469,0.5655,0.382,0.624,0.6133,0.5522,2.3317,0.6923,0.717,0.6293,0.624,0.733,0.5522,0.6745,0.6506,0.5841
1/26/2021,44.1751,0.6984,0.8757,0.7419,1.223,1.2085,0.9119,0.9553,0.901,1.0747,0.9806,1.194,1.053,0.9155,0.5718,0.8721,0.7816,0.8033,0.8106,0.684,0.6767,0.7744,0.5248,0.8431,0.8576,0.6586,0.9589,1.2375,0.6731,0.7021,0.8251,0.4127,0.4525,0.4814,0.7201,0.6912,0.7129,1.0421,0.8178,4.5737,1.2366,1.0819,1.1325,0.9083,0.6369,1.0059,0.6333,0.9481,0.6984
1/25/2021,46.0186,1.1818,0.8282,0.756,1.4479,2.0296,1.4669,1.619,1.733,0.9727,1.1361,1.2502,0.8814,0.8662,0.7103,0.9575,0.8928,0.9613,0.8434,1.0563,1.0905,0.9499,1.0791,1.0639,1.1894,0.5316,0.9423,0.8738,0.5697,0.889,0.7179,0.6153,0.5697,0.6799,0.5545,0.6875,0.7103,0.927,0.6951,2.2102,0.6628,0.7027,0.889,0.6951,0.6191,0.6495,1.1323,0.8016,0.7293
1/24/2021,43.8802,1.1283,1.1139,1.0278,1.2718,1.9966,1.4906,1.096,1.0063,0.8807,1.0314,1.5337,1.1211,0.6654,0.8017,0.7587,0.6223,0.712,0.6403,0.9704,0.9166,0.8304,0.5901,0.8304,0.6331,0.5255,0.8089,0.8125,0.6833,1.3902,0.9166,0.608,0.7013,0.5326,0.6833,0.5757,0.73,0.8771,0.651,2.5139,0.7365,0.773,1.1713,0.5829,0.9309,0.7372,0.7372,0.7264,0.8053
1/23/2021,47.3465,0.8277,0.8946,0.8238,1.5989,1.7799,0.9851,0.9811,1.0244,1.1936,1.2526,1.5753,0.7765,0.9379,0.7254,0.8749,0.7293,0.9379,1.0165,1.1149,0.989,1.0402,0.8867,1.1503,0.7647,0.5837,0.8119,0.749,0.627,1.292,0.871,0.5562,0.69,0.7569,0.5798,0.5129,0.7057,0.6467,1.0126,3.5448,0.9868,0.8198,1.3077,1.052,0.6467,0.8474,0.7923,1.0677,1.0047
1/22/2021,39.3076,0.8648,0.6425,0.7646,1.1341,1.2937,1.1936,1.0746,0.9149,0.7709,0.9024,0.9775,0.7083,0.6895,0.6269,0.7333,0.8273,0.7208,0.8805,0.6457,0.8554,0.8742,0.8711,0.796,0.9681,0.6613,0.7114,0.9995,0.5236,0.6926,0.6551,0.3921,0.5799,0.4077,0.5111,0.5173,0.7083,0.6895,0.774,2.2425,0.6706,0.9306,0.9963,0.9337,0.7146,0.5925,0.893,0.9149,0.8648
1/21/2021,38.4965,0.7918,0.7705,0.7461,1.2462,1.2035,1.2676,0.679,0.7766,0.7888,0.6119,1.3255,0.7156,0.5692,0.5113,0.8772,0.801,0.7492,0.8162,0.7217,0.8986,0.6333,0.7309,0.5875,0.9016,0.7918,0.676,1.0511,0.5296,0.5631,0.7278,0.5845,0.4381,0.618,0.4655,0.6119,0.6424,0.8589,0.679,2.5789,0.7523,0.9169,0.804,0.5479,0.8803,0.8803,0.6943,0.7553,0.7278
1/20/2021,38.0543,0.8369,0.7046,0.7587,1.1825,1.1374,0.9901,0.888,1.0533,0.7527,0.6205,1.2186,0.7046,0.7647,0.5033,0.6565,0.7016,0.6205,0.906,0.7918,0.894,0.7617,0.8309,0.882,0.6415,0.7708,0.6145,0.4943,0.5093,1.1194,0.7016,0.3891,0.4522,0.4582,0.4462,0.5544,0.6055,0.6535,0.6385,3.1339,0.887,0.5093,0.6535,0.7227,0.882,0.8309,0.8459,0.891,0.4882
1/19/2021,47.1254,0.6596,0.8357,0.6675,1.2035,1.3052,1.6612,0.824,1.1213,1.5282,0.6949,1.4578,0.9844,0.7966,0.7183,0.6323,0.6831,1.0587,0.8474,0.9296,0.9179,0.7379,0.8827,0.8631,0.9805,0.7144,0.8866,1.227,0.6323,0.9257,0.7692,0.4953,0.601,0.4484,0.5579,0.6166,0.6792,0.8592,0.8944,5.7862,1.5309,0.644,0.9922,0.687,1.0431,1.0705,0.7105,0.6949,0.6675
1/18/2021,46.6089,0.8693,1.0894,1.2207,1.2207,1.6994,0.9504,1.0624,1.4137,0.7497,0.8462,1.4639,0.7612,0.6145,0.7381,0.8655,0.7458,0.7883,0.9581,1.0817,0.8809,0.7381,0.5759,0.8192,1.0585,0.6454,0.7651,0.5528,0.5798,1.2439,0.8887,0.6609,0.7805,0.6647,0.5412,0.5296,0.6686,0.8848,1.0508,5.1995,1.3885,0.6531,0.8771,0.9118,0.8578,0.6531,0.5952,0.908,0.8964
1/17/2021,39.1601,0.659,0.9052,0.6154,1.3289,1.5845,1.1264,1.385,1.0298,1.1981,0.8055,0.6341,0.9332,0.5593,0.6621,0.5312,0.6123,0.8958,0.9394,0.6216,0.9083,0.5312,0.687,0.5655,0.4752,0.472,0.74,0.9207,0.5125,0.8117,0.7992,0.6497,0.4066,0.6434,0.6154,0.4658,0.6216,0.821,0.6808,2.9648,0.846,1.008,0.7057,0.6029,0.8179,0.7712,0.8086,0.7836,0.497
1/16/2021,47.1987,1.0682,1.0486,0.6292,1.0996,1.9502,1.2015,0.9036,1.2995,1.2838,0.7311,1.2642,1.2642,0.884,0.6057,0.9742,1.1035,1.0839,0.8683,0.7742,0.9898,0.8409,0.5704,1.2172,0.7821,0.6135,0.5704,1.1506,0.5861,0.884,0.8252,0.7468,0.641,0.5273,0.7586,0.7821,0.6802,1.1388,0.6292,4.04,1.107,0.6802,0.641,0.6802,0.931,1.0957,1.2133,0.9036,0.935
1/15/2021,47.9364,0.9494,0.9255,0.6898,1.5924,1.9518,0.9295,1.1611,1.5205,1.233,0.7338,1.225,1.1052,0.9854,0.7737,0.7138,0.7098,0.9374,0.8935,1.0732,0.9574,0.8136,1.1132,1.1491,0.9654,0.6619,0.586,1.3847,0.6299,1.4806,1.0173,0.4382,0.7937,0.7018,0.7537,0.7497,0.8456,1.0493,0.7897,3.0845,0.875,0.6699,1.2809,0.7657,0.7417,1.0173,0.7098,1.0852,0.7218
1/14/2021,39.6763,0.8477,0.74,0.9871,1.0663,1.0283,1.0441,1.2722,1.4464,0.9681,1.2152,0.9206,0.9934,0.7717,0.5658,0.6545,0.6988,0.7495,0.6386,0.8604,0.6862,0.8794,0.5309,0.9111,0.5626,0.5309,0.6386,1.0409,0.5088,0.6291,0.7337,0.4074,0.3947,0.4232,0.6386,0.4232,0.5753,0.6101,0.9016,3.1871,0.8999,0.9586,0.5151,0.9427,0.7749,0.7495,0.645,0.9237,0.5848
1/13/2021,46.0188,0.7141,0.9803,1.1095,1.4175,1.984,1.3719,1.1323,1.0829,0.9917,1.4517,1.4099,0.8168,0.6685,0.6913,0.851,0.6837,1.0069,0.9613,0.7103,0.8396,0.6989,0.9727,1.0145,1.1932,0.5849,0.5621,0.9917,0.5849,1.1247,0.7179,0.4594,0.7902,0.6419,0.6875,0.5811,0.6495,0.9346,0.7978,3.7673,1.0408,1.0943,0.5963,0.6495,0.6077,1.0601,0.7293,0.6305,0.9803
1/12/2021,60.4,1.1675,1.2618,1.6077,2.1317,2.357,1.2251,1.8173,1.3247,1.0994,1.9011,2.095,0.9265,0.9212,0.7693,0.8217,1.2566,1.2409,1.1832,1.3247,1.2147,1.2199,1.0417,1.5605,1.0522,0.9527,0.7797,1.5762,0.8007,1.1465,1.0313,0.7955,0.633,0.654,0.9736,0.9422,1.0889,1.0522,0.916,4.7246,1.2732,1.1937,1.1099,1.0889,0.7588,1.1885,0.9107,1.2723,1.0155
1/11/2021,62.096,1.1837,1.2161,1.2324,1.7895,2.9418,1.492,1.2648,2.0654,1.2324,1.2702,1.9248,1.0755,1.0484,0.7725,1.3784,0.9727,1.0593,0.9186,1.2973,1.2973,1.2865,0.924,1.0863,1.2215,0.6698,1.2161,1.6651,0.7888,1.1079,1.1783,0.9565,0.6103,0.7022,0.8753,0.9402,0.9294,1.4109,1.1296,4.1278,1.1283,1.2053,1.7192,1.4812,1.1296,1.0863,1.5353,1.2161,1.3351
1/10/2021,59.2936,1.5875,1.4644,1.3362,2.0389,2.8032,1.7824,1.685,1.29,0.9976,1.1412,1.6183,0.9566,0.8386,0.9412,1.2592,1.4131,0.8796,1.4593,0.9002,1.1977,1.1053,1.0181,0.8437,1.29,1.1105,1.2284,1.6901,0.6796,1.3721,1.0233,0.7052,0.9976,0.6591,0.7258,0.813,1.0233,1.3823,0.9412,3.3489,0.9392,1.1874,1.4131,1.2233,1.3362,0.9258,0.8437,1.172,0.7052
1/9/2021,60.3261,1.0824,1.3545,1.3074,1.5271,1.5952,1.7051,2.4428,1.501,0.826,0.983,0.8992,1.2864,1.0719,1.0981,1.276,1.3388,0.8312,1.2603,1.051,1.2132,0.8521,1.255,1.1242,1.2655,0.7004,0.7893,0.7841,0.8731,1.3806,1.0928,0.8103,0.9254,0.7475,0.7632,0.9411,0.8312,0.7946,0.7684,7.4086,1.9248,0.7789,1.3963,1.0981,1.1295,1.03,1.433,0.9934,0.7841
1/8/2021,7.596,0.1573,0.1595,0.1608,0.1571,0.1552,0.1522,0.1574,0.1554,0.1593,0.1591,0.1553,0.1594,0.1596,0.1599,0.16,0.1614,0.1574,0.1592,0.157,0.1574,0.1619,0.1583,0.1569,0.1571,0.1594,0.1611,0.159,0.1622,0.1611,0.1584,0.1627,0.1601,0.1636,0.161,0.1605,0.1601,0.1565,0.1608,0.125,0.1565,0.1585,0.1577,0.1589,0.161,0.1591,0.1571,0.1606,0.161
1/7/2021,63.571,1.5504,0.9558,0.8835,1.4003,2.8674,2.2283,1.6449,2.2117,1.6782,1.4837,1.4781,0.8446,1.1892,1.1225,1.0502,1.1392,1.3114,1.5448,1.4392,1.2948,1.3448,1.5115,1.467,0.978,1.0225,1.1336,0.9447,0.8613,1.3448,1.1169,0.6668,0.5946,0.8891,0.7668,0.7724,0.8835,0.928,1.1058,5.6845,1.5063,1.3837,0.9058,0.8224,1.0947,1.0836,1.2614,1.3892,0.7891
1/6/2021,53.541,1.1868,1.0365,1.1458,1.3507,2.134,1.7105,1.4373,1.287,1.0729,1.6468,1.1094,0.6676,0.8862,1.0912,1.123,1.1048,0.9591,0.7223,1.2096,0.8452,1.1003,1.123,1.2915,0.7997,0.6585,0.6448,1.3371,0.6858,0.827,1.0638,0.5264,0.6403,0.6039,0.7405,0.6403,0.8452,0.6767,1.0957,5.231,1.3961,0.8088,0.7041,1.1549,1.0502,0.9135,1.2961,1.123,0.8361
1/5/2021,50.2224,0.7493,0.9182,0.8169,1.3067,2.0456,1.8133,1.3489,1.8598,1.6909,0.7747,0.914,0.9816,0.6691,0.7873,0.7578,0.7578,1.0913,0.7873,0.9309,1.2053,0.9816,0.9351,1.2856,1.2265,0.7029,0.952,1.0533,0.7536,1.5938,0.8084,0.4453,0.7451,0.5973,0.5551,0.7156,0.8507,0.6311,0.9224,3.9922,1.0954,1.1842,1.142,0.7831,0.8464,0.9647,0.7536,0.7451,0.7536
1/4/2021,51.845,1.2189,1.2365,0.7147,1.3198,2.0695,1.9994,1.6749,1.8591,1.2233,1.1356,1.0567,0.7805,0.7586,0.9208,0.9603,0.8463,1.2233,1.254,0.8901,0.8945,0.7805,0.6139,1.0216,0.7367,0.7279,1.1269,0.9822,0.7849,1.5522,0.877,0.8506,0.8112,0.8243,0.763,0.798,0.934,0.8638,1.0655,3.2219,0.9084,0.684,1.2321,0.8726,1.1488,1.1795,0.9866,0.855,0.6051
1/3/2021,55.901,1.2444,1.2444,1.2588,1.8815,1.4169,1.0768,2.1019,1.9582,1.6229,1.1965,1.6324,1.3738,0.9762,0.9666,1.072,0.799,0.7559,1.0576,1.0193,1.0097,1.0097,1.072,1.2253,0.799,0.8085,1.0145,1.4887,0.6457,1.7378,0.799,0.7654,0.5882,0.8708,0.6505,0.6361,0.8277,1.369,1.3259,3.2771,0.9218,1.3881,1.1918,0.6792,0.9187,0.957,1.3402,1.1822,0.7463
1/2/2021,52.1399,0.9656,1.1422,0.9965,1.663,1.4158,1.7513,1.7998,1.0627,0.7405,0.9524,1.332,0.8861,0.8244,0.9126,0.8773,1.0495,0.8067,1.2746,1.0539,0.8067,0.8023,0.6831,0.8288,1.1466,0.8641,1.1157,0.6566,0.6787,0.9833,0.9215,0.6963,0.5992,0.842,0.5904,0.8773,0.917,1.0627,0.8906,4.8017,1.2919,1.354,0.789,0.5948,1.1642,1.226,1.1598,1.2172,1.0715
1/1/2021,41.6678,0.6414,1.0723,0.6111,0.9478,1.2306,1.3114,1.5874,1.0791,1.2474,0.6447,1.2272,0.6649,0.8501,0.7054,0.8232,0.9074,0.5639,0.7121,0.6986,0.9949,0.8771,0.9208,0.601,0.7289,0.7323,0.8838,1.0185,0.5168,0.7761,0.6885,0.6178,0.675,0.5437,0.6481,0.5875,0.6649,0.5808,0.9377,2.7972,0.8053,1.042,1.106,1.005,0.6515,0.7963,0.5841,0.7491,0.6111
12/31/2020,37.9907,0.9134,0.7845,0.8625,1.3753,1.6692,1.0064,0.8235,0.8895,0.7245,0.9344,0.9734,0.9794,0.6765,0.6285,0.6525,0.6915,0.8535,0.8295,0.6165,0.5865,0.6165,0.8025,0.5925,0.5685,0.5056,0.5925,0.8955,0.5805,0.6705,0.7455,0.5865,0.6135,0.4876,0.5625,0.5925,0.5536,0.8085,0.5865,2.6547,0.7707,0.5745,0.9254,0.5596,0.5536,0.8175,0.9074,0.6975,0.6975
12/30/2020,46.6189,1.1283,1.2248,1.051,1.1978,1.9586,1.7539,0.9931,1.526,0.8039,0.8193,0.6803,1.2287,0.8811,0.5992,1.0163,0.9313,1.1012,0.9352,1.0201,0.8464,0.8618,0.9661,0.6648,0.5683,0.7962,0.6726,1.3638,0.6687,1.2287,0.8348,0.5837,0.4447,0.7768,0.4679,0.5876,0.8464,0.9777,0.8464,2.3388,0.694,0.9352,1.2905,0.9159,0.6687,1.0279,0.9159,1.0858,0.8927
12/29/2020,40.943,1.0364,0.7135,0.7465,1.1418,1.0396,1.1714,0.7629,0.7728,0.5159,0.7168,1.0891,0.6246,0.5455,0.8782,0.5883,0.8585,0.6674,0.9573,0.7201,0.9573,0.6246,0.7959,1.0759,0.9079,0.7102,0.5883,0.9013,0.5521,0.6905,0.6312,0.6806,0.7135,0.6674,0.6608,0.5719,0.6377,0.7893,0.6905,4.111,1.1242,0.7827,1.0298,0.7596,0.8058,0.5949,0.954,0.6872,0.7003
12/28/2020,48.0566,0.7275,1.2081,1.2121,1.6127,2.1655,1.5326,1.7409,1.837,0.8677,1.5446,1.14,1.092,0.9438,0.8356,0.6594,0.9237,0.8036,0.6433,0.9478,1.0399,0.7355,1.0479,0.9037,0.8316,0.8596,0.9478,1.4204,0.6994,0.9398,0.7515,0.4511,0.7235,0.4911,0.6073,0.8036,0.6994,0.7996,0.8076,2.6356,0.7661,0.8757,1.0279,0.7114,0.6313,0.9998,0.7034,0.6313,1.0759
12/27/2020,53.127,1.1324,1.164,1.2903,1.2768,1.8905,1.3264,1.719,1.1549,0.9925,1.4799,1.2633,1.0602,0.9564,0.8436,0.997,0.9022,0.6992,0.9925,0.812,1.173,1.182,0.6992,0.7217,1.0196,0.6405,0.654,1.2181,0.7037,0.8345,0.8345,0.4735,0.8977,0.7127,0.5999,0.7578,0.7804,0.7804,1.1685,5.145,1.3753,1.358,1.3851,1.0105,1.1279,1.2723,0.7398,0.988,0.9203
12/26/2020,40.7913,0.9307,0.7438,0.8192,1.016,1.1602,0.9635,0.9799,1.4357,0.734,1.2291,1.2488,0.9438,0.7963,0.7831,0.7044,0.7372,0.8094,0.6946,0.9373,0.9537,0.875,0.5044,0.6913,0.9569,0.4847,0.6421,0.8192,0.5438,0.7274,0.8159,0.4782,0.5405,0.5405,0.6192,0.4946,0.7438,0.9012,0.7241,3.6443,1.0109,0.7799,0.5831,0.7208,0.57,0.8061,0.5733,0.5995,0.7799
12/25/2020,44.4243,1.0955,0.8696,0.622,1.0226,1.0773,0.9607,1.0372,1.3905,0.8332,1.3104,1.5617,0.9789,0.8114,0.5819,0.7677,1.0117,0.7094,0.673,0.9971,1.0299,0.8696,0.7349,0.6511,0.6948,0.611,0.8806,0.6475,0.6329,0.7859,0.6511,0.52,0.5273,0.6038,0.6402,0.52,0.6365,0.8879,0.5528,4.5249,1.2247,1.1283,1.0081,1.0008,0.7859,1.0554,0.8004,0.9607,0.5455
12/24/2020,40.3373,0.9848,0.6938,0.6776,1.2888,1.6833,1.3825,1.499,0.7617,1.1141,1.0462,0.6744,0.5515,0.794,0.7358,0.6097,0.7617,0.8587,0.8069,0.9007,0.7778,0.8037,0.7423,0.8005,0.9072,0.7681,0.5871,0.8296,0.6065,0.849,0.7261,0.5224,0.5709,0.642,0.4609,0.4512,0.5903,0.9816,0.8166,2.4773,0.7276,0.8684,0.4965,0.5741,0.7584,0.8813,0.8425,0.5579,0.8943
12/23/2020,38.7478,0.9538,0.8277,0.7355,1.0737,1.2828,0.9446,1.1414,1.0307,1.126,0.9938,0.6679,0.7109,0.6094,0.8277,0.6217,0.6617,0.8585,0.8247,0.8093,0.6187,0.797,0.7017,0.5572,0.6217,0.8001,0.5356,0.4987,0.4741,1.1076,0.6525,0.385,0.6187,0.5818,0.5449,0.5756,0.5756,0.5418,0.8739,3.4053,0.9529,0.963,0.5141,0.6463,0.7908,0.6217,0.8154,0.5326,0.7417
12/22/2020,33.0719,0.7483,0.5001,0.7233,1.0642,1.3074,0.9088,1.0592,1.0091,0.9263,0.8963,0.984,0.4475,0.5503,0.6631,0.6756,0.6405,0.7659,0.7985,0.7458,0.5678,0.6079,0.4199,0.5277,0.5603,0.6606,0.6806,0.4475,0.5127,0.7834,0.6405,0.4124,0.4876,0.3597,0.3748,0.5327,0.5327,0.791,0.6355,1.823,0.5688,0.4951,0.6079,0.7609,0.4324,0.643,0.6531,0.6857,0.4525
12/21/2020,38.3696,0.6738,0.9198,0.6951,1.3207,0.9046,0.8773,1.2478,0.8652,0.522,1.099,1.1476,0.9472,0.7255,0.8044,0.6678,0.7953,0.5888,0.8166,0.8105,0.7801,0.6252,0.8105,0.8166,0.6921,0.4461,0.519,0.5675,0.5767,0.6799,0.5858,0.4704,0.5281,0.6313,0.5888,0.5736,0.6829,0.5068,0.6738,2.9256,0.8365,0.6526,0.9563,0.853,0.8652,0.604,0.8955,0.7315,0.8652
12/20/2020,33.9047,0.6589,0.5241,0.5475,1.0915,1.4982,0.9878,0.6692,1.1588,0.8531,0.7184,0.8505,0.607,0.6951,0.6122,0.6278,0.7392,0.7858,0.6304,0.6459,0.677,0.5138,0.6485,0.7081,0.5526,0.6744,0.6278,0.9723,0.5319,0.9334,0.6563,0.5708,0.5345,0.3817,0.4024,0.4853,0.5241,0.5397,0.7806,1.8905,0.5852,0.848,0.5164,0.5138,0.4257,0.7081,0.8143,0.5552,0.4309
12/19/2020,41.3968,0.671,0.8279,0.9248,1.2955,1.5727,1.5593,0.7544,1.3723,1.0016,1.0817,0.6175,0.8546,0.6576,0.7177,0.9181,0.8079,0.6877,0.6242,0.7745,0.7778,0.9214,0.4906,0.8747,1.0283,0.6643,0.8179,0.5107,0.5173,1.065,0.7979,0.4272,0.5307,0.4405,0.681,0.6309,0.7044,0.8413,0.8146,3.3672,0.9437,0.9548,0.5975,0.5607,0.5774,0.8446,0.6877,0.8513,0.7544
12/18/2020,38.5969,0.8398,0.7572,0.6256,1.3293,1.5099,1.3171,0.7602,1.1182,0.8704,0.748,0.8857,0.7235,0.5124,0.5797,0.8429,0.6685,0.8429,0.7725,0.6287,0.7602,0.5216,0.7174,0.7388,0.8459,0.7266,0.6287,0.5736,0.5981,0.6195,0.6776,0.5216,0.647,0.4206,0.4482,0.4635,0.647,0.5216,0.5002,4.6204,1.2479,0.5828,0.5063,0.543,0.5246,0.6685,0.7052,0.6073,0.6807
12/17/2020,33.6017,0.8093,0.7453,0.5917,0.9757,0.7965,0.6557,1.055,0.7299,1.0883,0.945,0.5763,0.4611,0.4867,0.6659,0.5353,0.6121,0.671,0.6121,0.7017,0.7299,0.6608,0.584,0.8682,0.6685,0.4892,0.4278,0.4841,0.5097,0.6838,0.5737,0.3331,0.5737,0.5353,0.52,0.5686,0.5097,0.4483,0.7606,2.9416,0.8403,0.5174,0.5149,0.6941,0.7888,0.7504,0.6582,0.6582,0.5942
12/16/2020,35.948,0.9296,0.6222,0.9408,1.0135,1.3684,1.0917,1.2846,0.6809,0.72,1.0247,0.6166,0.6138,0.6418,0.7396,0.7955,0.6474,0.843,0.5943,0.6641,0.8151,0.625,0.5915,0.6334,0.4909,0.611,0.7312,1.0945,0.4965,1.0638,0.7061,0.4909,0.5412,0.4517,0.5076,0.435,0.6474,0.871,0.4769,1.5609,0.5052,0.8011,0.7983,0.6558,0.7899,0.5607,0.7592,0.8234,0.5803
12/15/2020,35.1159,0.5002,0.6575,0.6141,0.8445,1.0371,0.9964,1.3408,1.1049,0.5463,0.953,1.0452,0.549,0.5897,0.5002,0.6439,0.5544,0.5083,0.587,0.6439,0.728,0.7144,0.6873,0.5842,0.8934,0.587,0.5029,0.6547,0.4921,1.0398,0.6981,0.5951,0.5409,0.4351,0.5463,0.5924,0.6358,0.549,0.6141,2.822,0.8113,0.6547,0.5707,0.4948,0.5924,0.5544,0.8229,0.7957,0.69
12/14/2020,35.7207,0.6961,0.8403,0.5603,0.8347,1.1286,0.7294,0.7599,1.0704,1.1618,0.8181,1.0288,0.5437,0.7322,0.7543,0.7266,0.6823,0.7599,0.6102,0.7155,0.5853,0.527,0.4938,0.7848,0.6878,0.4217,0.5354,0.5492,0.5021,0.5464,0.7405,0.4134,0.5658,0.5243,0.4383,0.6047,0.6074,0.5936,0.8347,2.8879,0.8273,0.7848,0.9678,0.6684,0.6407,0.613,0.8957,0.7239,0.6019
12/13/2020,36.2507,0.7232,0.9125,0.7769,1.2458,1.1357,1.2119,0.6639,0.7034,0.9859,0.8108,0.8871,0.6865,0.5876,0.7119,0.8164,0.8532,0.517,0.6808,0.7882,0.7515,0.7684,0.6808,0.5198,0.7797,0.5057,0.4689,0.6074,0.5509,1.1187,0.5876,0.4831,0.435,0.548,0.4463,0.5961,0.5876,0.5283,0.7063,2.6513,0.7699,0.5932,0.7345,0.7628,0.4746,0.6978,0.7034,0.6893,0.8051
12/12/2020,35.9478,0.6502,0.8206,0.6306,1.1616,0.8206,0.8234,1.3572,1.1029,1.1337,0.9827,1.0861,0.6306,0.4797,0.7564,0.544,0.8095,0.5775,0.7508,0.7983,0.5635,0.7787,0.6558,0.5412,0.6138,0.5272,0.7815,1.0778,0.5384,0.9129,0.7116,0.4266,0.5468,0.5076,0.4741,0.4406,0.6669,0.502,0.6893,2.0557,0.6253,0.639,0.7703,0.6027,0.8318,0.7703,0.8067,0.4992,0.4741
12/11/2020,33.9801,0.798,0.824,0.6499,0.9435,1.3929,0.8811,1.1825,1.237,0.9643,0.6655,0.7616,0.7148,0.5174,0.5252,0.6239,0.6837,0.5512,0.5278,0.6005,0.5642,0.7148,0.5044,0.7019,0.5927,0.4031,0.7045,0.7512,0.4499,0.8499,0.5538,0.3537,0.3693,0.4161,0.4161,0.4447,0.6291,0.494,0.785,2.2425,0.6706,0.6109,0.6369,0.6473,0.8032,0.7382,0.455,0.7097,0.7226
12/10/2020,41.0183,0.9129,1.0152,0.6553,1.0681,1.0218,1.4016,0.7874,0.794,0.7445,1.2992,0.7511,0.9426,0.6851,0.8138,0.7742,0.6586,0.9393,0.6851,0.9228,0.6619,0.903,0.7874,1.0615,0.9558,0.6619,0.6124,0.8369,0.4968,0.8733,0.8039,0.6487,0.6421,0.5101,0.6917,0.6652,0.6983,0.7874,0.6652,3.4771,0.9703,0.7412,0.6917,0.5794,0.5035,0.7742,1.0516,0.8964,0.4968
12/9/2020,49.6455,1.0037,0.8247,1.2661,1.3577,1.6409,1.77,1.7534,1.0829,1.262,0.8122,0.7789,1.2786,0.7289,0.9621,0.9496,1.1412,0.758,0.8455,0.7497,1.0079,1.0287,0.7705,1.162,1.1412,0.6581,1.0496,0.6206,0.733,0.9038,1.0579,0.5623,0.8538,0.5331,0.4748,0.5248,0.758,1.212,0.8746,3.9366,1.0819,0.6914,1.0662,1.0912,1.0121,0.9163,0.8996,1.1245,0.9329
12/8/2020,44.1969,0.8218,0.8508,0.8291,1.5566,1.8679,1.2743,1.0028,1.3503,0.7386,1.1295,1.115,0.8544,0.7784,0.9268,0.6951,0.8942,0.8291,0.9159,1.0318,0.7639,0.9196,0.6553,1.1295,0.5721,0.6951,0.6445,0.6698,0.5323,1.0245,0.6698,0.677,0.6481,0.6843,0.5685,0.5467,0.7205,1.0607,0.8689,3.7288,1.0314,0.8363,0.6626,0.6336,0.5178,0.8942,1.0535,0.6807,0.6445
12/7/2020,42.3049,1.0346,1.0929,0.7498,1.189,1.4908,1.5903,1.0243,0.8116,1.3982,0.8871,0.6469,0.7224,0.8116,0.6332,0.7293,0.9557,0.6195,0.7155,0.7567,0.942,0.9008,0.8013,1.0792,0.942,0.5612,0.6469,0.5783,0.6538,0.9145,0.815,0.6195,0.5166,0.5166,0.4514,0.5475,0.6881,0.6298,0.8185,4.0946,1.1203,1.0723,0.6058,0.7224,0.6709,0.7155,0.6469,0.6469,0.5269
12/6/2020,52.2189,0.967,0.83,0.7017,1.8337,1.2191,1.7011,1.7807,1.5153,1.7453,1.3075,1.0732,1.0112,0.83,0.8742,0.7504,1.2235,1.0334,0.8653,1.1572,0.799,0.8919,1.2412,1.3473,1.0555,0.83,1.0422,1.0157,0.7238,1.3915,0.883,0.8388,0.5823,0.6884,0.7282,0.5602,0.8786,1.25,1.0908,3.0238,0.8603,0.9007,0.6531,0.8476,1.0643,1.1925,1.1704,1.2191,1.0289
12/5/2020,49.5702,1.2475,1.3015,0.6323,1.5135,1.7131,1.5842,1.5842,1.0313,0.8276,0.9316,1.7006,0.6614,0.9025,0.9108,0.9482,0.9232,0.7985,0.8775,1.1685,1.0355,0.9773,0.811,0.9025,0.7819,0.6364,1.0521,1.3306,0.6905,1.5343,0.7237,0.6239,0.6489,0.7944,0.732,0.6946,0.89,0.7819,0.6988,2.7155,0.7855,1.1394,1.3265,1.1768,0.9191,0.8526,1.1394,1.0396,0.8775
12/4/2020,44.5755,0.8543,1.0628,0.5909,1.4249,1.3627,0.9969,0.9201,0.9896,1.1688,0.708,0.6934,0.8762,0.6604,0.7811,0.6824,0.7153,0.6312,0.9128,0.7226,0.8799,0.7665,0.708,1.1908,0.569,0.7409,0.7299,1.0006,0.5727,0.9238,0.8177,0.4995,0.5617,0.6787,0.6677,0.5727,0.6751,1.0701,1.0006,4.5901,1.2405,0.9311,0.8031,1.0116,0.7994,0.697,1.1396,0.9786,1.0042
12/3/2020,36.8558,0.9602,0.9544,0.94,0.8188,1.2286,1.0439,1.1016,1.3642,0.8736,0.8852,1.0323,0.6457,0.6226,0.79,0.6947,0.6716,0.6139,0.6832,0.7755,0.8592,0.5418,0.7005,0.5101,0.5216,0.4552,0.7784,0.663,0.4783,0.6803,0.6341,0.5129,0.4841,0.3773,0.6197,0.588,0.6543,0.6139,0.5476,2.6766,0.776,0.5043,0.7611,0.562,0.7467,0.5418,0.7928,0.8044,0.7698
12/2/2020,42.229,0.9471,0.7383,0.8821,1.505,0.9539,1.2997,0.7931,1.1525,0.906,0.8684,0.6219,0.5843,0.5945,0.8273,0.8957,0.8615,0.6664,0.8376,0.7417,0.8341,0.8581,0.5363,0.7554,0.9676,0.7828,0.6493,1.1011,0.5945,1.3133,0.7075,0.3857,0.5706,0.6185,0.4987,0.7143,0.6185,0.9847,0.6219,4.1576,1.1356,0.6356,0.55,0.5637,0.9539,0.8923,0.9882,0.9745,0.5877
12/1/2020,34.2072,0.5676,0.7065,0.869,0.9162,1.0236,1.1652,1.2726,1.0394,0.4707,0.9581,1.0656,0.5938,0.6279,0.5676,0.4969,0.4733,0.4759,0.6148,0.7118,0.6358,0.6017,0.5231,0.6856,0.5729,0.4209,0.4916,0.5519,0.5126,0.6803,0.5126,0.4445,0.5807,0.4287,0.5519,0.4864,0.5362,0.51,0.6541,2.9186,0.8348,0.8507,0.7773,0.6856,0.6463,0.7694,0.7092,0.4785,0.5388
11/30/2020,31.8609,0.5938,0.651,0.4673,1.0352,1.3955,0.632,0.8014,0.7513,0.4816,0.9374,0.7704,0.4745,0.5675,0.4864,0.5651,0.4959,0.6773,0.6009,0.5222,0.7322,0.5341,0.4864,0.5007,0.4053,0.4602,0.5914,0.8682,0.4172,0.7966,0.4816,0.3647,0.379,0.4959,0.4888,0.4124,0.5628,0.6725,0.6129,2.8201,0.8108,0.799,0.7226,0.4936,0.6367,0.7346,0.5365,0.5842,0.5532
11/29/2020,37.083,0.7076,0.8792,0.6175,0.8356,0.9694,1.1788,0.6669,1.0333,0.8996,0.8443,1.2718,0.6233,0.6204,0.632,0.789,0.8269,0.7076,0.821,0.7367,0.8588,0.8181,0.6524,0.9141,0.7949,0.4953,0.7251,0.5796,0.4691,1.0915,0.789,0.4895,0.5186,0.504,0.4924,0.4081,0.6145,0.8239,0.5622,2.9936,0.853,0.8792,0.5098,0.6407,0.472,0.5767,0.696,0.6058,0.5942
11/28/2020,38.0662,0.6628,0.6056,0.6838,0.8612,1.4174,1.1589,1.0356,1.1889,0.789,1.0837,1.3062,0.8191,0.5876,0.7319,0.768,0.5184,0.5575,0.7019,0.6477,0.8311,0.6086,0.6778,0.5696,0.7349,0.5485,0.789,1.1288,0.5605,0.8131,0.75,0.6026,0.4523,0.6086,0.4102,0.4102,0.6056,0.8131,0.8492,2.6755,0.7757,0.8281,0.8071,0.6598,0.6327,0.753,0.783,0.5816,0.6808
11/27/2020,34.3585,0.8494,0.7966,0.7887,1.1762,1.5189,0.9232,1.1551,0.6938,0.8968,0.8256,0.5515,0.8757,0.6095,0.6306,0.7097,0.5462,0.6701,0.7703,0.5673,0.5937,0.5779,0.5752,0.8757,0.7887,0.6569,0.6438,0.7703,0.4461,0.9891,0.678,0.5093,0.4882,0.5199,0.3617,0.3907,0.6174,0.5647,0.7439,1.9673,0.6038,0.5752,0.5067,0.7097,0.4197,0.7228,0.483,0.4882,0.5357
11/26/2020,37.0827,0.917,0.6407,0.9374,1.1497,0.9839,0.9315,1.0624,0.9141,1.2137,0.6611,0.8618,0.6436,0.5215,0.6,0.5971,0.5477,0.5447,0.6785,0.6989,0.8181,0.8152,0.7832,0.5302,0.6494,0.5506,0.6465,0.6814,0.5767,0.6087,0.7454,0.4022,0.4866,0.379,0.443,0.6,0.6465,0.6494,0.789,4.1426,1.1319,0.5302,0.6698,0.7163,0.728,0.6262,0.4866,0.6494,0.4953
11/25/2020,38.3692,0.9198,0.9381,0.9016,1.0443,1.512,0.8439,0.6647,1.3116,0.6465,0.6131,0.9138,0.5098,0.5281,0.7315,0.5311,0.5827,0.6192,0.7741,0.7315,0.5918,0.6222,0.5463,0.771,0.5068,0.5007,0.5918,0.6131,0.5554,1.0686,0.7437,0.6222,0.5281,0.525,0.6192,0.4157,0.5736,0.5888,0.5068,4.0961,1.1206,0.9927,1.0079,0.5767,0.8834,0.8955,0.7923,0.5554,0.6404
11/24/2020,39.959,0.646,0.9529,0.9784,1.0999,1.2597,1.1862,0.7004,0.8985,1.0008,0.7004,1.2565,1.0423,0.5725,0.5598,0.6301,0.825,0.8698,0.8314,0.8026,0.8634,0.7387,0.7995,0.825,0.7931,0.6556,0.6173,0.5246,0.5725,0.6109,0.6365,0.6109,0.5054,0.6269,0.6013,0.4479,0.6908,0.5438,0.7291,3.9675,1.0894,0.6588,0.6748,0.857,0.6269,0.8218,0.531,0.8953,0.6301
11/23/2020,40.5642,0.9059,0.6812,0.7365,1.0133,0.857,1.1501,1.3943,0.9677,0.9808,1.1696,0.7854,0.8245,0.5998,0.8635,0.5574,0.6812,0.8701,0.818,0.6421,0.7952,0.857,0.9026,0.8961,0.857,0.7365,0.5574,0.6682,0.5835,0.7203,0.7626,0.45,0.4239,0.4337,0.5184,0.5281,0.6877,0.6616,0.6551,3.6674,1.0165,0.8473,0.818,0.8342,0.857,0.958,0.6161,0.9059,0.8505
11/22/2020,46.2403,0.7211,1.1112,1.0041,1.1877,1.876,1.2489,1.7383,1.0921,1.3636,1.0883,1.0194,0.9544,0.8129,0.8244,0.725,0.7709,0.66,0.855,0.8282,0.8053,0.637,0.8206,1.1647,0.7785,0.9544,0.7479,0.9429,0.6332,0.855,0.6867,0.4535,0.6332,0.66,0.4573,0.4917,0.6829,0.9391,0.9162,3.5914,0.9981,1.1533,1.2183,0.5835,0.9085,1.1036,0.6676,0.8856,0.9888
11/21/2020,48.0566,1.084,0.9678,0.9958,1.4445,1.5005,1.6768,1.2282,1.5005,1.2522,1.2642,1.3924,0.8957,0.6994,0.9558,0.9638,0.8076,0.9197,1.0519,0.9958,1.0399,0.6674,0.7315,0.7114,0.8677,0.9197,0.8476,1.0199,0.6433,0.8556,0.7275,0.5112,0.4671,0.7235,0.7956,0.7315,0.7275,1.0519,0.6313,3.2061,0.9046,0.7715,1.2322,0.8596,1.128,0.6834,1.1681,0.9758,0.8596
11/20/2020,38.8997,0.7167,0.6209,0.7136,1.3841,1.4892,1.3686,1.208,0.7847,0.7507,0.9052,1.1771,0.6023,0.5375,0.8341,0.7538,0.8465,0.5529,0.7259,0.8681,0.7692,0.729,0.7816,0.9917,0.4664,0.6302,0.692,0.5529,0.4973,1.1647,0.658,0.4973,0.5591,0.5931,0.4108,0.5838,0.5622,0.8681,0.6023,2.7151,0.7854,0.6054,1.0164,0.5745,0.865,0.695,0.8681,0.8434,0.4818
11/19/2020,28.5312,0.4972,0.6348,0.4603,0.8729,1.0084,0.9058,1.0105,0.5465,0.411,0.7723,0.719,0.4726,0.5075,0.3946,0.4048,0.5362,0.5876,0.5732,0.5116,0.5896,0.5937,0.6101,0.6389,0.6101,0.3699,0.5793,0.8401,0.4541,0.5752,0.5301,0.296,0.4931,0.4028,0.3987,0.4849,0.4787,0.4849,0.6204,1.5478,0.502,0.411,0.526,0.645,0.604,0.4808,0.7025,0.6471,0.5876
11/18/2020,27.3961,0.607,0.5604,0.5934,0.8397,1.0182,0.9658,0.9871,0.5429,0.5139,0.6826,0.8513,0.5391,0.4673,0.4363,0.5313,0.4537,0.4324,0.6147,0.5682,0.6264,0.4945,0.5817,0.6613,0.6341,0.4692,0.382,0.477,0.3606,0.5682,0.4673,0.3897,0.3199,0.3684,0.3393,0.3917,0.4266,0.3878,0.6244,1.7679,0.5554,0.6011,0.5216,0.636,0.4964,0.4149,0.413,0.4305,0.3839
11/17/2020,30.0448,0.7486,0.6869,0.4158,0.6957,1.2402,0.6693,1.0044,0.5833,0.6825,0.4577,0.8589,0.7641,0.5547,0.418,0.5128,0.451,0.515,0.6957,0.6737,0.6517,0.4687,0.4951,0.7442,0.3959,0.537,0.4819,0.5017,0.4621,0.7839,0.5943,0.3761,0.3452,0.4422,0.3805,0.3651,0.4929,0.4312,0.4092,2.8186,0.8105,0.623,0.6825,0.5547,0.4048,0.5987,0.5326,0.4797,0.5525
11/16/2020,25.7312,0.6277,0.4309,0.4982,0.7766,0.8298,0.5497,0.5408,0.7287,0.7412,0.7713,0.5426,0.6454,0.5266,0.5231,0.539,0.5674,0.406,0.5798,0.4433,0.4238,0.3865,0.4858,0.5426,0.5018,0.4663,0.4876,0.5213,0.3706,0.7039,0.4184,0.4167,0.4149,0.3528,0.3404,0.4149,0.3989,0.5372,0.4114,1.425,0.4722,0.649,0.6348,0.539,0.4238,0.3954,0.4238,0.3812,0.5231
11/15/2020,25.4281,0.3915,0.6059,0.5065,0.7122,0.7,0.6703,0.693,0.6477,0.4542,0.6982,0.4385,0.5483,0.4751,0.3741,0.4717,0.5658,0.5414,0.5971,0.5222,0.4159,0.5187,0.5309,0.6494,0.388,0.4368,0.3601,0.4316,0.4089,0.4002,0.4072,0.3863,0.4002,0.381,0.3026,0.4124,0.4194,0.5344,0.4403,1.9617,0.6025,0.51,0.5483,0.5483,0.5379,0.5013,0.4002,0.4734,0.5065
11/14/2020,29.969,0.5028,0.4764,0.6917,1.0147,1.1948,0.65,1.041,0.8389,0.6478,0.9114,0.929,0.7445,0.5204,0.4435,0.5555,0.6368,0.6829,0.4896,0.5336,0.65,0.6126,0.4171,0.7642,0.4786,0.5863,0.6214,0.7445,0.4567,0.5819,0.4852,0.4654,0.3534,0.3556,0.3292,0.494,0.5248,0.4874,0.6302,1.5579,0.5044,0.5533,0.5336,0.4523,0.4039,0.6236,0.5072,0.628,0.661
11/13/2020,26.412,0.5975,0.441,0.6325,0.5938,0.5883,0.6822,0.7282,0.8037,0.5202,0.7374,0.8295,0.4428,0.4208,0.4778,0.5957,0.395,0.6104,0.5441,0.5239,0.5294,0.4944,0.4944,0.476,0.4428,0.3747,0.4741,0.5331,0.3931,0.684,0.5128,0.3489,0.4097,0.4171,0.3913,0.4484,0.4705,0.487,0.3839,1.7682,0.5555,0.662,0.5091,0.3729,0.4999,0.5994,0.4208,0.5828,0.511
11/12/2020,21.7196,0.3793,0.5261,0.4273,0.5344,0.6043,0.5577,0.5083,0.6592,0.5302,0.64,0.6331,0.3876,0.4424,0.3999,0.3478,0.3889,0.4781,0.4809,0.4438,0.4891,0.4383,0.4932,0.463,0.3917,0.3423,0.3299,0.4767,0.3368,0.5947,0.415,0.2764,0.3272,0.2709,0.3642,0.3162,0.4068,0.4095,0.4315,0.9372,0.3537,0.4493,0.5508,0.4328,0.4246,0.4795,0.3533,0.3642,0.4315
11/11/2020,29.4396,0.5226,0.5654,0.6233,0.8677,0.9771,0.9106,0.752,0.7069,0.8742,0.5333,0.8249,0.4432,0.5526,0.4797,0.5268,0.4218,0.6062,0.4454,0.4925,0.499,0.6233,0.6169,0.6233,0.6576,0.3618,0.4947,0.6469,0.4261,0.8613,0.4647,0.5076,0.4604,0.3403,0.3853,0.4239,0.4604,0.5955,0.6019,2.1471,0.6475,0.5762,0.499,0.5569,0.5419,0.5569,0.4668,0.6469,0.6233
11/10/2020,23.7633,0.586,0.3795,0.4094,0.5576,0.5355,0.6601,0.4189,0.5797,0.5166,0.5072,0.7405,0.3606,0.4252,0.4346,0.4725,0.5292,0.4835,0.545,0.4819,0.4756,0.4425,0.5103,0.4078,0.4346,0.3133,0.4504,0.4961,0.3732,0.6711,0.4063,0.3022,0.3779,0.3338,0.3716,0.3227,0.3779,0.4236,0.3448,1.9538,0.6005,0.4898,0.5213,0.4425,0.4299,0.4331,0.5213,0.4063,0.5056
11/9/2020,24.596,0.5534,0.4471,0.3758,0.6695,0.6861,0.7243,0.5451,0.5019,0.5401,0.638,0.5882,0.4903,0.4007,0.4405,0.4737,0.55,0.4671,0.565,0.5666,0.3973,0.4903,0.4969,0.5036,0.6098,0.4023,0.5135,0.3509,0.3957,0.5749,0.4538,0.3111,0.3708,0.3957,0.2945,0.3874,0.4189,0.4339,0.3492,1.7918,0.5612,0.3592,0.4803,0.409,0.5301,0.4222,0.6048,0.555,0.5085
11/8/2020,25.0502,0.5026,0.4957,0.4702,0.8538,0.6083,0.581,0.8964,0.5622,0.552,0.6509,0.6219,0.5162,0.4514,0.5332,0.494,0.5247,0.4633,0.5196,0.5776,0.5742,0.4446,0.3968,0.5708,0.5793,0.3389,0.506,0.4719,0.3917,0.4463,0.4378,0.2775,0.3559,0.3832,0.3866,0.4139,0.4361,0.4241,0.3474,1.647,0.526,0.4088,0.3423,0.5367,0.5554,0.5008,0.6355,0.419,0.4207
11/7/2020,23.309,0.4315,0.4285,0.4774,0.6673,0.5479,0.701,0.6214,0.6994,0.4468,0.6596,0.5678,0.4943,0.4131,0.358,0.4499,0.4698,0.5356,0.5509,0.4407,0.5188,0.3488,0.3351,0.5234,0.5372,0.3443,0.3351,0.4575,0.3841,0.6106,0.4897,0.4162,0.3366,0.3841,0.3488,0.3932,0.4131,0.3473,0.3932,1.4416,0.4762,0.4897,0.5662,0.3902,0.3534,0.433,0.456,0.4774,0.3473
11/6/2020,32.0121,0.5148,0.6589,0.5581,0.7021,1.132,0.7838,0.5941,1.1272,0.6685,0.6109,0.6421,0.6901,0.5196,0.4788,0.6781,0.462,0.6733,0.4956,0.5629,0.5893,0.4452,0.6901,0.8174,0.6253,0.4044,0.5893,0.9495,0.486,0.863,0.6709,0.5196,0.5052,0.4644,0.4836,0.3804,0.5917,0.6685,0.474,2.6167,0.7615,0.6301,0.5749,0.4908,0.7478,0.6373,0.5028,0.5605,0.719
11/5/2020,29.4392,0.4475,0.5697,0.4947,0.6512,0.9192,0.8677,0.8913,0.6619,0.4625,0.6555,0.7155,0.7219,0.4625,0.4668,0.5633,0.4883,0.5376,0.604,0.5997,0.5676,0.4775,0.6083,0.7155,0.6233,0.5912,0.454,0.7005,0.4732,0.5869,0.4497,0.4647,0.3489,0.5011,0.3725,0.3961,0.4904,0.4497,0.6019,2.3334,0.6927,0.6105,0.7648,0.4968,0.6083,0.5161,0.5869,0.5268,0.6491
11/4/2020,30.1958,0.7571,0.6106,0.7615,0.8769,1.0057,0.615,0.6594,1.09,0.9524,0.4663,0.9391,0.4619,0.5329,0.504,0.4352,0.4397,0.5862,0.5018,0.5151,0.5906,0.5063,0.3775,0.5995,0.635,0.4108,0.5551,0.7438,0.4019,0.8237,0.5906,0.3797,0.413,0.4708,0.5151,0.5129,0.4597,0.6461,0.5285,1.9866,0.6085,0.6394,0.7682,0.6683,0.4685,0.6062,0.615,0.4663,0.4974
11/3/2020,24.6716,0.4417,0.5735,0.5801,0.5985,0.8902,0.8585,0.6385,0.8335,0.3684,0.4101,0.4267,0.4884,0.4868,0.4684,0.4434,0.4784,0.4684,0.4234,0.4851,0.4251,0.4868,0.3734,0.6035,0.3917,0.3701,0.5101,0.5584,0.3851,0.5968,0.4301,0.3901,0.4267,0.4101,0.4267,0.4167,0.4267,0.5868,0.4834,1.2761,0.436,0.5735,0.5368,0.4384,0.3601,0.4201,0.5634,0.5368,0.4701
11/2/2020,14.6062,0.345,0.314,0.3041,0.3318,0.382,0.4118,0.4018,0.3047,0.3933,0.3774,0.3629,0.2671,0.277,0.2816,0.2783,0.2664,0.2757,0.2724,0.3028,0.3054,0.273,0.3219,0.3166,0.3179,0.2387,0.3008,0.2836,0.2605,0.3325,0.2823,0.2453,0.2367,0.2466,0.2539,0.234,0.2664,0.273,0.2757,0.5797,0.2669,0.314,0.3351,0.3206,0.2321,0.2697,0.3014,0.2922,0.2796
11/1/2020,23.9152,0.5391,0.4452,0.5247,0.6903,0.5598,0.6059,0.8415,0.6155,0.4309,0.6314,0.7332,0.442,0.4197,0.3751,0.4643,0.4961,0.4165,0.5614,0.5375,0.4834,0.4468,0.5311,0.4929,0.5088,0.4086,0.4309,0.5184,0.3831,0.399,0.3927,0.294,0.3799,0.3576,0.3051,0.3799,0.4484,0.5502,0.3529,1.519,0.495,0.4404,0.4866,0.4993,0.3624,0.3895,0.5423,0.4468,0.3401
10/31/2020,28.1529,0.5536,0.475,0.7068,0.6886,1.136,0.9728,0.7168,0.7612,0.5637,0.7974,0.5496,0.4004,0.4367,0.5133,0.6262,0.6342,0.4045,0.5052,0.6221,0.608,0.4911,0.6262,0.5072,0.6201,0.3521,0.4206,0.4387,0.3883,0.6564,0.5516,0.4166,0.4025,0.4831,0.344,0.3722,0.5133,0.5576,0.5536,1.8872,0.5844,0.6241,0.4952,0.604,0.6161,0.5576,0.4105,0.5113,0.4952
10/30/2020,21.4173,0.5316,0.3787,0.5303,0.7007,0.4726,0.5947,0.7369,0.4525,0.647,0.5249,0.6269,0.4645,0.3491,0.4511,0.333,0.4672,0.4256,0.3733,0.4176,0.3948,0.4176,0.3894,0.4457,0.4256,0.4162,0.3075,0.6108,0.3062,0.3411,0.4484,0.2834,0.2847,0.3693,0.2861,0.2834,0.3827,0.3357,0.4229,1.3489,0.4537,0.4203,0.3572,0.3384,0.4283,0.3626,0.3424,0.4135,0.3223
10/29/2020,23.158,0.482,0.5471,0.4319,0.7639,0.723,0.7775,0.5684,0.6851,0.6108,0.4941,0.3865,0.3349,0.3546,0.491,0.3728,0.4107,0.3622,0.5183,0.4137,0.3971,0.4365,0.4334,0.5017,0.4835,0.3849,0.4168,0.3758,0.3698,0.6153,0.4804,0.3046,0.3243,0.2879,0.3167,0.4122,0.3865,0.4926,0.4865,1.5169,0.4945,0.4092,0.4744,0.3683,0.3713,0.5244,0.4577,0.4441,0.4622
10/28/2020,22.9309,0.531,0.4429,0.3652,0.5235,0.6041,0.7639,0.8072,0.4937,0.534,0.6161,0.5593,0.5459,0.3921,0.3503,0.4653,0.4907,0.4668,0.4832,0.3951,0.522,0.3727,0.4489,0.5758,0.4474,0.304,0.4235,0.3832,0.3787,0.5892,0.4623,0.3906,0.3518,0.2801,0.3414,0.2921,0.41,0.525,0.4339,1.1542,0.4064,0.537,0.4877,0.3145,0.4772,0.4996,0.3309,0.5131,0.4474
10/27/2020,27.4715,0.5249,0.6418,0.4724,0.7722,0.708,0.669,0.8345,0.7937,0.4412,0.4237,0.4412,0.6749,0.5152,0.5736,0.449,0.5405,0.4432,0.558,0.5736,0.5288,0.5931,0.6184,0.6106,0.5931,0.4938,0.4665,0.7781,0.3867,0.4548,0.4646,0.3984,0.3166,0.3419,0.3575,0.4763,0.4237,0.4334,0.5425,2.0359,0.6205,0.6943,0.4179,0.6262,0.6048,0.6515,0.558,0.5249,0.4081
10/26/2020,33.8285,0.6729,0.8511,0.4585,1.2256,0.833,0.833,0.691,1.1662,0.4999,0.6471,1.0526,0.7891,0.5644,0.5179,0.5903,0.7891,0.5928,0.7117,0.7091,0.8021,0.6445,0.5024,0.4766,0.5412,0.425,0.6884,0.5928,0.4844,1.0474,0.6962,0.5877,0.4146,0.474,0.4069,0.4921,0.5799,0.8098,0.784,2.6128,0.7605,0.4869,0.8563,0.5851,0.505,0.5309,0.4869,0.6316,0.7272
10/25/2020,29.4395,0.6512,0.6105,0.6383,0.8763,0.7713,0.6083,0.9149,0.9128,0.8699,0.6062,0.8656,0.7541,0.6019,0.4797,0.6469,0.6683,0.4968,0.6962,0.4904,0.4711,0.5504,0.4647,0.6919,0.574,0.5247,0.454,0.6512,0.4154,0.8163,0.469,0.514,0.4711,0.3875,0.499,0.4132,0.5419,0.6791,0.5247,1.3622,0.4569,0.4582,0.4904,0.6233,0.5461,0.4582,0.6726,0.5076,0.5912
10/24/2020,19.6011,0.4393,0.4521,0.3882,0.5344,0.5402,0.4753,0.3558,0.5414,0.3198,0.4405,0.4718,0.3546,0.4033,0.2931,0.343,0.3685,0.3964,0.3488,0.3708,0.3987,0.3036,0.2896,0.408,0.292,0.314,0.408,0.5344,0.3268,0.3384,0.3233,0.3372,0.343,0.292,0.3326,0.3326,0.372,0.3302,0.3639,1.677,0.5333,0.4346,0.4961,0.3024,0.2838,0.4207,0.3152,0.3012,0.3592
10/23/2020,19.4497,0.3327,0.3808,0.3579,0.5502,0.5651,0.4747,0.3945,0.4483,0.5708,0.4598,0.5697,0.3224,0.3281,0.3018,0.4197,0.3029,0.3625,0.3201,0.43,0.4083,0.4117,0.3086,0.4529,0.4277,0.3522,0.3293,0.4506,0.3224,0.4689,0.3407,0.2697,0.3453,0.248,0.2892,0.3075,0.3487,0.4037,0.3029,1.216,0.4214,0.4552,0.351,0.3945,0.3602,0.4002,0.4437,0.4197,0.3075
10/22/2020,18.1632,0.4157,0.3445,0.2968,0.5458,0.5793,0.4787,0.6077,0.561,0.2957,0.3638,0.4258,0.3405,0.2947,0.375,0.2937,0.312,0.3232,0.3892,0.3872,0.3587,0.3445,0.309,0.4441,0.3059,0.376,0.313,0.3384,0.311,0.3862,0.3029,0.2734,0.3059,0.3211,0.2846,0.3161,0.3476,0.3587,0.4106,0.8855,0.3412,0.31,0.4583,0.3913,0.3394,0.3303,0.3598,0.4106,0.2988
10/21/2020,20.6603,0.4009,0.511,0.3958,0.4946,0.4743,0.4629,0.4971,0.63,0.4541,0.3629,0.4199,0.5085,0.3477,0.4173,0.3173,0.4186,0.4427,0.3832,0.43,0.406,0.4439,0.4047,0.4655,0.3844,0.3591,0.3844,0.4718,0.3249,0.5098,0.4376,0.3135,0.3604,0.292,0.2945,0.3135,0.373,0.4553,0.3895,1.3453,0.4528,0.3705,0.4351,0.3743,0.3173,0.4819,0.3452,0.3705,0.4148
10/20/2020,28.3803,0.4296,0.509,0.4133,0.8779,0.7373,0.6762,1.0124,0.9982,0.3929,0.5457,0.7638,0.6884,0.558,0.4907,0.5254,0.4235,0.5396,0.5804,0.6008,0.5437,0.4663,0.615,0.5783,0.4296,0.5763,0.5722,0.5254,0.4051,0.4398,0.4479,0.3807,0.344,0.401,0.3807,0.3562,0.4561,0.6109,0.4622,2.4395,0.7185,0.5946,0.4214,0.5437,0.558,0.6619,0.6476,0.4235,0.6171
10/19/2020,33.4504,0.7317,0.696,0.6579,0.7291,1.3705,0.8233,1.088,0.8233,0.7088,0.8666,0.5815,0.7393,0.612,0.5484,0.6528,0.5841,0.5942,0.7011,0.7393,0.6782,0.6782,0.4288,0.5204,0.6731,0.5662,0.7113,0.8055,0.5332,1.0167,0.5281,0.5662,0.5764,0.5433,0.4339,0.3779,0.5535,0.523,0.6833,2.2985,0.6842,0.6095,0.635,0.5611,0.5637,0.7164,0.6299,0.5688,0.5382
10/18/2020,35.4939,0.5846,0.8458,0.4883,1.0932,0.8293,1.1097,1.1179,1.063,0.5818,0.8155,1.0657,0.8293,0.5461,0.4966,0.6396,0.5763,0.5488,0.6478,0.7385,0.6368,0.5241,0.6561,0.7688,0.854,0.4306,0.6808,0.876,0.4691,0.843,0.5681,0.3426,0.6203,0.4389,0.4059,0.5791,0.5186,0.5956,0.5488,3.4187,0.9562,0.6121,0.744,0.7743,0.6808,0.5131,0.5378,0.5901,0.6918
10/17/2020,24.0664,0.4398,0.5201,0.4783,0.6149,0.5828,0.7402,0.8173,0.6053,0.4912,0.5555,0.3932,0.3916,0.4816,0.4269,0.488,0.5298,0.4575,0.4896,0.4382,0.4205,0.3611,0.4334,0.6101,0.3723,0.4591,0.4591,0.3868,0.3964,0.4559,0.4751,0.4253,0.337,0.353,0.3129,0.3257,0.4478,0.5362,0.3932,2.014,0.6152,0.3852,0.5024,0.337,0.4398,0.5346,0.5844,0.4093,0.3418
10/16/2020,28.3801,0.6436,0.5967,0.7292,0.8331,0.9778,0.5478,0.5315,0.6293,0.7332,0.5396,0.8412,0.6762,0.4744,0.5946,0.4703,0.6028,0.6395,0.6354,0.6028,0.5845,0.4499,0.4601,0.4663,0.6273,0.401,0.4438,0.6864,0.452,0.7455,0.5885,0.3582,0.3949,0.4663,0.4703,0.452,0.4499,0.5315,0.6048,1.7803,0.5584,0.4398,0.4214,0.5967,0.4092,0.6762,0.5254,0.4459,0.5946
10/15/2020,31.9368,0.7483,0.801,0.7938,0.7483,1.3491,0.6526,1.1888,0.8321,0.8824,0.5664,0.8345,0.4778,0.5975,0.5903,0.5185,0.6622,0.734,0.7483,0.643,0.643,0.4707,0.6957,0.4826,0.7316,0.6047,0.6215,0.6574,0.4515,0.9015,0.6406,0.3366,0.5305,0.5425,0.351,0.4802,0.4707,0.6622,0.4707,1.4957,0.4893,0.4922,0.868,0.6358,0.5473,0.6215,0.6119,0.4802,0.5808
10/14/2020,32.1639,0.5799,0.6089,0.7224,0.8771,1.1719,0.7949,0.8433,0.7466,0.5557,0.7007,1.0801,0.7683,0.5533,0.546,0.6379,0.6306,0.4784,0.5678,0.5726,0.546,0.6113,0.4446,0.6475,0.4784,0.5871,0.5074,0.4953,0.4301,0.6765,0.6113,0.4083,0.5001,0.5485,0.459,0.546,0.5871,0.6838,0.6741,2.6029,0.7581,0.6064,0.5509,0.4566,0.7128,0.4929,0.8215,0.6379,0.6451
10/13/2020,32.6181,0.5482,0.824,0.7846,0.7673,0.8313,1.1391,0.9126,0.9815,0.6073,0.8289,0.6443,0.5778,0.5778,0.4818,0.4818,0.7452,0.5581,0.4892,0.7526,0.6861,0.6836,0.696,0.7058,0.5901,0.6689,0.7033,0.984,0.5113,0.7797,0.6147,0.5409,0.3464,0.4202,0.3513,0.4473,0.4793,0.7501,0.6443,1.7791,0.5581,0.8387,0.6615,0.6861,0.3981,0.6295,0.6861,0.7083,0.5359
10/12/2020,27.6231,0.4335,0.567,0.6219,0.6592,0.7534,0.7318,0.9948,0.8476,0.6494,0.6376,0.8751,0.4473,0.461,0.4061,0.4944,0.5238,0.6317,0.5003,0.5591,0.5101,0.4473,0.5984,0.4532,0.5277,0.5474,0.5297,0.4394,0.3923,0.4806,0.5493,0.3609,0.4924,0.4571,0.3688,0.3609,0.4414,0.3806,0.4021,2.7009,0.7819,0.4178,0.3982,0.4375,0.4885,0.5454,0.4316,0.3963,0.4904
10/11/2020,28.985,0.5759,0.4856,0.5024,0.8067,0.8067,0.8529,0.643,0.5969,0.6367,0.5591,0.7459,0.5633,0.4793,0.4458,0.6137,0.6493,0.5822,0.6158,0.5801,0.6451,0.4332,0.5528,0.4835,0.6619,0.4542,0.5528,0.8109,0.3786,0.7354,0.494,0.5066,0.4961,0.3702,0.3933,0.4227,0.4374,0.6577,0.536,2.2858,0.6811,0.5003,0.7291,0.4332,0.366,0.5591,0.6325,0.5486,0.4856
10/10/2020,20.3577,0.4979,0.5016,0.4089,0.6474,0.5238,0.488,0.6733,0.5522,0.5807,0.3372,0.3842,0.3866,0.3545,0.3829,0.3434,0.3347,0.3533,0.3681,0.4608,0.4126,0.3174,0.4151,0.4274,0.4373,0.2865,0.315,0.2915,0.3137,0.3928,0.3681,0.2729,0.31,0.2643,0.3211,0.3421,0.3496,0.4311,0.3409,1.4792,0.4853,0.4324,0.4076,0.3718,0.2841,0.4534,0.4892,0.3409,0.4249
10/9/2020,16.5742,0.3964,0.303,0.3707,0.4076,0.3536,0.5088,0.3279,0.5285,0.4385,0.4522,0.4342,0.2764,0.309,0.2798,0.2721,0.3038,0.2936,0.303,0.3519,0.2893,0.2893,0.2944,0.285,0.3544,0.2567,0.3536,0.4059,0.2893,0.3819,0.3313,0.231,0.2344,0.267,0.249,0.3004,0.3047,0.357,0.267,0.871,0.3377,0.3193,0.3862,0.3167,0.3759,0.3553,0.381,0.3184,0.2601
10/8/2020,18.2386,0.3182,0.3837,0.311,0.5291,0.6039,0.4001,0.351,0.4308,0.4431,0.3366,0.4708,0.3929,0.3049,0.3018,0.3151,0.3469,0.4073,0.3602,0.3888,0.3899,0.3899,0.3274,0.4472,0.4196,0.2588,0.3233,0.4042,0.2895,0.3008,0.3663,0.3182,0.3223,0.2998,0.268,0.2967,0.3172,0.3417,0.2936,1.1858,0.4141,0.3571,0.4605,0.3407,0.3807,0.3305,0.3796,0.3499,0.2691
10/7/2020,25.5797,0.6413,0.5956,0.6325,0.6519,0.6255,0.5675,0.6079,0.7679,0.5218,0.4198,0.4673,0.5253,0.4602,0.4216,0.411,0.4602,0.5218,0.5587,0.4673,0.5165,0.5552,0.3372,0.411,0.3565,0.36,0.4145,0.4743,0.3864,0.4233,0.5253,0.4374,0.4339,0.4163,0.3829,0.404,0.4462,0.5552,0.5534,2.3592,0.699,0.6009,0.513,0.4374,0.411,0.3934,0.4726,0.4392,0.5394
10/6/2020,25.6556,0.5445,0.4474,0.4456,0.6116,1.0565,0.7122,0.5692,0.6275,0.7599,0.6804,0.5145,0.5533,0.4703,0.4262,0.4986,0.5851,0.5304,0.5992,0.4845,0.4633,0.3803,0.4703,0.4509,0.5145,0.3944,0.4492,0.6999,0.352,0.5569,0.4668,0.3962,0.375,0.3203,0.4068,0.375,0.4439,0.5162,0.4209,1.3813,0.4616,0.4333,0.6681,0.5092,0.4527,0.5586,0.6204,0.5763,0.4244
10/5/2020,25.5795,0.4743,0.6237,0.3847,0.6694,1.0544,0.6782,0.7222,0.5042,0.3794,0.397,0.854,0.6308,0.36,0.4216,0.4286,0.5657,0.5622,0.5288,0.5692,0.5007,0.4673,0.5552,0.513,0.5077,0.3425,0.5095,0.4022,0.4005,0.5147,0.4128,0.4356,0.3811,0.3372,0.3389,0.3337,0.4005,0.3934,0.4251,1.8599,0.5777,0.5815,0.6343,0.455,0.5569,0.4884,0.4919,0.5358,0.4181
10/4/2020,28.0772,0.7128,0.6947,0.4518,0.9838,1.1886,0.5582,0.5642,0.9497,0.8694,0.6746,0.9055,0.7128,0.51,0.5421,0.4036,0.6284,0.4839,0.4477,0.6104,0.5642,0.3976,0.5782,0.526,0.5662,0.5823,0.5662,0.6405,0.4317,0.773,0.4397,0.3634,0.4417,0.4357,0.3875,0.4176,0.4959,0.6304,0.5602,0.6449,0.2828,0.5702,0.6445,0.4779,0.5983,0.4538,0.5441,0.6043,0.5662
10/3/2020,36.7049,0.9388,0.7379,0.5599,1.3005,1.1685,1.0996,1.3407,1.1225,0.5657,0.9905,0.8039,0.5599,0.6087,0.6001,0.6747,0.6776,0.7637,0.8872,0.5858,0.7436,0.5858,0.6575,0.9388,0.5944,0.5484,0.692,0.824,0.5657,1.1197,0.6202,0.6259,0.5169,0.4078,0.5743,0.5341,0.6173,0.5054,0.7178,1.9498,0.5996,0.8613,0.9245,0.7666,0.6374,0.7293,0.8384,0.5484,0.4738
10/2/2020,24.2933,0.5756,0.4469,0.4648,0.807,0.9324,0.7239,0.7728,0.4893,0.3964,0.4534,0.4942,0.4094,0.4143,0.4648,0.3964,0.4192,0.4388,0.5773,0.4371,0.5039,0.4176,0.561,0.5626,0.4485,0.3785,0.3606,0.6946,0.372,0.3785,0.4616,0.4029,0.2889,0.2823,0.3557,0.3052,0.4322,0.5023,0.5219,1.7373,0.548,0.4208,0.5398,0.3491,0.5105,0.5479,0.4453,0.4143,0.4355
10/1/2020,22.931,0.4429,0.5399,0.4892,0.752,0.6534,0.6982,0.7639,0.6788,0.413,0.6654,0.7311,0.3862,0.3473,0.3414,0.3906,0.3727,0.3473,0.4593,0.4011,0.4802,0.3518,0.5086,0.4339,0.3458,0.3414,0.4265,0.3518,0.3369,0.6743,0.4787,0.3339,0.3832,0.3891,0.3802,0.3429,0.4026,0.3682,0.4324,1.5459,0.5015,0.3339,0.4922,0.3234,0.4071,0.4996,0.5071,0.3488,0.3354
9/30/2020,22.5523,0.401,0.3922,0.4912,0.692,0.8506,0.5523,0.5028,0.5989,0.6658,0.66,0.4344,0.5261,0.4592,0.4301,0.4868,0.382,0.4068,0.3515,0.3951,0.4999,0.4461,0.497,0.3791,0.4781,0.4635,0.4141,0.5872,0.334,0.4446,0.3631,0.286,0.3457,0.3951,0.3951,0.3238,0.4257,0.3282,0.4534,1.0824,0.389,0.5028,0.3864,0.4534,0.3951,0.4403,0.5334,0.4504,0.3806
9/29/2020,23.4609,0.4434,0.4836,0.5563,0.7464,0.8933,0.4573,0.6753,0.5022,0.6166,0.4604,0.4403,0.5022,0.38,0.4079,0.4573,0.4434,0.5393,0.5516,0.3955,0.4171,0.4218,0.4697,0.4651,0.38,0.4666,0.3383,0.4852,0.3692,0.6846,0.4929,0.3012,0.3321,0.3522,0.3615,0.3568,0.4357,0.5377,0.462,1.1383,0.4025,0.3831,0.5594,0.3491,0.5377,0.4558,0.5857,0.4651,0.5022
9/28/2020,25.4282,0.5884,0.5483,0.6041,0.6233,0.7052,0.7087,0.8098,0.8743,0.6006,0.5361,0.51,0.6285,0.4229,0.4263,0.4124,0.4089,0.3985,0.5449,0.4229,0.4647,0.5065,0.4211,0.4839,0.3566,0.4717,0.5274,0.7418,0.3967,0.4298,0.4647,0.3653,0.3514,0.3706,0.3985,0.3932,0.4786,0.4351,0.517,1.8088,0.5653,0.5518,0.4403,0.4229,0.4664,0.5571,0.5205,0.4002,0.3462
9/27/2020,25.0498,0.5895,0.4037,0.4736,0.6543,0.6611,0.6543,0.7037,0.6645,0.5759,0.4599,0.4855,0.5929,0.4548,0.4275,0.5196,0.5008,0.3849,0.5332,0.5776,0.4804,0.4463,0.4957,0.4906,0.3815,0.4446,0.5128,0.6799,0.4088,0.5281,0.4054,0.4292,0.4207,0.3815,0.3866,0.3576,0.3985,0.5963,0.4923,1.8651,0.579,0.3713,0.5827,0.448,0.3849,0.4702,0.3593,0.4531,0.4821
9/26/2020,18.4658,0.3414,0.3341,0.4032,0.4984,0.5298,0.5811,0.398,0.3624,0.4158,0.4534,0.5225,0.3812,0.353,0.3917,0.4053,0.3676,0.3655,0.421,0.3624,0.3718,0.3561,0.3781,0.4356,0.4283,0.354,0.309,0.4785,0.3038,0.4796,0.31,0.2954,0.2745,0.2787,0.2828,0.3027,0.332,0.3184,0.3624,0.6871,0.293,0.4199,0.3247,0.4021,0.2766,0.3059,0.4451,0.376,0.3959
9/25/2020,14.5309,0.2849,0.2888,0.2862,0.3639,0.3639,0.4103,0.3012,0.3802,0.358,0.3188,0.3809,0.3032,0.2659,0.2496,0.2921,0.3143,0.2718,0.3149,0.2862,0.3254,0.3032,0.2463,0.3384,0.3371,0.2705,0.2731,0.3547,0.2424,0.2601,0.281,0.2633,0.2326,0.2548,0.2457,0.2672,0.2666,0.3267,0.2718,0.5781,0.2666,0.2581,0.2627,0.328,0.2294,0.3123,0.3045,0.2862,0.309
9/24/2020,15.6658,0.3414,0.2794,0.3338,0.4258,0.4304,0.4871,0.346,0.3805,0.3913,0.2786,0.3223,0.3368,0.3077,0.2824,0.2594,0.3445,0.2702,0.3023,0.3092,0.3192,0.31,0.2556,0.3016,0.2901,0.2587,0.2709,0.2817,0.2625,0.3744,0.287,0.2242,0.2763,0.2671,0.2288,0.2663,0.2671,0.2909,0.3315,0.9815,0.3645,0.346,0.3821,0.2456,0.3138,0.287,0.356,0.2579,0.3384
9/23/2020,19.601,0.4613,0.3256,0.3732,0.611,0.5333,0.6098,0.4196,0.5391,0.4602,0.3743,0.3488,0.3198,0.394,0.2978,0.3836,0.3175,0.3117,0.4497,0.4172,0.4393,0.3558,0.4312,0.3233,0.3221,0.2873,0.3384,0.314,0.3117,0.3882,0.3662,0.2409,0.3511,0.2699,0.3152,0.3036,0.3488,0.3627,0.3012,1.6173,0.5188,0.3813,0.4729,0.4521,0.307,0.3349,0.4497,0.4381,0.3105
9/22/2020,19.2981,0.4593,0.3712,0.4819,0.4503,0.474,0.6344,0.6412,0.5056,0.448,0.3633,0.3892,0.3113,0.3169,0.3994,0.361,0.37,0.3056,0.3316,0.4005,0.413,0.396,0.3,0.4514,0.344,0.4005,0.3508,0.5079,0.2932,0.5101,0.3949,0.3,0.2525,0.2548,0.3135,0.2876,0.3305,0.3859,0.422,1.0467,0.3803,0.335,0.4005,0.3226,0.4367,0.4288,0.3124,0.3271,0.3847
9/21/2020,22.1743,0.3651,0.4672,0.4516,0.5012,0.6571,0.7365,0.4615,0.5083,0.6628,0.4587,0.4501,0.3467,0.3254,0.4473,0.4643,0.4757,0.504,0.4771,0.5054,0.3821,0.4119,0.5125,0.4785,0.3127,0.4175,0.4076,0.3495,0.3566,0.3864,0.3849,0.2914,0.2942,0.3736,0.3793,0.3708,0.4062,0.4601,0.3779,1.4931,0.4887,0.5026,0.4204,0.4657,0.4246,0.4275,0.4615,0.4969,0.3736
9/20/2020,16.0443,0.3549,0.3565,0.2761,0.4973,0.404,0.3428,0.3107,0.3235,0.3428,0.3107,0.3742,0.297,0.3115,0.3372,0.2616,0.3388,0.3605,0.3613,0.3123,0.3557,0.2785,0.2785,0.301,0.2624,0.3082,0.2495,0.3404,0.2801,0.412,0.2785,0.2761,0.2922,0.2608,0.2938,0.2535,0.3042,0.3533,0.3227,0.9395,0.3543,0.3018,0.3806,0.2825,0.3501,0.3469,0.2761,0.309,0.3284
9/19/2020,15.4387,0.302,0.3028,0.3378,0.4717,0.5468,0.3749,0.4702,0.4493,0.2589,0.3906,0.4456,0.34,0.2686,0.2998,0.2909,0.2968,0.2916,0.2559,0.2723,0.2872,0.2901,0.3355,0.337,0.3467,0.2909,0.3162,0.3333,0.2634,0.3794,0.2782,0.2515,0.2708,0.221,0.2292,0.2433,0.2849,0.2894,0.2745,0.6252,0.278,0.273,0.2812,0.2887,0.2991,0.2753,0.2946,0.343,0.2916
9/18/2020,14.0016,0.3053,0.3125,0.3029,0.3689,0.2933,0.3281,0.3137,0.4097,0.2447,0.2927,0.3263,0.2609,0.2507,0.2639,0.2363,0.2531,0.2657,0.3089,0.2615,0.2507,0.2843,0.3071,0.2609,0.2315,0.2549,0.2945,0.3263,0.2303,0.3017,0.2651,0.2375,0.2213,0.2267,0.2201,0.2255,0.2513,0.3101,0.2369,0.9875,0.3659,0.2483,0.2705,0.2279,0.2339,0.2855,0.2705,0.2903,0.2855
9/17/2020,16.4224,0.2837,0.3798,0.3671,0.3536,0.3966,0.3747,0.4471,0.4598,0.3326,0.4193,0.3343,0.3208,0.2669,0.3292,0.3065,0.2947,0.3528,0.3326,0.2938,0.3183,0.341,0.2871,0.2854,0.3107,0.3284,0.3149,0.304,0.2585,0.4396,0.3107,0.2458,0.2374,0.2997,0.2947,0.2425,0.2863,0.3115,0.3604,1.0199,0.3738,0.3536,0.309,0.2711,0.3503,0.3174,0.3301,0.341,0.3334
9/16/2020,16.2709,0.2949,0.3461,0.3246,0.3974,0.4082,0.3825,0.4347,0.3263,0.366,0.3759,0.3577,0.3486,0.2833,0.3271,0.3437,0.3189,0.3023,0.2667,0.3519,0.3106,0.3379,0.2535,0.3726,0.3569,0.2643,0.2874,0.4289,0.2618,0.3677,0.2841,0.2684,0.2899,0.2932,0.2469,0.2949,0.2849,0.3528,0.2965,0.7776,0.315,0.3379,0.4074,0.2502,0.3519,0.3577,0.3916,0.3246,0.347
9/15/2020,17.8605,0.3589,0.3432,0.3797,0.3964,0.493,0.3639,0.4033,0.3688,0.4368,0.5019,0.5019,0.3087,0.3195,0.2899,0.355,0.4053,0.3353,0.3609,0.3077,0.3984,0.3826,0.3925,0.3944,0.2801,0.3077,0.285,0.2732,0.287,0.3777,0.3658,0.2347,0.2406,0.2702,0.2889,0.3156,0.3225,0.3698,0.3057,1.3838,0.4621,0.3501,0.3323,0.3639,0.3767,0.3727,0.3392,0.285,0.2722
9/14/2020,18.4656,0.3373,0.4168,0.3791,0.4137,0.6847,0.4555,0.5665,0.4346,0.4649,0.4241,0.3121,0.3781,0.2902,0.3655,0.3749,0.4001,0.3948,0.3676,0.3603,0.3226,0.3906,0.3864,0.4304,0.3582,0.3561,0.3676,0.3059,0.3163,0.4953,0.3278,0.2943,0.2849,0.2473,0.287,0.286,0.3059,0.3331,0.3634,0.7873,0.3173,0.4021,0.3676,0.4231,0.3917,0.3362,0.4095,0.4032,0.3477
9/13/2020,16.7252,0.2845,0.3586,0.3665,0.4293,0.4895,0.4467,0.3246,0.3403,0.4467,0.404,0.4197,0.3595,0.3429,0.2688,0.342,0.3769,0.3612,0.3525,0.2949,0.2897,0.3132,0.2914,0.3482,0.3089,0.2949,0.2993,0.3857,0.2565,0.3089,0.3438,0.2339,0.2487,0.2496,0.2487,0.2609,0.3167,0.2906,0.3089,1.0632,0.3843,0.3735,0.2696,0.3351,0.3499,0.3307,0.3883,0.3429,0.2801
9/12/2020,17.6334,0.3873,0.3353,0.4316,0.4027,0.394,0.5472,0.3834,0.4316,0.3815,0.4595,0.316,0.3574,0.3179,0.3218,0.3256,0.3767,0.3218,0.2823,0.3035,0.368,0.3728,0.3632,0.4364,0.4056,0.3603,0.3776,0.4836,0.3035,0.3458,0.3092,0.2466,0.2803,0.2755,0.3025,0.2861,0.315,0.2832,0.3112,1.1527,0.406,0.367,0.2977,0.2765,0.3218,0.3044,0.4306,0.2842,0.289
9/11/2020,16.4223,0.293,0.352,0.3536,0.4067,0.5524,0.32,0.3225,0.4791,0.2644,0.3654,0.3098,0.2593,0.2661,0.2602,0.32,0.3014,0.3688,0.3696,0.3376,0.2854,0.2964,0.2972,0.3402,0.3595,0.325,0.3309,0.3941,0.2593,0.32,0.3208,0.2677,0.2357,0.2972,0.2543,0.2812,0.2888,0.3444,0.3528,1.0768,0.3876,0.3949,0.277,0.3688,0.3275,0.3553,0.2821,0.3191,0.2804
9/10/2020,16.4976,0.3587,0.3298,0.3842,0.4573,0.5584,0.3341,0.459,0.3987,0.3213,0.3264,0.4038,0.3281,0.278,0.2729,0.3638,0.2856,0.3715,0.346,0.3196,0.3273,0.3562,0.2584,0.3137,0.2805,0.2482,0.2916,0.4199,0.2695,0.3392,0.3222,0.2958,0.2635,0.2542,0.2584,0.3043,0.2907,0.3137,0.2941,1.165,0.409,0.2771,0.2712,0.2933,0.2729,0.3383,0.2678,0.3519,0.2525
9/9/2020,20.9633,0.33,0.3404,0.3702,0.5063,0.6204,0.5063,0.4817,0.6839,0.588,0.5037,0.492,0.3702,0.3313,0.4311,0.4467,0.4065,0.3378,0.4895,0.4311,0.4,0.4272,0.3482,0.3663,0.4052,0.3559,0.4441,0.597,0.3235,0.5387,0.4169,0.3132,0.343,0.2859,0.2665,0.343,0.3728,0.3702,0.3235,1.2525,0.4303,0.4376,0.3585,0.457,0.4596,0.457,0.4376,0.3987,0.3663
9/8/2020,16.9525,0.4093,0.3905,0.292,0.4836,0.437,0.4191,0.3761,0.4084,0.3296,0.3609,0.4773,0.3439,0.318,0.3368,0.3717,0.2741,0.343,0.2866,0.3341,0.369,0.2947,0.2589,0.2768,0.3153,0.283,0.3582,0.3305,0.2616,0.2974,0.3377,0.2857,0.3117,0.2535,0.2813,0.2732,0.3224,0.3511,0.3815,1.1816,0.4131,0.3529,0.3206,0.2589,0.309,0.3001,0.3547,0.2723,0.3538
9/7/2020,17.8603,0.3599,0.4112,0.3422,0.5335,0.5443,0.4428,0.3501,0.493,0.4832,0.3165,0.4181,0.2899,0.3432,0.3077,0.3501,0.3866,0.3806,0.3964,0.3589,0.3668,0.354,0.2732,0.3047,0.3363,0.358,0.2929,0.4487,0.2988,0.4763,0.2998,0.2889,0.283,0.3234,0.3037,0.2741,0.3077,0.2771,0.3629,1.0085,0.371,0.3244,0.3234,0.3353,0.356,0.355,0.285,0.3895,0.3737
9/6/2020,13.3953,0.3048,0.2773,0.2746,0.3156,0.3474,0.2746,0.376,0.2918,0.301,0.3107,0.3539,0.3129,0.2514,0.2255,0.287,0.2659,0.2444,0.2384,0.2929,0.2519,0.2837,0.2433,0.2881,0.301,0.26,0.2697,0.2659,0.2406,0.2827,0.2821,0.2266,0.24,0.24,0.2319,0.2363,0.2525,0.2643,0.2654,0.5539,0.2607,0.3134,0.2622,0.233,0.267,0.2541,0.2794,0.233,0.2665
9/5/2020,21.9472,0.3438,0.5014,0.4944,0.56,0.6269,0.5418,0.5907,0.613,0.5084,0.6437,0.3494,0.355,0.3508,0.3982,0.3298,0.408,0.4219,0.3438,0.3619,0.4372,0.3619,0.4972,0.3982,0.3647,0.3424,0.4177,0.4791,0.341,0.5697,0.4512,0.3689,0.2894,0.2992,0.3675,0.3494,0.3842,0.4303,0.334,1.7154,0.5427,0.3577,0.4414,0.5,0.447,0.4512,0.3982,0.401,0.4665
9/4/2020,11.3517,0.2367,0.2371,0.234,0.2642,0.2977,0.2464,0.2558,0.3024,0.2535,0.2558,0.2508,0.2324,0.2066,0.2106,0.2169,0.232,0.227,0.2082,0.2317,0.2196,0.2079,0.1999,0.231,0.235,0.2146,0.224,0.2407,0.2129,0.2213,0.2327,0.1915,0.2076,0.2042,0.1925,0.1935,0.2233,0.2438,0.2092,0.568,0.2641,0.2129,0.234,0.2273,0.2226,0.2397,0.2458,0.2123,0.22
9/3/2020,14.3037,0.3047,0.3135,0.2436,0.3829,0.4131,0.3419,0.3236,0.3003,0.2518,0.3816,0.2896,0.2997,0.2902,0.2694,0.289,0.2682,0.2574,0.2707,0.2915,0.2719,0.2789,0.2915,0.2732,0.3003,0.2524,0.3016,0.3514,0.2404,0.3091,0.3016,0.2215,0.2215,0.2215,0.2625,0.2373,0.2511,0.3224,0.2707,0.7515,0.3086,0.2745,0.3217,0.241,0.3167,0.2814,0.2398,0.3085,0.2965
9/2/2020,13.9252,0.2745,0.281,0.3047,0.3569,0.4054,0.3065,0.2739,0.3918,0.2698,0.268,0.3059,0.3332,0.2769,0.2467,0.2858,0.2544,0.2798,0.2549,0.2549,0.3059,0.2727,0.3095,0.2881,0.3237,0.2864,0.2935,0.2461,0.2354,0.3053,0.2751,0.2496,0.2188,0.2366,0.2437,0.2336,0.2721,0.2698,0.2478,0.6701,0.2889,0.2555,0.3391,0.2769,0.3041,0.2644,0.239,0.2544,0.2941
9/1/2020,16.9525,0.3314,0.3914,0.4039,0.4549,0.4979,0.5006,0.5167,0.4039,0.4325,0.3394,0.48,0.3484,0.2714,0.2965,0.3126,0.3842,0.3753,0.3439,0.3851,0.2983,0.3126,0.3842,0.3502,0.3001,0.2768,0.2687,0.3081,0.2813,0.3869,0.3233,0.2419,0.266,0.3018,0.2813,0.2804,0.3162,0.3475,0.3493,0.5355,0.2562,0.3994,0.3753,0.3618,0.3708,0.3162,0.3654,0.2965,0.3305
8/31/2020,17.0279,0.3535,0.3508,0.3553,0.4167,0.5242,0.5061,0.4014,0.4303,0.2759,0.359,0.2894,0.3815,0.3292,0.2958,0.3391,0.3581,0.377,0.3879,0.3626,0.3752,0.3256,0.2931,0.3238,0.3382,0.2894,0.3283,0.2705,0.2768,0.4176,0.2903,0.3138,0.2786,0.3012,0.2813,0.3084,0.321,0.3572,0.3499,0.989,0.3663,0.2768,0.3842,0.2976,0.294,0.2994,0.3599,0.2795,0.3472
8/30/2020,10.822,0.2169,0.2338,0.2403,0.2815,0.2558,0.2474,0.2398,0.2556,0.2685,0.2107,0.2395,0.211,0.2098,0.209,0.2101,0.2197,0.2177,0.2101,0.2288,0.2234,0.2186,0.1938,0.222,0.2395,0.2082,0.2132,0.2177,0.1963,0.2457,0.2056,0.2036,0.2017,0.1915,0.2067,0.1983,0.2098,0.209,0.2073,0.4253,0.2295,0.2415,0.2347,0.1971,0.2194,0.2132,0.2175,0.2186,0.2073
8/29/2020,11.3522,0.2257,0.2304,0.2099,0.292,0.3249,0.2474,0.2954,0.23,0.2843,0.2123,0.2562,0.223,0.2216,0.2143,0.2069,0.2277,0.2257,0.2371,0.22,0.2304,0.2089,0.2454,0.223,0.2387,0.1962,0.23,0.2257,0.2136,0.2364,0.2116,0.2019,0.2032,0.1911,0.2166,0.2136,0.2176,0.2361,0.234,0.5138,0.2509,0.2568,0.2481,0.2106,0.232,0.2153,0.2451,0.2166,0.2042
8/28/2020,11.579,0.2397,0.2637,0.2272,0.2837,0.3238,0.2633,0.2665,0.2386,0.2508,0.2497,0.2186,0.2254,0.2322,0.235,0.225,0.2307,0.2404,0.2246,0.2189,0.2379,0.2257,0.2393,0.2418,0.2547,0.2157,0.24,0.2787,0.2139,0.2418,0.2207,0.2035,0.2136,0.211,0.2096,0.2214,0.2196,0.2078,0.2393,0.4385,0.2327,0.2068,0.2644,0.234,0.2472,0.2408,0.2483,0.2425,0.23
8/27/2020,11.806,0.2451,0.2542,0.2512,0.2847,0.3573,0.3197,0.2443,0.2763,0.2945,0.2953,0.2759,0.2546,0.2287,0.2249,0.2432,0.2572,0.2131,0.2481,0.2241,0.2458,0.2394,0.2375,0.2382,0.2607,0.2394,0.2279,0.242,0.22,0.2717,0.2211,0.207,0.2036,0.2032,0.2062,0.2074,0.2344,0.2542,0.2196,0.4178,0.2276,0.247,0.2055,0.2161,0.2508,0.2276,0.2085,0.226,0.2074
8/26/2020,14.8331,0.2739,0.2999,0.2623,0.3908,0.5117,0.3655,0.33,0.3013,0.3074,0.3539,0.3307,0.2569,0.2869,0.302,0.302,0.3231,0.2685,0.2521,0.2931,0.276,0.248,0.2569,0.2671,0.3286,0.2589,0.3067,0.2493,0.248,0.2787,0.2685,0.2719,0.2323,0.2637,0.2343,0.2288,0.2541,0.3006,0.3184,1.0129,0.3721,0.3184,0.2664,0.332,0.2979,0.2637,0.2794,0.2767,0.3108
8/25/2020,17.2552,0.3869,0.3407,0.2824,0.4647,0.374,0.4054,0.4304,0.5017,0.386,0.4638,0.3314,0.3305,0.3296,0.3249,0.349,0.2944,0.3407,0.299,0.2999,0.3814,0.3508,0.3564,0.2787,0.2999,0.287,0.2907,0.3231,0.2601,0.3638,0.3425,0.2305,0.2898,0.3073,0.2463,0.287,0.312,0.3147,0.2953,1.391,0.4639,0.2851,0.2611,0.3684,0.3555,0.3573,0.3564,0.3777,0.2861
8/24/2020,13.168,0.2845,0.3031,0.3,0.331,0.3693,0.3072,0.2674,0.3496,0.3346,0.2985,0.2509,0.2509,0.2354,0.2282,0.2643,0.2514,0.2752,0.2514,0.2809,0.2385,0.2457,0.2535,0.2907,0.2819,0.2339,0.2581,0.269,0.2339,0.2923,0.2519,0.2375,0.2121,0.2059,0.2375,0.2152,0.2406,0.2581,0.2669,0.5222,0.253,0.2964,0.285,0.2401,0.285,0.2783,0.3047,0.2659,0.2804
8/23/2020,14.6818,0.2549,0.3384,0.3417,0.331,0.4306,0.311,0.4005,0.4246,0.3678,0.3564,0.3558,0.3544,0.2836,0.2642,0.2489,0.2482,0.2909,0.305,0.3023,0.327,0.2529,0.3257,0.2796,0.295,0.2816,0.2555,0.3685,0.2382,0.315,0.3083,0.2448,0.2676,0.2649,0.2382,0.2542,0.2549,0.3023,0.2622,0.6097,0.2742,0.2996,0.2301,0.3143,0.2328,0.2522,0.3337,0.2796,0.309
8/22/2020,11.5792,0.2515,0.2511,0.2121,0.2894,0.2651,0.2322,0.2876,0.245,0.2257,0.2415,0.2472,0.2597,0.2279,0.2304,0.2436,0.2361,0.2365,0.2243,0.2297,0.2425,0.2329,0.2025,0.2418,0.2472,0.2336,0.23,0.2139,0.2075,0.2175,0.2415,0.1989,0.2071,0.1928,0.2204,0.2035,0.2189,0.2107,0.2529,0.6217,0.2771,0.2211,0.2386,0.2039,0.2472,0.2118,0.2443,0.2193,0.2415
8/21/2020,9.4598,0.2052,0.2023,0.2004,0.2141,0.2154,0.1944,0.1973,0.2024,0.2017,0.1986,0.1924,0.2058,0.1962,0.1908,0.1884,0.2011,0.1986,0.1862,0.1924,0.2,0.1891,0.1905,0.1992,0.1964,0.1855,0.184,0.1821,0.1816,0.1985,0.194,0.1837,0.1811,0.1851,0.1816,0.1788,0.1875,0.1938,0.196,0.3382,0.2083,0.1909,0.2026,0.1918,0.1881,0.1979,0.1852,0.1854,0.1992
8/20/2020,7.4922,0.1526,0.1565,0.1539,0.1479,0.1555,0.1505,0.1522,0.1568,0.1496,0.1522,0.1482,0.1524,0.1579,0.1599,0.1591,0.1587,0.1556,0.1567,0.1564,0.1554,0.1593,0.1608,0.1582,0.1594,0.1581,0.1593,0.1546,0.1598,0.1587,0.1584,0.1601,0.1604,0.1599,0.161,0.1589,0.1583,0.1581,0.1556,0.137,0.1595,0.16,0.1557,0.1546,0.1554,0.1559,0.1536,0.1558,0.1578
8/19/2020,7.7952,0.1628,0.1634,0.163,0.162,0.1605,0.1622,0.1586,0.1601,0.1625,0.1637,0.1612,0.1629,0.163,0.1635,0.1641,0.1642,0.1641,0.1622,0.1624,0.1633,0.1626,0.1617,0.1628,0.1617,0.1647,0.1624,0.1607,0.1641,0.1622,0.1634,0.1653,0.1651,0.1639,0.1642,0.165,0.163,0.1636,0.1634,0.1395,0.1601,0.1611,0.1639,0.1626,0.1639,0.163,0.163,0.164,0.1646
8/18/2020,8.3249,0.1733,0.1721,0.1725,0.1764,0.1738,0.1759,0.177,0.1788,0.1771,0.1723,0.1755,0.173,0.1723,0.173,0.1716,0.1744,0.1745,0.1713,0.1724,0.1738,0.1736,0.1722,0.1743,0.1704,0.1729,0.171,0.1746,0.1709,0.1726,0.1722,0.1712,0.1715,0.1694,0.1717,0.1694,0.1709,0.1731,0.1714,0.1976,0.1742,0.1703,0.1732,0.1737,0.1729,0.1744,0.1716,0.1723,0.1704
8/17/2020,10.8222,0.2347,0.2389,0.2127,0.2688,0.2739,0.2646,0.2228,0.2733,0.209,0.2618,0.2186,0.1991,0.2163,0.2183,0.2146,0.2158,0.2245,0.2225,0.2079,0.2324,0.2254,0.2189,0.2372,0.2225,0.2025,0.2175,0.2415,0.2036,0.2048,0.2155,0.1867,0.1884,0.2079,0.1966,0.1974,0.2098,0.2268,0.2124,0.4542,0.2365,0.2062,0.194,0.1952,0.2327,0.2155,0.2415,0.2011,0.1994
8/16/2020,17.3306,0.3188,0.3197,0.3925,0.5408,0.5352,0.3999,0.4503,0.5007,0.3663,0.3542,0.413,0.2777,0.33,0.301,0.3449,0.3915,0.357,0.3169,0.3439,0.3346,0.3729,0.3719,0.2982,0.2637,0.2637,0.2712,0.2917,0.288,0.4568,0.3309,0.2469,0.246,0.2394,0.2488,0.2637,0.3132,0.3328,0.3617,1.0564,0.3827,0.4009,0.4074,0.3551,0.3281,0.3962,0.3607,0.2917,0.301
8/15/2020,14.6817,0.2602,0.3077,0.3464,0.4172,0.4694,0.444,0.2896,0.3791,0.3858,0.3598,0.329,0.3056,0.2422,0.2903,0.3063,0.2896,0.2575,0.2896,0.3197,0.305,0.2836,0.2448,0.3371,0.3364,0.2903,0.2475,0.2896,0.2422,0.3858,0.2636,0.2549,0.2662,0.2662,0.2515,0.2736,0.2642,0.2803,0.2442,0.4301,0.2306,0.3083,0.301,0.3036,0.319,0.2916,0.3457,0.2649,0.2709
8/14/2020,20.1306,0.3717,0.3959,0.4093,0.6288,0.4287,0.4966,0.4809,0.3911,0.5791,0.5027,0.4748,0.4954,0.4008,0.3304,0.3729,0.4153,0.3426,0.3595,0.4238,0.4348,0.3316,0.2843,0.4614,0.305,0.3984,0.4105,0.328,0.2989,0.5233,0.385,0.2552,0.3207,0.3365,0.2637,0.3316,0.3705,0.3268,0.2965,1.7089,0.5411,0.3256,0.2928,0.3656,0.3838,0.3972,0.3401,0.3777,0.4348
8/13/2020,19.2225,0.4158,0.3799,0.4573,0.4495,0.5123,0.5325,0.5538,0.5224,0.4124,0.4405,0.528,0.4326,0.3114,0.3316,0.4147,0.4124,0.3664,0.3608,0.4326,0.39,0.3889,0.4181,0.3406,0.3698,0.2699,0.4147,0.2845,0.2834,0.5269,0.3956,0.3182,0.3373,0.3373,0.2632,0.3238,0.3676,0.3339,0.4023,0.8123,0.3234,0.4719,0.3227,0.3395,0.3833,0.3294,0.4607,0.4035,0.3429
8/12/2020,16.044,0.3509,0.3284,0.3275,0.4136,0.408,0.4723,0.5005,0.5053,0.3975,0.3573,0.3935,0.3187,0.2905,0.3227,0.2688,0.3364,0.3565,0.3662,0.3364,0.2833,0.2994,0.2817,0.3163,0.2688,0.3259,0.2841,0.346,0.256,0.4378,0.2761,0.2222,0.2286,0.2841,0.2616,0.2616,0.2978,0.293,0.3332,0.5893,0.2693,0.3042,0.3806,0.2857,0.2769,0.3493,0.3179,0.3549,0.3074
8/11/2020,14.379,0.3402,0.2713,0.2547,0.3753,0.3038,0.3115,0.3536,0.3472,0.3848,0.2757,0.358,0.3172,0.2745,0.2573,0.2987,0.2509,0.2891,0.2936,0.2923,0.2821,0.2898,0.2407,0.314,0.233,0.2413,0.2655,0.2675,0.2407,0.3389,0.2745,0.2298,0.2624,0.2215,0.24,0.233,0.2636,0.2579,0.2553,0.9874,0.3659,0.3306,0.2266,0.2477,0.2528,0.2553,0.3096,0.3096,0.2923
8/10/2020,17.1035,0.3151,0.3933,0.2777,0.407,0.3724,0.5408,0.5554,0.4334,0.4261,0.3041,0.4889,0.3123,0.2805,0.2868,0.346,0.3169,0.2914,0.3943,0.3132,0.305,0.3506,0.3141,0.2768,0.3205,0.2641,0.2604,0.4125,0.2859,0.4689,0.3533,0.2996,0.2486,0.2659,0.2887,0.2659,0.2996,0.2796,0.2695,1.2288,0.4245,0.2996,0.3351,0.2887,0.3569,0.306,0.3569,0.3369,0.285
8/9/2020,16.3467,0.2902,0.296,0.3102,0.3737,0.4321,0.4204,0.4288,0.3962,0.402,0.3052,0.2752,0.3553,0.3253,0.3211,0.3536,0.3369,0.291,0.2743,0.3002,0.2827,0.2677,0.3703,0.3386,0.3177,0.3244,0.3353,0.4154,0.2635,0.453,0.3228,0.2985,0.2309,0.2451,0.2576,0.2493,0.2869,0.2927,0.3361,1.1466,0.4046,0.2593,0.3052,0.2819,0.2493,0.2852,0.3595,0.3653,0.3136
8/8/2020,18.1632,0.3537,0.437,0.4157,0.4207,0.6545,0.375,0.5142,0.4116,0.4655,0.4218,0.3669,0.4167,0.2978,0.3801,0.3211,0.3394,0.372,0.3618,0.3232,0.3354,0.3079,0.3455,0.3079,0.309,0.3232,0.3242,0.3903,0.2795,0.377,0.3486,0.2358,0.3039,0.2561,0.252,0.3181,0.3283,0.3262,0.4096,1.2944,0.4404,0.3506,0.3211,0.2846,0.3608,0.3689,0.3333,0.3232,0.3587
8/7/2020,16.044,0.3404,0.2881,0.264,0.4217,0.4748,0.3525,0.4627,0.4353,0.338,0.3428,0.2793,0.3042,0.2696,0.2849,0.2656,0.3002,0.2777,0.3115,0.2865,0.3404,0.2584,0.2938,0.3509,0.338,0.3163,0.2543,0.2962,0.2817,0.3372,0.2817,0.2809,0.2543,0.2238,0.2407,0.2672,0.305,0.3372,0.3549,1.3738,0.4597,0.264,0.2954,0.297,0.2511,0.3573,0.2793,0.2881,0.2656
8/6/2020,8.3249,0.1744,0.1721,0.1702,0.1739,0.1748,0.1726,0.1746,0.1737,0.1777,0.1769,0.1748,0.1716,0.1718,0.1726,0.1737,0.1705,0.1713,0.1735,0.1718,0.1719,0.1731,0.1699,0.1709,0.1726,0.1727,0.1723,0.1713,0.1707,0.1758,0.171,0.1696,0.1717,0.1712,0.1711,0.1695,0.1723,0.171,0.1703,0.2153,0.1785,0.1728,0.1706,0.1713,0.1726,0.1748,0.1749,0.1718,0.1709
8/5/2020,7.9462,0.1655,0.1659,0.1661,0.1651,0.1651,0.1644,0.1654,0.1651,0.1651,0.1649,0.1647,0.1657,0.1657,0.1655,0.1657,0.1656,0.1659,0.1655,0.1659,0.1658,0.166,0.1661,0.1658,0.1661,0.1661,0.1658,0.1651,0.1659,0.1651,0.1658,0.166,0.1658,0.166,0.166,0.1662,0.1658,0.1659,0.1657,0.1608,0.1653,0.166,0.1659,0.1656,0.1657,0.1656,0.1658,0.1658,0.1659
8/4/2020,7.7948,0.1611,0.1618,0.1637,0.1593,0.1569,0.1604,0.1632,0.1586,0.16,0.1629,0.1595,0.1644,0.1625,0.1635,0.1625,0.1624,0.1642,0.1616,0.1636,0.163,0.1629,0.1639,0.1636,0.1616,0.1639,0.1632,0.16,0.1642,0.1603,0.1636,0.1636,0.1639,0.1645,0.1636,0.1636,0.1632,0.1634,0.1618,0.158,0.1646,0.1611,0.1617,0.1638,0.1632,0.1627,0.1623,0.1629,0.1646
8/3/2020,7.5678,0.1595,0.1576,0.16,0.154,0.1455,0.1558,0.1574,0.155,0.1606,0.152,0.1511,0.1547,0.1586,0.1578,0.1574,0.16,0.1586,0.1607,0.1599,0.1562,0.1617,0.159,0.1587,0.1599,0.1598,0.1618,0.1593,0.1621,0.1538,0.1595,0.1615,0.1623,0.1629,0.1626,0.1608,0.1595,0.1563,0.1592,0.1273,0.1571,0.1591,0.1567,0.1621,0.158,0.1589,0.1576,0.1611,0.1568
8/2/2020,7.9462,0.1653,0.1654,0.166,0.1651,0.1655,0.1656,0.1657,0.165,0.1649,0.1657,0.1649,0.1652,0.1661,0.1656,0.1656,0.1659,0.166,0.1657,0.1659,0.1656,0.1656,0.1659,0.1654,0.1656,0.1658,0.1661,0.1649,0.1661,0.1655,0.1657,0.1659,0.1662,0.1663,0.166,0.1662,0.1658,0.1658,0.1659,0.1595,0.1649,0.1655,0.1658,0.1659,0.166,0.1656,0.166,0.1655,0.1661
8/1/2020,14.6817,0.327,0.3003,0.2702,0.3658,0.4373,0.3137,0.4005,0.4139,0.3791,0.3544,0.3411,0.3284,0.297,0.2535,0.3224,0.2916,0.2622,0.3016,0.3003,0.3083,0.2936,0.2656,0.2916,0.3203,0.2368,0.2789,0.2876,0.2495,0.3397,0.2856,0.2148,0.2555,0.2388,0.2435,0.2722,0.2522,0.305,0.3157,0.5022,0.2481,0.2729,0.3558,0.2936,0.2796,0.3244,0.3464,0.2589,0.2843
7/31/2020,14.8332,0.2774,0.3067,0.302,0.4161,0.5179,0.33,0.4455,0.4318,0.2616,0.3416,0.3956,0.2548,0.2589,0.3143,0.2644,0.2979,0.2562,0.2924,0.3211,0.3313,0.2582,0.2514,0.3477,0.2828,0.3061,0.3143,0.2678,0.2534,0.2856,0.2733,0.276,0.2282,0.263,0.25,0.2302,0.2562,0.2698,0.2698,0.6423,0.2821,0.3047,0.3621,0.2603,0.3122,0.2705,0.3334,0.2603,0.304
7/30/2020,13.3196,0.2379,0.2459,0.2401,0.3209,0.4396,0.356,0.2528,0.2651,0.2332,0.3337,0.3502,0.2805,0.23,0.2645,0.2906,0.2949,0.2438,0.2949,0.2544,0.2518,0.239,0.2273,0.2449,0.2374,0.2704,0.2715,0.3114,0.2231,0.2906,0.2459,0.2395,0.2151,0.2087,0.2236,0.2443,0.2411,0.2837,0.2294,0.7685,0.3128,0.2491,0.2614,0.2832,0.2193,0.2433,0.2943,0.2885,0.2715
7/29/2020,13.2442,0.2868,0.2479,0.3109,0.3764,0.3827,0.3161,0.3098,0.313,0.3565,0.2904,0.336,0.2962,0.2417,0.2385,0.2632,0.2815,0.2653,0.2831,0.2705,0.292,0.2259,0.217,0.3056,0.2275,0.2296,0.2705,0.227,0.2364,0.3366,0.2674,0.2485,0.217,0.2464,0.2469,0.2443,0.2563,0.26,0.2506,0.4992,0.2474,0.3041,0.2369,0.2579,0.216,0.2417,0.2826,0.228,0.2584
7/28/2020,14.6061,0.3226,0.277,0.271,0.3437,0.4666,0.312,0.423,0.3867,0.3219,0.2975,0.2981,0.2638,0.2961,0.2895,0.2651,0.2664,0.2757,0.2697,0.3193,0.2763,0.3107,0.2506,0.3054,0.2763,0.2334,0.2486,0.2354,0.236,0.3794,0.2644,0.2314,0.2393,0.271,0.238,0.2301,0.2585,0.3312,0.2849,0.8226,0.3259,0.2704,0.2671,0.3173,0.3206,0.3166,0.3239,0.2677,0.3074
7/27/2020,17.1032,0.3351,0.3906,0.3688,0.417,0.3797,0.4052,0.4543,0.3779,0.468,0.4716,0.4889,0.3378,0.3205,0.3533,0.3314,0.3478,0.3442,0.285,0.3087,0.2987,0.326,0.3751,0.3378,0.2923,0.3524,0.3396,0.3451,0.2577,0.468,0.3496,0.2959,0.2814,0.2568,0.2349,0.275,0.2905,0.3933,0.376,0.8076,0.3223,0.3651,0.275,0.376,0.3105,0.2877,0.4179,0.3378,0.2714
7/26/2020,12.7904,0.2366,0.2577,0.262,0.3568,0.342,0.3128,0.3084,0.2864,0.2491,0.2289,0.2673,0.2984,0.2625,0.2534,0.2759,0.2356,0.2668,0.2304,0.2759,0.2395,0.2491,0.2328,0.2668,0.2835,0.216,0.2491,0.2965,0.2342,0.2716,0.2615,0.2323,0.2304,0.2409,0.228,0.228,0.2352,0.274,0.2701,0.5494,0.2596,0.2682,0.2773,0.2246,0.216,0.2811,0.285,0.228,0.2548
7/25/2020,15.0601,0.269,0.3453,0.2457,0.394,0.3375,0.4117,0.4293,0.3156,0.3065,0.3672,0.3693,0.2676,0.2973,0.2726,0.3305,0.2655,0.3072,0.3389,0.322,0.3015,0.2923,0.2902,0.3481,0.3474,0.2535,0.2923,0.25,0.2443,0.3001,0.2669,0.2281,0.2719,0.2613,0.233,0.274,0.2662,0.3135,0.2443,0.8643,0.336,0.3403,0.2994,0.2832,0.3255,0.3065,0.262,0.2528,0.3185
7/24/2020,14.2278,0.2912,0.3311,0.2881,0.3772,0.4519,0.4152,0.2775,0.2831,0.2402,0.2495,0.2532,0.2364,0.285,0.2937,0.2545,0.2999,0.2476,0.308,0.2788,0.3049,0.2439,0.2433,0.3255,0.2358,0.2539,0.2956,0.3236,0.2483,0.3473,0.2918,0.2445,0.2495,0.2495,0.2483,0.2333,0.2707,0.313,0.2763,0.9113,0.3474,0.247,0.2476,0.3217,0.2314,0.2869,0.2489,0.2439,0.2806
7/23/2020,13.3199,0.2848,0.2672,0.3034,0.2965,0.3848,0.3247,0.3491,0.2725,0.3284,0.3231,0.2741,0.2422,0.2289,0.2731,0.2848,0.2911,0.2512,0.2981,0.2598,0.2539,0.2294,0.255,0.2997,0.2943,0.2337,0.2209,0.2422,0.2348,0.256,0.2433,0.2316,0.2332,0.2406,0.214,0.2481,0.2427,0.2757,0.2369,0.6033,0.2727,0.2725,0.3103,0.2497,0.2672,0.2927,0.3066,0.247,0.2741
7/22/2020,14.6063,0.3166,0.2849,0.3285,0.4402,0.5016,0.3675,0.4296,0.3761,0.3695,0.3345,0.3312,0.2829,0.2565,0.3067,0.3146,0.2862,0.2473,0.2968,0.2671,0.2697,0.3133,0.2671,0.2843,0.312,0.2539,0.2453,0.3721,0.2486,0.308,0.275,0.2611,0.2268,0.2374,0.2426,0.2215,0.2691,0.3272,0.24,0.601,0.2721,0.2902,0.271,0.2618,0.2942,0.2803,0.2539,0.3252,0.2433
7/21/2020,12.7901,0.228,0.2711,0.273,0.2831,0.3745,0.2601,0.342,0.3554,0.2309,0.2558,0.2625,0.2447,0.2653,0.2251,0.238,0.2529,0.2577,0.2332,0.2682,0.2457,0.2725,0.2304,0.297,0.2256,0.2404,0.2673,0.2361,0.2304,0.2591,0.2491,0.2347,0.2452,0.2395,0.2069,0.2155,0.2452,0.2797,0.2443,0.7409,0.3061,0.2356,0.2438,0.2304,0.2332,0.2706,0.2596,0.2644,0.2194
7/20/2020,17.0281,0.3481,0.414,0.3436,0.3671,0.5377,0.5088,0.4908,0.5007,0.3572,0.4339,0.2958,0.377,0.2741,0.2849,0.3319,0.3012,0.3788,0.2913,0.3707,0.3454,0.3201,0.3671,0.3057,0.2588,0.2777,0.2994,0.2813,0.2723,0.3499,0.3328,0.238,0.3102,0.2687,0.2994,0.266,0.3247,0.3716,0.2687,0.9737,0.3626,0.377,0.368,0.3337,0.3626,0.2813,0.3319,0.3301,0.3418
7/19/2020,14.8331,0.3033,0.3382,0.2862,0.3163,0.4933,0.4277,0.384,0.3143,0.2562,0.3361,0.3723,0.3505,0.3033,0.2801,0.2862,0.2493,0.2931,0.2794,0.3095,0.2657,0.2958,0.3204,0.33,0.3471,0.2657,0.2452,0.3935,0.2391,0.3006,0.2575,0.2623,0.2193,0.2473,0.2589,0.2302,0.2821,0.3307,0.2562,0.6566,0.2856,0.3266,0.261,0.2651,0.2309,0.3307,0.3334,0.2979,0.3184
7/18/2020,11.9571,0.2755,0.2703,0.2601,0.262,0.2866,0.3281,0.3111,0.2735,0.2676,0.2272,0.2703,0.2217,0.2399,0.2426,0.2363,0.2569,0.2506,0.224,0.2359,0.2434,0.2434,0.2181,0.2134,0.2169,0.2454,0.2498,0.264,0.2157,0.2605,0.2462,0.1932,0.232,0.2193,0.2173,0.2169,0.2221,0.2383,0.2126,0.4265,0.2297,0.2711,0.2707,0.2347,0.2312,0.2589,0.2601,0.2466,0.2189
7/17/2020,14.7579,0.2788,0.3478,0.3282,0.4282,0.3498,0.3221,0.4275,0.3599,0.3694,0.3147,0.3201,0.3478,0.3052,0.293,0.2451,0.2897,0.266,0.3025,0.3255,0.2998,0.3065,0.3288,0.3538,0.2613,0.2451,0.2647,0.3775,0.2383,0.3552,0.2606,0.2532,0.2336,0.2728,0.2626,0.2525,0.2741,0.287,0.3221,0.5103,0.2501,0.3228,0.293,0.2795,0.2613,0.3086,0.2734,0.3241,0.264
7/16/2020,15.4384,0.3571,0.3645,0.3385,0.3623,0.5066,0.3125,0.3169,0.3422,0.2641,0.3385,0.343,0.334,0.3117,0.3058,0.2864,0.2641,0.2872,0.3117,0.3058,0.3206,0.3214,0.3229,0.3749,0.311,0.3058,0.2574,0.3958,0.2559,0.3705,0.2827,0.2425,0.2515,0.2217,0.2641,0.2641,0.2782,0.3422,0.2998,0.6862,0.2928,0.2961,0.3616,0.2596,0.343,0.3035,0.3169,0.3184,0.3244
7/15/2020,12.3356,0.2287,0.2486,0.2764,0.2642,0.2902,0.334,0.347,0.3332,0.2304,0.2477,0.2989,0.2178,0.2295,0.2278,0.246,0.2447,0.2686,0.2651,0.2278,0.269,0.2347,0.2291,0.2434,0.2451,0.2469,0.2352,0.2477,0.2209,0.3136,0.2569,0.2178,0.223,0.2209,0.2287,0.2031,0.233,0.2152,0.2516,0.646,0.283,0.2157,0.2109,0.2391,0.2157,0.23,0.2564,0.2512,0.2252
7/14/2020,19.298,0.3361,0.3802,0.4559,0.6039,0.6118,0.4277,0.6536,0.518,0.3949,0.5327,0.4005,0.4175,0.3949,0.4085,0.3463,0.3994,0.3045,0.4254,0.3768,0.344,0.3,0.3395,0.4254,0.4548,0.3271,0.335,0.3655,0.2796,0.3553,0.3666,0.3384,0.3113,0.3068,0.2559,0.3147,0.3294,0.37,0.3678,1.1394,0.4028,0.335,0.4514,0.4209,0.3678,0.3429,0.2989,0.3666,0.2966
7/13/2020,15.3632,0.322,0.3603,0.3176,0.4332,0.361,0.4649,0.4789,0.4582,0.3758,0.3397,0.3154,0.3242,0.3125,0.3044,0.2852,0.339,0.3345,0.3478,0.272,0.3147,0.2889,0.2815,0.2616,0.3529,0.311,0.3044,0.3655,0.2455,0.3169,0.2845,0.23,0.2285,0.2778,0.2558,0.2535,0.2837,0.2955,0.258,0.595,0.2707,0.2683,0.2837,0.2992,0.2587,0.3449,0.3471,0.2823,0.2565
7/12/2020,17.2549,0.3268,0.3693,0.3925,0.5304,0.3832,0.3768,0.4887,0.3869,0.4045,0.3444,0.4323,0.2833,0.2768,0.361,0.3009,0.3083,0.3184,0.324,0.3888,0.3916,0.3166,0.3268,0.3897,0.3305,0.3582,0.3314,0.3046,0.2999,0.4795,0.3221,0.2759,0.2805,0.2518,0.2953,0.2629,0.3064,0.3629,0.274,0.9404,0.3545,0.2888,0.2898,0.3712,0.3731,0.3758,0.4221,0.3758,0.3055
7/11/2020,18.2387,0.4278,0.3745,0.3417,0.4257,0.4974,0.5179,0.5056,0.5803,0.3315,0.3633,0.4656,0.3377,0.3059,0.2813,0.3991,0.3571,0.395,0.4114,0.3796,0.3919,0.3264,0.3243,0.4298,0.4155,0.3694,0.3243,0.437,0.3028,0.3223,0.3827,0.2353,0.3172,0.3274,0.2772,0.3039,0.31,0.4042,0.3786,0.6931,0.2945,0.4144,0.3284,0.4032,0.3858,0.3714,0.4063,0.3059,0.3571
7/10/2020,13.9247,0.3035,0.3041,0.2431,0.3521,0.3278,0.3403,0.3178,0.3533,0.3112,0.3302,0.2561,0.2911,0.2638,0.2709,0.2917,0.2858,0.2656,0.2372,0.3041,0.2786,0.2555,0.2395,0.2508,0.2822,0.22,0.2929,0.3142,0.2265,0.2852,0.2455,0.2117,0.2555,0.2253,0.2182,0.2526,0.2443,0.2952,0.2976,0.8828,0.3405,0.2549,0.2792,0.3095,0.2526,0.3106,0.2869,0.239,0.2277
7/9/2020,17.4063,0.3802,0.3388,0.3087,0.4423,0.3943,0.5232,0.4827,0.4479,0.2824,0.3896,0.4912,0.399,0.2937,0.2814,0.3473,0.3143,0.3143,0.3454,0.3595,0.3247,0.3247,0.3256,0.3924,0.2758,0.2824,0.2842,0.3642,0.2692,0.4677,0.3115,0.2814,0.3162,0.2335,0.2937,0.2513,0.3021,0.3219,0.2899,1.0802,0.3885,0.3247,0.3698,0.3792,0.3266,0.383,0.4178,0.3576,0.3303
7/8/2020,13.9251,0.2455,0.2988,0.2431,0.3018,0.3089,0.3972,0.3255,0.4078,0.3255,0.3136,0.3954,0.2727,0.2372,0.2413,0.2378,0.2739,0.3035,0.3077,0.2869,0.2864,0.249,0.2964,0.2555,0.2976,0.2638,0.2532,0.2271,0.2301,0.3669,0.2591,0.2544,0.236,0.249,0.2312,0.2384,0.2431,0.3118,0.2342,0.7645,0.3118,0.2952,0.2295,0.2798,0.2686,0.2461,0.2656,0.3083,0.2484
7/7/2020,15.2872,0.308,0.2825,0.3255,0.4414,0.3765,0.4122,0.4414,0.4268,0.3452,0.2884,0.4042,0.2869,0.3168,0.2585,0.2687,0.2869,0.2738,0.2578,0.319,0.3168,0.276,0.3343,0.2986,0.292,0.2957,0.2723,0.3423,0.2541,0.308,0.3117,0.2578,0.2636,0.2199,0.2206,0.225,0.2971,0.3117,0.3277,0.9436,0.3553,0.2752,0.2468,0.2519,0.265,0.3022,0.3029,0.2891,0.3095
7/6/2020,12.336,0.2425,0.2278,0.2239,0.2655,0.2781,0.2807,0.2707,0.2538,0.282,0.2408,0.2807,0.256,0.2551,0.2599,0.2278,0.2499,0.2421,0.2482,0.2569,0.2317,0.2339,0.2638,0.2599,0.2139,0.2061,0.2278,0.2816,0.2287,0.2365,0.2573,0.2265,0.2035,0.2343,0.2118,0.2183,0.2386,0.2326,0.2135,0.9171,0.3489,0.2248,0.2347,0.2252,0.2282,0.2252,0.2209,0.2183,0.23
7/5/2020,15.8171,0.3472,0.341,0.3457,0.4262,0.441,0.3363,0.4387,0.4614,0.3308,0.3543,0.3965,0.2831,0.3285,0.3074,0.2988,0.2761,0.3042,0.3355,0.2949,0.3402,0.3277,0.3496,0.2792,0.2495,0.298,0.3394,0.3441,0.2691,0.3981,0.3207,0.2331,0.2831,0.2511,0.2894,0.2699,0.2972,0.3629,0.2847,0.717,0.3003,0.2839,0.2886,0.3207,0.2691,0.3089,0.2933,0.2699,0.3308
7/4/2020,17.9355,0.3803,0.3843,0.2909,0.5591,0.6267,0.576,0.5134,0.433,0.4975,0.4717,0.5581,0.3704,0.3604,0.3167,0.3723,0.3654,0.3137,0.3872,0.4031,0.3584,0.3137,0.3177,0.3803,0.3107,0.263,0.3694,0.4498,0.275,0.2978,0.3008,0.3177,0.2998,0.3058,0.2998,0.3147,0.3137,0.2978,0.2829,0.5672,0.2639,0.3912,0.418,0.2938,0.2899,0.3902,0.3058,0.3882,0.3783
7/3/2020,15.1361,0.3615,0.3237,0.3322,0.4343,0.4286,0.4478,0.4022,0.4164,0.3822,0.3258,0.3807,0.3301,0.2837,0.2573,0.3308,0.3022,0.2666,0.2887,0.2751,0.2794,0.2509,0.3258,0.3501,0.2973,0.2516,0.3051,0.2787,0.2409,0.2944,0.2709,0.2444,0.2252,0.2494,0.2273,0.263,0.2716,0.3272,0.3194,0.7242,0.302,0.268,0.3144,0.2951,0.2837,0.2915,0.2787,0.268,0.268
7/2/2020,14.3036,0.2864,0.3324,0.2808,0.335,0.3904,0.374,0.3677,0.3791,0.3602,0.2505,0.3413,0.2448,0.2499,0.2877,0.2751,0.3022,0.2537,0.2486,0.3123,0.3192,0.294,0.2505,0.328,0.236,0.2436,0.2625,0.3589,0.2574,0.3778,0.2814,0.2461,0.2121,0.2165,0.2644,0.26,0.2486,0.282,0.2669,0.6866,0.2929,0.3224,0.3375,0.2606,0.2404,0.2726,0.3261,0.2467,0.2398
7/1/2020,18.8445,0.3879,0.3554,0.3695,0.5777,0.6341,0.5831,0.5462,0.4605,0.5527,0.4573,0.5419,0.4584,0.3499,0.312,0.4128,0.4302,0.3478,0.3521,0.4269,0.364,0.3749,0.2914,0.3662,0.2751,0.3022,0.377,0.3033,0.286,0.4258,0.3944,0.3131,0.3066,0.2643,0.3066,0.2838,0.3228,0.3966,0.3651,0.6623,0.287,0.3911,0.3402,0.4096,0.364,0.3662,0.3684,0.3662,0.4139
6/30/2020,16.574,0.387,0.3193,0.3441,0.4796,0.435,0.4848,0.4796,0.3579,0.4342,0.3493,0.2824,0.2936,0.2858,0.3296,0.3664,0.3613,0.3116,0.3313,0.3296,0.3664,0.327,0.333,0.3596,0.3716,0.2533,0.321,0.3544,0.2876,0.459,0.3484,0.2233,0.2876,0.2927,0.2344,0.2764,0.3073,0.2618,0.3081,0.9345,0.3531,0.2816,0.2824,0.2507,0.2473,0.3313,0.2918,0.3347,0.3313
6/29/2020,15.3632,0.3412,0.2646,0.3397,0.3846,0.4752,0.3596,0.3802,0.3257,0.3206,0.3235,0.375,0.2815,0.2896,0.2484,0.3228,0.3125,0.3368,0.3272,0.3441,0.2911,0.3066,0.3257,0.3191,0.3206,0.2661,0.2587,0.3691,0.2646,0.2705,0.2734,0.2513,0.2727,0.2727,0.2521,0.269,0.283,0.2594,0.2963,0.8664,0.3365,0.3463,0.244,0.3287,0.2918,0.3095,0.3132,0.2668,0.2852
6/28/2020,20.8873,0.4425,0.4811,0.4206,0.485,0.5662,0.6538,0.5249,0.5043,0.3278,0.543,0.3522,0.5146,0.4296,0.3793,0.4592,0.3587,0.3316,0.4283,0.445,0.4476,0.369,0.3149,0.3278,0.3303,0.3342,0.4064,0.3406,0.3355,0.5095,0.3651,0.3046,0.2814,0.2762,0.32,0.2904,0.3909,0.4553,0.4669,1.7159,0.5428,0.3651,0.5082,0.3535,0.4437,0.378,0.3419,0.3394,0.3845
6/27/2020,14.9844,0.2596,0.3001,0.321,0.4034,0.4321,0.3811,0.298,0.3594,0.2421,0.3622,0.4111,0.3287,0.2987,0.3175,0.2547,0.3189,0.3308,0.3406,0.3085,0.2728,0.2924,0.3161,0.358,0.2428,0.3092,0.2491,0.3734,0.2596,0.2624,0.2966,0.2428,0.2784,0.2323,0.226,0.2463,0.2617,0.3015,0.2798,0.5932,0.2702,0.3071,0.3664,0.3364,0.2735,0.3252,0.314,0.314,0.3147
6/26/2020,14.1522,0.3199,0.294,0.2553,0.3888,0.3026,0.4171,0.3986,0.3881,0.3235,0.3728,0.4041,0.3063,0.2805,0.2983,0.2479,0.2528,0.2842,0.3155,0.254,0.2645,0.2491,0.2319,0.2669,0.286,0.2799,0.2983,0.3408,0.2534,0.2756,0.2836,0.2356,0.2337,0.2183,0.219,0.2565,0.2528,0.3026,0.2811,0.58,0.267,0.251,0.2589,0.2485,0.294,0.3002,0.3186,0.2713,0.2288
6/25/2020,14.6819,0.2923,0.3183,0.3083,0.3397,0.4988,0.4426,0.3598,0.3364,0.3885,0.3411,0.3618,0.2823,0.3023,0.2936,0.2615,0.2923,0.2849,0.3043,0.3023,0.2836,0.2629,0.2575,0.335,0.3457,0.2662,0.3063,0.3244,0.2342,0.2776,0.2589,0.2168,0.2776,0.2689,0.2275,0.2355,0.2796,0.301,0.2849,0.5489,0.2595,0.313,0.307,0.2836,0.2636,0.305,0.2809,0.3143,0.2509
6/24/2020,23.5366,0.3749,0.4929,0.5023,0.5644,0.6219,0.5256,0.7322,0.5116,0.5815,0.5426,0.5147,0.3919,0.4184,0.4898,0.4277,0.5426,0.3671,0.4852,0.5116,0.4603,0.35,0.4898,0.3702,0.4323,0.3842,0.3593,0.4277,0.3562,0.5395,0.4929,0.3282,0.3065,0.3345,0.2801,0.3749,0.4292,0.3904,0.3376,2.3432,0.6951,0.4479,0.5473,0.336,0.538,0.4587,0.4215,0.3593,0.3469
6/23/2020,12.7897,0.2605,0.2922,0.2462,0.319,0.2931,0.3137,0.3664,0.2692,0.2356,0.272,0.3065,0.296,0.2567,0.2706,0.2423,0.2826,0.2289,0.2486,0.2744,0.2605,0.2495,0.2582,0.2888,0.2313,0.2184,0.2644,0.2409,0.2217,0.3027,0.2538,0.217,0.2217,0.2232,0.2309,0.2126,0.2524,0.2395,0.2409,0.5748,0.2658,0.2706,0.285,0.2495,0.2347,0.2807,0.2462,0.2443,0.2352
6/22/2020,14.8328,0.3395,0.3095,0.3457,0.4345,0.3723,0.3026,0.3594,0.3737,0.2951,0.3498,0.3648,0.2835,0.2917,0.25,0.2459,0.3102,0.2678,0.291,0.3231,0.2774,0.2767,0.2753,0.3088,0.3348,0.2507,0.2562,0.2678,0.2384,0.3108,0.3088,0.2719,0.2405,0.2637,0.2193,0.2391,0.2603,0.2487,0.2555,1.0706,0.3861,0.2575,0.2534,0.3088,0.2582,0.2876,0.2548,0.2548,0.2862
6/21/2020,15.8929,0.3592,0.3253,0.3561,0.4816,0.3577,0.3711,0.3308,0.4911,0.3135,0.4255,0.3293,0.2582,0.3079,0.3253,0.2882,0.2764,0.3277,0.3064,0.3545,0.2993,0.345,0.3466,0.3143,0.3403,0.2535,0.2732,0.2914,0.2732,0.3072,0.278,0.2345,0.2693,0.2369,0.2669,0.2803,0.3001,0.2851,0.3056,0.8526,0.3332,0.2827,0.2732,0.3577,0.3545,0.3016,0.3798,0.3411,0.33
6/20/2020,15.5898,0.3693,0.3101,0.3572,0.3989,0.5439,0.4156,0.4354,0.4316,0.3352,0.3777,0.3465,0.3291,0.3078,0.3283,0.3124,0.2896,0.2904,0.2615,0.3382,0.2828,0.3352,0.2593,0.2805,0.2547,0.2691,0.3101,0.4065,0.2646,0.3822,0.3283,0.2471,0.2684,0.2615,0.2509,0.2631,0.2843,0.3541,0.2873,0.5252,0.2537,0.2555,0.3336,0.3352,0.3329,0.3253,0.282,0.3336,0.2441
6/19/2020,20.4332,0.3693,0.3544,0.5123,0.6279,0.4502,0.5596,0.6578,0.5223,0.3457,0.4253,0.6304,0.5098,0.4141,0.4352,0.3382,0.4315,0.393,0.3258,0.3867,0.4402,0.3358,0.3681,0.3793,0.424,0.3295,0.3072,0.3022,0.3345,0.5533,0.4004,0.2686,0.3072,0.3258,0.3283,0.332,0.3892,0.4153,0.3954,1.2172,0.4217,0.3097,0.5198,0.4315,0.3743,0.4116,0.4439,0.3606,0.3171
6/18/2020,20.8873,0.4528,0.5133,0.3754,0.6822,0.4901,0.7028,0.6074,0.668,0.3471,0.3432,0.3561,0.3716,0.3754,0.4064,0.3961,0.4386,0.4541,0.3587,0.3986,0.3896,0.4115,0.3651,0.3535,0.2955,0.3819,0.4244,0.3986,0.3265,0.3716,0.3793,0.2749,0.3626,0.2672,0.2685,0.3651,0.3522,0.4154,0.4193,1.6382,0.5239,0.4489,0.293,0.4553,0.4386,0.3986,0.3561,0.4399,0.3342
6/17/2020,23.612,0.5335,0.3915,0.3884,0.6413,0.7755,0.4586,0.4321,0.546,0.4617,0.4258,0.379,0.5788,0.4617,0.3915,0.4492,0.4446,0.3852,0.4274,0.5086,0.5304,0.4461,0.4461,0.5008,0.4274,0.3243,0.4524,0.4305,0.3634,0.6132,0.4102,0.3993,0.3368,0.3259,0.3493,0.3478,0.3837,0.4055,0.482,2.1377,0.6452,0.5242,0.468,0.5367,0.4742,0.4539,0.5367,0.4524,0.3275
6/16/2020,22.8555,0.5158,0.443,0.5633,0.495,0.6613,0.538,0.4311,0.4965,0.538,0.4415,0.3925,0.489,0.4341,0.4177,0.4073,0.5069,0.3954,0.5113,0.3791,0.4192,0.3687,0.3524,0.492,0.5425,0.4341,0.4697,0.3271,0.3761,0.599,0.4103,0.3078,0.2915,0.3657,0.3271,0.3464,0.3925,0.336,0.437,2.1593,0.6504,0.44,0.5425,0.4816,0.4638,0.3613,0.3613,0.4014,0.342
6/15/2020,24.3688,0.4089,0.5186,0.4548,0.6757,0.8754,0.8132,0.7363,0.6365,0.7068,0.5284,0.6397,0.5824,0.4531,0.3565,0.3598,0.4417,0.3713,0.4957,0.4859,0.4449,0.4548,0.5186,0.5612,0.607,0.4106,0.4711,0.5235,0.3778,0.6463,0.4286,0.2763,0.422,0.4237,0.4122,0.2993,0.4171,0.3844,0.4809,1.198,0.417,0.3615,0.3222,0.4335,0.3565,0.5055,0.6119,0.5431,0.5186
6/14/2020,16.1195,0.3859,0.3063,0.3461,0.3835,0.3648,0.4996,0.3989,0.3891,0.3818,0.4297,0.446,0.364,0.3006,0.2917,0.2982,0.3339,0.3502,0.2779,0.2836,0.3063,0.3209,0.2471,0.3047,0.295,0.3201,0.338,0.4151,0.2771,0.407,0.3209,0.2641,0.23,0.2901,0.2414,0.2568,0.282,0.2665,0.3282,0.741,0.3061,0.2641,0.3469,0.3347,0.3567,0.3437,0.2633,0.2665,0.3534
6/13/2020,17.9361,0.4339,0.4022,0.3644,0.5651,0.6506,0.574,0.574,0.3564,0.5005,0.4161,0.4012,0.3455,0.3425,0.3564,0.3733,0.3604,0.3555,0.3237,0.3256,0.3713,0.3495,0.3018,0.3982,0.3048,0.3018,0.3525,0.3733,0.27,0.3465,0.3495,0.2551,0.268,0.2799,0.266,0.2521,0.3396,0.3853,0.2869,0.8415,0.3305,0.3525,0.272,0.3962,0.3386,0.4141,0.2799,0.2819,0.3555
6/12/2020,24.7473,0.6172,0.6088,0.5971,0.8583,1.0241,0.716,0.4631,0.7712,0.6791,0.6004,0.5318,0.3509,0.5016,0.4547,0.4129,0.4748,0.5485,0.515,0.4832,0.5267,0.3559,0.3827,0.3794,0.5117,0.4664,0.5368,0.4162,0.4011,0.6289,0.4313,0.3057,0.3509,0.3023,0.3291,0.3794,0.4262,0.443,0.3911,1.5627,0.5056,0.3894,0.3861,0.3341,0.4162,0.3944,0.5519,0.5016,0.5318
6/11/2020,27.8499,0.4128,0.6312,0.6768,0.7761,0.917,0.921,0.7403,0.9468,0.6113,0.4466,0.7145,0.4088,0.4009,0.4922,0.5974,0.4466,0.6331,0.5061,0.5895,0.4843,0.516,0.647,0.6589,0.5716,0.5418,0.5855,0.7165,0.4088,0.8019,0.5021,0.389,0.4922,0.3195,0.385,0.4386,0.5101,0.5299,0.5915,1.2416,0.4276,0.6034,0.653,0.3751,0.4644,0.4922,0.5696,0.4704,0.5934
6/10/2020,29.2885,0.5051,0.7265,0.7308,1.0395,0.6818,0.9458,0.8926,0.8905,0.5158,0.6435,0.701,0.5243,0.4775,0.5669,0.5711,0.5967,0.6244,0.6499,0.6542,0.5307,0.5094,0.5179,0.7436,0.5158,0.4115,0.4839,0.7074,0.4115,0.8245,0.6073,0.4072,0.4392,0.3689,0.3583,0.3817,0.4626,0.5648,0.569,1.3863,0.4628,0.569,0.6095,0.4647,0.4796,0.684,0.5648,0.6797,0.635
6/9/2020,24.8227,0.4291,0.5603,0.5267,0.8564,0.6125,0.7942,0.5115,0.7942,0.4947,0.7336,0.6057,0.5957,0.4342,0.5317,0.4308,0.4442,0.4627,0.4543,0.5485,0.488,0.4863,0.3315,0.4594,0.3366,0.3736,0.4998,0.7084,0.4022,0.5788,0.4342,0.3887,0.3685,0.4123,0.4123,0.4325,0.3904,0.5603,0.4123,1.611,0.5173,0.4072,0.4072,0.3433,0.4173,0.4627,0.5805,0.4358,0.3433
6/8/2020,22.4769,0.4982,0.4012,0.5402,0.5127,0.7385,0.4634,0.4417,0.6444,0.3968,0.4721,0.3867,0.4258,0.3404,0.3462,0.3592,0.4707,0.3404,0.3636,0.4577,0.4982,0.4808,0.4663,0.4403,0.5242,0.336,0.4837,0.5981,0.3158,0.3534,0.4634,0.2767,0.3896,0.3389,0.2941,0.3722,0.3824,0.3737,0.4446,2.0433,0.6223,0.4345,0.4982,0.4186,0.3809,0.3853,0.407,0.4909,0.3636
6/7/2020,17.9363,0.3684,0.3316,0.425,0.431,0.5353,0.5572,0.3763,0.3723,0.3992,0.3386,0.4111,0.2799,0.3386,0.3366,0.3167,0.3376,0.3803,0.2929,0.3207,0.3336,0.3833,0.3634,0.4349,0.3286,0.3286,0.3763,0.276,0.2938,0.4797,0.3157,0.2829,0.2909,0.2392,0.3167,0.267,0.3356,0.4111,0.3733,1.1389,0.4027,0.3197,0.3882,0.3833,0.3326,0.3763,0.3604,0.3237,0.3306
6/6/2020,18.4656,0.3404,0.3781,0.4419,0.579,0.6669,0.3634,0.5549,0.4116,0.3237,0.3812,0.4042,0.377,0.3184,0.3749,0.332,0.3823,0.2985,0.4168,0.3153,0.4011,0.3844,0.31,0.3519,0.444,0.3278,0.3331,0.3708,0.2975,0.3048,0.3864,0.2473,0.264,0.3247,0.3195,0.2902,0.3341,0.398,0.3414,1.2025,0.4181,0.3613,0.3394,0.3477,0.2734,0.398,0.3613,0.3435,0.3289
6/5/2020,18.0115,0.432,0.3929,0.4029,0.5171,0.5852,0.5281,0.453,0.5271,0.4971,0.5001,0.3599,0.2818,0.3339,0.3359,0.3178,0.3048,0.3649,0.3098,0.3108,0.3519,0.2798,0.2688,0.416,0.3038,0.3078,0.2908,0.3829,0.2868,0.3819,0.3208,0.2818,0.3158,0.2568,0.2538,0.3018,0.3048,0.4059,0.2948,1.16,0.4078,0.3859,0.2808,0.3058,0.3649,0.3279,0.3228,0.3979,0.2958
6/4/2020,17.9359,0.4161,0.3088,0.2879,0.3882,0.5234,0.582,0.577,0.3763,0.4856,0.432,0.4836,0.4131,0.3078,0.3793,0.3564,0.2938,0.2859,0.3644,0.3217,0.3704,0.3614,0.3296,0.3505,0.4339,0.3336,0.2938,0.3207,0.2789,0.3227,0.3107,0.2968,0.3117,0.2561,0.2541,0.3107,0.3058,0.3266,0.3217,1.0509,0.3813,0.3147,0.433,0.3843,0.2591,0.3028,0.4389,0.4041,0.2938
6/3/2020,17.7087,0.4094,0.4259,0.3307,0.3939,0.5026,0.4948,0.4968,0.5676,0.3531,0.3492,0.5055,0.389,0.3026,0.3036,0.3579,0.3269,0.2948,0.3181,0.3676,0.4055,0.3492,0.2987,0.4094,0.2909,0.2676,0.323,0.2764,0.2725,0.4618,0.3181,0.256,0.322,0.2628,0.2919,0.2832,0.3016,0.4036,0.3123,0.9479,0.3563,0.4317,0.3608,0.4045,0.2686,0.3754,0.2803,0.3259,0.3608
6/2/2020,17.5575,0.3922,0.419,0.3731,0.4037,0.5088,0.3932,0.3473,0.5509,0.4945,0.333,0.375,0.3253,0.3014,0.2756,0.3798,0.3913,0.3368,0.3177,0.3521,0.375,0.3674,0.3272,0.4209,0.3053,0.2651,0.2804,0.4534,0.2794,0.4027,0.3674,0.2775,0.2833,0.2957,0.289,0.2603,0.3244,0.4008,0.3855,0.6858,0.2927,0.4075,0.4285,0.3741,0.289,0.3932,0.3301,0.3387,0.3865
6/1/2020,18.9959,0.4108,0.3723,0.3855,0.6186,0.48,0.424,0.6142,0.6285,0.3965,0.435,0.3668,0.4548,0.3371,0.3272,0.3602,0.3041,0.3877,0.3371,0.3558,0.369,0.2931,0.3426,0.2986,0.3712,0.3569,0.314,0.48,0.3228,0.3921,0.3998,0.3107,0.3349,0.2546,0.3294,0.2832,0.3602,0.4031,0.3272,1.0612,0.3838,0.325,0.4723,0.3426,0.4262,0.314,0.3745,0.3481,0.4086
5/31/2020,18.6167,0.344,0.4533,0.3843,0.4873,0.6784,0.4905,0.5383,0.5138,0.5138,0.4671,0.5372,0.414,0.3302,0.3567,0.3227,0.3546,0.3461,0.4172,0.3185,0.4151,0.396,0.2824,0.4629,0.3503,0.3142,0.3004,0.4406,0.2728,0.4862,0.3217,0.3015,0.2442,0.3249,0.2845,0.3132,0.345,0.4119,0.345,0.839,0.3299,0.3387,0.3461,0.2866,0.2919,0.3864,0.2845,0.3578,0.275
5/30/2020,19.7523,0.4135,0.3794,0.457,0.5322,0.5075,0.3923,0.6097,0.5521,0.4981,0.4922,0.5627,0.3512,0.3524,0.3958,0.3994,0.3676,0.3183,0.3629,0.4099,0.4487,0.4299,0.3653,0.4111,0.3312,0.3594,0.3888,0.5568,0.2912,0.5157,0.3618,0.2407,0.3159,0.2807,0.2619,0.343,0.3253,0.3982,0.3265,1.0565,0.3827,0.4346,0.3817,0.3876,0.3347,0.39,0.3147,0.4358,0.3277
5/29/2020,17.482,0.3667,0.3136,0.381,0.5232,0.4132,0.5033,0.4843,0.4682,0.398,0.4597,0.4141,0.2861,0.288,0.3061,0.3715,0.3639,0.3923,0.3582,0.381,0.3829,0.3051,0.2985,0.3184,0.2956,0.3288,0.3335,0.3876,0.2975,0.4379,0.3146,0.3098,0.307,0.2729,0.2918,0.2492,0.3231,0.3952,0.2937,0.9205,0.3497,0.344,0.3127,0.3402,0.2558,0.3942,0.3383,0.2918,0.3193
5/28/2020,17.2554,0.2907,0.3518,0.2787,0.4286,0.386,0.4712,0.5693,0.4323,0.287,0.3527,0.4934,0.3582,0.3157,0.361,0.3009,0.3879,0.3897,0.3508,0.3259,0.3018,0.3647,0.3342,0.398,0.3175,0.2962,0.3009,0.3147,0.2611,0.3731,0.2981,0.2259,0.2509,0.3092,0.2759,0.2407,0.3064,0.3879,0.2935,1.1095,0.3956,0.3675,0.2925,0.3971,0.3832,0.3527,0.3675,0.2981,0.3092
5/27/2020,21.4174,0.4109,0.4887,0.4109,0.647,0.5531,0.6296,0.5558,0.5772,0.4672,0.5142,0.5611,0.4954,0.4431,0.4417,0.3639,0.3988,0.3867,0.333,0.3559,0.4511,0.3518,0.3505,0.439,0.4565,0.2914,0.3867,0.5155,0.3169,0.5437,0.3773,0.2767,0.3156,0.3679,0.329,0.2847,0.372,0.3626,0.3451,1.486,0.487,0.4605,0.3787,0.3518,0.4444,0.3867,0.5075,0.4404,0.3062
5/26/2020,18.5411,0.348,0.407,0.3743,0.4302,0.5398,0.5757,0.5556,0.3838,0.3058,0.4544,0.4892,0.4123,0.3838,0.3005,0.3996,0.3448,0.4207,0.2942,0.388,0.3554,0.2953,0.4154,0.4039,0.3648,0.3164,0.3311,0.446,0.3079,0.3543,0.3364,0.2847,0.2478,0.2552,0.2447,0.2763,0.3227,0.3522,0.4091,1.0819,0.3889,0.4123,0.4544,0.4017,0.2774,0.3638,0.4471,0.2942,0.2921
5/25/2020,26.7908,0.4617,0.6609,0.6703,0.845,0.9953,0.5181,0.706,0.7191,0.6703,0.6815,0.6308,0.5538,0.473,0.4448,0.5744,0.6101,0.6082,0.535,0.4899,0.4335,0.5462,0.6176,0.5594,0.6439,0.3395,0.5181,0.7417,0.3959,0.6684,0.4993,0.394,0.4579,0.3132,0.4391,0.4504,0.4203,0.426,0.3771,1.1525,0.406,0.6646,0.6402,0.3621,0.4861,0.5331,0.4354,0.426,0.5951
5/24/2020,15.2875,0.3503,0.3124,0.2643,0.37,0.4574,0.4086,0.456,0.3889,0.3241,0.3051,0.4195,0.3139,0.2767,0.3131,0.2563,0.3161,0.268,0.2752,0.2738,0.268,0.2643,0.2366,0.2862,0.3328,0.2454,0.249,0.3423,0.2446,0.3452,0.2964,0.2403,0.2483,0.2403,0.2388,0.265,0.2913,0.2578,0.2468,1.0363,0.3778,0.3284,0.3773,0.2556,0.2432,0.2782,0.2716,0.2957,0.3343
5/23/2020,20.7359,0.5067,0.3628,0.5156,0.55,0.4558,0.4074,0.6545,0.4163,0.5156,0.5589,0.4685,0.4048,0.3819,0.3666,0.3437,0.4481,0.4099,0.4634,0.4774,0.3819,0.3182,0.4723,0.3475,0.3972,0.2902,0.3959,0.5437,0.317,0.5195,0.3424,0.3131,0.359,0.3692,0.3386,0.3437,0.3488,0.4163,0.3526,1.3032,0.4426,0.3743,0.3679,0.3233,0.373,0.466,0.4723,0.3921,0.3462
5/22/2020,20.282,0.4958,0.4442,0.3141,0.6481,0.5413,0.6064,0.5597,0.4553,0.4049,0.5155,0.3349,0.3153,0.3877,0.3521,0.4295,0.3423,0.4148,0.3963,0.3534,0.4062,0.3656,0.3902,0.3276,0.3865,0.4099,0.4013,0.5155,0.3337,0.3435,0.4221,0.346,0.3644,0.2846,0.3398,0.3005,0.357,0.4602,0.3337,1.5167,0.4944,0.389,0.3435,0.2919,0.2981,0.3951,0.4344,0.4197,0.2993
5/21/2020,13.6982,0.2419,0.2556,0.304,0.3353,0.2869,0.316,0.2584,0.3587,0.2755,0.2652,0.3353,0.2487,0.2407,0.2385,0.2681,0.2379,0.2647,0.239,0.2584,0.3057,0.2732,0.2219,0.2789,0.284,0.2755,0.2709,0.3536,0.2305,0.2613,0.2687,0.2476,0.2476,0.2271,0.2168,0.2248,0.2453,0.3046,0.2915,0.964,0.3602,0.2801,0.2698,0.2664,0.2322,0.2379,0.288,0.3017,0.2396
5/20/2020,25.2011,0.4625,0.4333,0.4866,0.8375,0.5709,0.8822,0.4901,0.5554,0.6449,0.6655,0.6982,0.4264,0.392,0.4952,0.5004,0.3868,0.5055,0.4109,0.5709,0.5313,0.4505,0.4092,0.5881,0.3817,0.3198,0.5245,0.6328,0.3765,0.4505,0.3937,0.3077,0.435,0.3576,0.2974,0.3524,0.4556,0.4488,0.4281,2.3549,0.6979,0.5571,0.3834,0.3714,0.4987,0.5227,0.4746,0.4126,0.3714
5/19/2020,19.3739,0.3919,0.4544,0.4658,0.5136,0.7069,0.5625,0.5466,0.4965,0.3885,0.4055,0.3987,0.3407,0.3282,0.2941,0.3327,0.3179,0.4419,0.4294,0.3941,0.3941,0.3077,0.2759,0.3123,0.3418,0.2804,0.3054,0.4317,0.3157,0.4374,0.3816,0.3475,0.2986,0.2542,0.2906,0.2781,0.3509,0.3225,0.3589,1.5294,0.4975,0.31,0.3714,0.3737,0.4317,0.3384,0.2941,0.4123,0.3202
5/18/2020,27.6989,0.5252,0.6887,0.6138,0.6138,1.0886,0.7301,0.9251,0.6769,0.5094,0.4405,0.6493,0.3814,0.5666,0.5941,0.5075,0.6276,0.4818,0.6138,0.5528,0.4917,0.4917,0.4247,0.5409,0.5094,0.5646,0.4838,0.4149,0.3814,0.5764,0.5528,0.2927,0.4267,0.3912,0.4661,0.4858,0.4208,0.3971,0.4168,2.5839,0.7535,0.3912,0.6375,0.6473,0.4543,0.4228,0.4346,0.4247,0.4326
5/17/2020,29.5908,0.4841,0.6805,0.6201,0.8705,0.6805,0.6805,1.0692,0.7971,0.8165,0.5467,0.782,0.4301,0.4236,0.5747,0.5272,0.5315,0.4495,0.5942,0.5208,0.5315,0.4733,0.3955,0.6676,0.3847,0.4538,0.415,0.5855,0.4538,0.8079,0.5121,0.3804,0.3977,0.5035,0.497,0.4517,0.5488,0.5164,0.5575,2.724,0.7875,0.6676,0.7,0.5683,0.4797,0.4733,0.4085,0.6546,0.5143
5/16/2020,37.9154,0.6333,0.8428,0.6333,1.1299,1.4829,0.8846,0.7111,0.7769,1.2406,0.6423,0.6543,0.6184,0.7022,0.5316,0.6333,0.6932,0.5885,0.6363,0.8607,0.6543,0.5197,0.8368,0.7171,0.9445,0.4479,0.7829,0.9774,0.5406,1.0432,0.5885,0.5974,0.415,0.5705,0.418,0.5197,0.5705,0.6932,0.5915,3.9291,1.0801,0.5556,0.7051,0.5765,0.8996,0.6603,0.8457,0.7291,0.6094
5/15/2020,36.0235,0.6487,0.8729,0.559,0.8925,1.1811,1.3296,1.1699,0.7019,0.5954,0.9625,0.786,0.8084,0.6907,0.559,0.517,0.6767,0.517,0.6963,0.7776,0.8364,0.6066,0.7804,0.6319,0.8448,0.6711,0.6066,0.9793,0.4469,0.9121,0.7243,0.4693,0.5534,0.4385,0.5758,0.5562,0.5254,0.7103,0.7748,2.1781,0.655,0.6178,0.5198,0.7243,0.7215,0.7524,0.8813,0.828,0.559
5/14/2020,33.8288,0.8434,0.8615,0.5231,0.9157,1.081,1.1662,0.6058,1.2515,0.7736,0.5334,0.6936,0.5799,0.4637,0.6393,0.7556,0.6032,0.6187,0.4895,0.7866,0.7607,0.4844,0.4792,0.5851,0.7065,0.474,0.4714,0.5851,0.4559,0.6626,0.7168,0.5851,0.5928,0.5024,0.5205,0.5773,0.5412,0.5567,0.7117,2.6523,0.7701,0.7246,0.7246,0.7866,0.7969,0.5102,0.4534,0.6677,0.5877
5/13/2020,33.6016,0.502,0.6761,0.7734,0.84,0.9501,0.8451,0.7325,0.6582,1.0576,1.032,1.1395,0.5481,0.4995,0.6813,0.4995,0.7043,0.6096,0.7017,0.5225,0.7555,0.456,0.4611,0.8733,0.5558,0.5865,0.6761,0.4892,0.5097,0.5379,0.5328,0.4739,0.5251,0.5123,0.5251,0.4252,0.5277,0.4457,0.7555,3.1991,0.9028,0.5046,0.8144,0.4688,0.7453,0.6864,0.4841,0.6608,0.5379
5/12/2020,38.2936,0.5999,0.8362,0.9695,1.0119,1.1845,1.2936,1.1603,1.2663,0.7574,0.5726,1.2845,0.9785,0.5878,0.721,0.8513,0.824,0.8028,0.5423,0.824,0.7332,0.7544,0.8665,0.7513,0.8452,0.512,0.5484,0.7513,0.5544,0.715,0.5938,0.4605,0.3848,0.5453,0.6302,0.4938,0.6362,0.6998,0.8755,2.0046,0.6129,0.8846,1.0149,0.7483,0.6362,0.6029,0.7877,0.8907,0.6908
5/11/2020,29.7422,0.6928,0.7624,0.5145,0.9189,1.1864,0.9581,0.8168,0.9972,0.645,0.6863,0.4493,0.5189,0.4558,0.5276,0.4819,0.6537,0.6385,0.4537,0.5058,0.508,0.5385,0.4819,0.5928,0.7472,0.4276,0.4776,0.6015,0.3884,0.7211,0.5493,0.4602,0.4297,0.4254,0.5124,0.421,0.4711,0.4341,0.445,2.2136,0.6636,0.4711,0.6363,0.4515,0.4363,0.558,0.7428,0.4841,0.5885
5/10/2020,27.0933,0.497,0.5123,0.413,0.6459,0.7681,0.56,0.5084,0.5657,0.6268,0.6841,0.8636,0.5352,0.4683,0.4034,0.4302,0.4359,0.5734,0.4836,0.4645,0.5924,0.5333,0.5886,0.5982,0.5829,0.3958,0.5275,0.5027,0.4321,0.6383,0.4951,0.3003,0.3251,0.4263,0.4034,0.4435,0.4206,0.5982,0.5543,2.5065,0.7347,0.4397,0.4302,0.4683,0.5084,0.6383,0.6421,0.4855,0.4416
5/9/2020,24.5198,0.3781,0.5103,0.6011,0.8324,0.8506,0.8043,0.7564,0.7036,0.5549,0.4293,0.4029,0.4227,0.4673,0.3533,0.502,0.5615,0.4624,0.5466,0.4574,0.4475,0.4541,0.545,0.4789,0.5549,0.4062,0.4574,0.6358,0.3897,0.5912,0.4343,0.3286,0.3104,0.4079,0.3352,0.3038,0.4343,0.3847,0.4624,1.3843,0.4623,0.4211,0.4607,0.3302,0.5714,0.5334,0.4293,0.4938,0.4739
5/8/2020,21.8715,0.4455,0.4635,0.4205,0.6757,0.5107,0.5995,0.544,0.7021,0.6272,0.494,0.6549,0.5259,0.3525,0.3692,0.4732,0.4039,0.3747,0.4885,0.4913,0.4594,0.4066,0.3609,0.5315,0.347,0.4011,0.3234,0.4358,0.322,0.5523,0.3553,0.365,0.286,0.3789,0.3179,0.3359,0.3553,0.3206,0.322,1.313,0.445,0.3567,0.3734,0.4691,0.304,0.5093,0.5135,0.4496,0.3442
5/7/2020,23.3093,0.4759,0.4177,0.3473,0.7699,0.8785,0.6841,0.8219,0.5861,0.577,0.4851,0.5923,0.5846,0.4208,0.4162,0.4484,0.4346,0.3596,0.5402,0.505,0.3779,0.404,0.5234,0.5142,0.5203,0.4667,0.3274,0.3412,0.3335,0.5831,0.4101,0.2708,0.3136,0.2891,0.3519,0.2953,0.3887,0.4744,0.4147,1.1435,0.4038,0.3948,0.5861,0.4943,0.5188,0.4009,0.5203,0.5065,0.3948
5/6/2020,21.4934,0.4352,0.388,0.3367,0.4703,0.7401,0.5755,0.4635,0.4622,0.5148,0.3488,0.6484,0.3353,0.3637,0.4298,0.3947,0.4581,0.388,0.4797,0.3664,0.4433,0.3326,0.4095,0.5404,0.3313,0.3056,0.423,0.3056,0.361,0.3421,0.4514,0.3799,0.3394,0.3191,0.3583,0.3502,0.3772,0.3569,0.3164,1.8734,0.581,0.392,0.5607,0.3826,0.4676,0.388,0.4271,0.4568,0.3218
5/5/2020,25.4283,0.5553,0.449,0.5919,0.686,0.5849,0.6913,0.4542,0.4891,0.4595,0.6512,0.6791,0.4246,0.4385,0.4229,0.4629,0.4542,0.5745,0.4734,0.5623,0.4647,0.3636,0.3549,0.5501,0.3723,0.3932,0.4002,0.6547,0.4089,0.5205,0.4525,0.3305,0.4473,0.3044,0.3619,0.3636,0.4124,0.5013,0.3915,2.6783,0.7764,0.5292,0.6721,0.442,0.3932,0.4298,0.4159,0.5048,0.4333
5/4/2020,22.4768,0.5518,0.3896,0.4707,0.5807,0.8543,0.4461,0.753,0.6097,0.3838,0.4779,0.4591,0.3766,0.3882,0.4504,0.4765,0.462,0.5025,0.4403,0.4866,0.3708,0.4808,0.5054,0.3722,0.5257,0.3129,0.3389,0.4272,0.3534,0.572,0.3693,0.3693,0.352,0.3042,0.3882,0.3056,0.365,0.3664,0.3737,1.5634,0.5057,0.4258,0.5402,0.3911,0.4461,0.3505,0.4417,0.3824,0.4171
5/3/2020,23.0068,0.3723,0.4023,0.4323,0.6874,0.6754,0.6994,0.7849,0.7534,0.3302,0.6529,0.7414,0.4173,0.4668,0.3482,0.5088,0.3813,0.5028,0.4008,0.5223,0.5073,0.4338,0.4203,0.5478,0.3843,0.4443,0.4203,0.3167,0.3542,0.3813,0.4278,0.3948,0.3588,0.3573,0.3512,0.3512,0.3663,0.4998,0.5223,1.3295,0.449,0.5478,0.3182,0.3678,0.3843,0.3738,0.4848,0.3828,0.4488
5/2/2020,20.1306,0.4675,0.453,0.4675,0.5136,0.755,0.6167,0.5209,0.59,0.3292,0.3329,0.5682,0.4178,0.3377,0.3341,0.3498,0.3304,0.4517,0.4105,0.4384,0.4056,0.3353,0.4457,0.3292,0.4724,0.3717,0.2904,0.3341,0.3195,0.516,0.4032,0.2455,0.3013,0.3341,0.3256,0.3134,0.3365,0.4044,0.3134,1.1028,0.3939,0.3401,0.4796,0.4117,0.2953,0.4663,0.4008,0.4445,0.3134
5/1/2020,24.2933,0.4974,0.5626,0.4567,0.6506,0.8608,0.662,0.6685,0.6082,0.4925,0.6587,0.6538,0.4437,0.3573,0.385,0.4257,0.4518,0.4045,0.5365,0.4404,0.4241,0.4062,0.3475,0.3899,0.5333,0.3997,0.4844,0.6734,0.3915,0.7076,0.4974,0.3622,0.4143,0.3247,0.4045,0.416,0.4111,0.4909,0.3638,1.5734,0.5082,0.6082,0.3557,0.4192,0.4567,0.486,0.4534,0.3557,0.4176
4/30/2020,30.5745,0.5549,0.5662,0.5391,0.7604,0.9207,0.9748,0.9477,1.1103,0.871,0.6565,0.9003,0.4579,0.485,0.6136,0.433,0.5617,0.5008,0.564,0.5121,0.4872,0.5098,0.3834,0.6949,0.5617,0.4669,0.6069,0.7626,0.4669,0.7852,0.4827,0.3292,0.4398,0.5053,0.3834,0.4534,0.5685,0.5098,0.5414,2.6371,0.7664,0.4963,0.6972,0.3856,0.3879,0.7085,0.5414,0.6498,0.4353
4/29/2020,35.3423,0.5385,0.8502,0.9076,0.8967,1.1428,0.8119,0.7737,1.2303,0.492,0.9897,0.7518,0.8748,0.5249,0.5522,0.7108,0.6725,0.5741,0.6069,0.76,0.7545,0.6971,0.5303,0.7573,0.6944,0.6752,0.6862,1.0498,0.5522,0.7491,0.5631,0.3417,0.3909,0.5385,0.4346,0.4237,0.637,0.4838,0.5522,3.1346,0.8872,0.6971,0.5221,0.5276,0.6123,0.8229,0.6916,0.8174,0.4565
4/28/2020,37.0072,0.9412,0.6134,0.6975,1.0949,1.4053,0.8367,1.1906,0.7381,1.1674,0.9905,1.2341,0.8164,0.5525,0.6279,0.7236,0.741,0.7932,0.8686,0.6511,0.6395,0.5409,0.8628,0.5235,0.8977,0.509,0.6163,0.4828,0.5206,1.1297,0.7555,0.4712,0.6192,0.6076,0.4277,0.5322,0.5902,0.5119,0.4799,2.8485,0.8177,0.8657,0.5815,0.4915,0.4799,0.7352,0.7323,0.5583,0.4944
4/27/2020,28.1525,0.6644,0.6886,0.5093,0.7289,1.0695,0.9587,1.0373,0.9204,0.3964,0.4629,0.5717,0.6161,0.4105,0.5657,0.4266,0.4347,0.4992,0.4871,0.604,0.5274,0.5858,0.6523,0.6765,0.5355,0.3742,0.5072,0.8277,0.3682,0.7934,0.5193,0.4589,0.3561,0.4871,0.3601,0.4448,0.5052,0.5657,0.4045,0.9726,0.3623,0.6987,0.6221,0.5173,0.5879,0.6221,0.7148,0.469,0.5838
4/26/2020,27.3957,0.6807,0.6147,0.7059,0.6729,0.8921,0.6554,0.8416,0.6457,0.7563,0.7447,0.5177,0.4576,0.4751,0.5177,0.5992,0.4498,0.4052,0.5333,0.508,0.4343,0.5973,0.5313,0.5604,0.5565,0.5022,0.5197,0.6651,0.4149,0.7505,0.5604,0.3626,0.3761,0.4595,0.3529,0.4305,0.4654,0.605,0.4654,1.5026,0.491,0.6147,0.5294,0.5953,0.3645,0.5313,0.5119,0.3994,0.572
4/25/2020,29.8174,0.7339,0.5419,0.7448,1.0197,1.251,0.7274,0.5747,0.9608,0.435,0.891,0.6357,0.6947,0.5659,0.4939,0.483,0.6292,0.531,0.4678,0.6968,0.6314,0.5659,0.6161,0.5637,0.4699,0.3958,0.5507,0.4394,0.4154,0.8605,0.6074,0.3456,0.4394,0.4219,0.3543,0.4372,0.5201,0.5354,0.6314,1.8783,0.5822,0.4328,0.8037,0.5987,0.3739,0.5856,0.5223,0.5637,0.5965
4/24/2020,30.8773,0.6013,0.7432,0.6013,1.1092,1.2899,0.7706,0.7134,0.6013,0.8484,0.4778,0.5487,0.6128,0.6151,0.4549,0.5762,0.4778,0.4503,0.6654,0.4869,0.7226,0.4641,0.6219,0.6013,0.519,0.4847,0.5327,0.8049,0.4961,0.4938,0.4915,0.4115,0.3909,0.4961,0.503,0.4481,0.5258,0.5396,0.6517,2.4898,0.7307,0.7775,0.6723,0.5167,0.5853,0.6036,0.654,0.6059,0.3977
4/23/2020,36.9318,0.5515,0.5515,0.6469,0.8668,1.5178,1.0838,0.6585,0.8205,1.0838,0.9681,1.0259,0.725,0.7366,0.5486,0.6469,0.618,0.78,0.7598,0.8321,0.8639,0.7598,0.5052,0.8668,0.7916,0.6903,0.4936,0.9478,0.5196,1.0983,0.6383,0.4068,0.4965,0.6209,0.4647,0.4444,0.6469,0.6672,0.835,2.2968,0.6838,0.9536,0.4791,0.6759,0.8495,0.7684,0.5428,0.6961,0.8061
4/22/2020,41.4724,0.8964,0.6855,0.7491,1.3315,1.0269,1.3047,1.288,1.3918,1.3282,0.7993,1.4051,0.6989,0.6955,0.7324,0.9466,0.96,0.7424,0.6453,0.9231,0.9432,0.8127,0.7558,0.652,0.98,0.498,0.6286,0.96,0.5616,0.739,0.6888,0.7056,0.4177,0.5215,0.5248,0.4478,0.7223,0.8629,0.6353,2.4075,0.7107,0.9298,0.5549,0.5215,0.8328,0.97,1.0303,0.9734,0.9332
4/21/2020,40.1856,0.9295,0.6237,0.8458,1.409,0.8876,1.4927,0.7235,1.2642,0.7782,1.2674,0.7782,0.7106,0.82,0.6591,0.8072,0.9488,0.7331,0.9552,0.7364,0.923,0.6945,0.8973,0.5432,0.8426,0.4531,0.7331,0.5883,0.5497,1.129,0.6591,0.6527,0.4853,0.6591,0.5561,0.5754,0.7267,0.7106,0.9005,3.0077,0.8564,0.9745,0.7331,0.598,0.7042,0.569,0.6108,0.746,0.7364
4/20/2020,37.4612,0.7205,0.8944,0.8796,1.2184,1.4571,0.7942,1.2715,0.7795,0.8737,0.7912,0.912,0.7765,0.6115,0.5909,0.6999,0.6233,0.7883,0.6351,0.7029,0.8826,0.7323,0.4848,0.7883,0.75,0.6911,0.8001,0.8119,0.5762,0.6646,0.7618,0.6204,0.6204,0.6351,0.5202,0.4672,0.5909,0.7205,0.6822,2.5894,0.7548,0.9209,0.6469,0.6115,0.4495,0.5968,0.6793,0.5703,0.8207
4/19/2020,30.423,0.6577,0.7407,0.6331,0.8057,0.651,0.947,0.6645,0.8237,0.6151,0.8595,0.8326,0.7564,0.4694,0.5793,0.5165,0.5949,0.5232,0.5837,0.5994,0.6219,0.4268,0.4514,0.7385,0.5793,0.5725,0.6151,0.4985,0.4178,0.6151,0.5815,0.4357,0.5187,0.4918,0.5075,0.4828,0.4828,0.429,0.6376,2.2651,0.6761,0.7183,0.7317,0.6241,0.503,0.5523,0.447,0.4828,0.4649
4/18/2020,28.0771,0.4377,0.5301,0.5281,0.7911,0.7288,0.7529,0.8232,0.7308,0.4879,0.8473,0.4377,0.4538,0.512,0.4979,0.5521,0.5943,0.4417,0.524,0.5863,0.5501,0.4457,0.6144,0.6144,0.6907,0.4799,0.5401,0.4397,0.4518,0.6686,0.5321,0.3554,0.3594,0.3213,0.4698,0.4196,0.502,0.4116,0.6224,2.5625,0.7483,0.516,0.512,0.4959,0.6565,0.4237,0.4839,0.4116,0.52
4/17/2020,28.8341,0.4729,0.4708,0.4917,0.9271,0.6292,0.7917,0.9813,0.8104,0.6063,0.7333,0.9813,0.4958,0.4792,0.5292,0.4417,0.6646,0.4688,0.425,0.475,0.6542,0.5729,0.5063,0.5271,0.4875,0.4646,0.4063,0.4292,0.3979,0.7688,0.5375,0.4458,0.3271,0.3979,0.3646,0.4313,0.5104,0.4063,0.5625,2.9696,0.8471,0.5542,0.4292,0.4625,0.5438,0.4542,0.4396,0.525,0.5354
4/16/2020,31.1804,0.6813,0.7392,0.6442,0.8621,0.7717,0.7601,0.614,0.9478,0.9131,0.519,1.0243,0.424,0.5445,0.526,0.5375,0.6905,0.5932,0.6117,0.5909,0.5538,0.5028,0.6975,0.6349,0.6187,0.6187,0.6349,0.6998,0.4564,0.9015,0.6303,0.3544,0.4518,0.4564,0.4309,0.4657,0.4657,0.4912,0.4147,2.2986,0.6842,0.5654,0.6442,0.4773,0.7184,0.7044,0.526,0.4773,0.6094
4/15/2020,28.1528,0.5838,0.4669,0.5536,0.6382,0.7632,0.8821,0.5919,1.0131,0.8942,0.604,0.6826,0.4105,0.4669,0.4851,0.4065,0.4085,0.469,0.477,0.471,0.5617,0.5173,0.6564,0.6181,0.5959,0.4045,0.479,0.7269,0.4166,0.4508,0.4448,0.4629,0.3843,0.475,0.4387,0.344,0.4891,0.6503,0.5596,2.3202,0.6895,0.4649,0.5375,0.5133,0.4811,0.6523,0.6161,0.5536,0.3803
4/14/2020,30.1204,0.7042,0.4852,0.702,1.0758,1.2528,1.0935,1.0825,0.9542,0.6843,0.7683,0.9785,0.7241,0.4542,0.4542,0.5206,0.567,0.5272,0.6555,0.6047,0.5427,0.5405,0.6976,0.5471,0.3879,0.4852,0.5538,0.6223,0.3967,0.6024,0.5936,0.4011,0.5317,0.3436,0.4343,0.4056,0.4786,0.6666,0.5737,1.2524,0.4303,0.4542,0.3812,0.5936,0.5294,0.7086,0.4963,0.514,0.6666
4/13/2020,24.293,0.6131,0.6066,0.3915,0.5658,0.8673,0.6669,0.6848,0.7288,0.4909,0.4453,0.4388,0.4469,0.4648,0.3491,0.5316,0.5088,0.3785,0.543,0.5398,0.5479,0.4681,0.3475,0.5382,0.5414,0.4437,0.5056,0.561,0.354,0.6278,0.5023,0.328,0.4111,0.31,0.2872,0.4143,0.4534,0.4583,0.3964,1.3715,0.4592,0.5153,0.3654,0.3263,0.5349,0.5691,0.5039,0.4208,0.4681
4/12/2020,29.3634,0.7349,0.6238,0.5619,0.94,1.0063,0.9785,0.8289,1.0127,0.846,0.6943,0.9913,0.5256,0.5768,0.3995,0.5918,0.5469,0.4209,0.6666,0.6303,0.6281,0.4935,0.6196,0.4722,0.4551,0.4636,0.6324,0.7798,0.4358,0.5341,0.4978,0.3867,0.3974,0.4957,0.4572,0.4636,0.532,0.4807,0.5683,1.3941,0.4646,0.6837,0.47,0.5982,0.4316,0.4529,0.4658,0.4935,0.5384
4/11/2020,27.2444,0.5034,0.438,0.6805,0.7151,0.8806,0.8075,0.6401,0.8614,0.6709,0.8056,0.59,0.5862,0.565,0.3784,0.4688,0.4534,0.4804,0.5034,0.5439,0.5458,0.3899,0.4842,0.6574,0.5708,0.361,0.5111,0.7498,0.363,0.4765,0.4303,0.3206,0.4438,0.3322,0.3764,0.3976,0.4919,0.4938,0.3687,1.7942,0.5618,0.5862,0.5804,0.54,0.5092,0.465,0.6651,0.6208,0.5843
4/10/2020,27.9258,0.5433,0.603,0.5074,0.6409,0.6867,0.7146,0.5253,0.613,0.8501,0.5373,0.886,0.623,0.4695,0.5433,0.5313,0.5771,0.4735,0.4297,0.625,0.4436,0.5652,0.5911,0.5592,0.4735,0.356,0.5712,0.4337,0.4396,0.6369,0.5931,0.4596,0.4835,0.4416,0.4456,0.4835,0.4576,0.4257,0.4058,2.2542,0.6735,0.6628,0.5373,0.5692,0.3739,0.605,0.619,0.609,0.3759
4/9/2020,33.1477,0.5514,0.6193,0.4886,0.989,1.0217,0.901,1.248,1.0544,0.5615,0.642,1.0594,0.5489,0.6294,0.4559,0.5187,0.6923,0.476,0.5338,0.7576,0.6344,0.4508,0.7652,0.8356,0.4609,0.3955,0.6017,0.7576,0.4634,0.5062,0.6118,0.4911,0.3829,0.5389,0.5137,0.4584,0.5011,0.4508,0.5187,3.3355,0.936,0.7903,0.4282,0.4181,0.6319,0.7099,0.6369,0.6973,0.476
4/8/2020,32.2396,0.7024,0.7048,0.8114,0.7363,0.7896,1.0005,0.9545,1.0247,0.8939,0.8672,0.6854,0.6345,0.5036,0.5981,0.5133,0.4648,0.4624,0.5884,0.6951,0.5981,0.6612,0.4818,0.569,0.6151,0.6151,0.4163,0.6951,0.4115,0.5448,0.5812,0.4818,0.3945,0.5036,0.3727,0.4357,0.5472,0.569,0.6466,2.3239,0.6904,0.8066,0.809,0.7024,0.5666,0.7751,0.7266,0.4939,0.5739
4/7/2020,38.672,0.5807,0.9611,0.7862,1.2463,1.6543,0.774,0.6728,1.1635,1.0439,1.0071,1.2709,0.5899,0.6268,0.7893,0.6237,0.7678,0.6605,0.9335,0.7249,0.8445,0.5838,0.8967,0.7954,0.7985,0.777,0.7464,1.1696,0.5991,1.2003,0.7525,0.5899,0.4151,0.6053,0.5378,0.5777,0.7126,0.7402,0.6083,0.8849,0.341,0.9641,0.6728,0.7709,0.8875,0.8568,1.0071,0.6728,0.7862
4/6/2020,27.0931,0.5103,0.4244,0.3939,0.7948,0.6822,0.7643,0.4951,0.9113,0.8578,0.4454,0.9151,0.4111,0.4664,0.5772,0.6039,0.4053,0.5562,0.4473,0.5485,0.5581,0.5275,0.4053,0.5256,0.5103,0.4206,0.3958,0.4111,0.3614,0.5543,0.539,0.3767,0.3251,0.4664,0.4512,0.3881,0.5065,0.5963,0.392,2.1163,0.64,0.5428,0.6936,0.6345,0.4817,0.6268,0.4913,0.5447,0.3996
4/5/2020,24.5959,0.555,0.4753,0.3741,0.6164,0.7094,0.4886,0.5002,0.7791,0.5517,0.4836,0.6446,0.5982,0.4505,0.3492,0.477,0.3758,0.5119,0.5849,0.4123,0.399,0.4737,0.4588,0.3725,0.4422,0.487,0.4505,0.6015,0.3592,0.6214,0.4056,0.3028,0.3957,0.3326,0.3177,0.3492,0.3924,0.5782,0.4753,2.1844,0.6565,0.4305,0.5583,0.4969,0.3575,0.4471,0.5218,0.4256,0.3642
4/4/2020,29.969,0.6434,0.4786,0.6214,1.0279,0.8213,0.8016,0.8697,0.8675,0.4984,0.7423,0.9444,0.5204,0.6017,0.4457,0.5357,0.6126,0.6126,0.7005,0.4874,0.6522,0.4764,0.4632,0.5314,0.4632,0.4017,0.6434,0.7708,0.4149,0.4786,0.5336,0.4962,0.5072,0.3842,0.4303,0.3666,0.4918,0.6851,0.527,2.2791,0.6795,0.5599,0.4479,0.4105,0.5226,0.628,0.6412,0.6917,0.5577
4/3/2020,36.0232,0.5786,0.7776,0.8476,0.8476,1.481,0.8364,1.2091,0.8757,1.1783,0.7159,0.7215,0.6459,0.5029,0.6431,0.7608,0.8476,0.5422,0.842,0.7524,0.842,0.5198,0.7972,0.7972,0.8392,0.6963,0.5646,0.8476,0.5702,0.6206,0.5786,0.4525,0.6291,0.3656,0.5618,0.5786,0.6347,0.5758,0.5086,2.6854,0.7781,0.559,0.7019,0.4637,0.4833,0.7187,0.7972,0.6823,0.5674
4/2/2020,32.8448,0.7928,0.8251,0.6462,0.8499,1.153,1.1431,0.835,1.1952,1.0114,0.5692,1.1257,0.4598,0.507,0.5294,0.594,0.5095,0.4623,0.6188,0.5393,0.5095,0.5518,0.5915,0.6586,0.8077,0.676,0.5219,0.6238,0.4201,1.0139,0.6959,0.4251,0.4151,0.5393,0.4598,0.3654,0.5468,0.5791,0.671,1.5761,0.5088,0.5369,0.7033,0.5716,0.6859,0.6909,0.7704,0.7555,0.6064
4/1/2020,33.6017,0.712,0.7376,0.6147,1.0909,0.8349,0.9552,0.9168,1.2343,1.0141,0.8835,0.9424,0.6633,0.4918,0.6198,0.6505,0.7043,0.7094,0.6249,0.5277,0.735,0.7197,0.7811,0.7913,0.7606,0.4508,0.6813,0.5225,0.4252,0.8349,0.671,0.4304,0.5533,0.4227,0.3996,0.4585,0.4918,0.7837,0.584,1.7364,0.5478,0.5379,0.8451,0.4329,0.5097,0.584,0.6224,0.7376,0.6224
3/31/2020,40.564,1.0068,1.0198,0.971,1.0426,0.9677,1.4204,0.7333,1.0687,1.2999,1.238,1.212,1.085,0.6812,0.6779,0.5737,0.6161,0.59,0.8603,0.9482,0.7724,0.7626,0.9547,0.9189,0.4858,0.4532,0.6779,0.6975,0.5965,0.7724,0.7691,0.6388,0.6421,0.5509,0.5151,0.6812,0.5802,0.7691,0.6649,2.3887,0.7061,0.8798,1.1045,0.6421,0.857,0.6649,0.9124,0.9254,0.5672
3/30/2020,38.5207,0.5573,0.8503,0.8076,0.8961,1.2959,1.3722,1.4302,1.2044,0.948,0.9236,0.771,0.716,0.5512,0.7191,0.713,0.6794,0.7038,0.6001,0.7038,0.7893,0.6306,0.9022,0.5848,0.8015,0.5818,0.6031,0.9388,0.4963,1.1128,0.6794,0.6153,0.6123,0.536,0.4444,0.4444,0.713,0.9083,0.887,2.1412,0.646,0.7679,0.8229,0.8168,0.536,0.7069,0.89,0.7099,0.7588
3/29/2020,29.1365,0.5852,0.7141,0.6739,0.8156,1.1284,0.7162,0.5323,0.9868,0.7352,0.8388,0.7944,0.6317,0.564,0.5725,0.5408,0.6444,0.4309,0.4562,0.6739,0.471,0.414,0.6782,0.4119,0.5133,0.5302,0.4414,0.4076,0.4668,0.5683,0.5175,0.4668,0.4499,0.4731,0.3294,0.3928,0.5154,0.5894,0.5746,1.9933,0.6101,0.6655,0.4626,0.6634,0.4414,0.5091,0.4753,0.5725,0.4964
3/28/2020,33.0717,0.8561,0.5854,0.5377,0.7684,0.7308,0.6556,0.9715,1.0818,0.5252,0.7082,0.7609,0.8662,0.4851,0.4976,0.4625,0.7183,0.5778,0.638,0.5778,0.6004,0.6104,0.4349,0.8135,0.7784,0.623,0.5879,0.4575,0.4374,0.9915,0.5728,0.3346,0.3898,0.5001,0.4074,0.5177,0.5051,0.7183,0.5051,2.8256,0.8122,0.7458,0.8386,0.5904,0.7508,0.7734,0.6907,0.5352,0.7183
3/27/2020,36.0236,0.6094,0.7299,0.8841,1.0214,1.2232,0.8392,1.1475,1.0242,0.7636,0.7972,0.8673,0.6739,0.5226,0.7664,0.8084,0.6431,0.517,0.559,0.7411,0.8112,0.7159,0.5114,0.7636,0.6459,0.6094,0.6851,0.6963,0.4721,0.8757,0.6431,0.3544,0.5534,0.4721,0.4917,0.4301,0.5926,0.517,0.4609,3.0642,0.8701,0.7776,0.4777,0.8476,0.8084,0.5702,0.8981,0.5338,0.7355
3/26/2020,35.5693,0.5582,0.878,0.5499,1.0737,0.9028,0.9028,0.9827,0.9166,0.4975,0.7787,1.013,0.616,0.6436,0.5306,0.6078,0.6712,0.7263,0.7511,0.6133,0.616,0.6353,0.6629,0.889,0.7125,0.5085,0.6795,0.6712,0.5085,0.7098,0.6684,0.5168,0.4699,0.4644,0.514,0.4231,0.5168,0.4672,0.7649,4.0799,1.1167,0.492,0.4892,0.5967,0.6822,0.685,0.5692,0.7815,0.4644
3/25/2020,32.3911,0.5472,0.5325,0.5106,0.9033,1.174,0.9569,0.9594,1.1838,0.9325,0.6447,0.6886,0.7277,0.6594,0.4496,0.713,0.7057,0.5106,0.4984,0.6764,0.513,0.6618,0.6423,0.7642,0.4545,0.4179,0.4642,0.7081,0.5081,0.9277,0.6618,0.3862,0.3691,0.3959,0.5423,0.4911,0.4935,0.7716,0.7472,1.5523,0.5031,0.5667,0.7155,0.5594,0.6423,0.7472,0.8228,0.6618,0.7252
3/24/2020,28.4554,0.6433,0.6392,0.7067,0.9501,0.991,0.5594,0.5594,0.5962,0.5124,0.8642,0.5533,0.4571,0.4326,0.5962,0.6392,0.5676,0.6556,0.4755,0.5635,0.5103,0.6106,0.4265,0.6044,0.5655,0.4612,0.3958,0.496,0.4428,0.7987,0.5471,0.3078,0.3262,0.4142,0.4203,0.361,0.5103,0.453,0.5124,2.0793,0.631,0.719,0.4612,0.6658,0.5287,0.631,0.6985,0.4817,0.4326
3/23/2020,31.4827,0.8171,0.7396,0.5753,1.1177,1.0073,0.8852,0.6293,0.9956,0.796,0.5236,0.9933,0.587,0.5635,0.6293,0.6269,0.5659,0.6786,0.6927,0.5894,0.7115,0.6128,0.4579,0.5565,0.742,0.5142,0.4954,0.897,0.4485,0.4954,0.5941,0.5213,0.3827,0.526,0.4015,0.4038,0.5353,0.5917,0.6974,1.8918,0.5855,0.6903,0.5987,0.6034,0.3968,0.5588,0.5729,0.4743,0.5119
3/22/2020,32.8448,0.8201,0.6114,0.6561,1.0685,1.0636,0.8176,1.0238,0.6288,0.5965,0.5468,0.8027,0.6934,0.5865,0.4574,0.6487,0.5741,0.4772,0.7058,0.748,0.5493,0.4946,0.6685,0.7331,0.4822,0.4822,0.5294,0.8822,0.4921,0.6263,0.5617,0.5319,0.4897,0.4598,0.3679,0.5667,0.594,0.5592,0.4822,3.6012,1.0005,0.507,0.4375,0.6387,0.4077,0.512,0.6263,0.6188,0.4151
3/21/2020,31.7098,0.5318,0.4891,0.4796,0.7713,0.8732,1.0605,0.7736,1.0605,0.8827,0.4962,0.6622,0.6812,0.6575,0.4464,0.712,0.4796,0.4939,0.5934,0.5057,0.5105,0.5223,0.6812,0.629,0.5437,0.5033,0.584,0.9538,0.4109,0.8756,0.584,0.4441,0.3658,0.3563,0.4583,0.4393,0.5413,0.5674,0.6788,2.5572,0.747,0.7049,0.4204,0.757,0.731,0.7286,0.5745,0.629,0.5602
3/20/2020,35.6451,0.5537,0.5343,0.7168,1.137,0.844,0.8108,0.761,1.2006,0.7223,0.9352,0.9297,0.7638,0.5288,0.6892,0.4929,0.7279,0.761,0.5205,0.7583,0.6256,0.6394,0.6643,0.4984,0.7085,0.6366,0.7362,0.9435,0.468,0.5592,0.6118,0.5454,0.5648,0.4238,0.5509,0.5896,0.6035,0.573,0.5952,3.2765,0.9216,0.8467,0.6394,0.714,0.6505,0.7776,0.7887,0.5675,0.5371
3/19/2020,37.6884,0.7782,0.9326,0.7545,1.0247,0.9801,1.1078,0.8733,0.9208,0.6951,0.6476,0.7278,0.6061,0.514,0.52,0.8287,0.612,0.8257,0.615,0.7723,0.7189,0.8198,0.5289,0.7872,0.6773,0.6268,0.6387,0.9089,0.5526,0.609,0.7693,0.4339,0.4695,0.4695,0.5526,0.6298,0.6001,0.4932,0.8139,4.0104,1.0998,0.5704,0.8376,0.8465,0.4843,0.8762,0.8822,0.6684,0.5764
3/18/2020,40.9425,0.8585,0.6608,0.8618,1.0989,1.3262,1.2801,0.8123,1.1648,1.1418,1.1484,0.9705,0.5488,0.562,0.6279,0.7563,0.6509,0.6542,0.562,0.6443,0.7003,0.5422,0.5356,0.5686,0.6147,0.6279,0.6147,1.2044,0.6246,0.7036,0.6345,0.4302,0.5356,0.562,0.4104,0.4632,0.5883,0.8947,0.6542,5.9373,1.5676,0.5356,0.9276,0.7135,0.4763,0.7465,0.5784,0.6641,0.5554
3/17/2020,44.8776,0.6461,0.8784,0.9854,1.4353,1.5127,1.5348,1.0517,1.2914,0.8821,1.3283,0.978,0.9042,0.93,0.8083,0.9632,0.8378,0.8821,0.9227,1.0075,0.8637,0.8415,0.6166,0.8673,1.0038,0.6866,0.7383,0.6682,0.6571,1.037,0.9374,0.4801,0.4543,0.7493,0.6424,0.517,0.812,0.7309,0.6018,2.9738,0.8482,0.7457,0.9559,0.8378,0.8526,1.0665,1.1734,0.8895,0.8489
3/16/2020,42.3806,0.6686,0.7064,0.7615,1.0365,1.5935,1.4594,0.9058,0.9471,1.2118,0.7168,1.4697,1.0124,0.7993,0.6274,0.8371,0.5999,0.7374,0.8852,0.868,0.8199,0.6205,0.5139,1.0571,0.7752,0.4795,0.6755,0.9093,0.5586,0.9746,0.7443,0.428,0.4176,0.6652,0.4623,0.5586,0.758,0.5827,0.9265,3.9346,1.0814,1.0537,0.6996,0.7271,0.6755,0.8061,0.8955,0.8233,0.9127
3/15/2020,36.3263,0.8692,0.5604,0.8408,1.3054,1.5575,1.0844,1.3139,0.9116,0.9853,0.9371,1.2006,0.9173,0.7077,0.6227,0.7474,0.7162,0.8068,0.6794,0.7077,0.5604,0.736,0.8267,0.6822,0.7502,0.6227,0.4613,0.9456,0.5321,0.7105,0.6171,0.6114,0.5066,0.4499,0.3989,0.5944,0.6256,0.7757,0.7474,0.2692,0.1916,0.7927,0.9881,0.6227,0.8522,0.8238,0.7247,0.702,0.7332
3/14/2020,37.0074,0.9528,0.5554,0.596,0.8686,1.6547,0.7642,0.886,0.8744,1.1471,0.8106,0.9441,0.6163,0.7033,0.5235,0.6076,0.6453,0.7207,0.7555,0.6424,0.6105,0.7526,0.509,0.9673,0.5322,0.7149,0.4683,1.0485,0.5554,0.8512,0.5583,0.538,0.4016,0.4509,0.4277,0.4364,0.596,0.7932,0.7323,3.1473,0.8903,0.6163,0.6337,0.6859,0.7555,0.8948,0.8715,0.6685,0.6308
3/13/2020,40.7157,0.6443,0.9911,0.6018,0.9878,1.773,1.1023,1.3706,1.207,0.749,0.7032,0.8799,1.0042,0.7948,0.7196,0.857,0.8962,0.9551,0.6868,0.821,0.821,0.677,0.52,1.0565,0.7294,0.5691,0.8897,0.6607,0.5167,0.5887,0.8046,0.592,0.6639,0.6607,0.6018,0.6051,0.6116,0.8897,0.6738,2.499,0.7329,1.0042,0.9584,0.7915,0.9617,0.6181,0.7981,0.7817,0.6934
3/12/2020,39.0509,0.6914,0.5796,0.679,0.8995,1.7037,0.8312,0.8312,1.2969,0.9398,0.7101,1.0454,0.828,0.5175,0.5983,0.62,0.8777,0.8498,0.6169,0.7473,0.7815,0.8436,0.828,0.8312,0.8405,0.7753,0.62,1.1913,0.53,0.9305,0.7504,0.5393,0.6169,0.6324,0.4834,0.5517,0.6697,0.9181,0.7753,2.8351,0.8145,0.738,0.5859,0.5206,0.5237,0.7007,1.0175,0.648,0.6945
3/11/2020,44.6511,0.962,0.995,0.8704,1.3322,1.2479,1.0133,1.4275,1.0023,1.2442,1.0976,1.0719,0.6908,0.6981,0.6834,0.9986,0.8814,0.8667,0.6468,1.0463,0.6981,0.6248,0.6871,0.9657,0.907,0.7238,0.6211,0.7787,0.5625,0.8594,0.7971,0.4159,0.5552,0.6468,0.4782,0.5662,0.7494,0.5808,0.9693,4.6995,1.2671,0.8337,0.6981,0.5405,0.6321,0.9327,1.1636,1.0096,0.9107
3/10/2020,50.7811,1.2661,1.1207,0.7656,1.6041,2.0833,1.1549,1.9079,1.403,0.6501,1.3474,1.2405,0.8383,0.7528,0.6886,1.0907,1.0693,0.8127,0.6929,1.1592,0.8597,1.0223,1.1207,0.9496,0.9966,0.7314,0.6972,0.8383,0.603,0.7784,0.8169,0.71,0.6629,0.5517,0.5004,0.7357,0.7442,1.1378,0.8982,5.4576,1.4512,1.0608,0.6843,0.6159,1.172,0.7314,1.0308,0.6972,0.8768
3/9/2020,43.6668,0.9406,0.8408,1.0155,1.4935,1.2759,1.5006,1.3044,1.3472,0.8657,1.3365,0.8194,1.1725,0.7052,0.8729,0.8586,0.905,0.6767,0.7908,0.8943,0.7159,0.7302,0.7623,1.1475,0.5733,0.559,0.5483,0.5412,0.5554,1.1725,0.8622,0.641,0.6161,0.4306,0.6303,0.6803,0.7766,0.8978,0.9335,2.3335,0.6927,0.8871,1.1939,1.0441,0.8194,0.9299,0.9478,0.773,0.6553
3/8/2020,34.5098,0.5643,0.8215,0.5935,1.1634,0.8241,0.6863,0.8321,0.6783,0.726,0.9461,0.559,0.5219,0.5776,0.5352,0.5988,0.4954,0.7684,0.559,0.5802,0.6491,0.6544,0.6942,0.7976,0.5882,0.673,0.6491,0.9885,0.5378,0.7631,0.6438,0.3469,0.5484,0.5405,0.4212,0.4689,0.62,0.5988,0.7154,3.5199,0.9807,0.4636,0.8506,0.7075,0.6465,0.567,0.6067,0.7525,0.4848
3/7/2020,38.294,0.5605,0.9816,0.5847,1.1603,1.2603,0.7968,1.4693,1.4178,0.5817,0.7604,0.8967,0.8907,0.5363,0.6908,0.5665,0.7574,0.715,0.8846,0.612,0.8513,0.8362,0.8816,0.6877,0.5696,0.6605,0.7695,0.5938,0.5696,0.7453,0.7695,0.5878,0.6635,0.5453,0.5847,0.5938,0.5999,0.7271,0.6271,2.653,0.7703,0.715,0.721,0.6665,0.8755,0.6393,0.9422,0.6938,0.6302
3/6/2020,42.0783,0.7119,0.9777,0.7358,1.4753,1.2981,1.3969,0.947,1.0186,0.6915,0.8755,1.005,0.5824,0.7528,0.8516,0.671,0.7358,0.729,0.9982,0.7801,0.8346,0.562,0.9164,0.9539,0.8005,0.7187,0.654,0.8584,0.6574,1.0731,0.8891,0.6403,0.5552,0.6029,0.4223,0.6472,0.654,0.9368,0.9198,3.9124,1.076,0.7426,0.6097,0.8755,0.6097,0.5995,0.7119,0.5722,0.838
3/5/2020,39.5046,0.6991,0.8094,0.9385,1.3954,1.619,1.0173,1.2567,1.3985,0.9417,1.1811,1.0709,1.0204,0.8188,0.7338,0.6581,0.9102,0.6896,0.8409,0.9291,0.844,0.8535,0.6361,0.7527,0.9606,0.6392,0.6077,1.1339,0.5731,0.7684,0.6896,0.5605,0.425,0.5573,0.5132,0.5668,0.6077,0.6077,0.6266,1.7815,0.5587,0.7842,0.6676,0.5069,0.6581,0.6361,0.5762,0.8692,0.614
3/4/2020,46.0131,0.8205,1.193,1.1132,1.6948,1.1056,1.2995,1.1702,1.5503,0.8927,1.3527,1.4515,0.7445,0.8927,0.8281,0.7673,1.0866,0.676,0.7635,1.0144,0.8661,0.6152,0.8661,0.695,0.9041,0.9117,0.7787,0.6304,0.6912,0.8091,0.8927,0.6076,0.505,0.5924,0.5772,0.4784,0.6989,0.5886,0.7863,4.2256,1.1521,0.8661,0.9763,1.06,0.6912,0.9954,0.7939,0.6418,0.6989
3/3/2020,55.7002,1.2972,0.8535,0.9203,1.8409,1.507,1.8934,1.7885,1.4927,1.8886,0.8154,1.8171,1.1445,0.7868,1.197,1.1493,0.9871,1.2304,1.0205,1.1207,0.8965,0.8249,0.8917,1.2876,1.0348,0.7868,0.7343,0.9156,0.6723,1.2829,0.8058,0.5244,0.9394,0.7009,0.6294,0.8774,0.844,0.9251,1.1254,3.8667,1.0649,1.2495,1.4546,0.6914,1.1397,1.3353,1.1875,1.2495,1.011
3/2/2020,50.9322,1.167,1.0167,0.8235,1.3859,2.2746,1.9011,1.3344,1.2486,1.2614,1.3688,0.8622,1.1069,0.6561,0.9008,1.0682,1.1069,1.0983,1.1756,0.9223,0.8235,1.1026,0.5831,0.9008,0.7076,0.8235,0.991,1.1369,0.7033,0.8192,0.7334,0.5402,0.5316,0.6089,0.5316,0.5616,0.7634,0.8278,1.1026,4.554,1.2318,1.2486,1.3988,0.8965,0.6089,0.9137,0.6475,0.8708,1.0897
3/1/2020,38.1423,0.7213,0.7816,1.0076,1.2367,1.1644,1.2819,0.8298,0.7725,0.5676,1.1584,1.1915,0.9474,0.5284,0.5736,0.8117,0.6821,0.7575,0.6972,0.6067,0.8901,0.6339,0.8087,0.6851,0.4892,0.5284,0.6851,0.6942,0.5344,0.8388,0.7122,0.6007,0.3927,0.5645,0.5856,0.5856,0.5856,0.7364,0.6761,2.9389,0.8397,0.872,0.7153,0.4771,0.9021,0.7062,0.7394,0.6761,0.7303
2/29/2020,37.0826,0.6669,0.7774,0.7425,1.1758,1.6528,1.1962,0.8385,0.7629,0.8705,1.0828,1.2718,0.7861,0.5651,0.6669,0.5913,0.7425,0.5796,0.7541,0.6349,0.7367,0.789,0.8443,0.7396,0.4866,0.4982,0.6204,1.0304,0.5244,1.1526,0.7832,0.3906,0.632,0.4284,0.3964,0.568,0.5767,0.8734,0.7483,1.882,0.5831,0.568,0.9752,0.4633,0.8239,0.5447,0.7861,0.6814,0.5971
2/28/2020,38.7479,0.8985,0.9354,0.5541,1.3935,0.9999,1.289,0.6648,1.0245,1.2305,0.7693,0.7355,0.6679,0.5848,0.5141,0.5356,0.6156,0.7324,0.7171,0.6955,0.7632,0.5633,0.6955,0.6525,0.9323,0.6832,0.6955,0.7048,0.591,0.96,0.6863,0.6094,0.6002,0.6371,0.6279,0.4618,0.6617,0.5879,0.6986,3.7443,1.0352,0.797,0.8985,0.7693,0.5449,0.6802,0.8339,0.5941,0.4803
2/27/2020,50.0994,0.7561,1.2697,0.9118,1.3286,2.1748,1.4633,1.4423,0.9624,1.6528,1.4549,1.6023,0.9329,0.9581,0.7013,1.1223,1.1223,1.0045,1.0045,1.0381,0.7476,0.6929,0.9876,0.7897,0.9329,0.8739,0.8234,1.5602,0.6256,1.0423,0.9497,0.7771,0.6803,0.5077,0.7897,0.5877,0.9034,0.6508,0.9708,2.853,0.8188,0.8571,0.7434,1.076,1.055,0.8655,1.0423,0.9581,1.0339
2/26/2020,50.6296,1.2026,1.0576,1.194,1.2622,2.1276,1.5521,1.9784,1.7013,0.8146,1.2068,1.356,1.2196,0.7933,1.0875,1.0107,1.2026,0.7123,0.9852,0.9383,0.9724,0.9127,0.934,0.755,0.9212,0.9979,0.6484,1.5223,0.6569,1.2452,0.8104,0.5844,0.7763,0.6399,0.5674,0.5162,0.8743,0.8999,1.177,1.5868,0.5114,1.2921,1.1642,1.1429,0.836,1.1173,0.9553,1.1003,1.1088
2/25/2020,44.1211,1.0155,1.0047,0.9866,1.2033,1.113,1.4743,1.4309,1.3045,1.1925,1.1275,0.6904,0.9072,0.6579,0.7121,0.694,0.9072,1.0083,0.806,1.0336,0.7518,0.9505,0.7338,0.8783,0.7518,0.7482,0.7916,0.6399,0.6651,0.6868,0.8457,0.6904,0.7338,0.4737,0.499,0.5748,0.7591,0.8024,0.9541,3.5556,0.9894,0.8096,0.9397,1.0516,0.5134,0.8205,0.629,0.7518,0.8602
2/24/2020,43.516,1.0013,1.0475,1.1185,1.1469,0.9622,0.9125,1.5021,1.3387,1.1966,1.0404,1.3742,0.8131,0.568,0.703,0.9232,0.9587,0.8273,0.9658,0.742,0.8663,0.8947,0.8592,1.1185,1.0688,0.8415,0.7527,0.6887,0.6674,0.6852,0.6674,0.5431,0.4366,0.5786,0.7136,0.4579,0.7243,0.6284,1.0013,3.1416,0.8889,0.6426,0.5644,0.6994,0.6959,0.6852,1.0297,0.9764,0.8557
2/23/2020,44.5749,1.1615,0.7555,0.9238,1.5017,1.7065,0.8945,1.3224,1.5419,1.4029,1.2968,1.5748,1.0554,0.7884,0.9603,0.9055,0.8835,0.7372,1.0335,1.0372,0.7921,0.6056,0.7702,1.1103,0.7592,0.8067,0.8945,1.0554,0.5544,1.1798,0.7409,0.7592,0.6275,0.5434,0.6019,0.5324,0.8177,0.6165,0.814,1.0231,0.3746,0.7482,1.2164,1.0445,0.5653,0.6714,1.0701,0.9274,0.8689
2/22/2020,51.8405,0.7848,0.8681,1.0479,1.2188,1.4337,1.5871,0.8944,1.346,1.3986,1.3504,1.2451,1.3723,1.0128,0.741,1.1925,0.8813,1.0654,0.855,0.9295,1.2013,0.8418,0.6314,1.2714,1.1092,0.7454,0.9514,0.9733,0.7892,0.9865,0.9821,0.5963,0.5525,0.8067,0.6971,0.7015,0.8243,0.8374,1.1355,4.4351,1.2029,1.2364,1.3679,1.0698,0.6401,1.1794,1.232,0.8769,0.741
2/21/2020,50.7812,1.095,1.3346,0.787,1.4201,1.202,1.6554,1.1592,1.1891,1.3004,0.787,1.4929,0.9538,0.8127,0.7357,1.1677,1.1036,1.1506,0.8127,0.8255,1.0865,0.6715,1.1335,0.9282,1.0693,0.7143,0.6544,0.5945,0.7228,1.2661,0.8726,0.6843,0.8127,0.8169,0.7913,0.7271,0.8683,1.0822,0.9153,4.301,1.1704,1.1164,1.2191,0.71,0.7784,1.0693,1.2362,1.0693,0.7143
2/20/2020,48.8889,0.8577,0.7187,1.2175,1.5078,1.0826,1.2134,1.8636,1.4547,1.3933,1.0253,1.0662,0.6328,0.919,1.0499,0.8945,1.0417,0.7105,0.7514,1.0417,0.9231,1.0621,0.9149,1.0621,0.8863,0.6696,0.8863,1.0212,0.7514,0.9313,0.9231,0.7064,0.4856,0.7677,0.5674,0.5592,0.8945,1.0989,0.8291,4.4142,1.1979,0.7841,0.7882,0.8986,0.8413,0.9804,0.7923,0.78,1.0294
2/19/2020,59.787,1.016,1.2645,1.4303,1.9585,2.7301,1.7928,1.2387,1.3733,1.829,1.7306,0.9176,1.596,0.8969,1.2594,1.1144,1.016,1.1403,0.902,1.1662,0.9124,0.9331,0.726,1.2749,0.9642,0.6586,1.192,0.9279,0.8606,1.8601,1.2438,0.8503,0.7881,0.5499,0.581,0.7622,0.9331,0.8813,0.7881,5.2755,1.4069,1.3267,1.5338,0.8399,1.2335,1.1713,1.0004,1.1403,0.7985
2/18/2020,62.36,0.9277,1.3843,1.3137,1.7051,1.3843,1.7812,2.1889,1.6181,0.9658,0.8788,1.2484,1.5637,0.7918,1.1995,1.0419,0.9875,0.9277,0.9821,1.281,1.4224,1.1017,1.0854,1.5637,1.3898,0.9875,1.0038,1.5528,0.8244,1.0256,1.281,0.9929,0.9766,0.5635,0.7266,0.607,1.0962,1.3354,1.3191,5.28,1.408,1.4767,1.7594,1.3571,1.4441,1.031,1.1778,1.1071,1.2919
2/17/2020,50.9324,0.7162,0.7548,1.2915,1.841,1.1326,1.9527,1.343,1.4847,1.7208,0.9309,0.8407,1.313,0.7892,0.8107,0.6776,0.7205,1.1927,1.0081,1.197,0.8579,0.7548,0.6604,0.9609,0.9953,0.8149,0.991,1.1026,0.6046,1.4074,1.0725,0.8407,0.5659,0.7806,0.5359,0.6904,0.7892,0.7291,1.197,4.1049,1.1228,1.3173,0.7076,0.5874,1.1799,0.8321,1.24,0.845,0.9266
2/16/2020,37.0832,0.8472,0.9635,0.9635,1.0886,1.1439,1.3823,1.2311,1.0479,0.5302,0.9315,1.2166,0.8472,0.5913,0.5477,0.5767,0.8298,0.7251,0.8996,0.7076,0.6465,0.5535,0.8094,0.76,0.8414,0.4924,0.7309,0.5855,0.4924,0.9664,0.6436,0.411,0.4284,0.5971,0.4982,0.6204,0.6873,0.6407,0.5622,2.4156,0.7126,0.7832,0.4517,0.7629,0.4779,0.8007,0.5651,0.5302,0.5447
2/15/2020,34.964,0.6278,0.6116,0.8381,1.1805,1.1347,0.7545,1.221,0.7734,0.4794,0.6817,0.7626,0.5765,0.5145,0.6871,0.741,0.4848,0.6925,0.8057,0.5927,0.6736,0.7599,0.7006,0.528,0.8812,0.6952,0.5711,0.6331,0.5037,0.7437,0.5927,0.4309,0.4309,0.563,0.4983,0.4255,0.5927,0.5792,0.5037,3.3951,0.9504,0.6008,0.59,0.7221,0.6278,0.7275,0.5037,0.7221,0.6574
2/14/2020,31.029,0.6526,0.6848,0.6457,1.0371,1.1062,0.8529,0.8783,0.8345,0.4845,0.8552,0.618,0.7424,0.5006,0.5559,0.5029,0.5743,0.6687,0.466,0.671,0.6756,0.6088,0.6434,0.6457,0.5144,0.4246,0.6503,0.4845,0.4799,0.793,0.5674,0.4085,0.4568,0.5259,0.4799,0.4845,0.5121,0.4361,0.6042,2.0623,0.6269,0.747,0.4476,0.6756,0.4246,0.6134,0.7884,0.4753,0.4407
2/13/2020,50.1752,1.0945,1.0608,1.2295,1.6723,1.7103,1.3307,1.8199,1.0987,0.93,1.4193,1.4446,0.7824,0.8668,0.8246,1.0186,0.9343,0.9469,1.1831,0.8499,1.1662,0.7529,1.1789,1.1198,1.1831,0.7993,0.6179,1.3138,0.7234,1.3223,0.9427,0.4956,0.58,0.5209,0.5125,0.677,0.736,1.1325,1.1198,3.0615,0.8694,1.1747,0.7571,1.2126,0.8035,0.8415,0.8499,0.6686,0.8246
2/12/2020,49.4186,1.0862,0.9495,1.0613,1.4796,1.7737,0.9619,1.3305,1.5542,0.7134,0.8335,1.6039,0.9826,0.7755,0.6678,0.672,0.7548,0.6637,1.0737,0.9702,1.0903,0.7507,0.6388,0.6471,0.8128,0.966,0.8128,1.2104,0.6968,0.7258,1.0282,0.4773,0.7134,0.6678,0.5726,0.5809,0.7134,0.7175,1.0282,5.2691,1.4054,1.1069,0.8708,1.1897,0.8004,0.7631,1.3015,1.0655,0.8874
2/11/2020,49.1918,1.1841,0.7434,0.8381,1.2047,2.1315,1.1223,1.2253,1.6866,1.4477,1.3571,1.0523,0.8134,0.7763,0.6568,0.8999,0.834,1.0152,0.9122,0.9823,0.9534,0.834,1.0235,1.0811,0.9452,1.0111,0.7887,0.8093,0.7104,1.0688,0.8093,0.6404,0.8422,0.6568,0.4838,0.5333,0.7887,0.7392,1.0317,4.4556,1.2079,1.147,0.7351,1.1306,0.6321,0.7928,0.6198,0.9905,0.8463
2/10/2020,35.4941,0.744,0.6753,0.8128,1.0492,1.0987,0.8898,0.8073,1.008,0.8458,0.6616,1.0575,0.6148,0.6066,0.5626,0.8045,0.6588,0.6011,0.799,0.6945,0.8183,0.5736,0.7413,0.777,0.4554,0.7358,0.4526,0.5681,0.5048,1.1042,0.5681,0.5626,0.4828,0.4416,0.3674,0.4938,0.6148,0.5241,0.7193,2.6599,0.772,0.6561,0.8375,0.678,0.6616,0.7715,0.5791,0.6176,0.7633
2/9/2020,39.7318,0.5728,0.6268,0.557,1.4042,1.2868,1.1948,1.0901,0.9727,1.2582,0.8013,0.9885,0.7886,0.7347,0.7759,0.6395,0.8045,0.6331,0.6585,0.668,0.8838,0.7061,0.6775,0.7442,0.7347,0.6014,0.7061,0.906,0.576,1.0615,0.8267,0.6807,0.6014,0.4967,0.4427,0.6204,0.6966,0.6236,0.6268,3.0774,0.8733,0.998,0.8648,0.7759,0.7505,0.6268,0.7474,0.5697,0.7791
2/8/2020,53.0515,0.856,0.9055,0.7794,1.7435,2.1444,1.2074,2.0408,1.4822,0.6622,0.9235,0.9821,1.3695,0.9776,1.1218,1.0812,0.9911,0.7028,0.8379,1.0181,1.0046,0.8605,0.6262,0.7028,0.6848,0.9325,0.8469,1.6489,0.6397,1.4551,1.0587,0.6667,0.6352,0.7253,0.8695,0.7118,0.9596,0.8785,1.0452,4.8684,1.3081,0.7388,1.4551,0.901,0.856,1.0992,1.0722,0.8334,1.1398
2/7/2020,47.9051,0.7692,0.7333,1.0166,1.3798,1.4516,1.1523,1.3439,1.8427,1.4795,0.9049,1.4676,0.6535,0.6336,0.9328,0.7573,0.6695,1.0486,1.0127,1.0805,1.0805,0.853,0.9049,1.1443,0.7373,0.5338,0.869,0.6056,0.5697,1.0087,0.9887,0.45,0.7054,0.4699,0.6535,0.7613,0.6775,0.7812,0.5857,4.8033,1.2923,0.7892,1.0206,0.7533,0.6495,0.9089,0.9807,0.9289,1.0685
2/6/2020,52.6729,1.1852,1.2165,0.9752,1.6185,2.2574,1.0735,1.4354,1.4041,1.0557,0.7653,1.7079,1.1986,1.0869,0.9082,0.868,1.0557,0.9127,0.8859,0.7921,1.0601,1.0021,0.7563,0.8412,1.1763,0.9574,0.7921,0.9306,0.6179,0.8814,1.0021,0.4972,0.7295,0.7027,0.7206,0.7385,0.9395,1.1093,0.8546,5.0266,1.3465,0.8368,0.6491,1.0869,0.6268,1.2612,1.0646,1.078,0.9842
2/5/2020,58.349,1.2794,1.4405,1.4506,2.0799,2.5029,1.6167,1.6771,2.0296,1.6469,1.0578,1.8785,1.1736,0.8816,1.2492,1.0629,0.8212,0.8766,0.8313,1.2391,1.3901,0.9068,0.6752,1.5764,1.5261,0.7557,0.932,0.942,0.7356,1.7678,0.9722,0.7608,1.0075,0.5594,0.7306,0.937,0.8514,0.9018,1.2089,2.7231,0.7873,1.3197,1.1888,0.9471,1.1938,1.3448,1.3398,0.8514,0.7205
2/4/2020,42.8348,0.7937,0.7171,1.1246,1.5183,1.156,1.1351,1.3545,1.2988,1.1177,0.7693,0.8076,0.6996,0.6125,0.5951,0.6474,0.839,0.8425,0.9992,1.0097,0.832,0.9086,0.7589,0.7171,0.8529,0.7763,0.6787,1.1595,0.5777,1.3023,0.8982,0.4384,0.4349,0.5812,0.5115,0.5255,0.6927,1.041,0.6578,3.32,0.9322,0.9818,1.1072,0.5255,0.616,0.6439,0.8564,0.8668,0.6021
2/3/2020,31.7852,0.7256,0.7328,0.7423,0.7351,1.0134,0.778,0.7827,0.8398,0.9016,0.5163,0.8208,0.4759,0.5139,0.5401,0.6186,0.533,0.6614,0.6257,0.6233,0.6899,0.6709,0.7232,0.7351,0.5258,0.6352,0.6685,0.6067,0.502,0.7447,0.5282,0.4117,0.3855,0.5116,0.3712,0.4878,0.4759,0.6543,0.5853,2.226,0.6666,0.7137,0.7161,0.4164,0.5068,0.6233,0.6091,0.5544,0.659
2/2/2020,33.98,0.6915,0.8707,0.4966,0.7564,1.1149,0.9383,0.8136,0.7252,0.9695,0.8707,0.5875,0.7824,0.4524,0.5901,0.494,0.6655,0.7928,0.6213,0.759,0.7928,0.6941,0.4654,0.6941,0.5538,0.6109,0.5798,0.8603,0.4836,0.5096,0.6239,0.4784,0.5226,0.3797,0.5746,0.5356,0.5875,0.6265,0.6447,3.2418,0.9132,0.6759,0.5901,0.4628,0.4369,0.4992,0.8344,0.5434,0.572
2/1/2020,37.3857,0.7367,0.8425,0.6163,1.2716,0.8543,0.9483,1.1129,1.0717,0.5722,1.1805,1.3156,0.581,0.5134,0.7926,0.6956,0.5781,0.5399,0.5898,0.6075,0.819,0.631,0.6221,0.819,0.7955,0.7456,0.6457,1.0541,0.5222,0.5928,0.6633,0.4605,0.4223,0.5869,0.4693,0.5516,0.5487,0.7162,0.8396,3.0348,0.863,0.6809,0.6897,0.8337,0.8308,0.631,0.7985,0.5193,0.5781
1/31/2020,34.5858,0.5309,0.7994,0.7356,1.0812,1.0573,0.7462,0.6372,0.7595,0.8127,1.0068,0.7914,0.5495,0.5123,0.6027,0.6877,0.5176,0.5176,0.6585,0.7595,0.7702,0.5601,0.6931,0.5655,0.7276,0.6452,0.507,0.6665,0.4325,0.8925,0.7064,0.4857,0.483,0.398,0.5256,0.5256,0.5867,0.4884,0.7489,2.7081,0.7836,0.616,0.9031,0.7808,0.81,0.826,0.8685,0.5734,0.5442
1/30/2020,45.7862,1.0471,0.8128,0.9413,1.5534,1.6328,1.2625,1.3003,1.0131,0.5748,1.1415,1.1718,0.7712,0.8166,0.6919,0.8695,0.8884,0.9035,1.0509,0.9677,0.7372,0.707,0.707,0.8317,0.6995,0.6881,0.9677,0.6843,0.5785,0.8279,0.877,0.5294,0.639,0.503,0.707,0.6352,0.8393,0.5785,0.9677,4.7061,1.2687,0.6466,0.707,0.9942,0.9715,0.7901,0.8204,0.7524,1.0131
1/29/2020,53.9593,1.0077,1.0169,1.2881,1.6098,2.2992,1.8764,1.7936,1.4351,1.2513,1.1318,0.9066,1.3019,0.7641,0.9526,0.8515,0.7412,1.0215,0.7733,0.9204,1.2329,1.0537,0.8836,1.0261,1.1502,0.971,0.9158,1.2467,0.7595,1.0031,1.0675,0.5343,0.7274,0.8055,0.5481,0.8331,0.7917,1.164,0.9158,3.4173,0.9558,1.403,1.2283,0.9434,1.0169,0.7595,1.426,1.0767,1.1594
1/28/2020,53.5053,1.2952,1.3134,0.9494,1.5773,1.4044,1.095,1.7503,1.0859,0.8583,1.1814,1.1268,0.9812,0.7719,1.1041,0.7537,1.0813,1.004,0.8629,0.9539,1.1951,0.7173,1.2269,0.9312,1.3089,0.9903,1.0131,0.9448,0.7582,1.2451,1.0449,0.5671,0.5717,0.6035,0.5762,0.558,0.9357,0.7946,1.2542,5.1465,1.3756,1.0449,1.368,1.1405,1.0313,1.0995,0.9585,1.0358,0.9175
1/27/2020,60.3923,0.9683,1.2564,1.1464,2.0633,1.707,1.1831,1.115,1.4241,1.3822,1.4136,0.8844,1.3507,0.8687,1.2145,1.094,1.204,1.356,1.115,1.1254,1.115,1.1254,1.1621,1.1831,1.5027,0.7325,1.1097,1.8118,0.6906,1.8432,0.9316,0.5439,1.0364,0.7273,0.8949,0.9106,0.9787,1.115,0.9892,5.6809,1.5054,1.1307,0.874,1.0783,0.7797,1.4817,1.5917,0.9787,1.0154
1/26/2020,54.3382,0.9868,1.061,1.2927,1.3483,1.58,1.9738,1.5939,1.7283,1.2324,1.3761,1.7792,1.3529,0.922,1.0564,1.0425,0.7274,1.0703,0.783,1.0286,0.9729,1.01,1.0286,1.2649,1.2556,1.1073,0.9034,1.5661,0.6857,0.8617,0.82,0.4679,0.5003,0.5096,0.8386,0.6069,0.9776,0.82,0.8386,3.8915,1.071,0.7969,1.3668,0.82,1.0564,0.9729,1.339,0.82,1.2324
1/25/2020,51.8406,0.7892,1.0216,1.0128,1.9685,1.7756,1.7011,1.7318,1.0259,0.741,1.5213,1.3372,1.0917,0.8988,1.0259,1.1531,0.9646,0.7541,1.1312,1.1925,1.0347,1.0873,0.7059,1.3109,0.6358,0.5963,0.7673,1.0435,0.7191,1.6704,0.8111,0.5568,0.8024,0.798,0.6664,0.8024,0.8199,0.8111,1.1136,4.0118,1.1002,1.1268,0.8725,0.9821,0.9777,0.8418,0.8988,0.7541,0.684
1/24/2020,55.9269,0.8568,0.9431,1.3888,1.3696,1.269,1.7003,1.4128,1.3265,1.13,1.0485,1.2402,0.6939,0.876,0.7945,1.1444,1.0533,0.7418,1.2402,1.2834,1.1971,0.7466,0.9814,0.876,1.1731,0.7801,0.8137,1.6428,0.7082,1.2546,0.8712,0.4734,0.8233,0.8233,0.9095,0.9239,0.7897,1.1923,0.9431,7.5248,1.953,0.7082,1.2786,0.7658,0.9527,0.852,0.6939,0.9191,0.8424
1/23/2020,61.2245,1.0183,1.2152,1.4866,1.3536,1.79,2.2211,2.3116,2.4021,1.4334,1.6836,1.2578,1.1513,1.0875,0.9544,1.0608,1.4281,1.2844,1.0928,1.0662,0.9384,1.1407,1.0821,1.2099,0.6829,0.8426,1.2737,1.7155,0.8799,1.1354,1.1673,0.6936,0.7468,0.7947,0.8479,0.6989,1.0076,1.2791,0.9863,5.1218,1.3696,1.1673,1.1939,1.0821,0.7149,1.1726,0.8,0.9118,1.2684
1/22/2020,67.5816,1.2391,1.3345,1.692,2.2163,2.2997,1.6026,1.2808,1.4596,0.8816,1.7158,1.7515,1.5013,0.8459,0.8459,1.4953,1.4,0.9353,0.9591,1.2213,1.4953,1.4238,1.0902,0.8578,1.6205,1.1319,0.7863,1.4477,0.8221,1.3583,1.2391,0.6612,0.8995,0.834,0.7744,0.9174,1.0842,1.3821,0.8578,8.1252,2.0988,0.8816,1.1736,1.6503,1.2034,1.5251,1.537,1.257,0.7684
1/21/2020,8.0219,0.1672,0.1671,0.167,0.1674,0.1672,0.1672,0.1671,0.1674,0.1675,0.1671,0.1673,0.1672,0.167,0.1669,0.1669,0.167,0.1669,0.167,0.1672,0.167,0.167,0.1669,0.167,0.1672,0.167,0.1671,0.1671,0.1669,0.1673,0.167,0.167,0.167,0.167,0.1669,0.1669,0.167,0.1671,0.1671,0.1687,0.1672,0.1672,0.1672,0.1671,0.1672,0.167,0.1671,0.1672,0.1669
1/20/2020,7.8704,0.1646,0.1644,0.1639,0.1619,0.1612,0.1635,0.1625,0.1639,0.163,0.1631,0.1617,0.1649,0.1642,0.165,0.1649,0.1647,0.1639,0.1641,0.1635,0.1647,0.1645,0.1654,0.1642,0.1646,0.1643,0.165,0.1638,0.1653,0.1642,0.1644,0.1652,0.1655,0.1647,0.1655,0.1647,0.165,0.1646,0.1648,0.1538,0.1636,0.1636,0.1638,0.1644,0.1636,0.165,0.1642,0.1648,0.1643
1/19/2020,51.9925,1.3105,0.9365,0.7342,1.2577,2.3927,1.1081,1.8472,1.6404,1.3237,1.1433,1.0333,0.8617,0.8397,0.7518,0.7122,1.1477,1.1697,1.0905,1.1213,0.8485,1.1125,1.0817,0.7826,1.3456,0.7342,0.8617,0.9277,0.6946,1.5172,0.7518,0.7914,0.7782,0.5582,0.6726,0.8309,0.787,1.0113,1.0289,4.4003,1.1945,1.0773,0.9805,0.743,0.6858,1.2445,0.7034,0.7562,0.6682
1/18/2020,48.1317,1.2422,0.9974,1.1017,1.4268,1.7318,1.0696,1.8402,0.8971,1.166,0.9171,1.6917,1.182,0.6322,0.6161,0.6683,1.0094,0.6442,0.7807,0.9412,0.7365,0.8088,0.6924,0.6442,1.1218,0.5881,0.6763,0.7967,0.6763,1.0054,0.7125,0.7727,0.7365,0.6362,0.7606,0.7205,0.7365,1.1017,0.9051,4.0902,1.1192,1.2382,0.8489,1.1098,0.7686,0.7967,0.7085,1.0536,1.0135
1/17/2020,41.0941,0.6068,1.0337,0.5803,1.1198,1.6625,0.8153,1.0503,0.9344,0.9378,0.673,1.0966,0.5803,0.8385,0.7723,0.8881,0.9609,0.5671,0.9709,0.8451,0.7955,0.7359,0.7988,0.7723,0.5108,0.6598,0.6002,1.0668,0.5837,1.1793,0.6929,0.3884,0.5208,0.448,0.4215,0.5241,0.6498,0.9344,0.898,4.43,1.2017,0.6068,0.673,0.5572,0.7491,0.5903,0.8186,0.7988,0.5539
1/16/2020,39.6558,0.6953,0.594,0.7713,0.8979,1.11,0.8694,1.3474,1.3443,0.6827,0.8441,1.3981,0.575,0.7935,0.6415,0.8219,0.6193,0.7017,0.8061,0.7808,0.7017,0.5307,0.8156,0.8219,0.7017,0.5465,0.8378,0.4927,0.594,0.8219,0.6225,0.6573,0.5592,0.5117,0.4452,0.4421,0.6035,0.7555,0.67,4.3059,1.1716,0.7681,0.9391,0.518,0.4769,0.7903,0.8884,0.8663,0.5054
1/15/2020,41.0184,0.969,0.9624,0.619,1.3718,1.2794,0.9459,0.8105,1.2629,0.7247,1.22,0.6652,0.827,0.7478,0.5695,0.5992,0.5992,0.9426,0.6884,0.8534,0.6851,0.8601,0.619,0.7115,0.8435,0.6685,0.8964,0.7412,0.5266,1.2497,0.6058,0.6157,0.7148,0.4539,0.5497,0.5431,0.6091,0.9591,0.8237,2.5286,0.7401,0.969,1.0945,0.936,0.7676,0.9624,1.0218,0.9096,0.7544
1/14/2020,49.1914,0.974,0.9617,0.7763,1.1058,1.2047,1.3983,1.2747,1.8596,1.147,1.4848,0.7351,0.8134,0.6692,0.9905,0.8134,0.7722,0.7022,1.007,0.9493,0.8916,0.9864,0.7722,0.7598,1.2788,0.7845,0.7392,1.4271,0.6198,1.2088,0.7434,0.5168,0.7804,0.7845,0.7392,0.6733,0.7145,1.0811,1.1223,4.1076,1.1234,1.2624,0.6115,1.1923,0.8999,0.9164,1.1882,0.7063,0.9205
1/13/2020,54.1107,1.2364,0.9828,1.0013,1.8174,1.3287,2.0203,1.0566,1.3333,0.9321,0.9321,1.467,1.1073,1.0105,1.0704,0.7384,1.0981,1.0751,0.9736,0.9874,1.1119,0.9321,0.8952,1.1027,1.0151,0.7292,0.8491,1.0151,0.7753,1.1765,0.8768,0.7523,0.6877,0.6601,0.6693,0.6923,0.886,0.8722,1.1996,5.5392,1.471,0.7569,1.3932,1.0197,0.7892,1.1304,0.8952,0.8537,1.1949
1/12/2020,51.084,0.9637,1.1361,1.0326,1.9202,1.7995,1.0413,1.8728,1.8857,1.7263,0.9292,0.8302,1.1361,0.6751,0.7741,1.1059,0.6707,1.0456,1.2222,1.0326,1.0068,0.6966,0.8,1.1748,1.0585,0.7483,0.6234,0.8991,0.7785,1.6186,0.7741,0.7785,0.4769,0.6234,0.6234,0.8345,0.7354,1.0456,0.6837,3.7929,1.047,1.1102,0.7612,1.1274,0.6923,1.0628,0.9206,0.9508,0.8388
1/11/2020,49.0401,0.7125,1.1229,0.7535,1.0901,1.878,1.7262,1.1229,1.7713,1.1886,1.3856,0.733,0.8315,0.8192,1.0572,0.8069,1.1311,0.8233,1.1763,0.77,0.8685,0.7576,0.9136,1.0285,0.9916,0.7125,0.8602,0.9546,0.5812,0.7248,0.7207,0.4293,0.7002,0.6099,0.6058,0.6961,0.8356,0.7823,1.1393,4.3144,1.1736,1.0285,1.2542,0.7987,0.7166,1.0942,1.0285,0.8356,0.9834
1/10/2020,41.9262,1.025,1.008,0.7298,1.4016,1.7409,1.2727,1.4898,1.4627,1.042,1.042,1.3778,1.0555,0.5941,0.8316,0.679,0.9843,0.6959,0.8859,0.74,0.7366,0.8757,0.9063,0.9843,0.7129,0.472,0.567,0.7197,0.6281,0.8723,0.6925,0.5399,0.4686,0.4754,0.6111,0.5093,0.5975,0.6416,0.9436,1.7991,0.563,1.0827,0.913,0.6179,0.662,1.0114,0.9605,0.7977,0.5059
1/9/2020,41.2456,0.6221,0.6554,1.0477,1.0809,0.9047,1.0975,1.4366,1.0576,1.297,0.662,1.0643,0.7751,0.6255,0.7352,0.8116,0.672,0.7285,0.7052,0.918,0.9812,0.918,0.6022,0.6587,0.8914,0.4626,0.7618,1.0377,0.5856,1.2438,0.8316,0.6554,0.426,0.6786,0.4792,0.6388,0.6055,0.7651,0.6786,3.1735,0.8966,0.9912,0.7917,0.9114,0.5523,0.7219,1.0078,0.6753,0.7252
1/8/2020,40.1858,0.7782,0.8941,0.8361,0.8748,1.3543,1.4058,0.8265,1.0582,0.9069,0.775,0.746,0.9681,0.8007,0.6269,0.82,0.6913,0.6108,0.8619,0.643,0.7235,0.775,0.6913,0.8297,0.6108,0.643,0.6173,1.1033,0.6237,0.8651,0.598,0.3727,0.6334,0.4016,0.5207,0.6752,0.5851,0.8039,0.8039,3.233,0.9111,0.7396,0.9391,0.8072,0.9134,0.7782,0.7331,0.8941,0.8812
1/7/2020,44.6512,0.7751,1.0719,0.7897,1.4494,1.9772,1.4275,1.2332,1.5521,0.8007,0.7824,0.973,0.9657,0.8007,0.7604,0.6505,0.6724,0.8191,0.885,0.918,0.7091,0.918,0.9657,1.1782,0.7971,0.6651,0.8081,0.7567,0.6615,1.1636,0.6981,0.5772,0.6651,0.7018,0.7311,0.5075,0.6431,0.6798,0.9437,3.0657,0.8705,1.1599,0.5552,0.9693,0.6615,0.9217,0.6065,0.984,0.7824
1/6/2020,47.1484,0.7735,1.2119,1.165,1.4038,2.0145,1.4233,1.8461,1.6426,0.7069,1.3411,0.7108,0.7343,0.8753,0.8439,1.024,0.7578,0.797,0.8322,1.0788,1.1219,0.7539,0.8557,0.9888,0.6913,0.5582,0.8792,0.5816,0.6443,0.7461,0.9261,0.6012,0.5229,0.4838,0.7304,0.656,0.8283,0.7656,1.0592,3.0332,0.8626,0.8283,0.9261,0.9261,1.024,0.934,1.1297,1.1101,0.797
1/5/2020,44.7266,0.9049,1.1399,0.7947,1.4815,1.8451,0.9232,1.1877,1.61,0.7763,0.8718,1.1913,0.6,0.7102,0.7359,0.7212,0.8792,0.7323,1.0077,0.8755,1.0004,0.982,0.7984,1.0297,0.6882,0.8975,0.9526,0.6698,0.545,1.1399,0.6625,0.7249,0.6111,0.5596,0.6257,0.5413,0.6625,1.0481,0.8645,2.9209,0.8353,1.0187,0.7323,1.0775,0.8094,0.9269,0.8608,0.8131,0.7396
1/4/2020,42.7589,0.7437,1.0774,1.1052,1.2477,1.1747,1.1434,1.4458,1.6022,0.5942,0.987,1.2025,0.7089,0.6116,0.7471,0.6741,0.8862,0.7541,0.9731,0.7749,0.6463,0.8445,0.629,1.1156,1.0739,0.5733,0.7645,1.0947,0.5177,1.3519,0.7332,0.6151,0.7471,0.6185,0.5977,0.4725,0.7402,0.9939,0.8618,2.5888,0.7547,0.6116,1.053,0.549,0.6116,0.702,0.7228,0.8931,0.8271
1/3/2020,45.6347,0.8366,1.1,0.9645,1.3672,1.4688,1.2129,0.7989,1.0699,0.8516,0.9608,0.8704,0.7952,0.6108,0.8516,0.7914,0.607,0.7914,0.8441,0.7462,0.8516,0.9005,0.543,0.7575,0.686,0.7764,0.8328,0.9118,0.6785,0.7237,0.9307,0.5581,0.5242,0.5129,0.607,0.7538,0.7274,0.8027,0.6409,5.8508,1.5466,1.1339,0.6522,0.9645,0.6672,0.9005,0.8441,1.036,0.7801
1/2/2020,45.4078,0.653,1.0345,0.623,1.042,1.9211,1.3525,1.764,1.6705,1.3787,1.244,0.9447,0.7053,0.6866,0.7278,0.8849,0.8662,0.9111,0.6118,1.0383,0.9934,0.5969,1.0794,0.8213,0.6043,0.8437,0.7166,0.8924,0.6343,1.2552,0.7839,0.5333,0.7764,0.638,0.6043,0.552,0.7203,0.9822,0.941,3.2068,0.9047,0.8512,0.8587,0.6792,0.7053,0.7802,0.638,0.7764,0.9784
1/1/2020,40.7158,0.978,0.7359,0.5723,1.3477,1.737,1.351,0.785,1.2954,0.8799,0.8701,0.9846,1.0369,0.5658,0.5691,0.8144,0.785,0.5952,0.7065,0.9617,0.8537,0.8406,0.906,0.7555,0.9159,0.6901,0.8308,0.8831,0.5658,0.8962,0.6607,0.5233,0.6868,0.4906,0.5298,0.4906,0.5985,0.5429,0.8766,2.9518,0.8428,0.5822,0.8243,0.7588,0.5298,0.8177,0.8243,0.9191,0.556
