date,,1,2,3,4,5,6,7,8,9,10,11,12,13,14,15,16,17,18,19,20,21,22,23,24,25,26,27,28,29,30,31,32,33,34,35,36,37,38,39,40,41,42,43,44,45,46,47,48
,,0:00,0:30,1:00,1:30,2:00,2:30,3:00,3:30,4:00,4:30,5:00,5:30,6:00,6:30,7:00,7:30,8:00,8:30,9:00,9:30,10:00,10:30,11:00,11:30,12:00,12:30,13:00,13:30,14:00,14:30,15:00,15:30,16:00,16:30,17:00,17:30,18:00,18:30,19:00,19:30,20:00,20:30,21:00,21:30,22:00,22:30,23:00,23:30
12/14/2022,40.4303,0.8834,0.8931,0.5429,1.2823,1.8011,0.7861,1.3277,1.0747,0.8542,0.8963,1.266,0.8477,0.692,0.5753,0.8282,0.8834,0.5753,0.8218,0.7018,0.825,0.5396,0.4877,0.9126,0.7407,0.5883,0.5915,0.6823,0.5656,0.9255,0.6174,0.465,0.4715,0.4845,0.5818,0.4456,0.7407,0.9515,0.6369,2.4932,2.6819,0.6661,0.6596,0.6077,0.8607,0.6142,0.7861,0.5493,0.7245
12/13/2022,58.6686,1.332,1.0584,1.2459,2.1123,2.0262,2.1579,1.7678,2.1377,0.719,0.8304,1.0686,0.947,1.1192,0.952,1.0027,1.3574,0.9875,0.9115,0.9267,1.175,1.1851,0.7595,1.4688,0.6936,0.9267,0.8912,1.8286,0.8254,1.7729,1.0635,0.5011,0.8659,0.6784,0.8811,0.5771,0.8152,0.8862,0.8406,2.9569,3.1831,1.2104,1.4688,1.1851,0.9419,1.3523,1.403,0.9216,0.7494
12/12/2022,78.6136,1.2188,1.3883,1.3106,2.1721,1.9814,2.1792,2.8288,1.7908,1.6354,2.3275,1.0988,1.6849,0.9505,1.5225,1.1976,1.7625,1.2118,1.4448,1.1906,1.7272,1.0846,0.8869,1.1411,1.3883,1.1058,1.2259,2.2003,1.0917,1.3036,1.1058,0.9575,0.7175,0.8869,1.0211,0.8304,1.3883,1.1976,1.3883,6.5118,7.0263,1.7272,1.2118,1.6566,1.5789,1.2894,1.1411,1.1623,1.7625
12/11/2022,9.6137,0.1943,0.2083,0.187,0.2283,0.2038,0.2189,0.2254,0.2218,0.2246,0.2099,0.2149,0.1975,0.1872,0.1986,0.2035,0.1955,0.1883,0.193,0.2046,0.2002,0.1852,0.2004,0.2007,0.2089,0.1823,0.1867,0.2154,0.1838,0.2101,0.1967,0.1928,0.1914,0.1825,0.1891,0.182,0.191,0.2026,0.2025,0.2074,0.2108,0.1954,0.1951,0.2041,0.1946,0.1996,0.1967,0.2052,0.1951
12/10/2022,48.5158,0.8149,0.8473,0.8919,1.4227,1.1877,1.0175,1.7346,0.9162,1.1431,1.3376,1.6009,1.2647,0.6691,0.7987,0.9122,0.7055,1.0459,0.9851,0.8879,0.7744,0.823,0.9527,1.2971,1.0985,0.7501,0.7501,0.8271,0.5961,0.9932,0.9972,0.5232,0.588,0.7825,0.4665,0.7136,0.8797,0.746,0.5961,3.4296,3.6942,0.7096,1.1391,0.9324,0.5637,0.7015,0.7136,0.6731,0.6204
12/9/2022,48.3361,0.7798,0.7354,1.2759,1.1388,1.0984,0.9169,1.522,1.3889,0.6507,1.0137,0.8524,1.2073,0.7636,0.7757,0.8282,0.7152,0.9855,0.9653,1.1146,0.929,0.7152,0.9815,0.7354,0.8605,0.929,0.6991,1.1065,0.6063,0.7515,0.9532,0.808,0.691,0.5862,0.7314,0.5983,0.7354,0.687,1.042,3.5935,3.8713,1.042,0.7152,0.812,0.8887,0.8443,0.9008,0.7999,0.9936
12/8/2022,64.5086,1.3194,1.2347,1.6924,2.3422,1.4664,2.4722,2.088,1.7093,0.873,2.071,0.9804,1.1499,0.8335,1.2799,1.1556,1.4268,1.0708,1.1669,1.1499,1.4042,0.9182,1.4268,1.0934,0.8956,1.1669,1.0765,1.0369,0.9747,1.1725,1.3646,0.89,0.9013,0.9013,0.8222,0.8335,1.1273,1.5455,1.0538,3.1345,3.3752,1.4268,1.7998,0.8448,0.8165,1.003,1.5737,1.1669,1.2799
12/7/2022,48.2467,1.0521,0.9555,0.9314,1.3499,1.1447,1.5592,1.6558,1.5672,0.7905,1.3459,0.9998,0.7704,0.9555,0.9394,0.7341,1.1447,0.8227,0.7784,0.9233,0.9354,0.7462,0.7784,0.7019,0.9716,0.8066,0.6416,1.3137,0.718,1.4465,1.0159,0.7784,0.4564,0.5571,0.6215,0.5168,0.71,0.6858,1.0722,3.0173,3.2484,0.8106,0.8348,0.8267,0.541,0.7019,0.8026,0.7985,0.7704
12/6/2022,47.887,0.6812,1.2436,1.1279,1.1519,1.2755,1.4909,0.9883,1.104,0.8088,0.9844,1.5268,1.0681,0.7131,0.8527,1.0641,0.8846,0.7291,0.6932,1.124,1.0721,0.6852,0.757,1.1359,0.8607,0.5775,0.7331,0.8767,0.5895,0.7131,0.8687,0.8168,0.5257,0.6413,0.5017,0.6732,0.8567,1.124,0.8447,2.8423,3.0593,0.9883,1.0641,0.6892,0.9764,1.124,0.9844,0.7211,1.0721
12/5/2022,52.0201,1.2275,0.8754,0.8094,1.8614,1.1923,0.9766,1.6854,1.7074,1.0295,1.0911,1.4036,1.3244,0.6729,0.7433,1.0603,1.1571,1.1307,0.8446,0.9018,0.827,0.6685,0.9722,0.7962,1.1967,0.6113,1.0295,1.1703,0.7873,1.4212,0.8094,0.7918,0.8226,0.5893,0.5672,0.5188,0.7301,1.232,1.1131,2.2523,2.4214,1.0074,1.3596,1.1395,1.1571,0.849,1.2892,1.0603,1.1351
12/4/2022,50.4026,1.2691,1.0656,0.7221,1.4896,2.2359,1.2988,1.125,1.1038,0.9596,1.0698,1.7483,1.2098,0.6755,0.9045,0.7815,0.7094,0.9342,1.0444,0.8027,0.9935,0.9978,1.0529,0.8409,0.9342,0.8197,0.9723,1.0529,0.6458,1.1504,0.7773,0.7221,0.6161,0.4889,0.6246,0.8197,0.7476,0.6797,0.7221,3.1904,3.4355,0.8875,0.8027,1.0656,0.8069,0.7052,0.8112,0.8112,1.0783
12/3/2022,72.5047,1.4181,1.3923,1.8115,1.8696,3.2822,1.6245,2.1276,2.5082,1.9857,1.3148,1.5213,1.9083,0.9085,1.0375,1.2245,0.9343,1.231,1.289,1.3923,1.7148,1.3148,0.9214,1.5664,1.4116,1.2955,1.5729,2.2437,1.031,2.0954,1.4116,0.9407,1.102,0.9536,1.0697,0.8698,1.2052,1.0891,0.902,3.0834,3.3198,1.5213,1.4439,1.5535,1.1471,1.0246,1.2116,1.231,1.4761
12/2/2022,63.2506,1.5977,1.6087,1.2054,1.4319,2.9789,2.1944,2.4485,2.1115,2.1612,1.6363,2.1557,1.2938,1.2606,1.2772,1.4098,1.4319,1.1391,1.443,1.117,0.9567,0.8739,0.9954,1.0231,0.802,0.8407,1.3822,1.9457,0.9125,1.4043,0.896,0.6142,0.5976,0.8352,0.57,0.9512,1.0673,1.559,1.1888,0.8463,0.9014,0.9788,1.7303,1.128,1.2993,1.3048,1.4209,1.0949,1.2275
12/1/2022,74.9302,1.7529,1.532,1.8801,1.7061,2.6029,2.5092,2.8104,2.1076,1.0167,1.1639,1.6525,1.6191,0.9364,1.1639,1.1974,1.5588,1.0435,1.2643,1.4049,1.2643,1.0836,0.9966,1.4852,1.1238,1.0234,1.3513,1.1773,0.8895,2.0474,1.1706,1.1037,0.7557,0.662,0.9096,0.7155,1.2442,1.3915,1.0635,5.6437,6.0878,1.6124,1.271,1.686,1.7261,1.5187,0.9096,0.9832,1.1104
11/30/2022,56.602,1.1193,1.0026,1.3331,1.3963,2.2225,1.8629,2.2614,1.2748,0.7256,0.9249,0.9394,1.1338,1.0464,1.197,0.8617,0.8277,0.7499,1.2651,0.9589,0.9637,0.8665,1.1387,0.7499,1.3428,0.8082,0.7207,1.2262,0.7256,1.6393,1.1727,0.7742,0.92,0.677,0.5458,0.6527,0.9589,0.9443,0.8811,3.2354,3.4842,1.0901,1.129,1.0464,1.2942,1.2408,1.3477,1.1338,0.7888
11/29/2022,47.4378,1.125,0.9791,1.058,1.3892,2.0005,1.4799,0.9396,1.6495,0.9436,1.0067,1.0185,1.0895,0.6123,0.6596,0.8687,0.9554,1.0659,0.7898,0.8095,1.1092,0.8253,1.0067,1.1802,0.6912,0.7346,0.7701,0.8489,0.6991,1.3577,0.7346,0.7937,0.6991,0.5098,0.7582,0.6636,0.8489,0.7898,0.8608,1.5141,1.6233,1.1802,1.2275,0.7267,0.565,0.9554,1.1842,1.0935,1.0461
11/28/2022,51.0318,1.0789,1.3328,1.0273,1.4963,1.9654,1.6211,2.017,1.5179,1.5695,1.3457,1.0703,1.0273,0.9929,0.6787,0.6658,1.0445,0.8681,1.0144,1.0703,1.0058,1.0273,1.2166,0.782,1.0531,0.6099,0.7562,0.6787,0.6917,1.2339,0.9843,0.5841,0.7218,0.5841,0.5712,0.8638,0.7605,1.0187,0.7648,1.7837,1.9148,1.1392,1.3845,1.1134,0.64,0.7046,0.9929,1.0359,1.0101
11/27/2022,69.5396,1.5944,1.4713,1.6744,1.8959,3.0898,1.3852,2.4929,1.6805,2.3021,1.0959,0.9728,0.8928,0.8805,0.8682,1.3544,1.6128,1.0959,1.1082,1.4528,1.1821,1.4775,1.6313,1.3113,1.2498,1.2128,0.9913,1.5328,0.8436,1.9882,1.2744,0.6898,0.899,0.7144,0.8867,0.6836,1.1821,1.0775,1.1513,3.8926,4.1947,0.979,1.9452,1.539,0.979,0.9728,1.8221,1.059,1.2559
11/26/2022,46.4499,0.9049,1.0625,1.1548,1.7508,1.7623,1.3163,1.3894,1.5624,0.5858,1.1587,0.8511,0.6088,0.7857,0.9433,0.7242,0.8549,0.6396,1.101,0.828,0.8126,0.8434,0.705,1.0818,0.7896,0.928,0.8857,1.3163,0.6588,1.4778,0.7357,0.6588,0.7742,0.7088,0.5012,0.7165,0.705,0.5896,0.828,2.0678,2.222,0.8588,0.9933,0.6473,0.655,1.0741,0.6396,0.6627,0.928
11/25/2022,40.2502,1.002,0.8181,1.0632,1.347,0.9471,1.1213,1.389,1.0213,1.2535,1.0568,0.8891,0.7762,0.731,0.6891,0.602,0.8955,0.8891,0.5924,0.7472,0.6665,0.6601,0.5182,1.06,0.5891,0.6182,0.4956,0.544,0.5956,0.6375,0.7181,0.3763,0.5827,0.4182,0.573,0.5795,0.6214,0.5408,0.5891,2.0867,2.2424,0.7988,0.7826,0.8633,0.7794,0.8149,1.0407,0.7762,0.8504
11/24/2022,44.383,0.7124,0.9926,0.8579,1.0144,1.3127,1.2109,1.5965,1.2727,0.6833,0.8834,0.9052,0.8288,0.8907,0.7124,0.8907,0.9234,0.9453,0.9089,0.8398,0.8907,0.9489,1.0508,0.7306,0.6942,0.5378,0.8616,1.1708,0.5596,0.8507,0.767,0.6688,0.6069,0.6069,0.4395,0.5996,0.7706,0.9234,0.7961,1.9307,2.0737,1.0508,1.2327,0.7997,0.8106,0.6324,1.149,0.9962,0.8507
11/23/2022,38.2739,0.8963,0.651,0.9175,1.1142,1.5472,1.4109,0.7691,1.3504,1.2414,1.0961,0.7207,1.0204,0.6813,0.5814,0.5511,0.863,0.6632,0.5905,0.7691,0.6722,0.6632,0.6722,0.7964,0.7449,0.4967,0.6087,0.5178,0.5875,0.5663,0.8024,0.3725,0.6662,0.6299,0.5754,0.6541,0.6601,0.9296,0.5723,1.6738,1.7959,0.6268,0.536,0.6389,0.5602,0.754,0.7721,0.6722,0.6208
11/22/2022,58.4887,0.9795,1.0553,1.333,1.7722,1.858,1.0957,1.9388,1.3633,1.4743,1.4036,2.0398,1.2724,0.8432,0.9189,1.126,0.8533,1.232,1.1108,0.924,1.0149,0.8483,1.1714,0.8331,1.1663,1.0957,1.1108,1.1916,0.7018,1.7116,1.2219,0.6362,0.5605,0.6362,0.9341,0.9038,0.8887,1.333,1.1916,2.7674,2.9783,1.4743,1.2118,1.1815,0.929,1.2976,1.1461,1.0351,0.722
11/21/2022,51.7501,0.7004,1.0154,1.0767,1.2429,1.9079,1.6586,1.3742,1.6104,0.6829,1.5229,0.9367,1.2998,0.7004,0.7179,0.7704,0.7617,1.1161,0.8098,0.801,0.7704,0.9629,1.2254,1.1686,0.9673,0.626,0.6567,1.2079,0.6785,0.8973,0.836,0.7354,0.8448,0.7485,0.4904,0.7879,0.8973,1.0286,0.9454,3.4652,3.7326,1.1248,1.1729,0.906,0.6348,0.7398,1.0111,0.8798,0.9017
11/20/2022,36.3869,0.9501,0.8451,0.9161,1.2936,1.3419,0.7231,1.1772,0.7429,0.6322,1.0154,1.0126,0.9161,0.6748,0.6492,0.5811,0.689,0.5669,0.5612,0.8167,0.5925,0.5471,0.7117,0.8735,0.5045,0.5357,0.7003,0.9899,0.5158,1.1148,0.5414,0.3881,0.5584,0.4761,0.4619,0.5016,0.5641,0.6237,0.601,1.6889,1.8124,0.7117,0.4818,0.6294,0.4647,0.5641,0.8196,0.8394,0.4676
11/19/2022,21.1132,0.505,0.3883,0.5325,0.4893,0.446,0.6702,0.3935,0.5365,0.4866,0.5037,0.5024,0.345,0.3332,0.324,0.4447,0.4643,0.3489,0.4893,0.3883,0.4604,0.4027,0.2978,0.4014,0.4407,0.3267,0.3647,0.3083,0.3214,0.5666,0.4158,0.3778,0.324,0.2821,0.3122,0.3712,0.3948,0.3975,0.4748,1.0236,1.0931,0.345,0.5338,0.4578,0.3542,0.3437,0.3594,0.4447,0.3253
11/18/2022,37.0155,0.8514,0.805,0.7557,1.2112,1.2954,1.0371,1.1126,1.0633,0.8427,0.6861,0.5874,0.7006,0.6454,0.7528,0.5555,0.6773,0.8543,0.7644,0.8021,0.5758,0.7528,0.8369,0.8369,0.4945,0.6948,0.57,0.5497,0.4945,0.6686,0.6048,0.6193,0.5961,0.5178,0.4829,0.628,0.6861,0.834,0.6773,1.4884,1.5956,0.8979,1.0139,0.6686,0.6077,0.5903,0.6077,0.8195,0.6048
11/17/2022,36.9261,0.534,0.7134,0.9535,1.2774,0.8551,1.3758,0.8927,1.1993,1.1733,1.1502,0.9563,0.9563,0.5716,0.5051,0.5022,0.8696,0.6555,0.7597,0.5919,0.6411,0.5485,0.7047,0.7857,0.4675,0.4704,0.7105,1.0142,0.5051,1.046,0.7625,0.3865,0.4877,0.5398,0.5167,0.4849,0.5687,0.858,0.7915,1.2175,1.3027,0.8204,0.696,0.4559,0.777,0.6671,0.7799,0.8059,0.6208
11/16/2022,29.7386,0.708,0.5514,0.7058,0.9971,1.2166,0.9797,0.8406,0.9036,0.5254,0.658,0.7775,0.4101,0.484,0.5427,0.584,0.5275,0.5645,0.6232,0.6362,0.4754,0.6427,0.5188,0.6775,0.4558,0.3949,0.5101,0.4797,0.408,0.5971,0.6123,0.4058,0.3449,0.3906,0.4362,0.5036,0.4797,0.5949,0.608,1.1444,1.2237,0.421,0.6232,0.5319,0.5536,0.7123,0.6145,0.6667,0.4754
11/15/2022,41.3283,0.6766,0.9099,0.7832,1.0432,1.2065,1.1032,1.1332,1.3332,0.8266,0.8632,0.9799,1.0465,0.7966,0.6333,0.8232,0.8266,0.7166,0.8999,0.7866,0.7233,0.8566,0.7932,0.9099,0.6599,0.8199,0.6799,1.0799,0.5466,1.0865,0.6699,0.5899,0.6399,0.5,0.5999,0.6833,0.6999,0.7299,0.5199,1.9171,2.059,0.7333,0.8299,0.7732,0.7899,0.7199,0.8232,0.6466,0.8599
11/14/2022,49.9535,1.1777,1.2155,1.2281,1.3623,1.5847,1.849,1.698,1.5763,0.8715,0.9134,1.2323,1.1358,0.7205,0.9218,0.9428,1.0099,1.0519,0.8505,0.7582,1.0057,1.0938,0.7121,0.9009,0.5778,0.624,0.603,1.0225,0.7456,1.2407,1.0351,0.7288,0.5359,0.7246,0.6198,0.6785,0.796,0.8715,0.9638,2.3459,2.5226,0.9722,0.7834,0.8295,0.7456,0.9344,1.2533,1.0057,0.9806
11/13/2022,23.9882,0.4225,0.3905,0.4848,0.7167,0.9837,0.803,0.7726,0.6079,0.7311,0.7151,0.4385,0.488,0.3969,0.4848,0.3937,0.488,0.5136,0.5376,0.4097,0.5488,0.3553,0.4784,0.48,0.4704,0.4768,0.4465,0.4049,0.3649,0.5168,0.4896,0.3186,0.3361,0.3505,0.3473,0.3026,0.4065,0.4097,0.4497,0.6499,0.6891,0.4673,0.5984,0.4305,0.3361,0.4976,0.5952,0.4768,0.5152
11/12/2022,18.7776,0.4533,0.3951,0.4566,0.4932,0.4318,0.5439,0.3704,0.4458,0.2917,0.3844,0.4749,0.4189,0.3423,0.3898,0.3273,0.3747,0.3143,0.2982,0.3596,0.3995,0.3758,0.4264,0.4339,0.282,0.2906,0.3197,0.5083,0.3176,0.5115,0.3326,0.31,0.2788,0.2507,0.3132,0.2938,0.3488,0.2971,0.2992,0.9368,0.9992,0.2971,0.3283,0.407,0.3671,0.3391,0.365,0.2949,0.2874
11/11/2022,33.6916,0.5752,0.5983,0.7679,0.8886,1.1404,0.8321,0.9092,1.0196,0.4518,0.8218,0.7345,0.6805,0.5623,0.6779,0.6034,0.7473,0.4698,0.6445,0.5983,0.6959,0.5289,0.5366,0.8115,0.4878,0.6882,0.6317,0.9143,0.5315,0.9991,0.6445,0.3619,0.588,0.3491,0.4955,0.4159,0.5546,0.6343,0.4801,1.6654,1.7869,0.6702,0.6291,0.5032,0.606,0.6779,0.8347,0.5135,0.7319
11/10/2022,30.2773,0.4964,0.6122,0.4429,0.9018,0.7927,1.06,1.1357,1.0778,0.434,0.6813,0.6256,0.6657,0.4273,0.4117,0.688,0.6144,0.5721,0.5654,0.5209,0.5387,0.5387,0.6167,0.7615,0.5766,0.5097,0.4028,0.4451,0.4852,0.884,0.4763,0.483,0.4273,0.4139,0.4162,0.5053,0.5253,0.659,0.4696,1.144,1.2233,0.7258,0.7258,0.5432,0.6969,0.4585,0.7214,0.6367,0.5409
11/9/2022,26.0547,0.5711,0.6018,0.4249,0.6848,0.9647,0.8058,0.8509,0.7318,0.5043,0.3942,0.6415,0.5855,0.3942,0.4068,0.5675,0.4212,0.4537,0.5783,0.47,0.535,0.5458,0.4267,0.5368,0.553,0.4501,0.5151,0.5476,0.405,0.5097,0.4574,0.4086,0.3201,0.4014,0.4249,0.4194,0.4754,0.4158,0.4483,1.2164,1.3015,0.3924,0.5982,0.4411,0.396,0.423,0.4194,0.5314,0.4862
11/8/2022,28.7499,0.7165,0.7248,0.6128,0.8327,0.978,0.6709,0.8493,0.6003,0.7954,0.5547,0.9718,0.6398,0.4758,0.4592,0.4426,0.4655,0.6688,0.6564,0.5402,0.4758,0.4738,0.5298,0.7248,0.4136,0.48,0.5526,0.6709,0.4136,0.4489,0.4821,0.3721,0.4717,0.4198,0.4779,0.3721,0.4655,0.6024,0.4613,1.3243,1.4181,0.6688,0.5796,0.5485,0.4323,0.4468,0.5256,0.4364,0.4053
11/7/2022,21.383,0.5079,0.3754,0.4664,0.516,0.7743,0.4611,0.6337,0.4424,0.5668,0.5079,0.524,0.3661,0.3928,0.3206,0.3928,0.3969,0.4879,0.3514,0.4932,0.3768,0.4183,0.4383,0.4638,0.5133,0.3085,0.4544,0.4892,0.3366,0.5869,0.3754,0.3112,0.2764,0.3674,0.3487,0.3728,0.3661,0.3915,0.4209,0.856,0.9119,0.338,0.3219,0.3554,0.4731,0.3447,0.4745,0.3741,0.3393
11/6/2022,34.0511,0.8127,0.7242,0.6955,0.8492,1.3442,1.2478,0.7606,1.0811,0.5522,0.6799,0.6642,0.6799,0.5366,0.534,0.7737,0.56,0.5861,0.758,0.7424,0.7372,0.7059,0.6174,0.5392,0.6981,0.4871,0.6773,0.6642,0.4975,0.9039,0.6642,0.5679,0.422,0.4089,0.5522,0.5887,0.5522,0.758,0.6747,1.4723,1.5782,0.5965,0.5288,0.4428,0.6017,0.5131,0.7632,0.5757,0.6799
11/5/2022,46.8092,0.9894,1.0981,0.9778,1.1447,1.8277,1.1058,1.7074,1.4357,1.3154,1.4939,0.7216,0.6052,0.9623,0.7372,0.6906,1.0321,0.9817,0.8419,0.7061,0.7915,1.0088,1.0709,0.9157,0.6363,0.6285,0.6169,1.3077,0.5548,1.0437,0.6789,0.6867,0.6479,0.6867,0.5043,0.5276,0.7139,0.8691,0.578,2.7029,2.9085,0.8031,0.6634,0.6751,0.6169,0.8575,1.2262,0.8225,0.6906
11/4/2022,33.4222,0.7132,0.7971,0.6497,1.0615,0.8988,1.1632,1.0412,0.7514,0.7615,0.7565,0.5073,0.5938,0.5861,0.7056,0.5938,0.487,0.7819,0.4997,0.6675,0.7082,0.5124,0.7793,0.5582,0.6904,0.4361,0.5353,0.6192,0.5226,0.9014,0.5099,0.4158,0.4234,0.5353,0.3599,0.487,0.5124,0.5531,0.7285,1.7669,1.8967,0.5429,0.5683,0.6904,0.5861,0.6344,0.8048,0.5709,0.5556
11/3/2022,31.6253,0.7904,0.6274,0.8045,0.8045,0.8778,1.0739,0.9936,0.7431,0.6037,0.4998,1.0479,0.6415,0.4903,0.6486,0.6486,0.6463,0.7077,0.4856,0.6533,0.5092,0.6888,0.7148,0.8022,0.4596,0.4549,0.4667,0.5683,0.462,0.6628,0.5494,0.4478,0.5447,0.5069,0.4478,0.4667,0.5329,0.6675,0.5966,1.1884,1.2712,0.5187,0.6392,0.4478,0.4006,0.7289,0.7904,0.6368,0.6652
11/2/2022,30.5471,0.5071,0.6537,0.6898,0.8656,0.9355,0.577,0.6695,0.7709,0.9581,0.8408,0.7845,0.7213,0.435,0.5703,0.4801,0.4395,0.586,0.5545,0.577,0.5184,0.6311,0.5612,0.6244,0.7529,0.5748,0.4372,0.6898,0.4553,0.7033,0.5184,0.4282,0.5229,0.3538,0.4372,0.5184,0.4688,0.4959,0.6176,1.5166,1.6261,0.5229,0.8115,0.3921,0.6063,0.6018,0.5184,0.5996,0.426
11/1/2022,19.6758,0.4819,0.3313,0.378,0.5333,0.4796,0.6115,0.5158,0.4539,0.4165,0.3535,0.5543,0.3068,0.3114,0.3792,0.3044,0.3862,0.427,0.3465,0.3908,0.4259,0.3348,0.3465,0.4527,0.3687,0.2881,0.3628,0.4551,0.3278,0.4305,0.3722,0.2554,0.3441,0.2671,0.3091,0.3476,0.3511,0.378,0.4224,0.9718,1.0371,0.3009,0.4317,0.3395,0.3348,0.413,0.3546,0.3161,0.3745
10/31/2022,8.1756,0.1705,0.1691,0.1705,0.1735,0.1726,0.172,0.1722,0.1725,0.169,0.1711,0.1733,0.1709,0.1697,0.1689,0.1687,0.1693,0.1695,0.1701,0.1693,0.1702,0.1693,0.1687,0.1715,0.1685,0.1685,0.1685,0.1688,0.1684,0.1726,0.1701,0.1684,0.1684,0.1684,0.1688,0.1682,0.1696,0.1702,0.17,0.1772,0.1781,0.1706,0.1703,0.1691,0.1707,0.1704,0.171,0.1691,0.1693
10/30/2022,8.8049,0.1889,0.1836,0.1768,0.1906,0.1844,0.1963,0.1812,0.1994,0.1915,0.1862,0.1809,0.1821,0.1766,0.1799,0.1839,0.1779,0.182,0.1814,0.179,0.1791,0.1814,0.1747,0.1787,0.1808,0.178,0.1843,0.1771,0.1775,0.184,0.1806,0.1746,0.1773,0.1761,0.174,0.1784,0.1805,0.1847,0.1757,0.2381,0.2438,0.1777,0.1764,0.1764,0.1754,0.1857,0.1762,0.1784,0.1767
10/29/2022,25.067,0.4943,0.4619,0.5746,0.6616,0.8169,0.805,0.4653,0.4978,0.4193,0.5217,0.4022,0.595,0.438,0.3988,0.4141,0.4193,0.4175,0.3885,0.549,0.5865,0.5251,0.3493,0.45,0.5165,0.5182,0.4961,0.6104,0.3954,0.5302,0.4756,0.3459,0.4124,0.3732,0.3083,0.4158,0.4449,0.5626,0.4909,1.4009,1.501,0.5711,0.3988,0.38,0.4193,0.4961,0.479,0.4722,0.4005
10/28/2022,31.8947,0.6135,0.58,0.7282,0.8787,0.7043,0.7401,0.6804,0.9002,0.8309,0.7784,0.8716,0.6971,0.4869,0.4319,0.6565,0.5036,0.4654,0.6493,0.5538,0.6708,0.5203,0.6971,0.4534,0.6947,0.3817,0.4606,0.7975,0.4964,0.7593,0.6613,0.4152,0.4654,0.4725,0.4056,0.4606,0.549,0.4677,0.5896,1.7982,1.9305,0.5705,0.8668,0.4367,0.6589,0.7545,0.5251,0.6016,0.5824
10/27/2022,31.1759,0.6557,0.7669,0.7669,1.0126,0.6951,0.855,1.0752,0.7229,0.7368,0.4726,1.0358,0.5004,0.4726,0.6534,0.5074,0.5352,0.5676,0.7461,0.651,0.7113,0.5722,0.5653,0.6881,0.7113,0.6348,0.6232,0.5027,0.4934,0.7414,0.5908,0.4332,0.4378,0.3335,0.3428,0.4123,0.5722,0.512,0.5746,1.3171,1.4103,0.6858,0.5792,0.5027,0.512,0.512,0.5491,0.5352,0.6904
10/26/2022,32.0745,0.5278,0.7613,0.8022,1.1152,1.3921,0.6457,0.73,0.848,0.7204,0.8239,0.7059,0.5037,0.458,0.4315,0.5182,0.6145,0.6385,0.6819,0.5663,0.5976,0.6,0.4291,0.5567,0.7709,0.4844,0.5519,0.8143,0.5085,0.73,0.547,0.4893,0.5085,0.4194,0.4507,0.393,0.5422,0.4411,0.5735,1.3281,1.4223,0.6722,0.5326,0.665,0.5615,0.7589,0.8095,0.7469,0.6843
10/25/2022,33.9614,0.7274,0.6314,0.4574,1.0753,0.8858,0.9195,0.7456,1.1792,1.0623,0.5509,0.9273,0.5717,0.6833,0.4548,0.6859,0.756,0.5665,0.7326,0.7742,0.5769,0.717,0.5327,0.5717,0.8235,0.4393,0.6366,0.4341,0.46,0.6236,0.6651,0.3432,0.4263,0.5535,0.5042,0.5171,0.5405,0.6002,0.756,1.8271,1.9617,0.8079,0.9014,0.4367,0.5431,0.5535,0.7871,0.608,0.4263
10/24/2022,28.8402,0.423,0.5564,0.7356,0.9023,1.2024,0.8898,0.6668,0.6189,0.5314,0.7731,0.9023,0.5814,0.4876,0.4042,0.5668,0.5147,0.4293,0.5126,0.6627,0.5043,0.5605,0.3772,0.5647,0.6231,0.5564,0.5293,0.8252,0.4251,0.8502,0.5981,0.3417,0.4084,0.3501,0.4188,0.4605,0.4688,0.6377,0.5543,0.9488,1.0122,0.4688,0.5522,0.6752,0.6752,0.6335,0.5272,0.4459,0.4855
10/23/2022,22.3713,0.4642,0.4167,0.467,0.5892,0.5648,0.7616,0.7142,0.6265,0.5216,0.6007,0.6323,0.5073,0.4541,0.3463,0.3406,0.388,0.3449,0.467,0.4929,0.434,0.3348,0.5015,0.3348,0.3679,0.3133,0.4685,0.6064,0.3391,0.5087,0.4354,0.4009,0.3506,0.3334,0.3722,0.3607,0.3693,0.3865,0.467,0.7985,0.8498,0.5274,0.4642,0.5202,0.3305,0.3521,0.3362,0.4483,0.3592
10/22/2022,13.926,0.2846,0.2532,0.2739,0.3456,0.4203,0.3041,0.3877,0.412,0.2544,0.3083,0.3024,0.3219,0.2319,0.2757,0.2864,0.239,0.2496,0.2692,0.2982,0.2852,0.2953,0.3071,0.3172,0.2769,0.2313,0.2449,0.361,0.2437,0.3433,0.2561,0.2372,0.255,0.2164,0.2508,0.2532,0.2627,0.2692,0.249,0.4309,0.4523,0.2425,0.2994,0.2751,0.2532,0.2793,0.2461,0.2994,0.2739
10/21/2022,15.9024,0.365,0.2907,0.2892,0.4733,0.4922,0.3721,0.5065,0.4195,0.2544,0.2907,0.448,0.3073,0.2662,0.2591,0.301,0.3563,0.3532,0.3445,0.3231,0.3026,0.3429,0.3216,0.3611,0.316,0.2615,0.2473,0.3848,0.2473,0.433,0.305,0.2441,0.2591,0.237,0.2789,0.2536,0.2955,0.2876,0.3461,0.4613,0.4852,0.2789,0.2765,0.3595,0.3105,0.365,0.2741,0.3231,0.331
10/20/2022,28.9301,0.5957,0.5853,0.6229,0.8741,1.0478,1.0081,1.006,0.9243,0.7443,0.8427,0.8008,0.5267,0.5497,0.5643,0.4639,0.4932,0.5874,0.5936,0.6167,0.4953,0.4618,0.5015,0.5497,0.5225,0.5015,0.5225,0.6795,0.4639,0.8301,0.4827,0.4597,0.3802,0.4974,0.4367,0.4178,0.4995,0.6271,0.4827,0.6021,0.6375,0.736,0.6355,0.3885,0.5476,0.4722,0.5622,0.5915,0.4974
10/19/2022,27.762,0.637,0.5718,0.5955,0.9631,0.9473,0.9473,0.8939,0.5975,0.7121,0.8188,0.471,0.5204,0.4611,0.5184,0.5046,0.639,0.6113,0.4927,0.4453,0.637,0.55,0.5915,0.3999,0.4651,0.4453,0.5224,0.801,0.4216,0.6884,0.5836,0.3366,0.475,0.3821,0.4157,0.4157,0.4236,0.388,0.6133,0.707,0.7508,0.6508,0.6785,0.5421,0.4433,0.6014,0.386,0.5995,0.4987
10/18/2022,25.1564,0.5698,0.4412,0.4652,0.6779,0.9799,0.5321,0.8323,0.7071,0.7277,0.5921,0.4017,0.5578,0.3725,0.4497,0.5544,0.5235,0.5819,0.3931,0.5836,0.5681,0.4669,0.5733,0.6368,0.4515,0.3777,0.4137,0.4292,0.3623,0.5956,0.5321,0.2885,0.3348,0.376,0.3571,0.3468,0.4566,0.4823,0.575,0.7248,0.77,0.6076,0.4549,0.5252,0.4703,0.4738,0.6145,0.4583,0.4892
10/17/2022,18.2385,0.4042,0.3417,0.2916,0.5721,0.4667,0.4001,0.523,0.4492,0.3018,0.3766,0.3653,0.3766,0.3714,0.3274,0.3274,0.3684,0.2987,0.4114,0.3673,0.3899,0.3438,0.4083,0.3479,0.3428,0.3684,0.3714,0.3776,0.2875,0.3069,0.3387,0.3008,0.2711,0.3233,0.2547,0.2578,0.3243,0.2813,0.3243,0.8584,0.9145,0.3213,0.4585,0.3827,0.3653,0.3673,0.44,0.2977,0.2711
10/16/2022,24.3476,0.4266,0.3988,0.5263,0.5345,0.5443,0.4707,0.4609,0.4691,0.5917,0.4086,0.6849,0.3547,0.3857,0.425,0.4037,0.3579,0.4887,0.4691,0.5165,0.4838,0.5018,0.5263,0.4446,0.5181,0.5034,0.4838,0.5672,0.3792,0.68,0.4953,0.3563,0.3612,0.3007,0.3301,0.34,0.4462,0.3857,0.4626,1.5602,1.6732,0.5525,0.3236,0.3906,0.5492,0.5345,0.4119,0.4822,0.3857
10/15/2022,21.4726,0.5223,0.5345,0.3971,0.5493,0.5789,0.5264,0.7244,0.6315,0.3459,0.3822,0.6961,0.3661,0.3526,0.4159,0.3971,0.4509,0.4631,0.3364,0.4348,0.4509,0.3189,0.4348,0.389,0.3054,0.3741,0.3068,0.4173,0.3391,0.3432,0.428,0.3674,0.3068,0.3,0.3768,0.3162,0.4065,0.3391,0.3903,1.1973,1.2809,0.3189,0.3364,0.3,0.4065,0.3472,0.323,0.4819,0.4644
10/14/2022,17.9687,0.3451,0.4029,0.4368,0.5136,0.4149,0.381,0.5116,0.3571,0.4707,0.4986,0.3142,0.378,0.3641,0.3222,0.368,0.39,0.2963,0.386,0.366,0.3292,0.3132,0.3152,0.4368,0.2773,0.2594,0.2843,0.3002,0.2833,0.3202,0.3401,0.2654,0.2803,0.2903,0.2504,0.2803,0.3292,0.3521,0.3999,0.7683,0.8171,0.367,0.4418,0.394,0.4019,0.3361,0.3461,0.372,0.3002
10/13/2022,22.7308,0.5511,0.4421,0.3508,0.5806,0.8988,0.7706,0.5055,0.7839,0.3729,0.448,0.5821,0.5202,0.3788,0.3788,0.3803,0.3655,0.4554,0.4421,0.42,0.3906,0.4127,0.3832,0.4127,0.4834,0.4628,0.4068,0.4996,0.3184,0.4642,0.3862,0.283,0.3434,0.3096,0.3876,0.3243,0.3714,0.4112,0.4848,0.9517,1.0153,0.4068,0.5011,0.3611,0.5202,0.4642,0.557,0.448,0.342
10/12/2022,18.2385,0.3632,0.3581,0.3684,0.4073,0.4001,0.4667,0.394,0.4544,0.5004,0.4083,0.4851,0.4298,0.2977,0.2936,0.3151,0.396,0.3602,0.3827,0.3243,0.3295,0.397,0.4124,0.3694,0.4421,0.3622,0.2752,0.2967,0.2813,0.3489,0.3612,0.2609,0.2834,0.2854,0.3049,0.2813,0.3131,0.309,0.3878,0.8604,0.9166,0.3868,0.4124,0.2803,0.3202,0.2987,0.3725,0.3469,0.3366
10/11/2022,23.0905,0.4006,0.5168,0.3357,0.6631,0.7386,0.6209,0.7325,0.467,0.3674,0.5469,0.4157,0.3432,0.3689,0.3975,0.3477,0.3508,0.4579,0.4458,0.4157,0.4036,0.4277,0.4836,0.4232,0.467,0.3734,0.3809,0.5892,0.3342,0.6073,0.4202,0.4051,0.4021,0.384,0.31,0.3523,0.4338,0.4639,0.5198,1.1869,1.2696,0.4157,0.5862,0.3885,0.4398,0.4609,0.4006,0.4866,0.3417
10/10/2022,19.4961,0.3069,0.3839,0.4092,0.6392,0.7012,0.4161,0.4,0.4587,0.3506,0.3345,0.415,0.4794,0.3058,0.3322,0.3759,0.361,0.4069,0.4242,0.4345,0.3966,0.3954,0.3828,0.3081,0.4748,0.4012,0.4069,0.3,0.3184,0.4437,0.3518,0.3334,0.3518,0.2897,0.2575,0.2736,0.3219,0.3,0.3092,0.9881,1.0547,0.4437,0.369,0.4219,0.3115,0.3862,0.3276,0.346,0.2954
10/9/2022,18.5079,0.3747,0.3485,0.2896,0.4672,0.691,0.6017,0.5302,0.5376,0.4651,0.3232,0.3842,0.3926,0.3443,0.3033,0.402,0.318,0.4052,0.3054,0.34,0.3537,0.3527,0.2802,0.3695,0.3747,0.3159,0.3957,0.3379,0.298,0.3579,0.3138,0.257,0.3337,0.256,0.3159,0.3232,0.339,0.3012,0.3075,0.7276,0.7731,0.4094,0.3789,0.4094,0.2728,0.3842,0.4052,0.3936,0.3464
10/8/2022,36.8365,0.8386,0.6569,0.6713,1.3259,1.5969,1.3172,1.3317,1.2451,0.6771,1.0981,0.6367,0.5963,0.6482,0.7232,0.5675,0.6742,0.5963,0.7319,0.7405,0.6338,0.7347,0.5242,0.7982,0.9395,0.7434,0.4839,0.752,0.4781,1.0808,0.6627,0.4983,0.4839,0.5531,0.4637,0.5041,0.5906,0.8011,0.5502,0.8706,0.9276,0.7924,0.7059,0.729,0.8674,0.7693,0.8241,0.7376,0.6627
10/7/2022,19.4963,0.3644,0.369,0.4334,0.4207,0.6208,0.4564,0.5575,0.6139,0.4644,0.3472,0.5713,0.3851,0.3495,0.3954,0.3667,0.3288,0.4368,0.323,0.377,0.4253,0.3081,0.3575,0.4667,0.2805,0.3288,0.3,0.4794,0.2897,0.415,0.3667,0.3414,0.3173,0.2644,0.2816,0.3299,0.3299,0.2966,0.3,0.8395,0.8941,0.3506,0.3747,0.4529,0.3,0.4242,0.4564,0.3357,0.4081
10/6/2022,23.0015,0.5627,0.4412,0.3527,0.5357,0.5312,0.5657,0.4997,0.4427,0.6542,0.4247,0.5312,0.3602,0.3872,0.3557,0.4382,0.4007,0.4592,0.4592,0.4772,0.5012,0.4502,0.3647,0.5162,0.4682,0.4022,0.3527,0.4397,0.3422,0.5072,0.3722,0.3842,0.3572,0.3677,0.4037,0.3512,0.3752,0.4817,0.4832,1.2882,1.3791,0.4442,0.5567,0.3812,0.4952,0.3737,0.5597,0.3962,0.3272
10/5/2022,34.9495,0.9105,0.6814,0.5197,1.1072,1.533,0.8754,1.0668,1.1988,0.6625,0.8808,0.7973,0.711,0.6733,0.4739,0.6437,0.5197,0.7272,0.5628,0.5763,0.773,0.7003,0.4874,0.6787,0.711,0.7057,0.4631,0.6437,0.544,0.9617,0.5925,0.5817,0.5763,0.393,0.5116,0.4604,0.6302,0.8215,0.8108,1.0887,1.1634,0.8431,0.7623,0.4847,0.7326,0.8431,0.5467,0.6491,0.6679
10/4/2022,19.7658,0.362,0.4502,0.2961,0.4961,0.6797,0.4149,0.3902,0.3879,0.3985,0.4161,0.4173,0.3232,0.2984,0.309,0.3914,0.369,0.382,0.3643,0.409,0.4385,0.3926,0.422,0.3196,0.3008,0.2973,0.409,0.2996,0.3361,0.4832,0.3361,0.3455,0.2573,0.3396,0.3537,0.2914,0.3232,0.4196,0.3714,1.0701,1.1434,0.4243,0.4102,0.422,0.4514,0.3232,0.4267,0.409,0.3937
10/3/2022,20.5746,0.5024,0.4446,0.3892,0.6784,0.4345,0.4911,0.4835,0.5854,0.6068,0.3578,0.4961,0.3528,0.3515,0.3628,0.3779,0.4408,0.3477,0.3238,0.3465,0.4458,0.4446,0.4622,0.4144,0.4861,0.3163,0.4358,0.3213,0.3289,0.4685,0.3817,0.3113,0.31,0.2836,0.3452,0.349,0.3628,0.4232,0.471,0.7993,0.8506,0.3943,0.4018,0.3842,0.2836,0.4295,0.5125,0.4156,0.3679
10/2/2022,21.2033,0.4571,0.5073,0.4585,0.4585,0.8242,0.4994,0.4149,0.605,0.399,0.6011,0.4334,0.3489,0.3132,0.3502,0.4598,0.4796,0.4545,0.4571,0.4888,0.3872,0.3515,0.3832,0.5152,0.4453,0.3911,0.3872,0.3687,0.3053,0.3858,0.3766,0.3079,0.2736,0.3423,0.3,0.333,0.3542,0.4769,0.4241,0.8969,0.9561,0.3938,0.4004,0.3858,0.3792,0.4017,0.51,0.3449,0.4149
10/1/2022,52.1996,0.8385,0.9048,1.338,1.97,1.2761,1.338,1.2717,1.9081,0.9534,1.307,1.0595,0.865,0.7103,0.9578,0.9004,1.0683,1.1125,0.9888,1.0286,1.0595,1.1302,0.8297,0.9755,0.781,0.8031,1.0639,1.2672,0.6087,1.5722,1.0772,0.7545,0.4937,0.5821,0.7987,0.8341,0.9092,0.896,1.0728,2.7111,2.9174,1.0241,0.7634,0.9623,0.8827,0.8915,0.8783,1.0109,0.8518
9/30/2022,27.9417,0.4917,0.5416,0.5815,0.6692,1.1677,0.6652,0.6333,0.8826,0.8487,0.6832,0.4379,0.5795,0.4319,0.4618,0.5914,0.4199,0.6173,0.6512,0.4798,0.5954,0.4359,0.4658,0.6014,0.6054,0.4618,0.5077,0.4678,0.3721,0.6333,0.5934,0.384,0.4419,0.3102,0.4339,0.4837,0.4558,0.4738,0.4119,1.352,1.4481,0.4379,0.6732,0.4399,0.5196,0.5156,0.5695,0.4837,0.5316
9/29/2022,23.8986,0.4735,0.5292,0.3733,0.5355,0.8058,0.5737,0.6707,0.5784,0.5021,0.5689,0.7104,0.5832,0.4131,0.5037,0.394,0.3781,0.4226,0.4083,0.4735,0.5466,0.3527,0.3257,0.6055,0.4004,0.4751,0.4195,0.4067,0.3559,0.5037,0.4083,0.3479,0.3511,0.367,0.3718,0.3813,0.3781,0.5069,0.4815,0.9765,1.0421,0.5323,0.6166,0.4067,0.3702,0.5371,0.5101,0.518,0.5053
9/28/2022,22.012,0.4077,0.3951,0.3923,0.6473,0.8294,0.503,0.4259,0.6094,0.3684,0.4707,0.5044,0.4063,0.4553,0.4063,0.3839,0.3726,0.4091,0.4511,0.3628,0.4343,0.339,0.4553,0.4259,0.4525,0.3754,0.4049,0.3096,0.3656,0.6221,0.4581,0.353,0.3628,0.3348,0.29,0.2942,0.3796,0.517,0.3516,1.1113,1.1879,0.4091,0.3825,0.4791,0.3474,0.3881,0.5436,0.3516,0.4847
9/27/2022,17.5195,0.2857,0.3228,0.3618,0.378,0.5103,0.3847,0.3533,0.4694,0.3399,0.4894,0.358,0.3656,0.3285,0.3666,0.318,0.3656,0.3732,0.3552,0.3742,0.3266,0.3323,0.3323,0.3542,0.398,0.2752,0.2676,0.3866,0.2876,0.3314,0.3009,0.2885,0.2961,0.2428,0.2809,0.2752,0.2999,0.278,0.3275,0.8638,0.9203,0.3799,0.3685,0.2742,0.3723,0.3628,0.2961,0.3475,0.3523
9/26/2022,53.637,0.9653,1.23,0.9927,1.6362,1.2528,1.8963,1.0383,1.1524,1.5997,1.586,1.2893,1.1935,0.8786,0.7645,1.1022,1.0201,0.833,1.2254,0.833,0.8102,1.1022,1.1296,1.3122,1.0748,0.9562,0.9516,0.9379,0.6459,1.2437,1.0201,0.6413,0.5774,0.7371,0.6459,0.6322,0.801,1.2391,0.6641,3.0877,3.3245,1.0612,1.3761,0.7097,0.6641,1.1752,0.9653,0.7645,0.8969
9/25/2022,40.5197,0.8854,0.9114,1.0122,1.4675,1.6463,1.4967,0.8463,1.4902,0.9341,1.0382,1.0675,1.0577,0.7715,0.6577,0.739,0.9244,0.5504,0.9309,0.7748,0.9667,0.8821,0.6122,1.0284,0.5341,0.4756,0.6024,1.2333,0.5471,0.8333,0.6284,0.5374,0.5634,0.5732,0.4821,0.4626,0.6642,0.9667,0.8658,1.148,1.2276,0.5309,0.6545,0.4821,0.5829,0.7683,0.9406,0.8073,0.7163
9/24/2022,41.418,0.6044,0.8417,0.825,0.9988,1.6304,1.363,0.7481,1.3597,0.708,1.1291,1.0155,1.0556,0.7715,0.8016,0.5577,0.7014,0.805,0.8985,0.7014,0.6345,0.6579,0.8818,0.815,0.7715,0.4908,0.698,0.708,0.5877,1.2461,0.8417,0.698,0.6646,0.5978,0.5844,0.7047,0.7181,0.9152,0.952,1.5252,1.6353,0.7916,0.8751,0.7916,0.5777,0.8517,0.9821,0.8618,0.8417
9/23/2022,40.0706,0.5836,0.7824,1.0133,1.3533,1.0614,1.4912,1.2314,0.8177,0.8273,1.023,1.0646,0.5804,0.6157,0.6349,0.5804,0.7311,0.7824,0.6766,0.6638,0.8754,0.667,0.8754,0.6285,0.9171,0.5323,0.6028,0.8786,0.5643,1.2507,0.7022,0.4329,0.5355,0.5066,0.4617,0.5547,0.574,0.7087,0.5483,2.2286,2.3958,0.7985,1.0197,0.7183,0.6445,0.6573,0.9524,0.8081,0.5162
9/22/2022,23.5391,0.5862,0.4992,0.5163,0.6297,0.7882,0.6717,0.6826,0.6189,0.3889,0.4137,0.566,0.5971,0.4293,0.3609,0.5147,0.4573,0.3904,0.3733,0.4883,0.4122,0.4635,0.5381,0.5831,0.4728,0.35,0.4681,0.3578,0.3252,0.5008,0.3998,0.4091,0.3609,0.3469,0.4106,0.2956,0.3889,0.4044,0.3438,1.1508,1.2306,0.4339,0.3485,0.3609,0.3827,0.5085,0.5474,0.4386,0.3329
9/21/2022,18.957,0.4702,0.3792,0.308,0.4198,0.5633,0.4724,0.4548,0.5556,0.5261,0.3091,0.5074,0.4428,0.2927,0.3201,0.3409,0.422,0.3113,0.3398,0.3869,0.3628,0.3792,0.3595,0.3179,0.3595,0.308,0.3343,0.4022,0.2828,0.5096,0.3814,0.3453,0.2675,0.3299,0.2894,0.2828,0.3354,0.3617,0.2861,0.8912,0.9499,0.3288,0.4428,0.2784,0.274,0.3825,0.331,0.3694,0.3913
9/20/2022,16.4416,0.3836,0.3634,0.2823,0.4537,0.3904,0.4402,0.4233,0.3617,0.425,0.2857,0.4807,0.333,0.2756,0.3228,0.3152,0.3608,0.295,0.3752,0.3397,0.333,0.3085,0.3718,0.3608,0.371,0.2705,0.3355,0.3895,0.2823,0.3566,0.2899,0.2958,0.2477,0.246,0.284,0.2469,0.3068,0.3473,0.2595,0.5958,0.6306,0.3642,0.2477,0.2494,0.2528,0.3,0.3608,0.2941,0.3355
9/19/2022,25.0669,0.6172,0.5609,0.5575,0.7742,0.6462,0.6189,0.6565,0.7725,0.5746,0.5268,0.4687,0.4346,0.4568,0.3988,0.4431,0.4466,0.5694,0.5182,0.4807,0.5029,0.3988,0.4619,0.5797,0.6002,0.3476,0.5217,0.4056,0.3698,0.5507,0.4158,0.421,0.4022,0.3698,0.4141,0.3681,0.4466,0.5319,0.4858,1.1467,1.2261,0.6104,0.4636,0.3681,0.3254,0.4551,0.3988,0.5507,0.4056
9/18/2022,56.0631,1.3634,1.0799,1.0895,1.349,1.9883,1.4692,1.1568,1.4259,1.3202,1.051,1.0222,1.0078,1.0318,1.1135,1.1039,0.8347,0.8059,0.753,1.003,1.2817,0.9741,1.1231,1.0462,1.301,0.9982,1.1183,1.7095,0.6617,1.4163,1.0318,0.4791,0.7242,0.7963,0.902,0.8203,0.8395,1.1183,0.9501,3.4162,3.6796,1.0943,1.1568,0.9116,0.8492,1.027,0.7194,1.1616,0.7867
9/17/2022,21.473,0.3499,0.525,0.3539,0.6072,0.7271,0.459,0.6194,0.5385,0.525,0.5453,0.5709,0.4321,0.4065,0.42,0.3526,0.3768,0.4604,0.3849,0.3661,0.4496,0.4658,0.4173,0.4334,0.4968,0.3539,0.3715,0.4267,0.3364,0.3809,0.3971,0.2785,0.3337,0.3378,0.2785,0.3418,0.3405,0.3728,0.4792,0.8769,0.9344,0.3324,0.5372,0.4941,0.4442,0.3822,0.4685,0.3768,0.3135
9/16/2022,25.3364,0.6105,0.5723,0.5169,0.7648,0.5377,0.5723,0.874,0.6816,0.5567,0.6816,0.8081,0.5117,0.4995,0.4787,0.5619,0.5151,0.4614,0.5013,0.4891,0.5446,0.4094,0.3764,0.6486,0.4544,0.4267,0.4718,0.4458,0.3522,0.4007,0.4805,0.314,0.3175,0.2932,0.4024,0.3522,0.4458,0.5411,0.5221,1.0014,1.069,0.4388,0.5602,0.4163,0.4943,0.4042,0.5013,0.5342,0.5221
9/15/2022,16.6209,0.3434,0.3167,0.3089,0.396,0.6055,0.3839,0.4356,0.4279,0.4201,0.2968,0.5038,0.2649,0.3348,0.3365,0.2744,0.3227,0.2744,0.2813,0.3537,0.2891,0.2968,0.3641,0.4089,0.3417,0.3287,0.2744,0.3546,0.2822,0.3003,0.3262,0.2537,0.2831,0.2581,0.2917,0.2882,0.3089,0.3037,0.2831,0.5963,0.6311,0.3374,0.3503,0.3132,0.2882,0.352,0.3839,0.3425,0.3072
9/14/2022,16.2618,0.3823,0.3716,0.2922,0.4649,0.3806,0.3228,0.3005,0.4476,0.3484,0.3468,0.2956,0.3773,0.3261,0.3046,0.3592,0.2642,0.3336,0.2931,0.2873,0.3658,0.2658,0.3013,0.3773,0.3674,0.2873,0.2666,0.4393,0.2765,0.4286,0.3294,0.2716,0.2964,0.2253,0.284,0.2377,0.2972,0.3633,0.2873,0.5859,0.6199,0.3303,0.3253,0.3294,0.3493,0.3476,0.2666,0.3055,0.3352
9/13/2022,15.4529,0.3113,0.3321,0.3679,0.4,0.4752,0.4141,0.4245,0.3552,0.3515,0.2993,0.2792,0.3523,0.2889,0.3224,0.2725,0.309,0.2732,0.2725,0.2956,0.3075,0.3336,0.265,0.3373,0.2926,0.2904,0.2949,0.3932,0.2464,0.385,0.3046,0.2852,0.2419,0.2308,0.277,0.2554,0.2852,0.3232,0.2464,0.5288,0.5581,0.3433,0.2896,0.3068,0.3351,0.2867,0.2501,0.2792,0.2829
9/12/2022,45.1018,0.8493,0.9458,1.0905,1.1053,1.3502,1.4504,1.3502,0.9866,0.9792,1.2946,1.417,1.0868,0.764,0.7529,0.8345,0.8122,0.7826,0.8122,0.9198,0.9903,0.79,0.7492,0.7751,1.1424,0.9124,0.7603,1.2797,0.5859,0.9681,0.905,0.7195,0.7417,0.6972,0.6008,0.5822,0.7121,0.6527,0.5599,1.8782,2.0169,0.675,0.9013,0.6156,0.8902,0.9347,0.649,0.8642,0.9681
9/11/2022,40.2498,0.9052,0.8923,0.9342,1.4728,1.1955,0.8794,1.5147,1.4019,0.5827,1.1019,1.06,0.7181,0.5601,0.7794,0.5504,0.6891,0.9213,0.7955,0.9342,0.831,0.6827,0.5053,1.0181,0.7439,0.7794,0.5472,1.218,0.5988,1.2342,0.7375,0.4311,0.4956,0.4795,0.5085,0.473,0.5859,0.5343,0.9084,1.0794,1.1534,0.8246,0.8342,0.902,0.802,0.902,0.8117,0.8858,0.8536
9/10/2022,37.375,0.8364,0.8775,0.7865,1.1889,1.092,0.716,0.8687,1.3681,1.1449,0.5456,0.8305,0.6308,0.5456,0.7924,0.5603,0.7365,0.622,0.8276,0.8129,0.8511,0.6954,0.4604,0.904,0.8305,0.5074,0.5015,1.0186,0.478,0.8658,0.622,0.5691,0.4281,0.528,0.6161,0.4927,0.6337,0.857,0.4869,1.8393,1.975,0.7777,0.4927,0.8775,0.6044,0.7894,0.7542,0.6367,0.4986
9/9/2022,39.4414,0.7986,0.9213,0.6289,1.2042,1.6633,1.2042,1.0187,1.0722,0.5754,0.8898,0.8552,0.5691,0.654,0.8144,0.5723,0.5345,0.9181,0.5408,0.8584,0.7515,0.7892,0.4968,0.7703,0.544,0.6603,0.5534,0.4999,0.6131,1.1917,0.8332,0.5188,0.6446,0.6603,0.5094,0.6414,0.6226,0.7483,0.4999,2.1595,2.321,0.7138,0.6477,0.9213,0.7075,0.8364,1.025,0.5911,0.676
9/8/2022,23.809,0.4734,0.4386,0.4354,0.78,0.5366,0.6062,0.6694,0.505,0.4623,0.5872,0.3753,0.4481,0.437,0.3864,0.4259,0.5287,0.3801,0.418,0.4228,0.407,0.4433,0.5176,0.4244,0.3437,0.3169,0.3595,0.584,0.3753,0.4117,0.3753,0.3058,0.3912,0.3169,0.301,0.3817,0.3801,0.3485,0.4844,1.6533,1.7738,0.5413,0.4307,0.407,0.407,0.4006,0.4591,0.5445,0.407
9/7/2022,15.9929,0.269,0.3321,0.2778,0.3873,0.44,0.3409,0.3897,0.4488,0.3161,0.4056,0.4176,0.3681,0.2706,0.265,0.285,0.3073,0.3137,0.3041,0.281,0.3601,0.3393,0.2522,0.3529,0.3697,0.2506,0.2626,0.2698,0.2602,0.4216,0.2977,0.2306,0.265,0.2706,0.2666,0.2834,0.273,0.3313,0.2786,0.6932,0.7359,0.3313,0.3313,0.2802,0.3257,0.2746,0.2842,0.3337,0.3473
9/6/2022,15.1839,0.2809,0.2945,0.2536,0.3312,0.3355,0.3484,0.3635,0.3082,0.3261,0.3448,0.2859,0.3405,0.3132,0.2665,0.3182,0.3348,0.3398,0.2823,0.334,0.324,0.3147,0.3168,0.3261,0.3226,0.2536,0.2601,0.3621,0.2572,0.2953,0.3046,0.2198,0.2859,0.2701,0.2191,0.2565,0.2917,0.3003,0.2895,0.6068,0.6425,0.3305,0.3621,0.268,0.283,0.3434,0.2816,0.2917,0.3024
9/5/2022,24.8869,0.3811,0.425,0.5872,0.6074,0.6648,0.6767,0.5517,0.6868,0.4521,0.6513,0.6682,0.4335,0.393,0.4774,0.3642,0.4267,0.4825,0.5449,0.4605,0.5145,0.5095,0.3592,0.4875,0.447,0.5162,0.3406,0.6327,0.3997,0.5145,0.5247,0.3338,0.3642,0.317,0.3322,0.3102,0.425,0.4132,0.3592,1.5989,1.715,0.5044,0.3271,0.5247,0.3288,0.5432,0.5517,0.4031,0.3541
9/4/2022,42.4067,0.5967,0.8789,0.6449,1.3915,1.5085,1.395,1.4535,1.1473,1.1094,1.2402,0.9615,0.6415,0.6896,0.5899,0.9236,0.5899,0.8995,0.8238,0.9271,0.7413,0.7,0.6071,0.989,1.0234,0.7447,0.7206,0.9718,0.5211,0.7722,0.7206,0.4385,0.5899,0.6174,0.552,0.6621,0.6896,0.8135,0.7516,2.3457,2.5224,0.6793,0.5279,0.6174,0.7413,0.8892,0.5589,0.755,0.7309
9/3/2022,47.3482,0.6979,1.1818,0.6192,1.3983,1.0638,1.5557,0.8395,1.2566,1.2645,1.1268,0.9497,0.8198,0.6625,0.749,0.8946,0.6979,0.871,1.1464,0.8002,0.7451,0.631,1.0599,0.9221,0.631,0.8159,0.5916,1.0992,0.7018,1.3274,0.8474,0.6625,0.6349,0.5287,0.6585,0.5208,0.8671,1.0677,0.6625,3.2165,3.4637,0.9418,0.9969,0.808,0.8356,0.7254,0.6821,1.0756,1.0323
9/2/2022,17.2499,0.3581,0.3045,0.3452,0.4146,0.421,0.5357,0.4913,0.36,0.3554,0.2832,0.4266,0.4099,0.3008,0.2888,0.3581,0.372,0.2786,0.3184,0.3443,0.3933,0.3646,0.2795,0.31,0.3174,0.3341,0.2925,0.2629,0.2786,0.4405,0.2943,0.2314,0.2999,0.3017,0.2647,0.3054,0.2943,0.3313,0.3017,0.7734,0.8226,0.3591,0.3591,0.3045,0.3794,0.3766,0.3665,0.3461,0.298
9/1/2022,14.5546,0.2584,0.2814,0.265,0.364,0.4459,0.2866,0.3227,0.3017,0.2873,0.3056,0.3259,0.3515,0.2794,0.2525,0.2945,0.2866,0.3155,0.2879,0.265,0.2984,0.3141,0.2342,0.3187,0.3214,0.2512,0.2794,0.36,0.2322,0.267,0.2794,0.2322,0.267,0.2493,0.2243,0.2407,0.2656,0.2571,0.3227,0.6089,0.6447,0.2984,0.3384,0.284,0.2656,0.3063,0.2801,0.2978,0.2381
8/31/2022,25.0666,0.3834,0.4858,0.5848,0.7009,0.764,0.6957,0.7179,0.6053,0.3954,0.7094,0.6377,0.549,0.4312,0.4346,0.4841,0.3868,0.566,0.4227,0.4653,0.4909,0.3817,0.4858,0.5421,0.4943,0.3254,0.4312,0.7111,0.3681,0.4193,0.4705,0.3902,0.4107,0.3459,0.3083,0.3169,0.3851,0.4961,0.3868,1.4665,1.5719,0.3868,0.5711,0.3885,0.421,0.4193,0.5131,0.3851,0.3629
8/30/2022,53.0089,0.8418,1.2829,0.9993,1.7195,1.985,1.4539,1.3549,0.9858,1.1974,1.1884,1.3954,0.7473,0.8688,0.9273,0.7203,1.1929,0.6978,0.8328,0.8778,1.1433,0.7203,1.1884,1.2514,0.9408,1.0938,1.1613,1.3999,0.7923,1.4404,0.8328,0.8238,0.6077,0.6708,0.6303,0.7923,0.7563,0.8823,1.0443,3.3005,3.5546,0.6798,0.7653,0.8913,0.6798,0.7293,1.2604,1.0218,0.6843
8/29/2022,21.4727,0.4806,0.3917,0.3337,0.5129,0.5493,0.5277,0.6881,0.6746,0.3688,0.5264,0.5453,0.4024,0.3351,0.4267,0.424,0.358,0.3459,0.3795,0.3566,0.3984,0.3445,0.4658,0.525,0.3607,0.3997,0.3647,0.4523,0.3256,0.3526,0.362,0.3256,0.2744,0.3715,0.2798,0.3741,0.3836,0.3795,0.3243,1.2776,1.3677,0.327,0.4496,0.3149,0.4132,0.3566,0.4563,0.4806,0.3378
8/28/2022,50.9419,1.2273,0.755,1.1457,1.3733,1.9144,1.1157,1.0985,1.6954,0.6347,1.2531,0.9826,1.2574,0.7249,1.0856,0.8409,0.9053,0.7636,0.9697,1.0727,1.0212,0.6562,1.1114,0.8623,1.0427,1.0126,0.6605,1.1844,0.7764,1.1973,0.9181,0.8237,0.536,0.7077,0.609,0.7807,0.8451,0.974,0.8838,2.8244,3.0399,1.2359,1.1758,0.7979,0.7163,0.8323,1.2102,0.8022,0.8881
8/27/2022,22.5507,0.3762,0.5377,0.3704,0.692,0.8447,0.4548,0.414,0.7458,0.6454,0.4388,0.5755,0.3529,0.3325,0.3937,0.5057,0.4824,0.4329,0.446,0.5144,0.465,0.4533,0.382,0.4708,0.3427,0.4111,0.3558,0.4635,0.3762,0.6658,0.4228,0.2612,0.3093,0.2729,0.3602,0.3238,0.3718,0.4388,0.513,0.9491,1.0125,0.382,0.5144,0.4635,0.414,0.4431,0.3646,0.4315,0.3602
8/26/2022,7.727,0.1618,0.1613,0.1604,0.1568,0.1602,0.1567,0.1619,0.1613,0.1578,0.1582,0.1573,0.1617,0.1629,0.1618,0.161,0.1608,0.1604,0.163,0.1624,0.16,0.1623,0.1619,0.1599,0.1611,0.1642,0.1621,0.1604,0.1637,0.1627,0.1613,0.1623,0.1627,0.1625,0.1643,0.1623,0.1619,0.1601,0.1611,0.1536,0.1526,0.1626,0.1616,0.1631,0.1604,0.1599,0.163,0.1633,0.1624
8/25/2022,8.8942,0.1902,0.1902,0.1849,0.1876,0.1984,0.1936,0.1832,0.1849,0.1767,0.1799,0.1945,0.1844,0.1823,0.1816,0.1832,0.1852,0.1779,0.189,0.184,0.1829,0.1854,0.1848,0.1877,0.1895,0.1765,0.1821,0.1783,0.1765,0.1912,0.1785,0.177,0.1731,0.1757,0.1791,0.1764,0.1789,0.1832,0.1761,0.2296,0.2347,0.177,0.1925,0.1792,0.1873,0.1825,0.1851,0.1819,0.1798
8/24/2022,7.9063,0.1655,0.1644,0.1646,0.1636,0.1637,0.1643,0.1629,0.1636,0.1656,0.1643,0.1643,0.1654,0.1655,0.1655,0.1645,0.1649,0.1645,0.1655,0.1648,0.1649,0.1655,0.1655,0.1642,0.1657,0.1648,0.1646,0.1637,0.1657,0.1645,0.1648,0.166,0.1658,0.1655,0.1658,0.1658,0.1652,0.1653,0.1651,0.1599,0.1593,0.1646,0.1658,0.1654,0.1653,0.1653,0.1652,0.165,0.1647
8/23/2022,8.9843,0.1869,0.1919,0.18,0.1996,0.1999,0.2057,0.2091,0.2002,0.1892,0.1828,0.2006,0.1833,0.1798,0.1865,0.1869,0.189,0.1835,0.1894,0.1851,0.1813,0.1869,0.1769,0.1865,0.193,0.1851,0.1844,0.1954,0.1806,0.1889,0.1864,0.1809,0.174,0.1769,0.1783,0.1804,0.1808,0.183,0.1804,0.1964,0.1988,0.1778,0.1812,0.1836,0.1867,0.1894,0.191,0.1815,0.1884
8/22/2022,8.8946,0.1863,0.1816,0.1909,0.1974,0.212,0.1869,0.1872,0.1954,0.1897,0.1911,0.1929,0.1824,0.1776,0.1812,0.1789,0.1882,0.1797,0.1839,0.1829,0.1843,0.1868,0.1846,0.1869,0.1873,0.183,0.1783,0.1824,0.1778,0.1823,0.1836,0.1737,0.1802,0.1787,0.1758,0.174,0.1797,0.1813,0.1817,0.2123,0.216,0.1795,0.1907,0.1771,0.1794,0.1862,0.1869,0.1787,0.1792
8/21/2022,8.8943,0.1854,0.1899,0.1848,0.1944,0.2083,0.1864,0.1954,0.1902,0.1888,0.1825,0.1842,0.18,0.1803,0.1784,0.1771,0.1806,0.1787,0.1863,0.188,0.182,0.1819,0.1769,0.1816,0.1795,0.1848,0.1789,0.1891,0.1791,0.1838,0.1795,0.1746,0.1775,0.178,0.1754,0.1795,0.1807,0.1873,0.185,0.236,0.2416,0.1881,0.1788,0.1754,0.1753,0.1812,0.1795,0.1788,0.1848
8/20/2022,8.8947,0.1871,0.1813,0.1841,0.1897,0.1889,0.1874,0.1882,0.1868,0.1961,0.1837,0.1804,0.1795,0.1838,0.184,0.1862,0.182,0.1877,0.181,0.1877,0.1874,0.1861,0.1826,0.1896,0.1894,0.1758,0.1812,0.1806,0.1767,0.186,0.1833,0.1759,0.1771,0.1809,0.174,0.18,0.1795,0.1881,0.1763,0.2186,0.2228,0.1896,0.1889,0.1792,0.1831,0.1793,0.19,0.1832,0.1839
8/19/2022,8.2658,0.1731,0.1731,0.1716,0.1738,0.1743,0.1751,0.1762,0.1731,0.171,0.1749,0.1758,0.1731,0.1712,0.1704,0.1699,0.1699,0.1718,0.1708,0.1711,0.1716,0.1725,0.173,0.1726,0.1716,0.1692,0.1718,0.1751,0.1694,0.1742,0.1718,0.17,0.171,0.1705,0.1691,0.1691,0.1709,0.173,0.1706,0.1813,0.1825,0.1698,0.1709,0.1705,0.1695,0.1707,0.1699,0.1717,0.1718
8/18/2022,9.973,0.2012,0.2184,0.2113,0.2209,0.2221,0.2103,0.2513,0.2211,0.2012,0.1945,0.2251,0.2055,0.2026,0.1941,0.2043,0.2006,0.2138,0.1965,0.2138,0.2002,0.1959,0.201,0.2038,0.1897,0.1967,0.1901,0.2093,0.1927,0.2296,0.2,0.1909,0.1813,0.1941,0.1967,0.1927,0.1968,0.2132,0.1886,0.2632,0.271,0.215,0.2041,0.2041,0.2038,0.2071,0.2164,0.213,0.2034
8/17/2022,11.7697,0.2549,0.2368,0.2684,0.3088,0.3578,0.3061,0.3054,0.3254,0.2952,0.2285,0.2334,0.2379,0.216,0.2413,0.2191,0.2304,0.2334,0.2315,0.2466,0.2357,0.2372,0.2473,0.2111,0.2213,0.2247,0.224,0.2692,0.2183,0.2575,0.2213,0.2055,0.2089,0.2108,0.2142,0.2123,0.2202,0.2296,0.236,0.2862,0.2959,0.2387,0.2428,0.2455,0.2383,0.2202,0.2658,0.2375,0.2168
8/16/2022,11.0513,0.2506,0.2399,0.2121,0.2399,0.2475,0.2359,0.2201,0.2774,0.2603,0.2564,0.2869,0.2185,0.206,0.2194,0.2201,0.2252,0.235,0.2082,0.2265,0.2176,0.2106,0.2024,0.2231,0.2344,0.2146,0.2014,0.2216,0.1975,0.2521,0.2094,0.2091,0.192,0.2097,0.2149,0.2048,0.2088,0.2018,0.2176,0.3665,0.3827,0.203,0.2262,0.214,0.2079,0.2393,0.2176,0.2368,0.228
8/15/2022,9.8832,0.2115,0.2017,0.2053,0.2439,0.255,0.2209,0.2145,0.2053,0.2132,0.1953,0.2378,0.1955,0.1908,0.206,0.1942,0.21,0.21,0.2041,0.2109,0.2081,0.2088,0.1992,0.1898,0.1849,0.2006,0.1891,0.2239,0.1874,0.1923,0.2047,0.1853,0.1817,0.1881,0.1932,0.1879,0.1915,0.2023,0.187,0.258,0.2655,0.1957,0.2181,0.1991,0.2107,0.2023,0.2036,0.2077,0.1908
8/14/2022,10.4223,0.1979,0.2015,0.1986,0.2422,0.2587,0.2229,0.2161,0.2229,0.2444,0.2054,0.2597,0.1984,0.2166,0.2124,0.2173,0.2197,0.2006,0.204,0.202,0.2248,0.2185,0.2207,0.212,0.2052,0.2054,0.1984,0.2386,0.1965,0.2105,0.2173,0.1846,0.2035,0.1984,0.2013,0.2035,0.1996,0.2129,0.2212,0.3088,0.3203,0.2202,0.1982,0.219,0.2061,0.2212,0.2052,0.2175,0.1916
8/13/2022,8.8949,0.1884,0.1837,0.1777,0.198,0.1906,0.1879,0.1851,0.1966,0.1901,0.1971,0.1931,0.1793,0.1837,0.1804,0.1797,0.1778,0.1783,0.1795,0.1808,0.1822,0.1861,0.1766,0.1917,0.1884,0.1791,0.177,0.1895,0.176,0.1921,0.1828,0.1777,0.1815,0.1739,0.1753,0.175,0.1821,0.1847,0.1769,0.2273,0.2322,0.1766,0.1758,0.1804,0.1812,0.1873,0.1858,0.1874,0.1845
8/12/2022,12.8476,0.2471,0.2946,0.2704,0.3087,0.3538,0.3053,0.3514,0.3378,0.251,0.2413,0.2462,0.2549,0.2486,0.2442,0.2374,0.2263,0.2408,0.2544,0.2389,0.2374,0.2534,0.2263,0.2374,0.253,0.2263,0.2268,0.2331,0.235,0.3247,0.2418,0.203,0.2069,0.2185,0.219,0.2341,0.2399,0.285,0.2176,0.5582,0.59,0.2418,0.3063,0.2151,0.2467,0.2719,0.2476,0.2593,0.2384
8/11/2022,10.6916,0.2019,0.21,0.2165,0.2436,0.242,0.2167,0.2579,0.2668,0.2404,0.2194,0.2122,0.2162,0.2111,0.2116,0.2243,0.2245,0.2146,0.2221,0.2229,0.2135,0.207,0.21,0.231,0.2305,0.1912,0.2006,0.214,0.1982,0.2401,0.2154,0.2084,0.1933,0.1917,0.1955,0.206,0.2043,0.2291,0.2011,0.3338,0.3473,0.2259,0.245,0.2224,0.2138,0.2038,0.2122,0.224,0.2078
8/10/2022,10.1524,0.2256,0.2007,0.1921,0.2364,0.2702,0.2091,0.2117,0.2418,0.2358,0.2295,0.2405,0.1959,0.2067,0.2082,0.1992,0.1962,0.1959,0.2145,0.2183,0.2179,0.1981,0.2011,0.197,0.2086,0.2065,0.2114,0.197,0.1946,0.2065,0.1972,0.1869,0.1901,0.1886,0.1996,0.1893,0.2037,0.2007,0.2136,0.2736,0.2823,0.2183,0.2067,0.1884,0.2145,0.2155,0.2155,0.2028,0.1981
8/9/2022,12.1291,0.2348,0.2418,0.2757,0.3128,0.3128,0.2885,0.3421,0.2567,0.2274,0.2889,0.3124,0.2261,0.2208,0.2443,0.2464,0.234,0.2459,0.2579,0.2286,0.2257,0.2554,0.2075,0.2443,0.2071,0.2125,0.2323,0.2373,0.21,0.2274,0.2517,0.1976,0.2257,0.2018,0.2047,0.1997,0.229,0.2509,0.2629,0.4254,0.4464,0.2464,0.2703,0.2604,0.2443,0.241,0.2563,0.2464,0.2108
8/8/2022,25.426,0.4873,0.5344,0.4124,0.7539,0.7818,0.6023,0.794,0.5117,0.3584,0.6738,0.7243,0.4071,0.3706,0.3584,0.5012,0.4594,0.4037,0.5953,0.5744,0.5535,0.4159,0.3688,0.5762,0.4193,0.3984,0.449,0.4385,0.3827,0.4054,0.4281,0.3949,0.3444,0.2974,0.3915,0.4037,0.4734,0.4995,0.5535,1.5056,1.6142,0.4594,0.6598,0.3932,0.5326,0.3984,0.4054,0.5169,0.442
8/7/2022,52.1997,1.1302,1.3645,1.223,1.2054,2.1822,1.3468,1.444,1.1965,0.7943,1.6253,0.7855,1.0065,0.9048,0.6705,0.9313,0.8915,0.8783,0.8783,1.0153,1.1523,0.9844,0.9932,1.1479,0.6352,0.7899,0.8429,1.5987,0.6794,1.307,0.8473,0.4628,0.7899,0.7987,0.644,0.8164,0.9225,0.7545,1.1435,3.0828,3.3192,0.9136,0.9976,0.9402,0.6396,0.9799,0.675,0.7236,1.1435
8/6/2022,28.391,0.6989,0.6418,0.5643,0.8559,0.7947,0.7274,0.9538,0.5786,0.8518,0.652,0.9272,0.5317,0.5745,0.5969,0.497,0.6275,0.5031,0.5724,0.6132,0.5847,0.5888,0.4338,0.4073,0.5154,0.3747,0.5337,0.8457,0.4317,0.5113,0.5949,0.3298,0.4236,0.4786,0.4705,0.3808,0.495,0.497,0.5398,1.0162,1.085,0.6193,0.5459,0.4419,0.4154,0.6357,0.4175,0.5357,0.4786
8/5/2022,14.375,0.3209,0.2534,0.3292,0.4242,0.4108,0.3981,0.4312,0.2948,0.3764,0.2712,0.2738,0.2406,0.2865,0.2508,0.2954,0.2508,0.2438,0.2617,0.275,0.2789,0.261,0.2623,0.3458,0.2311,0.2789,0.2636,0.2852,0.24,0.3382,0.2872,0.2381,0.2457,0.2604,0.2629,0.2578,0.2808,0.2865,0.2566,0.4972,0.524,0.298,0.2776,0.2298,0.2597,0.3241,0.2897,0.3197,0.3056
8/4/2022,13.6564,0.286,0.3166,0.2295,0.372,0.3381,0.2894,0.264,0.3171,0.3188,0.2464,0.303,0.2362,0.2781,0.2323,0.2617,0.277,0.2866,0.2781,0.2594,0.2956,0.26,0.2866,0.2651,0.2459,0.2572,0.2713,0.2526,0.2278,0.2668,0.2425,0.2119,0.2481,0.2147,0.2266,0.2119,0.264,0.2617,0.2871,0.6333,0.6712,0.2611,0.3171,0.286,0.2272,0.2804,0.2758,0.2804,0.2362
8/3/2022,14.3754,0.3133,0.2699,0.2578,0.3554,0.4191,0.328,0.37,0.3847,0.2872,0.3713,0.3012,0.2948,0.298,0.3044,0.275,0.3165,0.247,0.2846,0.2655,0.2859,0.2827,0.233,0.3382,0.3369,0.2349,0.247,0.254,0.2432,0.349,0.3012,0.2566,0.2355,0.2215,0.2355,0.2393,0.268,0.2954,0.2699,0.4467,0.4694,0.3331,0.3509,0.3203,0.2706,0.2891,0.3146,0.261,0.2483
8/2/2022,15.0038,0.2969,0.2836,0.306,0.3565,0.4349,0.4048,0.4195,0.3018,0.278,0.3243,0.3222,0.2507,0.2521,0.2465,0.2661,0.2745,0.2997,0.2759,0.3264,0.3194,0.264,0.3334,0.3551,0.3558,0.2948,0.3166,0.395,0.2612,0.3754,0.2598,0.2353,0.243,0.2528,0.2339,0.2227,0.2752,0.2934,0.3124,0.5759,0.6091,0.3131,0.2633,0.3187,0.2675,0.2766,0.2969,0.3257,0.2374
8/1/2022,19.4064,0.3617,0.4758,0.3697,0.4245,0.7358,0.4119,0.437,0.5716,0.5807,0.3971,0.607,0.3971,0.3047,0.3537,0.356,0.3971,0.3731,0.3925,0.4313,0.3822,0.3469,0.364,0.3629,0.3994,0.4005,0.4096,0.3765,0.2899,0.494,0.4085,0.2933,0.3138,0.3115,0.3035,0.3081,0.3321,0.429,0.3606,0.6238,0.6608,0.3674,0.4632,0.2842,0.3035,0.3743,0.3092,0.3583,0.3971
7/31/2022,42.4966,0.7773,0.8566,1.0946,1.2464,1.8915,1.4465,1.1188,1.0601,0.829,1.3223,1.0532,0.7635,0.8186,0.6807,0.9635,0.6565,0.7014,0.9808,0.7773,0.9497,0.8566,0.8049,0.7117,1.0187,0.691,0.7014,0.9221,0.6462,0.7014,0.7324,0.6945,0.6565,0.5634,0.6289,0.6048,0.6358,0.9187,0.6117,1.8359,1.9712,0.6531,0.6841,0.7048,0.4909,0.6772,0.898,0.5979,0.8945
7/30/2022,42.1374,0.9791,0.7026,0.6207,1.1362,1.341,1.2795,1.4912,1.5834,1.1362,0.8153,1.2795,1.0372,0.5729,0.8972,0.6173,0.788,0.6958,0.7231,0.7675,0.7299,0.8665,0.8562,0.887,0.9382,0.6207,0.9177,1.201,0.607,1.0235,0.8494,0.6685,0.4466,0.5319,0.5115,0.5524,0.6207,0.9962,0.7163,1.1689,1.2502,0.706,0.8631,0.9962,0.904,0.9211,1.085,0.6139,0.6241
7/29/2022,20.6646,0.3668,0.3883,0.3123,0.5263,0.4605,0.6872,0.6998,0.634,0.4567,0.577,0.5213,0.4187,0.3351,0.311,0.4478,0.4643,0.3908,0.4402,0.4516,0.4605,0.3098,0.33,0.4301,0.4516,0.3326,0.3972,0.4719,0.3364,0.4288,0.4263,0.249,0.2933,0.3668,0.3516,0.2718,0.3275,0.3136,0.4187,0.8586,0.9147,0.4478,0.3604,0.2895,0.2882,0.4238,0.463,0.4111,0.3503
7/28/2022,13.6563,0.3036,0.2934,0.3137,0.3426,0.3222,0.2753,0.3409,0.2951,0.3177,0.3279,0.2668,0.26,0.2526,0.2521,0.2345,0.2419,0.2843,0.2905,0.2724,0.2492,0.286,0.2521,0.3194,0.2956,0.2487,0.2289,0.2611,0.2442,0.3318,0.2871,0.2526,0.2091,0.2097,0.2295,0.2266,0.26,0.2447,0.2798,0.5649,0.5971,0.2956,0.2741,0.2221,0.2504,0.2538,0.2809,0.2515,0.2623
7/27/2022,15.1838,0.3463,0.3075,0.273,0.3247,0.4863,0.3621,0.4626,0.3815,0.3067,0.2759,0.4483,0.2974,0.3024,0.3082,0.2902,0.3247,0.3147,0.3333,0.2766,0.3412,0.3003,0.2356,0.3348,0.2852,0.2342,0.2902,0.393,0.2665,0.3721,0.2658,0.2414,0.2313,0.2687,0.2629,0.2522,0.2586,0.2651,0.2974,0.4825,0.5081,0.2622,0.2414,0.3427,0.3067,0.296,0.3405,0.3283,0.2565
7/26/2022,14.7346,0.3088,0.2859,0.3249,0.362,0.4778,0.3148,0.3855,0.3202,0.2758,0.2987,0.3067,0.2421,0.302,0.2407,0.3175,0.3142,0.3074,0.2838,0.269,0.3209,0.269,0.234,0.2993,0.2381,0.2367,0.269,0.3175,0.2354,0.3849,0.267,0.2704,0.2253,0.228,0.234,0.236,0.2542,0.2987,0.3142,0.6081,0.6439,0.2657,0.3216,0.3296,0.2609,0.2549,0.3465,0.3168,0.3162
7/25/2022,20.934,0.4473,0.4228,0.3904,0.6931,0.5482,0.6297,0.6504,0.6271,0.5443,0.4486,0.5676,0.4745,0.3658,0.3607,0.4305,0.4137,0.4111,0.4357,0.4551,0.4667,0.4228,0.4616,0.3749,0.4344,0.3128,0.3012,0.3581,0.3413,0.3452,0.4111,0.2701,0.3684,0.2818,0.2844,0.3387,0.3348,0.4629,0.4409,0.6291,0.6665,0.3633,0.5288,0.3025,0.3219,0.446,0.5198,0.4253,0.4021
7/24/2022,20.3049,0.4189,0.4005,0.3266,0.6096,0.6638,0.4066,0.4423,0.4903,0.4854,0.5075,0.542,0.3131,0.3402,0.3562,0.3475,0.3574,0.4374,0.4066,0.3832,0.3672,0.398,0.4558,0.4017,0.3894,0.4029,0.4325,0.3906,0.2909,0.5432,0.366,0.3439,0.2885,0.2799,0.2946,0.3057,0.3746,0.4386,0.4571,0.8721,0.9292,0.3709,0.5026,0.4312,0.366,0.3242,0.3955,0.3525,0.3045
7/23/2022,47.4381,0.9239,0.6991,0.9949,1.5076,2.0479,1.5391,1.3774,1.2394,1.4445,1.3537,1.5667,0.8726,0.6478,0.8056,0.6833,1.0106,1.0619,0.9594,0.8095,1.0619,0.7977,0.6084,0.9278,0.8687,0.7819,0.774,0.8095,0.6241,1.3419,0.8411,0.5058,0.6596,0.4743,0.7425,0.494,0.7346,0.6123,0.8529,2.1811,2.3445,0.6872,1.1999,0.8253,0.6518,1.1171,0.6005,0.9475,0.8253
7/22/2022,43.5747,0.9315,0.6789,0.7714,1.4794,1.4723,1.6039,1.241,1.4687,1.2659,1.273,1.4331,0.6861,0.807,0.7643,0.8141,0.6149,0.6505,0.8924,0.7003,0.6576,0.8106,1.0205,0.9778,0.6932,0.8995,0.9422,0.7181,0.5473,1.1805,0.8817,0.5153,0.6718,0.6683,0.5473,0.7003,0.6363,1.0418,0.6042,1.1547,1.2348,1.113,0.5687,0.8959,0.5402,0.8426,1.1379,0.928,0.8959
7/21/2022,21.2031,0.4043,0.4453,0.4822,0.6592,0.6697,0.6235,0.5377,0.6737,0.3396,0.6077,0.4651,0.4175,0.4188,0.3264,0.3383,0.4334,0.3911,0.3423,0.4162,0.4122,0.333,0.4545,0.4083,0.469,0.4321,0.399,0.4664,0.3132,0.3581,0.3964,0.3251,0.2908,0.2723,0.3713,0.3423,0.3449,0.4439,0.4228,0.6488,0.6879,0.3964,0.5456,0.4862,0.366,0.4347,0.502,0.4743,0.4136
7/20/2022,17.1603,0.3096,0.2931,0.3526,0.49,0.6009,0.512,0.556,0.4763,0.4067,0.3416,0.4259,0.3261,0.3288,0.2995,0.2757,0.348,0.305,0.3755,0.3215,0.3261,0.2738,0.2546,0.3856,0.294,0.2903,0.2628,0.4204,0.2583,0.3187,0.2894,0.2903,0.2326,0.2656,0.2601,0.2427,0.3224,0.272,0.2977,0.7345,0.7805,0.3508,0.4213,0.3508,0.3783,0.3242,0.3517,0.2894,0.2766
7/19/2022,12.4882,0.2371,0.2883,0.2919,0.3076,0.3296,0.2744,0.2753,0.2573,0.3291,0.2636,0.3323,0.2493,0.2353,0.2555,0.2641,0.2578,0.2614,0.2219,0.2309,0.2389,0.2317,0.2735,0.225,0.2753,0.2493,0.2403,0.2326,0.2277,0.2986,0.2344,0.2259,0.2075,0.2335,0.2228,0.2335,0.2335,0.2582,0.2286,0.425,0.446,0.2313,0.2493,0.2448,0.2165,0.2277,0.2434,0.2484,0.2223
7/18/2022,14.8245,0.3154,0.2943,0.3079,0.3537,0.3148,0.3653,0.3523,0.4096,0.3373,0.2745,0.4342,0.3557,0.2984,0.3045,0.3202,0.2984,0.3202,0.3045,0.2991,0.31,0.2513,0.3107,0.267,0.282,0.2458,0.252,0.3748,0.2615,0.3475,0.2929,0.2438,0.2533,0.226,0.2281,0.2233,0.2547,0.2697,0.2956,0.5608,0.5928,0.2834,0.3332,0.2704,0.2663,0.2561,0.2902,0.2711,0.2499
7/17/2022,31.5354,0.5997,0.5503,0.7998,0.9433,0.8351,0.9951,1.0257,0.9692,0.9174,0.7645,0.6703,0.5009,0.4867,0.4962,0.4985,0.5479,0.4538,0.5738,0.5903,0.5762,0.5009,0.475,0.6374,0.6892,0.4962,0.5738,0.6421,0.4679,0.5644,0.5009,0.3338,0.3432,0.4726,0.4091,0.3855,0.4773,0.588,0.668,1.8382,1.9737,0.7362,0.5338,0.7362,0.5103,0.5338,0.515,0.7268,0.4114
7/16/2022,15.0935,0.3348,0.2908,0.3121,0.3823,0.5164,0.3788,0.3163,0.3334,0.4135,0.3185,0.3525,0.3383,0.3107,0.2582,0.2681,0.2915,0.2752,0.2773,0.2894,0.3057,0.3149,0.2497,0.3071,0.2837,0.2553,0.2972,0.2468,0.2624,0.3454,0.2936,0.2617,0.2695,0.2525,0.261,0.2263,0.261,0.2823,0.2617,0.617,0.6535,0.3234,0.244,0.2383,0.2702,0.3433,0.2695,0.3362,0.3022
7/15/2022,8.2659,0.1728,0.1738,0.1735,0.1738,0.1732,0.1739,0.1737,0.175,0.1707,0.1734,0.1738,0.1711,0.171,0.17,0.1712,0.1727,0.1729,0.1707,0.1704,0.171,0.1702,0.173,0.1735,0.1733,0.1697,0.1708,0.1726,0.1702,0.1711,0.1709,0.1695,0.1697,0.1703,0.1696,0.1699,0.1708,0.1719,0.1722,0.1837,0.1851,0.17,0.1733,0.1726,0.1708,0.1702,0.1708,0.1704,0.1712
7/14/2022,30.0085,0.6574,0.6376,0.7301,0.8071,1.0096,0.9744,0.7851,0.7609,0.9259,0.7763,0.565,0.5232,0.4682,0.5716,0.51,0.433,0.5672,0.4396,0.5342,0.6861,0.6024,0.4572,0.543,0.598,0.4814,0.5012,0.4374,0.4352,0.9061,0.5298,0.4924,0.4242,0.5034,0.4726,0.4704,0.488,0.6971,0.6949,1.1956,1.2791,0.6046,0.6993,0.4022,0.6707,0.6244,0.4792,0.5232,0.433
7/13/2022,18.6875,0.4435,0.4542,0.2906,0.5888,0.5012,0.4702,0.6155,0.5429,0.5536,0.5044,0.5568,0.3858,0.3152,0.3943,0.3922,0.2949,0.39,0.4114,0.3975,0.4082,0.2885,0.2938,0.3398,0.3943,0.3815,0.4029,0.3858,0.2971,0.4531,0.3826,0.2511,0.2789,0.2746,0.2468,0.2671,0.3537,0.3398,0.2874,0.464,0.4881,0.4146,0.421,0.4285,0.2746,0.3227,0.3323,0.4136,0.2981
7/12/2022,15.2735,0.2809,0.2903,0.2743,0.4205,0.4605,0.3791,0.3798,0.3987,0.3434,0.3485,0.3732,0.3638,0.2561,0.2801,0.315,0.2787,0.2801,0.3085,0.3201,0.2823,0.2998,0.326,0.3078,0.2881,0.2583,0.2729,0.3587,0.251,0.3223,0.2845,0.2852,0.2809,0.2772,0.251,0.2816,0.2743,0.2816,0.2496,0.5637,0.5959,0.2503,0.3085,0.3027,0.2729,0.3318,0.2634,0.3267,0.2729
7/11/2022,17.8791,0.4156,0.4354,0.4087,0.4413,0.4956,0.4838,0.5065,0.5747,0.3445,0.4611,0.4324,0.3475,0.2813,0.3129,0.2902,0.302,0.387,0.2911,0.3346,0.3702,0.3899,0.3247,0.2872,0.2961,0.2902,0.3554,0.3435,0.2674,0.4038,0.302,0.2743,0.2763,0.2447,0.2408,0.2576,0.3,0.3583,0.3801,0.8863,0.9447,0.2773,0.383,0.3425,0.3257,0.3346,0.3069,0.303,0.2664
7/10/2022,35.848,0.5593,0.6457,0.5008,1.3168,1.4505,0.8322,1.1748,1.25,1.1497,1.0745,0.6345,0.8434,0.5872,0.757,0.5064,0.8183,0.7487,0.6094,0.8322,0.8072,0.693,0.7403,0.8657,0.6345,0.6846,0.4563,0.8824,0.5259,0.6791,0.7041,0.4786,0.3978,0.4953,0.4451,0.4451,0.551,0.7375,0.6317,1.1877,1.2705,0.6401,0.6819,0.6846,0.6345,0.8545,0.5176,0.7626,0.4674
7/9/2022,46.2699,0.7828,0.7445,0.8785,1.376,1.1579,0.8976,1.7243,1.3569,0.58,1.4755,1.4832,0.8096,0.6603,0.6489,0.8019,0.955,0.9742,0.7101,1.0966,1.0698,0.978,1.066,0.8211,1.0354,0.5876,0.779,0.8708,0.6795,1.4449,0.8976,0.7407,0.6029,0.5188,0.7178,0.6718,0.7752,0.5838,0.9474,1.9872,2.1348,1.177,0.8976,0.9818,1.0239,0.6527,0.5991,1.0316,0.8823
7/8/2022,18.1486,0.4102,0.3108,0.3707,0.533,0.4671,0.4031,0.3828,0.4386,0.4346,0.4813,0.2976,0.3219,0.3311,0.3087,0.325,0.3514,0.2884,0.3757,0.3656,0.3422,0.3585,0.3128,0.3747,0.2692,0.3443,0.3767,0.4072,0.2854,0.3899,0.3148,0.2641,0.2722,0.259,0.2905,0.2621,0.3067,0.3666,0.3138,0.965,1.0297,0.393,0.3524,0.3179,0.2895,0.325,0.3869,0.3808,0.4001
7/7/2022,14.5549,0.2801,0.3043,0.244,0.4216,0.4269,0.2873,0.3594,0.3594,0.2545,0.2925,0.379,0.2388,0.2768,0.3056,0.2453,0.3214,0.3207,0.2683,0.2833,0.3135,0.2453,0.3089,0.3214,0.2335,0.2814,0.267,0.3253,0.2335,0.2827,0.3004,0.2663,0.2755,0.242,0.227,0.2729,0.2545,0.3096,0.244,0.5824,0.6161,0.263,0.3581,0.322,0.2447,0.2591,0.2742,0.2997,0.2617
7/6/2022,13.2967,0.3065,0.2911,0.2821,0.3235,0.386,0.36,0.2763,0.3054,0.3134,0.2435,0.3515,0.2424,0.2376,0.262,0.2774,0.27,0.2567,0.2313,0.2641,0.2594,0.2636,0.2715,0.3076,0.2896,0.2366,0.2694,0.3097,0.2286,0.2414,0.2747,0.2032,0.2069,0.2429,0.2286,0.2382,0.235,0.2477,0.2382,0.4797,0.5051,0.2376,0.2323,0.2472,0.2339,0.2938,0.2578,0.2864,0.2493
7/5/2022,14.5546,0.2807,0.2794,0.3227,0.3417,0.3817,0.3613,0.4,0.4079,0.3279,0.2702,0.3168,0.3338,0.2486,0.2892,0.2624,0.2499,0.2768,0.3148,0.3069,0.3259,0.2925,0.2781,0.3161,0.2558,0.2368,0.2991,0.2912,0.2525,0.3214,0.303,0.244,0.2748,0.2198,0.267,0.2702,0.2643,0.2906,0.3227,0.5197,0.5484,0.2729,0.3482,0.2801,0.2289,0.3187,0.246,0.2584,0.2348
7/4/2022,27.4023,0.6556,0.5993,0.4034,0.9001,1.0087,0.7293,0.6207,0.7313,0.7759,0.6634,0.7953,0.4965,0.5508,0.4868,0.4073,0.4014,0.6343,0.4305,0.4829,0.4693,0.4014,0.4286,0.6614,0.6459,0.512,0.4402,0.6052,0.3607,0.5664,0.5101,0.4752,0.4907,0.3549,0.3529,0.4092,0.4926,0.3956,0.5489,0.9834,1.0496,0.3995,0.7235,0.481,0.3685,0.6265,0.7022,0.5605,0.6129
7/3/2022,28.8394,0.4501,0.6772,0.5376,0.7669,1.1232,0.9857,0.5084,1.0294,0.8731,0.473,0.5084,0.5585,0.5835,0.4042,0.4334,0.448,0.6397,0.5355,0.5126,0.5376,0.4042,0.5793,0.5189,0.5522,0.3813,0.3959,0.6793,0.3834,0.6939,0.5355,0.3125,0.3876,0.3584,0.4959,0.3417,0.5335,0.5147,0.5251,1.5506,1.6628,0.6377,0.7585,0.4688,0.6293,0.448,0.4209,0.5355,0.548
7/2/2022,10.4222,0.2153,0.2231,0.2178,0.2347,0.2803,0.2585,0.257,0.2304,0.2408,0.2289,0.2551,0.2178,0.2059,0.1931,0.2115,0.2241,0.2103,0.1965,0.2202,0.2115,0.1977,0.1996,0.2304,0.2122,0.2156,0.1945,0.2197,0.1914,0.2308,0.2083,0.1848,0.1858,0.1974,0.1952,0.1909,0.2003,0.1955,0.1938,0.2695,0.2779,0.202,0.2103,0.2088,0.225,0.2275,0.2049,0.2156,0.204
7/1/2022,16.5313,0.2921,0.3859,0.2605,0.3834,0.4081,0.4721,0.4951,0.374,0.3049,0.4456,0.3091,0.3893,0.2682,0.3211,0.3236,0.2955,0.3484,0.3015,0.3714,0.31,0.2784,0.3305,0.3578,0.3202,0.3177,0.2716,0.3356,0.2818,0.391,0.2929,0.2955,0.2759,0.2853,0.281,0.2716,0.2776,0.3151,0.304,0.693,0.7357,0.2801,0.3322,0.3126,0.2938,0.368,0.3782,0.304,0.2904
6/30/2022,14.3749,0.2744,0.3178,0.2508,0.4025,0.4892,0.4019,0.2827,0.4038,0.349,0.3617,0.3656,0.3343,0.2903,0.2903,0.2636,0.2872,0.2859,0.2916,0.2974,0.3025,0.261,0.3101,0.3286,0.2604,0.2253,0.2661,0.2935,0.2425,0.3656,0.2776,0.217,0.2336,0.2393,0.2298,0.2546,0.2636,0.2668,0.3114,0.3538,0.369,0.2833,0.326,0.2502,0.2859,0.2795,0.3152,0.2585,0.2642
6/29/2022,12.9379,0.255,0.2373,0.2738,0.3499,0.341,0.2723,0.2941,0.2965,0.3173,0.2368,0.295,0.301,0.2496,0.2541,0.2378,0.2585,0.2511,0.2718,0.2822,0.2704,0.2758,0.2279,0.2684,0.2353,0.2373,0.2748,0.2674,0.2239,0.2373,0.2343,0.2467,0.2146,0.2037,0.222,0.2447,0.2378,0.2728,0.2309,0.4651,0.4893,0.2481,0.3,0.2664,0.2146,0.2481,0.2595,0.2753,0.2704
6/28/2022,20.664,0.349,0.4959,0.4643,0.5428,0.6175,0.5415,0.539,0.4947,0.4377,0.4149,0.4301,0.3541,0.4035,0.3997,0.3934,0.4022,0.463,0.3516,0.425,0.425,0.3718,0.292,0.425,0.3047,0.42,0.311,0.349,0.3186,0.3984,0.425,0.3731,0.2857,0.3212,0.3465,0.3148,0.3693,0.3072,0.3946,1.0594,1.1318,0.4276,0.3756,0.2996,0.4605,0.4465,0.3896,0.4617,0.3389
6/27/2022,20.8439,0.4736,0.4621,0.3246,0.5674,0.5546,0.6509,0.516,0.4672,0.3092,0.5263,0.4813,0.4402,0.4184,0.3079,0.3246,0.3606,0.4698,0.4724,0.4325,0.4492,0.3876,0.3953,0.5147,0.4287,0.3503,0.3452,0.5212,0.3401,0.5096,0.3696,0.263,0.3144,0.3182,0.3696,0.3722,0.3401,0.3426,0.3234,0.8283,0.8819,0.3516,0.4955,0.4801,0.3144,0.4223,0.4736,0.3208,0.4608
6/26/2022,36.8364,0.6223,0.6396,0.7376,1.1644,1.4931,1.2567,0.8068,1.1932,0.9654,0.68,0.9827,0.7232,0.5819,0.5819,0.628,0.5329,0.7751,0.6021,0.6915,0.7982,0.6396,0.8559,0.8068,0.4752,0.703,0.7895,1.026,0.5704,1.1183,0.7146,0.5156,0.4608,0.5646,0.5588,0.5242,0.5358,0.6396,0.5848,1.3209,1.4145,0.6944,0.5329,0.4666,0.6598,0.5992,0.9395,0.8559,0.8126
6/25/2022,42.7661,0.6812,1.0393,0.9593,1.3974,1.9119,1.0532,1.1297,0.9663,0.9976,1.2062,1.0636,1.0671,0.8794,0.6256,0.7368,0.935,0.7925,0.6499,0.9767,0.7612,0.6812,0.9315,0.9107,0.8724,0.556,0.8446,1.0706,0.6464,0.6186,0.643,0.3857,0.6777,0.5734,0.716,0.4796,0.7299,0.5908,0.7959,1.7454,1.8734,1.1088,1.088,0.8828,0.8898,0.8133,0.5526,0.6603,0.5978
6/24/2022,45.4613,1.0508,1.1219,0.7511,1.6539,1.3842,1.1594,1.253,1.0058,0.8672,1.1032,1.1444,0.8859,0.7773,0.9459,0.7735,0.7923,0.9421,1.0021,1.0732,0.9833,0.7173,0.5563,1.2081,0.7735,0.5675,0.7136,1.1631,0.6986,0.6911,0.8672,0.4027,0.5638,0.7623,0.6686,0.575,0.7099,0.6087,0.8859,2.5428,2.7354,0.7436,0.7923,0.8934,0.8784,0.7024,0.8185,0.6761,0.8747
6/23/2022,17.6991,0.3374,0.3577,0.4082,0.4596,0.3878,0.5139,0.4218,0.3839,0.4198,0.3839,0.414,0.3189,0.2966,0.3267,0.3151,0.3083,0.3733,0.3674,0.3645,0.316,0.2898,0.316,0.3655,0.3936,0.2588,0.3723,0.4159,0.3054,0.3403,0.3471,0.3044,0.318,0.252,0.2695,0.285,0.3257,0.3354,0.2889,0.7628,0.8111,0.348,0.4024,0.4024,0.3927,0.3577,0.2753,0.3587,0.3296
6/22/2022,14.8243,0.2943,0.2724,0.3516,0.3509,0.5079,0.3332,0.3946,0.4444,0.2629,0.3543,0.2875,0.2847,0.2936,0.2636,0.2656,0.2663,0.2806,0.3052,0.267,0.3311,0.3175,0.2465,0.3482,0.2991,0.2677,0.297,0.2731,0.237,0.3714,0.2567,0.2704,0.2281,0.2718,0.252,0.2451,0.2731,0.2895,0.2602,0.4703,0.4949,0.2492,0.3591,0.3332,0.2916,0.2854,0.3148,0.2929,0.3168
6/21/2022,15.723,0.3559,0.3775,0.2624,0.4184,0.3891,0.4594,0.3559,0.3397,0.3675,0.3744,0.2771,0.3064,0.2763,0.2702,0.3196,0.2702,0.3373,0.3288,0.3381,0.2987,0.298,0.2617,0.3482,0.2678,0.2539,0.2702,0.4014,0.2563,0.4153,0.3088,0.2493,0.2825,0.2786,0.2756,0.2694,0.2972,0.3343,0.3281,0.5641,0.5963,0.3404,0.2485,0.3219,0.3088,0.3119,0.3064,0.2833,0.3219
6/20/2022,26.1447,0.5132,0.535,0.5786,0.7473,0.5931,0.7038,0.9197,0.6983,0.7927,0.4189,0.7237,0.6511,0.4715,0.5114,0.4552,0.4515,0.5423,0.4261,0.5187,0.4207,0.5132,0.5386,0.5332,0.5604,0.4969,0.4443,0.3753,0.4098,0.7636,0.4933,0.2991,0.3554,0.4025,0.3572,0.4534,0.4497,0.4915,0.5441,0.9583,1.0225,0.5386,0.5078,0.4969,0.5404,0.4788,0.5604,0.4261,0.4606
6/19/2022,18.1484,0.3849,0.4204,0.3199,0.5472,0.5462,0.4234,0.3635,0.3544,0.3067,0.3047,0.3016,0.4062,0.3392,0.3189,0.3879,0.3666,0.3159,0.3635,0.3402,0.3595,0.3859,0.3859,0.4123,0.3077,0.2996,0.3818,0.3635,0.3047,0.3128,0.3148,0.2935,0.2651,0.2925,0.3209,0.2489,0.2956,0.2884,0.329,0.8879,0.9464,0.4102,0.3991,0.3849,0.2742,0.3778,0.4468,0.3788,0.3686
6/18/2022,47.7973,1.2094,0.9348,1.1536,1.667,1.4521,1.3049,1.5118,1.6909,0.9865,1.4203,1.3447,0.9507,0.9467,0.8472,0.9348,0.8552,0.7716,0.9308,1.0462,1.1377,0.7278,0.6522,0.7795,0.887,0.6283,1.0183,1.1934,0.6562,0.8989,0.8552,0.4253,0.7795,0.6681,0.5925,0.5089,0.7318,1.1059,1.1019,1.9165,2.0583,0.9427,0.6721,0.895,0.5766,0.9069,0.8392,1.0183,0.6641
6/17/2022,43.9344,1.0902,0.7129,0.9716,1.2591,1.2555,1.4819,1.0327,1.507,1.4136,1.2519,1.1297,1.0327,0.6087,0.7021,0.6122,0.835,0.7093,0.7308,0.8422,0.835,0.8853,1.0147,0.9033,0.659,0.6554,0.72,0.6949,0.5763,1.3597,0.9213,0.4973,0.6015,0.6051,0.7165,0.5009,0.7452,0.8602,0.6015,2.0868,2.2424,0.6302,0.7668,0.641,0.95,0.6266,0.8027,0.9357,0.72
6/16/2022,18.4181,0.4167,0.3792,0.4188,0.5751,0.6553,0.5792,0.6084,0.4855,0.3813,0.4698,0.4219,0.4594,0.3136,0.3219,0.3521,0.3771,0.3667,0.3375,0.3615,0.375,0.3042,0.3063,0.3344,0.3323,0.3094,0.325,0.4177,0.3042,0.349,0.3313,0.2542,0.3031,0.2865,0.2698,0.25,0.3354,0.3615,0.3573,0.5221,0.5509,0.3813,0.3406,0.4115,0.3302,0.4136,0.4157,0.3604,0.3042
6/15/2022,17.3398,0.36,0.3806,0.4095,0.4683,0.4609,0.374,0.3806,0.431,0.3862,0.3955,0.3002,0.3749,0.3021,0.2918,0.3591,0.2806,0.3329,0.3824,0.3114,0.3544,0.3581,0.3731,0.3656,0.3908,0.3497,0.3152,0.275,0.2965,0.3208,0.3068,0.2302,0.2423,0.2423,0.2367,0.3114,0.3198,0.3927,0.2853,0.8708,0.9279,0.3796,0.3768,0.304,0.2759,0.2844,0.403,0.29,0.2787
6/14/2022,18.3282,0.4321,0.4052,0.3102,0.4166,0.4621,0.5127,0.6056,0.4455,0.2885,0.4652,0.5075,0.3226,0.3319,0.2834,0.3226,0.3856,0.3319,0.3247,0.3825,0.3216,0.3536,0.3113,0.3464,0.4228,0.3422,0.3309,0.4693,0.3051,0.4156,0.3815,0.2885,0.2896,0.3092,0.3113,0.2916,0.303,0.3082,0.3309,0.7597,0.8078,0.3144,0.4476,0.2978,0.3732,0.3805,0.2906,0.2947,0.3929
6/13/2022,14.3751,0.2451,0.3025,0.3069,0.3458,0.4045,0.3184,0.4217,0.3656,0.3305,0.3464,0.3617,0.3037,0.2572,0.24,0.2903,0.2814,0.261,0.254,0.2725,0.2572,0.2884,0.2495,0.2636,0.3044,0.24,0.3018,0.335,0.2444,0.37,0.2916,0.21,0.2138,0.2374,0.2668,0.2521,0.2655,0.3222,0.2355,0.4706,0.4952,0.3241,0.3433,0.2801,0.2515,0.2923,0.3343,0.2413,0.284
6/12/2022,41.149,1.0783,0.6341,0.5645,1.3501,1.5954,0.9258,1.5987,0.9656,0.9821,0.6307,1.0981,0.9125,0.7435,0.6009,0.8694,0.7401,0.8098,0.7733,0.8893,0.6374,0.6805,0.7302,0.9689,1.0319,0.5379,0.8595,1.0882,0.5214,0.6705,0.697,0.3954,0.5412,0.6473,0.5247,0.5711,0.6639,0.9954,0.6705,1.8169,1.9507,1.065,1.0981,0.5114,0.6606,0.8396,0.6009,0.9026,0.5081
6/11/2022,52.7388,1.142,0.7617,1.3925,1.4372,1.5894,1.0033,0.9541,1.6296,0.6409,1.3522,1.4149,0.7393,0.9585,1.0883,1.0391,1.1554,1.0659,0.708,1.0883,0.7841,0.7214,0.6409,0.6856,1.1017,0.8691,0.9854,1.5446,0.6409,1.2449,0.9809,0.5738,0.7438,0.8333,0.7617,0.6006,0.9138,1.2449,0.9093,3.4494,3.7155,0.9183,1.3567,0.717,0.6901,0.8512,1.3836,0.7885,0.9272
6/10/2022,18.7774,0.3585,0.3111,0.463,0.5547,0.4641,0.4253,0.4286,0.56,0.5428,0.5062,0.5719,0.3962,0.3359,0.3811,0.3046,0.3704,0.3326,0.3305,0.3316,0.3617,0.3811,0.2982,0.4469,0.4242,0.3283,0.3531,0.448,0.3046,0.3984,0.3801,0.3154,0.2949,0.2949,0.3251,0.2723,0.3326,0.3941,0.3219,0.5634,0.5955,0.365,0.4415,0.3951,0.3445,0.3499,0.3736,0.352,0.352
6/9/2022,17.1603,0.3545,0.3581,0.2729,0.5111,0.4479,0.5129,0.3673,0.4974,0.3572,0.4799,0.4882,0.3563,0.3554,0.349,0.3572,0.305,0.3774,0.3041,0.3682,0.3215,0.3471,0.3105,0.3306,0.3041,0.2757,0.2757,0.4048,0.2912,0.4479,0.2958,0.2317,0.2372,0.2775,0.2564,0.2674,0.3233,0.3407,0.2793,0.6447,0.6835,0.3425,0.3444,0.2885,0.3645,0.2894,0.3196,0.2766,0.3682
6/8/2022,15.9027,0.2907,0.3287,0.2607,0.4022,0.4994,0.3808,0.5002,0.3737,0.4235,0.3816,0.3982,0.3121,0.2702,0.3302,0.2631,0.2868,0.3002,0.2915,0.3342,0.3437,0.2694,0.2489,0.3034,0.3271,0.2947,0.3231,0.35,0.2734,0.316,0.3223,0.2741,0.252,0.2307,0.271,0.2473,0.2844,0.301,0.2923,0.6387,0.6769,0.3461,0.3018,0.2686,0.2402,0.271,0.3476,0.3453,0.3137
6/7/2022,28.7496,0.6999,0.7124,0.6501,0.6501,1.1129,0.8203,1.0631,0.6398,0.4758,0.5734,0.8203,0.4924,0.5713,0.536,0.5692,0.6335,0.5692,0.5837,0.6169,0.6045,0.4115,0.37,0.6564,0.6833,0.4157,0.5277,0.8078,0.4198,0.6854,0.5568,0.397,0.3908,0.3472,0.3783,0.4551,0.5049,0.4738,0.6584,0.8297,0.8835,0.6999,0.4779,0.397,0.6709,0.509,0.7165,0.5028,0.5277
6/6/2022,17.6992,0.3995,0.3791,0.4121,0.5081,0.4712,0.4053,0.5537,0.3839,0.3898,0.2995,0.3839,0.4189,0.3607,0.3451,0.381,0.3616,0.4014,0.284,0.349,0.3704,0.3422,0.2811,0.2898,0.3684,0.3189,0.3345,0.3762,0.2734,0.3403,0.2947,0.2326,0.2452,0.3054,0.2976,0.2898,0.318,0.3005,0.3442,0.8145,0.867,0.2869,0.2995,0.3636,0.2918,0.348,0.3985,0.2801,0.3383
6/5/2022,8.5356,0.1766,0.1758,0.1773,0.1787,0.1865,0.189,0.181,0.1874,0.1775,0.1834,0.1802,0.1782,0.1759,0.1772,0.1761,0.1772,0.1765,0.1734,0.1742,0.1784,0.1767,0.1794,0.1762,0.1775,0.1765,0.1736,0.178,0.1726,0.184,0.1781,0.1708,0.1725,0.1739,0.1709,0.1734,0.1745,0.1798,0.1744,0.1832,0.1845,0.1728,0.1808,0.1762,0.179,0.1784,0.1806,0.1789,0.1779
6/4/2022,10.4221,0.2025,0.2115,0.2333,0.2585,0.235,0.2236,0.2577,0.2451,0.2311,0.2064,0.2267,0.2345,0.1938,0.2061,0.2134,0.1977,0.2221,0.204,0.217,0.2117,0.2122,0.1969,0.2047,0.2224,0.1933,0.2091,0.1974,0.2011,0.226,0.1989,0.1943,0.1865,0.2035,0.1851,0.1904,0.2054,0.2132,0.2061,0.3331,0.3466,0.1969,0.2173,0.2037,0.2052,0.2178,0.2086,0.2161,0.1986
6/3/2022,17.4294,0.409,0.3421,0.3345,0.5448,0.6099,0.4382,0.4769,0.5476,0.4392,0.3166,0.359,0.3128,0.3279,0.3015,0.3213,0.3468,0.36,0.326,0.3421,0.3128,0.3345,0.3751,0.392,0.3175,0.3298,0.2638,0.443,0.2996,0.4448,0.2977,0.2761,0.2515,0.2336,0.2845,0.3091,0.3232,0.2855,0.3128,0.6017,0.6369,0.3091,0.3081,0.2581,0.3175,0.3807,0.359,0.3694,0.3458
6/2/2022,15.6329,0.2636,0.343,0.2522,0.3552,0.3972,0.4216,0.3789,0.4399,0.4224,0.3315,0.3712,0.3125,0.3231,0.2506,0.3384,0.3239,0.3346,0.2636,0.2743,0.2743,0.3239,0.2628,0.2697,0.2438,0.2338,0.298,0.3163,0.2644,0.3292,0.3125,0.2835,0.2636,0.2346,0.2468,0.2842,0.2674,0.2705,0.3216,0.7117,0.7559,0.3193,0.3773,0.3506,0.2544,0.3354,0.2544,0.2613,0.314
6/1/2022,18.4181,0.3709,0.4427,0.3979,0.4438,0.5573,0.5636,0.548,0.4865,0.3136,0.5157,0.3302,0.3802,0.3438,0.2886,0.3896,0.3959,0.2969,0.3365,0.3604,0.4146,0.3334,0.2677,0.4063,0.4209,0.3167,0.2854,0.4167,0.2917,0.3,0.3177,0.324,0.2458,0.3261,0.2438,0.3042,0.3125,0.2927,0.3542,0.8335,0.8875,0.3094,0.3427,0.4073,0.3323,0.4084,0.2875,0.3073,0.3657
5/31/2022,12.3988,0.2568,0.2384,0.2648,0.3114,0.2626,0.3285,0.2885,0.2608,0.3026,0.3184,0.3083,0.248,0.2221,0.2212,0.2546,0.2467,0.2406,0.2212,0.2705,0.2648,0.234,0.2656,0.2749,0.2502,0.2225,0.2551,0.2582,0.2278,0.2555,0.2357,0.2313,0.219,0.2019,0.201,0.2041,0.2362,0.2406,0.2225,0.3924,0.4107,0.2863,0.2573,0.2304,0.2573,0.2652,0.2234,0.2714,0.2375
5/30/2022,30.5471,0.577,0.7191,0.5094,0.9017,0.9445,0.8994,0.7213,0.6244,0.4417,0.4846,0.6334,0.444,0.5049,0.4553,0.6898,0.4891,0.6785,0.6875,0.6334,0.5545,0.6154,0.453,0.4846,0.5906,0.4079,0.6063,0.5567,0.3989,0.8408,0.5116,0.4553,0.5432,0.4372,0.4417,0.3651,0.5319,0.6469,0.6627,2.002,2.1508,0.6717,0.6898,0.3876,0.5116,0.5793,0.4508,0.5658,0.3944
5/29/2022,25.7855,0.5491,0.6451,0.6433,0.6771,0.7216,0.9012,0.8603,0.5544,0.4406,0.7002,0.6469,0.6611,0.5064,0.405,0.5419,0.5508,0.4406,0.5242,0.437,0.4939,0.5437,0.3623,0.4085,0.5811,0.3659,0.5544,0.3854,0.3836,0.6077,0.5046,0.3178,0.4352,0.3712,0.3481,0.389,0.4317,0.5579,0.4993,0.8563,0.9123,0.3997,0.6451,0.4832,0.533,0.4797,0.5971,0.4904,0.4406
5/28/2022,18.1487,0.3869,0.3321,0.4021,0.4945,0.6619,0.4285,0.5757,0.5828,0.4833,0.3899,0.4143,0.2935,0.3696,0.3331,0.392,0.3646,0.3818,0.4052,0.3757,0.3128,0.3534,0.2966,0.2956,0.3737,0.2742,0.2813,0.4752,0.2905,0.4488,0.329,0.2763,0.2834,0.261,0.2854,0.2509,0.3169,0.4133,0.3209,0.5704,0.6032,0.392,0.4214,0.2732,0.3047,0.3453,0.4326,0.328,0.2712
5/27/2022,51.6605,1.3586,0.8521,1.3324,1.2451,1.3149,1.817,0.8914,1.9,0.874,1.0224,1.5813,1.1971,0.7561,0.6644,0.8783,0.6906,1.053,0.9438,1.0442,1.1709,0.743,0.6251,1.363,1.2625,0.839,0.8216,0.7561,0.7954,1.1272,0.9482,0.5596,0.6469,0.5116,0.7997,0.7037,0.743,0.7997,0.9438,3.5843,3.8614,0.6993,0.8783,0.6164,0.9657,0.7343,1.3455,0.7124,0.6862
5/26/2022,48.5158,0.746,0.9527,1.1472,1.5483,1.1269,1.2403,1.6658,1.4267,1.6212,1.1431,1.682,1.2484,0.8392,0.6204,0.7704,0.7055,0.8392,0.9972,0.7501,1.0094,0.7217,0.5799,0.9203,1.0459,0.7501,0.8635,0.6529,0.6367,1.4834,1.0013,0.5029,0.5232,0.7217,0.7217,0.6083,0.8068,0.819,0.9972,1.7573,1.8862,1.2363,1.2768,0.9243,1.1553,1.1755,1.1593,0.9243,0.584
5/25/2022,15.0037,0.3348,0.3558,0.2941,0.444,0.3201,0.3299,0.4559,0.3817,0.3229,0.3341,0.402,0.3404,0.2913,0.2759,0.2955,0.2675,0.3109,0.2885,0.3025,0.3229,0.2759,0.2717,0.3586,0.257,0.2416,0.2409,0.3313,0.2563,0.3586,0.3152,0.2108,0.2353,0.2689,0.2619,0.2619,0.2689,0.2528,0.2416,0.516,0.5443,0.3565,0.2934,0.2535,0.2696,0.2934,0.3586,0.2689,0.2696
5/24/2022,16.2619,0.3699,0.2997,0.298,0.3889,0.3633,0.4881,0.412,0.4112,0.2551,0.3294,0.3765,0.3608,0.2906,0.2625,0.3253,0.3022,0.3005,0.3683,0.3641,0.3493,0.3435,0.3393,0.3732,0.3633,0.322,0.2881,0.3699,0.2501,0.2782,0.2906,0.2741,0.2328,0.2559,0.241,0.2931,0.2972,0.2691,0.2832,0.7038,0.7474,0.3203,0.2724,0.2526,0.3674,0.3683,0.3146,0.3616,0.2732
5/23/2022,18.598,0.3097,0.3818,0.3638,0.403,0.6838,0.5344,0.5938,0.4316,0.5122,0.3882,0.4422,0.3807,0.3754,0.3055,0.2917,0.3066,0.3458,0.3384,0.3871,0.3203,0.3744,0.2907,0.3161,0.3087,0.3532,0.2843,0.3405,0.2991,0.5238,0.3532,0.3246,0.3341,0.279,0.3246,0.3161,0.315,0.2843,0.3193,0.8144,0.8669,0.3935,0.3977,0.2843,0.3447,0.4253,0.3405,0.3002,0.3935
5/22/2022,30.7265,0.5871,0.6576,0.6098,1.0485,0.8144,0.628,0.8871,0.678,0.528,0.7507,0.8076,0.8053,0.5894,0.4939,0.4848,0.4439,0.478,0.6303,0.6507,0.6439,0.6257,0.6939,0.7689,0.4689,0.5417,0.5803,0.428,0.4508,0.528,0.6121,0.4871,0.3712,0.3735,0.4371,0.5053,0.4644,0.7235,0.6348,1.5503,1.6625,0.5212,0.6667,0.5962,0.5485,0.4712,0.6553,0.6894,0.453
5/21/2022,52.0203,0.8578,1.364,1.3156,1.4388,1.6413,1.1263,1.4036,1.1615,0.6861,1.4697,1.6149,1.0163,0.9018,1.0251,0.7125,0.7169,0.7962,0.9678,1.003,0.9458,0.7962,0.7785,1.2408,1.0603,0.8226,0.8226,1.0735,0.6421,0.8314,1.1087,0.8622,0.5672,0.8666,0.8138,0.8006,0.8446,1.1791,0.9546,2.944,3.1692,1.2936,0.915,0.7257,1.0647,0.827,0.8402,1.0867,0.9238
5/20/2022,32.1645,0.5533,0.7224,0.5195,1.1357,0.7563,1.1115,1.0777,0.6572,0.6838,0.8964,1.0317,0.7708,0.5098,0.4929,0.5026,0.534,0.7418,0.7128,0.5195,0.6427,0.7128,0.6089,0.5847,0.6645,0.4929,0.6065,0.8626,0.4518,0.8892,0.5315,0.4542,0.5098,0.505,0.5122,0.4856,0.5001,0.5388,0.5799,1.1943,1.2776,0.6185,0.6862,0.4035,0.6306,0.6934,0.4566,0.5388,0.6016
5/19/2022,51.4812,0.8363,1.2754,1.258,1.9624,1.8363,1.7015,1.2363,1.6407,0.7189,1.2059,1.5276,0.6754,0.7276,1.0711,0.9972,1.1102,0.8711,1.0406,0.7841,1.0276,0.9885,0.8102,0.9015,0.8841,0.8015,1.0493,0.8276,0.7015,1.4363,0.9798,0.858,0.6276,0.7537,0.8537,0.5797,0.9102,1.0928,1.058,1.9593,2.1047,1.2146,1.3189,0.6363,0.9406,0.8015,1.2798,0.8841,0.7232
5/18/2022,25.336,0.5775,0.6226,0.6451,0.8012,0.6989,0.5706,0.8168,0.822,0.4215,0.6278,0.8064,0.4354,0.4874,0.3556,0.4284,0.5793,0.4232,0.3972,0.4891,0.4076,0.4544,0.47,0.392,0.6001,0.4961,0.3452,0.3435,0.3712,0.5897,0.4666,0.3106,0.295,0.3747,0.3054,0.3834,0.4475,0.4961,0.5723,1.1355,1.214,0.5047,0.4735,0.4995,0.4163,0.451,0.4631,0.5411,0.5099
5/17/2022,18.0591,0.3538,0.3357,0.3367,0.574,0.5258,0.4453,0.5831,0.4523,0.4242,0.4916,0.4906,0.3487,0.3367,0.3186,0.4,0.3648,0.3709,0.3739,0.3849,0.3487,0.3678,0.3226,0.3447,0.3528,0.2914,0.3769,0.5016,0.2693,0.4795,0.3226,0.3095,0.3095,0.2683,0.2481,0.2602,0.2994,0.3538,0.3306,0.4654,0.4896,0.2904,0.397,0.387,0.399,0.3377,0.3558,0.3447,0.3236
5/16/2022,25.5159,0.4907,0.6256,0.4855,0.6256,0.6011,0.4872,0.6939,0.778,0.6484,0.3944,0.4014,0.5888,0.4574,0.3681,0.4101,0.3856,0.566,0.4749,0.4697,0.5082,0.4031,0.4749,0.5555,0.6343,0.482,0.4136,0.6413,0.3681,0.4767,0.4084,0.4312,0.4084,0.3769,0.298,0.3418,0.4259,0.4522,0.5906,1.5832,1.6981,0.3786,0.6186,0.4241,0.3646,0.4995,0.4084,0.4872,0.4101
5/15/2022,43.0359,0.6607,0.976,1.1266,0.9585,1.0776,1.0776,1.4034,1.5681,0.6852,1.1757,1.491,0.5731,0.7623,0.6467,0.6046,0.7237,0.9585,0.9795,0.7448,0.6502,0.8814,0.7973,0.9515,1.0741,0.5766,0.7132,0.8919,0.6572,0.7307,0.7027,0.5556,0.51,0.6326,0.524,0.6046,0.6957,0.8954,0.8183,2.3233,2.4981,0.9515,0.8288,0.6642,0.6642,0.7483,0.962,0.5801,0.7588
5/14/2022,55.8832,1.4404,0.8753,1.0525,1.7755,1.177,2.1203,1.5409,2.0868,1.2823,1.6415,1.6702,1.3302,1.11,0.9711,0.9424,0.8562,1.0142,1.2201,0.8993,0.8466,0.9328,1.1004,1.3685,0.8897,0.7461,1.0956,1.1195,0.7987,1.0046,1.0142,0.861,0.7844,0.8801,0.5976,0.8418,0.8658,0.9759,1.0142,2.456,2.6417,1.2105,1.2057,0.6503,1.2871,1.0956,0.8658,0.7365,0.9903
5/13/2022,29.0198,0.6501,0.5892,0.6249,0.8015,0.6732,0.7006,0.6123,0.7846,0.6774,0.4546,0.8961,0.4357,0.4042,0.4904,0.5576,0.5892,0.4357,0.5408,0.5534,0.4736,0.6123,0.4967,0.7279,0.6711,0.4609,0.5471,0.3958,0.4315,0.7174,0.4799,0.4988,0.4483,0.3979,0.3937,0.3853,0.4946,0.6838,0.6396,1.4272,1.5294,0.6501,0.6165,0.6459,0.4588,0.463,0.7216,0.4925,0.5871
5/12/2022,26.9534,0.4415,0.5628,0.504,0.8471,0.6348,0.5855,0.65,0.8243,0.8073,0.7182,0.4491,0.5647,0.4965,0.4604,0.5438,0.4775,0.4415,0.415,0.4472,0.5628,0.487,0.5874,0.504,0.3941,0.3922,0.4984,0.7125,0.4074,0.5457,0.4661,0.3979,0.4131,0.3278,0.3145,0.3467,0.4889,0.5552,0.4017,1.745,1.873,0.3979,0.4946,0.5571,0.3524,0.4984,0.4623,0.4187,0.4794
5/11/2022,24.4375,0.5891,0.4593,0.4247,0.7551,0.8883,0.5513,0.8077,0.6138,0.433,0.5184,0.5316,0.525,0.4297,0.4297,0.4165,0.5398,0.4428,0.5414,0.4576,0.4231,0.4658,0.5612,0.5069,0.4395,0.4461,0.502,0.5957,0.3442,0.4099,0.4034,0.3836,0.4362,0.3278,0.3771,0.433,0.4099,0.502,0.4888,0.9565,1.0206,0.4872,0.3705,0.5661,0.4001,0.3935,0.502,0.5332,0.3968
5/10/2022,26.2346,0.597,0.4311,0.3672,0.6462,0.69,0.5478,0.6754,0.6554,0.6335,0.6408,0.8723,0.6663,0.4511,0.5186,0.4767,0.5988,0.5624,0.5751,0.6098,0.4985,0.4092,0.5204,0.504,0.4183,0.3745,0.5459,0.5131,0.3782,0.7009,0.4201,0.4001,0.4019,0.3344,0.3362,0.4055,0.4457,0.5277,0.4639,0.9824,1.0486,0.6517,0.6244,0.5605,0.36,0.4347,0.6335,0.6007,0.5241
5/9/2022,43.9344,0.7955,1.1297,0.6087,1.1477,1.6148,1.5214,1.3597,1.4244,1.3992,0.9177,0.7093,0.835,0.7775,0.8782,0.7093,0.7236,0.738,0.8674,0.7021,0.6697,0.7596,0.8243,1.0255,0.6769,0.6949,0.7057,0.853,0.6338,1.2088,0.9177,0.6769,0.738,0.4218,0.4901,0.6697,0.6554,1.0614,0.6087,2.0902,2.2462,0.9321,1.0183,0.5512,0.7668,0.8818,0.5763,0.7919,0.9285
5/8/2022,58.3089,0.8458,0.9817,0.9112,1.3389,2.6167,1.9074,1.1427,1.4546,1.7212,1.1779,1.6659,1.4093,0.871,1.2383,1.1829,1.3137,1.1125,1.2181,1.2433,1.1024,0.871,1.2785,1.4093,1.4646,1.0571,1.2483,1.1175,0.6999,1.2533,0.8559,0.7301,0.8307,0.7503,0.6748,0.7452,0.8559,1.1427,1.1527,2.0668,2.2208,1.2886,1.1879,1.3892,0.9867,1.3187,0.7603,1.3741,1.1225
5/7/2022,28.6602,0.4538,0.5716,0.4538,0.8505,1.0902,0.6191,0.6274,0.6811,0.7286,0.4311,0.7885,0.4642,0.46,0.4415,0.5282,0.5613,0.6253,0.4497,0.5943,0.553,0.584,0.4869,0.6935,0.6749,0.4972,0.4559,0.5324,0.4394,0.8464,0.5117,0.4125,0.4146,0.4621,0.3733,0.4167,0.5158,0.5117,0.4353,1.6151,1.7326,0.4043,0.7018,0.4786,0.4105,0.4538,0.4828,0.5675,0.5757
5/6/2022,26.3247,0.5845,0.4855,0.4892,0.6376,0.8337,0.7732,0.7146,0.6743,0.7714,0.7714,0.6504,0.4012,0.4525,0.4855,0.4379,0.5753,0.447,0.5222,0.4672,0.4415,0.4012,0.6028,0.579,0.4709,0.4855,0.4544,0.6633,0.3701,0.4415,0.5332,0.2821,0.469,0.4415,0.3151,0.4122,0.48,0.4324,0.3994,1.2171,1.3023,0.5771,0.3921,0.3829,0.601,0.612,0.4983,0.4782,0.414
5/5/2022,25.965,0.5817,0.4451,0.6158,0.6966,0.5835,0.5583,0.5511,0.8332,0.5709,0.7398,0.4325,0.6014,0.4343,0.526,0.5547,0.5655,0.5583,0.5134,0.5655,0.6032,0.508,0.3571,0.5691,0.3679,0.3481,0.5367,0.6499,0.4092,0.4972,0.4703,0.384,0.4541,0.3679,0.3104,0.3589,0.4667,0.6158,0.4559,1.0981,1.1736,0.4164,0.5978,0.3625,0.508,0.526,0.632,0.5996,0.393
5/4/2022,33.7815,0.8628,0.8447,0.5302,1.0226,1.1077,1.0097,1.1309,1.0303,0.5895,0.6746,0.8164,0.6462,0.6256,0.4735,0.5611,0.739,0.6024,0.8138,0.7596,0.5998,0.5895,0.5508,0.8009,0.4348,0.4683,0.641,0.9375,0.5276,0.5276,0.6539,0.3342,0.5637,0.5431,0.409,0.5405,0.5405,0.458,0.5302,1.3015,1.3935,0.8396,0.8911,0.7751,0.4992,0.5379,0.8757,0.6282,0.5482
5/3/2022,22.1917,0.5442,0.5002,0.4888,0.6861,0.8677,0.5427,0.5456,0.574,0.4917,0.652,0.7216,0.5371,0.371,0.4122,0.3881,0.3512,0.3341,0.3441,0.4973,0.3852,0.3469,0.4902,0.398,0.459,0.293,0.4562,0.5839,0.3512,0.3526,0.3639,0.3455,0.2703,0.3313,0.3057,0.2901,0.3526,0.5044,0.3639,0.7675,0.8162,0.4164,0.5427,0.3923,0.4902,0.4633,0.4391,0.459,0.3114
5/2/2022,23.4495,0.3876,0.4602,0.3397,0.505,0.9036,0.6672,0.6193,0.7646,0.5869,0.6935,0.4803,0.5684,0.4726,0.4185,0.4262,0.5158,0.5174,0.4169,0.5174,0.5421,0.4556,0.386,0.5714,0.3598,0.3243,0.3243,0.3691,0.3675,0.505,0.4463,0.2872,0.3845,0.3953,0.3675,0.4154,0.4386,0.4865,0.471,0.8244,0.8777,0.5467,0.5189,0.3706,0.5436,0.4525,0.4571,0.3536,0.3459
5/1/2022,20.0353,0.3484,0.4038,0.4639,0.6072,0.5325,0.5362,0.5121,0.5482,0.429,0.5145,0.3279,0.494,0.3845,0.3111,0.3592,0.3352,0.3412,0.4591,0.4302,0.4026,0.3941,0.3376,0.4411,0.3677,0.3231,0.4182,0.2954,0.3231,0.3231,0.4146,0.3279,0.2605,0.3075,0.3075,0.2702,0.358,0.3917,0.4026,0.8901,0.9488,0.4639,0.3665,0.3749,0.3147,0.3845,0.4808,0.4014,0.405
4/30/2022,20.0357,0.411,0.3376,0.34,0.6072,0.766,0.4603,0.4688,0.4218,0.4266,0.5193,0.417,0.4086,0.3785,0.3171,0.4375,0.4062,0.4375,0.4134,0.4002,0.3761,0.3195,0.4483,0.4892,0.4122,0.3123,0.3689,0.5362,0.3159,0.3556,0.4182,0.3448,0.3111,0.3087,0.2966,0.3027,0.3773,0.3364,0.3568,0.7716,0.8206,0.3737,0.5012,0.3472,0.3328,0.3568,0.3665,0.3989,0.405
4/29/2022,19.496,0.3092,0.4115,0.4196,0.492,0.5139,0.4552,0.369,0.3897,0.315,0.4679,0.484,0.4046,0.3414,0.3414,0.3345,0.3966,0.4207,0.423,0.4357,0.3276,0.4,0.2874,0.3552,0.4023,0.3598,0.4069,0.5495,0.2989,0.4276,0.3862,0.254,0.3334,0.3023,0.2931,0.3,0.361,0.4242,0.4391,0.8627,0.9191,0.3908,0.3989,0.4357,0.3265,0.4046,0.3656,0.4242,0.3345
4/28/2022,26.3244,0.4599,0.4177,0.4269,0.8208,0.5955,0.7989,0.6229,0.7512,0.4031,0.5222,0.83,0.6229,0.4983,0.4434,0.5661,0.5606,0.4049,0.4324,0.4214,0.6101,0.3976,0.5258,0.5716,0.4085,0.3646,0.4837,0.5698,0.3682,0.5955,0.5478,0.3609,0.4067,0.3847,0.3462,0.4177,0.4562,0.4892,0.546,1.3818,1.4803,0.4067,0.4544,0.5423,0.491,0.5826,0.5442,0.4159,0.5753
4/27/2022,47.7972,1.2253,0.8193,1.074,1.7347,2.069,1.6431,1.4959,1.1536,1.1775,1.289,1.0342,1.1974,0.9467,0.6084,0.895,0.7716,0.8392,0.6602,0.7318,0.8154,0.9984,1.0939,1.2452,0.8233,0.5806,0.879,0.6721,0.7119,0.7716,1.0104,0.7875,0.5288,0.7238,0.4612,0.688,0.8273,1.1337,0.879,1.6851,1.8082,1.0541,1.2332,0.5646,0.7557,0.9427,0.8751,0.8552,1.0263
4/26/2022,31.3555,0.6501,0.6945,0.8043,0.7412,1.1499,0.6268,0.9701,0.7459,0.9981,0.6641,0.4936,0.4983,0.6314,0.6548,0.5474,0.7062,0.5287,0.5497,0.5777,0.6408,0.5754,0.5777,0.8089,0.6455,0.4843,0.5684,0.482,0.4843,0.9561,0.6385,0.4446,0.531,0.4563,0.4773,0.4142,0.5427,0.538,0.475,1.0869,1.1616,0.6244,0.7669,0.5193,0.6571,0.6198,0.6898,0.6665,0.5894
4/25/2022,65.6764,1.672,1.2221,1.747,2.0585,2.1219,2.168,2.5372,1.8335,1.1299,1.8566,2.4045,1.4644,1.1933,1.3029,1.4471,1.0376,1.5567,0.9338,1.5451,0.9626,0.8934,0.9453,1.7239,1.4759,0.7319,1.3779,1.4009,0.9799,2.07,1.3548,0.9799,0.9914,0.8588,0.6108,1.078,1.1991,1.2971,1.4586,1.4027,1.503,1.3836,0.853,0.7665,0.9107,1.4067,1.2856,1.5336,1.0087
4/24/2022,31.3558,0.6595,0.6548,0.4399,0.8557,1.0402,1.1453,0.5754,0.7552,0.9491,0.8323,0.9608,0.6992,0.6221,0.5777,0.4586,0.7085,0.6758,0.6174,0.6501,0.6221,0.4516,0.5871,0.4446,0.7506,0.4376,0.4096,0.9327,0.4493,0.9514,0.6244,0.3372,0.3722,0.4072,0.5007,0.4563,0.566,0.5964,0.5777,1.0555,1.1276,0.6128,0.8276,0.5707,0.4166,0.6525,0.5731,0.6968,0.4703
4/23/2022,19.676,0.4352,0.434,0.4154,0.4948,0.7306,0.608,0.4119,0.6255,0.3465,0.4154,0.4679,0.4481,0.3021,0.3967,0.3255,0.4411,0.4317,0.3523,0.385,0.4235,0.3068,0.413,0.434,0.3079,0.3628,0.3617,0.4002,0.329,0.4819,0.3301,0.2601,0.3325,0.2893,0.3126,0.3091,0.3675,0.3371,0.4481,0.7182,0.7629,0.4539,0.3126,0.336,0.3079,0.3476,0.3687,0.399,0.3943
4/22/2022,40.2501,0.6536,0.8342,0.8536,1.2954,1.4277,0.9278,1.0826,1.4115,0.5279,0.8923,1.1503,1.0665,0.5311,0.6504,0.7504,0.9084,0.7601,0.9665,0.7633,0.8117,0.6859,0.9504,0.8439,0.9858,0.7923,0.8697,0.5988,0.5891,0.9407,0.6762,0.6504,0.6891,0.6407,0.5666,0.6859,0.602,0.5472,0.8181,1.5691,1.6829,0.5795,0.6182,0.8471,0.5569,0.7859,0.5891,0.9342,0.6891
4/21/2022,36.0279,0.5534,0.5815,0.9234,1.1645,1.0664,0.688,1.072,1.072,0.5086,0.8954,1.2009,0.873,0.6572,0.7609,0.6095,0.73,0.8309,0.8561,0.6824,0.688,0.503,0.688,0.5226,0.5983,0.4357,0.7412,1.0159,0.4974,0.8814,0.5731,0.5647,0.3685,0.5843,0.517,0.4105,0.5338,0.5478,0.7749,1.465,1.5702,0.8646,0.8449,0.5591,0.7104,0.8169,0.6487,0.6347,0.7412
4/20/2022,32.2544,0.596,0.6566,0.4917,0.9962,1.3357,1.0374,0.6712,1.1417,0.4674,0.7318,0.9574,0.5523,0.5305,0.6105,0.5111,0.4771,0.4626,0.6372,0.6978,0.6784,0.6784,0.6493,0.8046,0.4723,0.6154,0.6639,0.448,0.448,0.9113,0.6105,0.4407,0.3413,0.4868,0.3656,0.4795,0.4747,0.7148,0.6057,1.2249,1.3107,0.5329,0.8652,0.5693,0.6445,0.5523,0.824,0.5644,0.7148
4/19/2022,27.4026,0.5159,0.4499,0.5974,0.7099,0.6362,0.9078,0.5276,0.9855,0.7158,0.5101,0.4538,0.4325,0.3917,0.415,0.5683,0.4111,0.5392,0.6226,0.5004,0.6343,0.5761,0.6129,0.6905,0.5955,0.4073,0.5082,0.3879,0.4383,0.5993,0.4635,0.4655,0.3801,0.4364,0.3801,0.4383,0.448,0.4267,0.5314,1.4039,1.5042,0.4577,0.5605,0.4907,0.547,0.6459,0.4596,0.5353,0.4868
4/18/2022,14.7343,0.298,0.3027,0.2737,0.3559,0.5121,0.298,0.397,0.329,0.2549,0.3903,0.3923,0.2475,0.2865,0.3,0.2785,0.3054,0.267,0.2542,0.2603,0.2872,0.2764,0.298,0.2515,0.2919,0.232,0.2522,0.2939,0.2347,0.3249,0.3074,0.2535,0.2407,0.2145,0.2731,0.2313,0.269,0.3142,0.2381,0.7249,0.7701,0.2636,0.296,0.2616,0.2636,0.2549,0.2569,0.3047,0.2502
4/17/2022,14.9142,0.3202,0.2655,0.3001,0.3665,0.475,0.3464,0.4661,0.3215,0.2808,0.2863,0.3022,0.2856,0.2884,0.2828,0.3132,0.2918,0.2821,0.2863,0.2711,0.2697,0.2794,0.2731,0.2586,0.3368,0.2697,0.2814,0.3644,0.2607,0.3679,0.2835,0.2759,0.2745,0.2572,0.2448,0.2787,0.2552,0.2794,0.2759,0.5481,0.579,0.2773,0.3658,0.2711,0.2628,0.2794,0.3063,0.3167,0.289
4/16/2022,14.1055,0.3358,0.2973,0.2436,0.4011,0.3883,0.3272,0.2656,0.3914,0.3804,0.2711,0.3755,0.2589,0.2845,0.2692,0.2656,0.2857,0.2741,0.3205,0.2784,0.2961,0.2796,0.232,0.2503,0.2747,0.2503,0.232,0.2595,0.2289,0.3706,0.2851,0.265,0.2619,0.2424,0.2289,0.2387,0.2485,0.2815,0.243,0.4263,0.4474,0.3156,0.3156,0.3156,0.2515,0.2961,0.3169,0.2937,0.2436
4/15/2022,28.9301,0.5308,0.5915,0.7234,0.872,0.7088,0.8971,1.0792,0.7025,0.7255,0.8553,0.8929,0.5036,0.4157,0.5078,0.6083,0.4681,0.4283,0.5162,0.6627,0.6271,0.4785,0.6041,0.5874,0.6962,0.5643,0.3802,0.512,0.3864,0.8239,0.5643,0.3027,0.4325,0.4095,0.4995,0.3592,0.445,0.602,0.4367,0.9019,0.9615,0.5978,0.5225,0.6355,0.5874,0.5476,0.4974,0.6397,0.6376
4/14/2022,35.9378,0.5466,0.8344,0.7841,0.893,0.84,1.0272,0.9238,0.8344,1.0104,0.6556,0.555,0.8204,0.541,0.7645,0.6779,0.5354,0.6388,0.5243,0.6388,0.8428,0.7925,0.5243,0.6304,0.9014,0.4433,0.745,0.6416,0.4991,0.9601,0.5857,0.4013,0.5606,0.3846,0.4041,0.4768,0.6193,0.5075,0.8036,2.316,2.4902,0.826,0.6723,0.569,0.5075,0.8148,0.6584,0.7897,0.5243
4/13/2022,31.6253,0.7998,0.5707,0.4927,0.7927,1.0101,1.0432,0.5825,0.8589,0.8565,0.9416,1.0881,0.4336,0.651,0.6439,0.677,0.7242,0.6486,0.6722,0.6675,0.599,0.4643,0.514,0.7077,0.6675,0.4856,0.5659,0.4573,0.4998,0.8754,0.5872,0.384,0.4006,0.3462,0.4738,0.3722,0.5045,0.6274,0.5565,1.4336,1.5363,0.4384,0.599,0.7289,0.6864,0.5281,0.4502,0.4809,0.4998
4/12/2022,35.3088,0.8467,0.8958,0.8658,1.2645,0.9723,1.2863,1.0815,1.0761,0.5108,0.6309,0.6828,0.8958,0.5572,0.6746,0.7019,0.7511,0.7374,0.7893,0.7238,0.7784,0.5463,0.7538,0.4916,0.6145,0.4561,0.5381,0.7975,0.5108,0.9668,0.7156,0.3933,0.3769,0.549,0.3933,0.5353,0.5435,0.7156,0.6855,1.1351,1.2136,0.7511,0.9368,0.4725,0.7402,0.6145,0.8658,0.4889,0.7838
4/11/2022,30.0081,0.7367,0.6685,0.6883,0.7631,1.1768,0.8489,1.1196,0.7741,0.8511,0.4924,0.6596,0.5672,0.5738,0.6002,0.4902,0.6552,0.6442,0.5606,0.5254,0.5562,0.598,0.5276,0.7499,0.6905,0.5012,0.422,0.7653,0.4396,0.8709,0.631,0.4418,0.3801,0.4726,0.433,0.521,0.5364,0.6685,0.5606,0.7462,0.7932,0.4968,0.6178,0.466,0.532,0.5936,0.422,0.5298,0.6486
4/10/2022,52.9184,0.9572,0.9078,1.0021,1.9185,1.3121,1.887,1.2627,2.0263,1.5457,0.9572,1.3974,0.8899,0.8764,0.6922,0.8045,0.809,0.9662,1.2402,1.2402,0.8315,0.8494,1.0875,1.2447,1.0381,0.9393,0.836,1.4064,0.7865,1.1055,0.9033,0.6877,0.508,0.4991,0.8494,0.8135,0.7506,1.0471,0.7776,2.3661,2.5444,0.6832,1.4828,0.8315,1.0785,0.9662,1.2267,0.9977,1.0875
4/9/2022,68.3717,0.9756,1.6035,1.5311,2.1831,2.8351,2.3521,1.5552,1.3922,1.9416,1.3379,1.1749,1.0541,0.9334,0.8609,1.0179,1.2594,1.1568,0.9938,1.193,1.2775,1.1628,1.0662,1.4828,1.3862,0.9334,0.9515,2.1046,0.9817,1.5854,1.1326,1.1326,0.7764,0.9696,1.0662,1.1326,0.9575,1.3922,0.8549,4.0221,4.3347,1.5069,1.0722,1.1205,1.6095,1.0662,1.676,1.4345,0.8308
4/8/2022,39.4419,0.937,0.8678,0.6414,1.1382,1.3426,1.1162,1.2357,1.4306,0.7829,0.6289,1.286,0.8804,0.8081,0.6509,0.5597,0.6855,0.7358,0.8175,0.6414,0.698,0.5314,0.4685,1.0345,0.9999,0.7609,0.6226,0.6226,0.5597,1.1256,0.6289,0.6603,0.4025,0.4528,0.4654,0.4339,0.5691,0.9559,0.9024,1.7818,1.9127,0.9684,0.6917,0.654,0.5597,0.6383,0.5125,0.9024,0.7389
4/7/2022,44.5628,0.7151,1.0844,0.8943,1.6182,1.6255,1.578,0.8687,1.4098,0.9381,0.7626,1.5049,0.642,0.8029,0.5835,0.9637,0.9966,0.631,0.9711,0.7041,1.0113,0.9528,0.7407,0.5908,0.8687,0.8577,0.8394,0.7736,0.5725,0.9381,0.9125,0.5798,0.7773,0.6164,0.7444,0.642,0.6639,0.5652,0.9893,1.7321,1.859,1.11,0.5579,0.5689,0.9564,1.0588,0.9747,0.9162,0.8979
4/6/2022,55.1649,1.1854,1.0534,0.7798,1.7231,2.4023,1.7797,1.6005,2.0768,1.1383,0.9166,1.6146,1.459,0.827,1.1666,1.1713,1.1477,0.9024,1.0817,1.275,1.242,0.9779,0.9213,1.0251,1.3882,0.7892,0.926,0.7609,0.8128,0.8836,0.8789,0.7987,0.6902,0.5581,0.6619,0.6242,1.0062,0.959,1.0581,2.1656,2.3277,0.8836,1.4684,1.2986,0.8034,0.9119,1.2845,1.0251,0.7326
4/5/2022,64.4185,1.3345,1.3853,0.7873,1.4756,2.2767,2.4347,2.1244,2.0172,2.0905,1.453,1.1201,1.7577,1.0863,1.3063,1.4474,0.855,1.4981,1.5489,1.1201,1.1314,1.154,0.7873,0.9283,1.6843,0.9847,1.2104,1.2894,0.7478,1.3966,1.154,1.0299,0.6575,0.7647,0.7421,0.8268,1.1709,1.1653,1.2048,2.6256,2.8249,1.5433,1.2386,1.4925,0.7986,1.3458,1.312,1.2668,0.8211
4/4/2022,64.7777,1.6259,1.1603,1.1716,1.6031,1.9097,1.3363,1.1205,2.2277,1.2795,2.0233,1.8586,1.2625,0.8366,1.1887,0.8594,1.4158,0.9502,1.2227,1.1376,1.5464,1.2852,0.7685,1.1376,1.6599,1.342,0.9956,1.2795,0.9559,1.1716,1.3022,0.7912,0.9672,0.6436,0.6209,0.8991,0.8991,1.3931,1.4044,3.5088,3.7798,0.9105,1.3022,1.3022,1.5293,1.1092,1.7337,1.0638,1.2852
4/3/2022,77.6258,1.9352,1.2459,1.225,3.0213,3.1884,2.9935,1.97,1.7959,2.1162,1.1971,1.5035,2.0535,0.9952,1.2876,1.5035,1.587,1.587,1.8377,1.6149,1.8238,1.5453,1.3851,2.0883,1.1484,1.0509,1.1484,0.9604,0.9325,1.1484,1.5313,1.1623,0.9813,1.1693,0.7446,1.2528,1.3503,0.9952,1.7681,3.2815,3.534,1.6149,1.4617,1.4965,1.7193,1.2946,1.9491,1.3921,1.037
4/2/2022,80.9498,1.3339,1.1515,1.2974,2.0269,2.4062,1.6475,2.8147,1.6257,0.9618,1.1223,2.9534,1.6694,1.5819,1.2901,1.7351,1.188,1.7278,1.0858,1.1953,1.6913,0.991,1.6111,1.0129,1.3995,0.8232,1.6403,2.5229,1.0785,1.757,1.5017,1.239,1.2171,1.0931,1.3047,0.9691,1.3849,0.9837,1.0275,6.3957,6.9008,1.6694,1.4506,1.4506,1.2099,1.1369,1.6475,1.3849,1.6403
4/1/2022,54.9849,1.3272,1.0453,1.3037,1.3225,1.2614,1.0735,1.3131,1.2567,1.5715,0.7775,1.0876,1.2379,0.8339,1.1393,0.7446,0.9372,1.158,1.2849,1.144,0.9419,0.956,1.0829,1.1299,0.7869,0.7305,0.7587,1.4681,0.8057,1.0312,1.1721,0.7023,0.8902,0.5331,0.7916,0.5425,0.9889,0.8339,1.1862,3.402,3.6643,1.0359,1.4775,0.8902,0.7117,1.3225,1.1815,1.2285,0.9184
3/31/2022,55.9732,0.8047,1.3852,1.0878,1.6298,2.1623,2.1096,1.2653,1.2605,1.5771,1.059,0.9966,0.9438,0.728,0.8047,1.0014,0.7903,0.8335,1.035,1.1117,1.27,1.0925,1.0973,1.1981,1.0158,0.656,1.0206,1.5051,0.8479,1.1885,1.1501,0.9438,0.8623,0.5744,0.8911,0.9055,1.0206,0.704,1.1933,2.6079,2.8058,1.2796,1.1885,0.7711,1.0494,1.3564,1.2605,1.1981,0.7327
3/30/2022,42.4065,1.0372,0.8204,0.7825,1.5911,1.3365,0.7929,1.6014,1.3709,0.669,1.0131,1.3468,0.8066,0.7344,0.7997,0.8548,0.8961,0.8651,1.0303,0.6552,0.9683,0.7653,0.7172,0.9787,0.7137,0.552,0.669,1.1748,0.6105,1.044,0.8101,0.5417,0.6896,0.4832,0.5486,0.7241,0.7619,0.6036,0.5727,1.3604,1.4571,0.9064,1.0165,0.7791,0.7344,0.958,0.5933,0.8995,0.7688
3/29/2022,40.3402,0.9202,0.8879,0.9913,1.36,1.0172,1.3762,1.2792,1.3503,0.6453,1.0722,1.3536,0.697,0.5709,0.558,0.917,0.6033,0.558,0.6873,0.7747,0.7164,0.5839,0.9073,0.7844,1.0366,0.4933,0.5677,1.1369,0.5353,1.0075,0.7779,0.4222,0.4901,0.5062,0.4383,0.4577,0.6485,0.8684,0.7262,1.9118,2.0533,0.8587,0.849,0.5095,0.8652,0.9202,0.5742,0.5483,0.5256
3/28/2022,48.8756,1.1068,1.115,1.2989,1.63,2.1696,1.0251,1.912,1.1804,1.2376,1.3848,1.2335,0.9924,0.7062,0.8615,0.7716,1.0087,0.9883,0.8615,1.1559,0.9433,0.9801,0.931,1.3071,1.1681,0.8043,0.9515,1.5156,0.694,0.7839,0.8248,0.6081,0.7389,0.5836,0.7062,0.7226,0.8861,0.9883,0.8493,1.0211,1.0903,0.8125,0.8575,0.9392,0.9269,0.9188,0.698,1.0823,0.9024
3/27/2022,35.3088,0.5599,0.5626,0.4698,1.2099,1.1361,0.8112,1.2672,1.3027,0.5408,0.7429,0.6883,0.5599,0.4889,0.7374,0.7074,0.792,0.7811,0.691,0.8221,0.7593,0.5954,0.7238,0.6036,0.8248,0.6446,0.4725,0.6473,0.4971,0.5135,0.5927,0.4288,0.5517,0.4889,0.5353,0.5626,0.6391,0.6446,0.5026,1.7282,1.8549,0.8822,0.4643,0.8385,0.8057,0.6992,0.8521,0.6227,0.4616
3/26/2022,41.239,0.9378,0.8514,0.642,1.4464,1.6026,0.9611,1.1472,1.2835,0.6785,0.7783,1.227,0.9478,0.652,0.6686,0.878,0.6719,0.7251,0.7849,0.9212,0.7483,0.6686,0.7184,0.8647,0.6353,0.8248,0.6486,0.9245,0.6021,1.1239,0.8148,0.5622,0.4991,0.4858,0.4691,0.5888,0.6154,0.9112,0.9644,1.7287,1.8554,0.8614,0.5356,0.9212,0.4924,0.7716,0.8514,0.8614,0.8846
3/25/2022,34.5004,0.8053,0.7894,0.7682,0.7735,1.4466,1.0703,1.1154,1.2691,0.906,0.6887,0.8318,0.6675,0.5562,0.5589,0.6357,0.649,0.5615,0.5695,0.5377,0.7921,0.5907,0.5536,0.5085,0.5112,0.7152,0.4794,0.7285,0.5271,0.7099,0.5642,0.4582,0.437,0.5774,0.543,0.4396,0.5244,0.7258,0.4688,1.6731,1.7952,0.8875,0.5933,0.6172,0.4953,0.7894,0.49,0.6516,0.4529
3/24/2022,54.2662,1.166,0.8792,0.6756,1.4529,2.4476,1.5084,2.0821,1.971,0.708,1.2771,1.6333,1.3973,1.055,0.9671,0.9347,0.7959,1.0457,0.8745,1.1614,1.1429,0.9717,0.6062,1.24,0.9948,0.5738,0.7311,1.4575,0.6756,1.5732,0.8329,0.8375,0.9069,0.8884,0.6432,0.819,0.9208,0.8514,0.7728,2.4943,2.6831,1.1429,0.8329,0.7635,0.7357,0.7728,1.3326,0.9254,1.1105
3/23/2022,39.9809,0.6752,0.8958,1.027,0.8734,1.5994,0.8319,1.0653,1.3755,1.0046,1.1453,1.1549,0.6656,0.7839,0.6048,0.6975,0.7679,0.9342,0.608,0.9054,0.6688,0.7423,0.7775,0.979,0.9854,0.7135,0.4993,1.1261,0.5824,0.9374,0.7007,0.5249,0.6656,0.5536,0.672,0.6112,0.6272,0.6528,0.7039,1.27,1.3595,0.6688,0.9918,0.7231,0.5057,0.8798,0.8191,0.7487,0.6752
3/22/2022,44.9219,0.798,1.1673,0.8128,1.4073,1.1746,0.8497,0.8608,1.422,0.6762,1.278,1.2263,0.7574,0.894,0.9679,1.0048,0.9716,0.6836,0.739,1.038,0.9974,0.9531,0.846,0.7537,0.8054,0.6319,0.9383,1.2485,0.6171,0.6983,0.9199,0.6171,0.6873,0.5913,0.6134,0.75,0.7722,0.5839,0.9162,1.8202,1.9543,0.8017,0.9125,1.0528,0.8017,0.9642,1.1857,1.0343,0.7242
3/21/2022,39.6216,0.603,0.7074,0.5904,1.4758,1.6339,0.8149,1.3683,1.0647,0.6283,0.8117,0.9857,0.5651,0.777,0.603,0.5714,0.7833,0.7517,0.5999,0.6315,0.6442,0.524,0.8497,1.0426,0.8497,0.6315,0.5809,0.7011,0.5556,0.9509,0.6631,0.3912,0.3975,0.5493,0.5746,0.543,0.7042,0.5335,0.7485,2.4428,2.6274,0.739,1.0173,0.641,0.6789,0.856,0.7991,0.5746,0.8434
3/20/2022,57.0509,1.1624,1.0447,1.4371,1.8442,1.5156,1.9374,1.7903,2.1974,1.3439,1.6578,1.9227,1.4665,0.819,0.8436,1.285,1.2115,1.2752,0.9907,1.0839,1.2016,1.0888,1.2605,1.3684,0.9172,0.7209,1.2262,1.5499,0.7994,1.442,1.0349,0.8779,0.8975,0.6817,0.6719,0.6277,1.0103,0.9024,1.3096,1.2344,1.321,1.1673,0.7062,1.0496,0.9907,1.2115,1.0054,0.9417,1.0054
3/19/2022,35.3086,0.8057,0.732,0.7074,1.0078,0.7538,1.1798,0.7402,1.0242,1.0842,0.8166,1.0651,0.478,0.478,0.4916,0.6692,0.6446,0.7128,0.5408,0.6418,0.7265,0.6446,0.5326,0.8439,0.8931,0.5517,0.7538,1.0487,0.5135,0.9777,0.6364,0.3769,0.5162,0.579,0.3742,0.579,0.6391,0.7483,0.5872,1.227,1.3129,0.579,0.9149,0.8412,0.7538,0.7402,0.7647,0.6036,0.4753
3/18/2022,41.7774,0.7139,0.8794,0.9334,1.3354,1.1496,0.8118,1.1969,1.4806,0.5551,0.6531,1.4164,1.1023,0.7037,0.7949,0.9233,0.6497,0.9233,0.697,0.6429,0.7983,0.8726,0.9199,0.8692,0.7443,0.4842,0.7172,0.6294,0.6531,1.3252,0.8253,0.5821,0.4538,0.4301,0.6024,0.5585,0.6362,0.9267,0.6429,2.1127,2.2705,0.751,0.7037,0.6159,0.8861,0.8152,0.6801,0.7679,0.9402
3/17/2022,30.9067,0.7737,0.6363,0.6385,1.0073,1.1127,1.0509,0.7966,0.7004,0.8012,0.5492,0.5904,0.469,0.5355,0.524,0.6752,0.7187,0.6844,0.4874,0.5332,0.5309,0.4507,0.6569,0.524,0.524,0.6363,0.437,0.6683,0.4278,0.8653,0.524,0.5034,0.3912,0.3362,0.4484,0.4622,0.524,0.508,0.6385,1.5514,1.6636,0.5675,0.4919,0.4599,0.5721,0.5011,0.4896,0.65,0.6179
3/16/2022,39.172,0.7371,0.7621,1.0114,0.9054,1.0114,0.8836,0.6685,1.2234,0.7496,1.1953,0.8992,0.7527,0.5283,0.7932,0.7309,0.6342,0.5875,0.9397,0.7776,0.8961,0.6249,0.5158,0.9834,0.4877,0.5096,0.5064,0.8712,0.522,0.9242,0.6997,0.4036,0.6124,0.5875,0.5563,0.6374,0.5781,0.5719,0.9179,2.4749,2.6621,0.7808,0.7776,0.6218,0.8182,0.6311,0.6904,0.8213,0.6966
3/15/2022,46.0901,1.0732,1.1684,1.077,1.0846,1.4655,0.8637,1.6446,1.4808,0.7037,1.3703,1.0237,0.6352,0.5971,0.9399,0.9056,0.7418,0.9018,0.7494,0.7533,0.9247,0.5971,0.818,1.1837,0.6123,0.5514,0.6428,0.5666,0.6733,0.7723,0.8142,0.4942,0.7761,0.7723,0.54,0.6771,0.7533,0.7723,0.6237,3.1977,3.4434,0.6885,1.0732,1.1113,0.5514,0.8256,0.7037,0.7761,0.9742
3/14/2022,60.825,1.5243,0.9749,1.1281,2.3325,1.2813,1.1651,2.3642,1.1545,1.7091,1.5507,2.0367,1.5982,1.1281,1.313,0.8111,0.8904,1.239,1.3711,1.0858,0.8956,1.3394,1.313,1.0911,1.1809,1.2601,1.1651,1.6616,0.7794,1.7937,1.2918,0.6685,0.5734,0.9115,0.9643,0.9696,0.9538,1.4133,1.1492,1.7404,1.868,1.2496,0.7689,1.2601,0.8692,1.3077,1.5824,1.2813,0.864
3/13/2022,67.2036,1.0606,0.9955,1.2619,2.2092,1.8599,1.8125,1.629,1.9665,2.0197,1.5402,1.2442,1.6941,1.2442,1.2383,0.8653,1.3981,0.9008,0.889,1.5698,1.2383,1.2501,1.5461,1.7119,1.7533,1.333,1.2323,1.5698,0.7942,1.925,1.3448,1.0251,0.812,0.587,0.7528,0.7409,0.9363,0.9778,1.4691,3.3728,3.6328,0.8534,1.8244,0.8297,1.1731,1.1909,1.4987,1.0074,1.4218
3/12/2022,68.821,1.6325,1.7967,1.0303,2.6421,1.7298,2.1981,1.4682,1.9426,2.0886,2.1312,1.1094,1.4926,0.8479,0.9695,0.9148,1.5108,1.231,1.5899,1.6507,1.4317,1.4257,1.0425,1.5838,1.5595,1.0303,0.7992,1.7723,1.0182,2.0521,1.4682,0.8053,1.006,0.6836,1.0668,0.6532,0.9756,0.8661,0.9999,3.2704,3.5221,1.158,1.675,0.9148,1.5838,1.596,0.9208,1.1155,0.8479
3/11/2022,47.1681,0.6719,1.091,0.7503,1.185,1.048,1.044,1.3848,1.3025,1.2046,1.0362,1.33,1.2085,0.7189,0.6602,0.7855,0.8952,0.8325,0.8286,0.9461,1.0166,0.6524,1.0166,0.8678,0.5466,0.5544,1.0166,1.4436,0.5819,0.762,0.7189,0.4918,0.4761,0.6014,0.5466,0.7268,0.8521,0.6837,0.7346,3.0124,3.2432,1.0323,0.6837,0.9853,1.0245,1.0675,1.2477,0.7855,0.8717
3/10/2022,40.6996,1.0267,0.8043,0.6604,1.3602,1.1771,1.0169,1.5793,1.1738,1.3013,0.5787,1.0169,0.7618,0.6637,0.7683,0.837,0.8207,0.5983,0.9743,0.8305,0.6375,0.7781,0.9384,0.9842,0.8239,0.5918,0.6375,1.2392,0.5852,0.6572,0.7127,0.5689,0.4937,0.6081,0.6048,0.582,0.6474,0.801,0.6081,1.8479,1.9843,0.5787,0.5264,0.6506,0.8108,0.6604,1.0332,0.5787,0.5787
3/9/2022,53.6372,1.1159,0.8786,0.9471,1.8963,1.3669,1.0931,1.1752,1.9328,1.5175,1.157,0.8238,1.0246,1.1114,0.7508,0.874,0.76,0.8969,0.7326,0.9471,0.8102,1.0748,0.9516,1.3761,0.8102,0.6504,0.8056,1.3076,0.7189,1.5175,0.8558,0.655,0.6367,0.8877,0.6048,0.6413,0.8056,0.9653,0.6504,3.7653,4.0571,0.6915,1.1661,1.1935,0.9471,0.9471,0.8832,1.0566,1.2026
3/8/2022,59.028,1.3199,1.1872,0.7688,2.2078,1.6975,1.3454,2.1619,1.4832,1.0546,1.5444,0.9066,0.8606,0.8709,1.1107,0.8504,0.8402,0.779,1.0035,0.8811,1.1617,1.0699,1.1056,1.4526,0.9729,0.8147,0.8198,1.6261,0.7586,1.4066,1.2587,0.9168,0.9168,0.5545,0.6259,0.9627,1.0648,0.7484,1.0443,4.2419,4.5723,1.2893,1.1821,1.3913,0.8913,0.8555,0.8198,0.7943,0.8351
3/7/2022,70.3482,1.8314,1.37,1.7004,2.5795,2.6232,1.5383,1.8064,1.6319,2.0246,2.2491,1.2765,1.8002,1.052,1.37,1.264,1.476,1.5508,1.7316,1.0957,1.5009,1.1455,0.946,1.4635,1.1019,0.734,0.9897,2.168,1.0208,1.3076,1.4074,0.7029,1.1206,0.9211,0.9336,0.8961,1.1892,1.4074,1.3638,2.9289,3.1529,1.5446,0.8213,1.5882,1.0208,1.6755,1.2952,1.0894,0.9398
3/6/2022,68.1921,0.9612,1.4909,0.8408,1.9183,3.2064,1.539,2.5683,2.5142,1.9664,1.6113,1.4548,1.2321,1.2983,1.3585,1.2742,0.907,1.3886,1.521,1.4668,1.3645,1.3284,0.7806,0.8649,1.7377,1.2923,1.208,1.6293,0.7987,1.5812,1.4488,0.8228,0.8348,1.0936,0.7505,1.0816,1.2321,1.2862,1.1297,2.7553,2.9652,1.3404,0.7866,1.1899,1.0334,1.6293,1.2862,1.6053,0.8167
3/5/2022,56.3328,0.8675,1.3121,0.8095,1.578,1.2928,1.7665,1.6891,1.0657,1.3846,1.549,1.8486,1.0898,0.7177,0.795,0.7563,1.0995,1.3363,0.9062,1.2445,1.1768,0.853,1.0222,1.1865,0.9932,1.143,1.0802,1.3701,0.6645,1.5151,0.9303,0.7515,0.9497,0.766,0.6017,0.7998,0.911,1.3073,1.2928,2.5124,2.7026,0.8482,1.0125,0.795,0.998,1.3315,1.4716,0.9593,1.2783
3/4/2022,57.5004,1.3992,0.8993,1.2557,1.8794,1.8596,1.9734,1.0923,1.4091,1.5032,1.815,1.7606,0.8003,0.8696,1.0527,1.0775,0.8349,0.9587,1.1814,1.2507,1.3448,1.1715,0.6617,1.3101,0.7805,1.1715,0.9141,1.7853,0.7211,1.4141,0.9141,0.6369,0.8993,0.6765,0.8844,0.8597,0.8696,0.7953,0.6864,2.5833,2.7793,1.2111,0.9488,1.1022,1.2755,0.8448,1.3893,0.9389,1.0577
3/3/2022,56.8717,1.4129,1.1148,0.8167,1.2614,1.2467,1.5595,1.3982,1.0952,0.7238,1.237,1.8381,1.4764,0.7336,0.9633,1.1539,1.0952,0.9926,1.3103,1.2125,0.846,0.9877,0.8655,0.7727,0.8215,0.6603,0.7678,1.2565,0.758,1.843,0.9975,0.8606,0.5918,0.9095,0.9242,0.758,0.8215,0.9388,0.7678,4.5769,4.9345,1.1881,0.9242,0.9584,1.149,0.8704,0.8509,0.9291,0.6994
3/2/2022,54.6256,0.9267,0.8241,0.8381,1.9757,1.64,1.7613,1.5188,2.1156,0.6982,1.4256,0.936,1.0899,0.894,0.7914,1.0059,1.0106,1.0572,0.9593,1.281,1.0619,0.7308,0.6889,1.3043,1.0432,0.6795,0.9873,1.4955,0.6656,1.5281,0.9453,0.8754,0.7961,0.8567,0.6283,0.7029,0.7588,0.7122,0.8614,2.965,3.1919,1.3883,0.8754,0.6189,1.1411,1.0153,0.95,1.2157,1.1924
3/1/2022,54.2661,0.7589,1.24,1.1197,1.9294,2.1237,2.0173,1.0318,1.24,1.4621,1.7582,0.9532,1.3465,1.0781,1.0226,0.8514,0.7774,0.8745,0.7219,1.2632,0.8098,0.8375,1.2539,1.1244,1.1197,0.8792,0.7219,0.782,0.8283,1.203,1.0596,0.7126,0.7774,0.5229,0.5553,0.8236,0.9439,0.7913,0.9301,2.9768,3.2046,0.7219,1.0642,1.3002,0.7219,0.7496,1.4436,1.2077,0.6293
2/28/2022,66.8442,1.3259,1.6672,1.8025,2.5322,3.1089,1.5083,1.4965,2.1144,1.4259,2.1556,1.9732,0.8963,1.3024,1.3965,1.3082,1.373,1.0023,1.0023,1.5672,1.6084,1.1082,0.9375,1.2376,1.1435,1.2965,0.8846,1.0611,0.9199,1.879,1.1317,0.914,0.814,0.6374,1.0258,1.1199,1.0258,1.4024,1.5848,2.4485,2.6335,1.0964,0.8022,1.6142,0.8669,1.4024,1.3553,0.9081,1.0258
2/27/2022,49.5046,0.9054,0.7851,0.7353,1.2997,1.8725,1.7729,1.5073,1.4575,0.8432,0.9386,1.7646,0.976,1.0009,0.9802,0.8888,0.7021,1.1379,1.1213,1.0839,0.8847,0.7519,1.142,1.0507,0.5734,0.6025,0.6523,1.3993,0.7353,1.5239,0.8888,0.644,0.7892,0.5568,0.5568,0.5112,0.7353,0.7685,0.6855,2.6098,2.8078,0.6481,0.8349,0.8971,1.1628,0.9552,0.7602,0.9802,0.6232
2/26/2022,51.8406,1.3591,1.1224,1.2758,1.6572,2.214,1.4994,0.8988,1.3065,1.2934,1.0347,1.8282,1.2057,0.7454,0.7892,0.7103,0.9821,0.9602,0.7717,0.855,0.798,0.6796,0.7673,0.9339,1.289,0.7892,0.8988,1.2057,0.6533,1.1531,0.7541,0.6928,0.6577,0.6664,0.6884,0.6533,0.8287,0.7278,0.741,2.8589,3.0772,1.2144,1.4249,1.2408,0.7454,0.9952,0.7278,0.741,0.7278
2/25/2022,46.0015,0.8887,0.8203,0.6113,1.4929,2.0021,1.1015,1.2269,1.0977,0.7329,1.3979,1.5955,1.1813,0.7747,0.9229,1.0255,0.7937,1.0179,0.6911,0.8621,0.9571,1.0027,0.9723,0.9419,1.0407,0.9229,0.9305,0.6075,0.6797,0.7747,0.6683,0.7861,0.4783,0.4517,0.7405,0.6949,0.8165,0.6835,1.0293,2.1314,2.2907,0.8773,1.2041,0.6683,0.5657,0.8659,0.5961,0.6075,0.7785
2/24/2022,49.8639,0.9537,0.8616,1.0751,1.2761,1.3389,0.9872,1.1337,1.6654,1.1002,1.2677,0.7444,0.7151,0.8658,0.736,1.0291,0.9077,1.1421,0.7904,1.0416,0.8993,1.0877,0.6732,0.6607,0.69,0.6648,1.0249,0.6188,0.7528,0.8867,1.0291,0.7737,0.6941,0.4723,0.7444,0.8239,0.7025,0.7318,0.9118,4.0934,4.4118,1.2635,0.7276,0.9495,0.8825,0.8449,0.803,0.6648,0.7486
2/23/2022,58.1295,0.9286,1.3547,0.8534,2.2119,1.9763,1.2896,2.2871,1.7508,1.3999,1.6756,1.6655,1.445,0.9587,0.7432,0.9537,0.7883,1.1743,1.0289,1.1743,1.069,1.2144,0.9387,1.3798,1.2996,1.0239,1.1592,0.9387,0.8785,1.069,1.1993,0.698,0.6329,0.8835,0.5477,0.8785,0.9236,1.1993,1.2695,1.6216,1.7396,1.4801,1.1642,1.1843,1.3898,0.9286,1.4801,1.1893,1.089
2/22/2022,46.4498,1.0318,1.1433,1.1164,1.7546,1.8008,0.9357,1.6393,1.2894,0.778,0.778,1.1356,0.6627,0.9203,0.9241,0.6665,0.9933,0.7511,0.7357,0.7473,0.7588,0.978,1.051,0.6127,0.9472,0.9049,0.705,0.8357,0.5742,0.7357,0.9664,0.5358,0.6127,0.4935,0.5089,0.605,0.6896,1.1356,0.6511,2.2082,2.3738,1.0279,1.0318,0.9203,0.9895,1.0241,0.9433,0.8972,0.928
2/21/2022,47.3483,1.2133,1.0323,0.6625,1.7406,1.3392,0.9379,1.414,1.7799,1.4179,0.7175,1.3786,0.7648,0.934,0.7608,0.989,0.8002,1.1032,0.8513,1.0127,0.8277,0.9654,0.7018,1.0127,1.1268,0.7097,0.9654,0.7648,0.6074,0.9143,0.8277,0.7726,0.5129,0.5877,0.753,0.5956,0.7372,0.7293,0.7805,2.1709,2.3334,0.871,0.8749,0.9418,0.5838,0.9576,1.1425,0.6625,1.0677
2/20/2022,59.2072,1.3956,0.9911,1.411,1.3905,2.3276,1.7541,2.1484,1.1499,1.5441,1.3649,1.5493,1.3086,1.1191,0.9348,1.2574,1.155,0.8119,0.9399,1.2779,0.9604,1.0986,1.2215,1.2062,1.0321,0.6736,0.8528,1.1755,0.8682,1.2676,1.2215,0.986,0.5558,0.7043,0.5763,0.7914,0.8682,1.1242,1.1396,2.8684,3.0875,1.0935,1.0321,0.858,0.8836,1.1908,1.5441,1.2574,1.2369
2/19/2022,69.5396,1.2928,1.1698,1.1513,2.419,2.0621,2.0867,2.8436,1.6498,0.9482,1.1144,1.3421,1.299,1.1205,1.2498,1.1021,1.1082,1.1759,1.3728,1.5575,1.1944,0.8744,1.4775,1.4098,0.9482,1.3728,0.8559,2.1913,0.8867,1.3852,1.2682,1.139,0.7882,0.7451,0.7944,1.1513,1.2559,1.1451,1.0467,4.7147,5.0834,1.0344,1.0651,1.0836,1.5636,1.1575,1.3913,1.0467,1.4036
2/18/2022,35.309,0.8603,0.6582,0.7374,0.8712,1.0214,1.2372,0.6883,1.0242,0.5381,0.7593,1.1716,0.8822,0.721,0.478,0.7948,0.6391,0.519,0.5626,0.6664,0.6364,0.5463,0.8221,0.5353,0.8494,0.6036,0.6227,0.9231,0.5026,1.0706,0.6664,0.5681,0.4971,0.4916,0.519,0.4834,0.5572,0.8549,0.508,1.6482,1.7683,0.8112,0.4425,0.4889,0.6801,0.6227,0.6446,0.6446,0.4698
2/17/2022,35.8477,0.5231,0.7598,0.7459,1.2165,1.5479,1.1692,0.8127,0.7765,0.9186,0.7236,0.8489,0.5426,0.6317,0.7598,0.7905,0.6596,0.7125,0.6429,0.771,0.6763,0.5259,0.5955,0.5231,0.4674,0.5287,0.4897,0.8991,0.5176,1.0717,0.6262,0.4006,0.4117,0.5343,0.4925,0.4451,0.5203,0.6763,0.4841,1.937,2.0806,0.796,0.5565,0.7654,0.5649,0.6039,0.6039,0.757,0.7431
2/16/2022,50.043,1.1757,1.037,1.2093,1.7727,1.3271,1.6928,1.7265,1.3859,1.6802,1.3018,1.2472,0.73,0.9234,0.894,1.0706,0.7553,0.831,1.2051,1.1168,0.8856,0.8814,0.8141,0.852,0.9234,0.5493,0.7511,1.1715,0.6333,1.0664,0.7595,0.6333,0.7889,0.7637,0.7258,0.7006,0.8183,0.9192,0.7048,2.1041,2.2612,0.73,1.285,0.9319,0.6376,0.873,0.7595,1.0874,0.9487
2/15/2022,66.3949,1.1127,1.0426,1.0076,1.463,2.7069,2.6134,1.1068,1.8017,2.1463,0.92,1.4981,1.8134,0.8382,1.3404,1.3054,1.0192,0.9959,0.9667,1.5506,1.463,1.1243,1.1302,1.1419,1.6849,1.3054,1.3229,1.0776,0.9258,1.3171,1.2995,0.5871,1.0601,0.9258,0.7915,0.844,0.9083,1.4981,1.282,3.59,3.8675,0.9725,0.9024,1.1769,1.5331,1.2703,1.4046,1.4689,1.2703
2/14/2022,86.5204,2.1297,2.0512,2.0669,1.9883,2.5301,2.9541,1.6428,1.69,1.6664,1.2424,2.0197,2.2946,1.5643,1.0618,1.7606,2.0197,1.9098,1.8706,1.368,1.3288,1.8784,1.69,2.1846,1.211,1.792,0.9754,1.5329,1.2267,2.326,1.5408,0.9205,0.9676,1.0775,1.0539,1.1089,1.3288,1.2738,1.7842,4.4189,4.7637,2.0512,2.2396,1.5408,2.0904,1.3131,1.9334,1.2345,1.902
2/13/2022,64.1489,1.1998,1.4132,1.3514,2.4239,2.042,2.3677,1.6827,1.7781,1.329,1.3121,0.9471,1.6939,1.211,1.1324,0.8741,0.9022,0.9808,1.4412,1.256,1.329,1.3851,0.9191,0.818,1.0651,0.9696,1.3065,1.9859,0.8685,1.6658,0.9864,0.7057,0.7787,0.6664,0.964,0.891,1.0931,1.4637,0.7899,3.5042,3.7748,0.8741,0.8966,1.43,0.9303,1.4581,0.8798,0.9584,1.4525
2/12/2022,54.7155,1.2037,1.0449,0.8254,1.9465,2.2362,1.0543,1.6756,1.5448,1.7924,1.7363,1.6709,1.3159,0.9328,1.0916,1.0776,1.1851,1.2691,0.7226,0.8954,1.0589,1.129,0.8113,0.7973,1.1524,0.7132,1.1383,1.2084,0.7319,1.0636,0.9608,0.7646,0.5497,0.7366,0.6759,0.6151,0.8674,0.76,0.8908,2.1129,2.2707,1.4327,1.1197,0.8067,1.2458,0.9375,0.8534,0.8487,1.2411
2/11/2022,60.8247,0.8164,1.1228,1.3816,1.9469,1.8254,1.8412,1.762,1.9046,1.556,1.2549,1.8993,1.1228,1.0647,0.8481,0.8904,0.8956,0.8006,1.2549,1.0171,1.2918,0.9855,1.0171,1.5665,1.2284,0.827,1.1598,1.202,0.7847,1.0488,1.2337,0.8745,0.7477,0.864,0.6527,0.7583,0.8851,1.0436,1.3024,3.9056,4.2088,0.9326,1.6088,0.9643,0.6843,0.9802,0.9009,0.8481,1.1122
2/10/2022,50.9422,1.0642,0.7507,1.3218,1.1414,1.6482,1.4678,2.0003,1.7512,1.2574,1.2187,1.1801,0.931,0.8881,0.9611,0.7335,0.8795,0.755,0.8451,0.9267,1.1071,0.8537,0.9869,0.931,0.931,0.9139,0.8194,1.412,0.7034,1.4721,0.8366,0.682,0.6949,0.682,0.8409,0.5531,0.8237,0.7034,0.8237,2.5706,2.7655,0.6734,0.8237,0.7679,1.2102,1.0513,0.8323,0.7421,1.0126
2/9/2022,55.4342,1.3003,1.2577,1.196,1.6324,2.1874,1.1818,1.3525,2.0071,0.6884,1.3288,1.4332,1.0537,0.8972,0.9161,0.8639,0.9778,0.7501,1.1865,1.0395,1.2007,0.7074,1.2482,1.196,1.3857,1.1248,0.9683,1.5091,0.807,1.343,1.1201,0.8972,0.5129,0.7169,0.5509,0.6505,0.9209,1.2244,0.6742,2.544,2.7367,0.9398,0.8687,1.0632,1.1486,1.0252,1.3667,0.9541,0.7786
2/8/2022,53.5477,1.1824,1.0867,1.2735,1.237,1.861,1.1459,1.2461,2.066,1.82,1.1915,0.8271,0.7679,0.7816,0.982,1.0594,1.2416,1.1824,0.8362,1.2188,0.8727,0.7724,1.1414,0.8317,0.6859,0.6495,1.0002,0.7816,0.7952,1.647,0.9273,0.8089,0.5265,0.5493,0.5128,0.8408,0.7861,0.9729,0.982,3.1607,3.4035,1.1277,1.483,0.9319,0.6586,1.0457,0.8499,1.1459,0.6495
2/7/2022,67.9224,1.3531,1.419,1.2812,1.7726,1.8145,2.6175,1.8445,1.9643,1.5928,1.431,2.3598,1.5808,1.2453,1.0835,1.449,0.8738,1.2273,1.6408,1.2033,1.0415,1.0355,1.3292,1.0415,0.8857,1.1614,0.9397,0.9337,0.8977,1.5209,1.1314,0.9217,1.0056,0.6101,0.9816,0.8738,1.0895,1.2213,0.8558,3.4405,3.706,1.5509,1.6647,0.8558,1.5689,1.473,1.6707,1.3052,1.455
2/6/2022,77.356,1.3665,1.637,0.992,2.6357,2.9478,1.9283,1.6301,2.3861,1.9422,1.7411,2.1919,1.963,0.9365,1.1515,1.4498,1.8104,1.318,1.2764,1.2764,1.1723,1.4151,0.8741,0.9712,0.9435,1.0683,1.5469,1.2001,0.9573,2.1294,1.1307,0.9989,0.7215,1.1307,1.1515,1.0683,1.1723,1.1168,1.4289,4.8358,5.2143,1.4706,2.1225,1.5607,1.4498,1.8173,1.6162,1.4636,1.0267
2/5/2022,75.6491,1.4385,1.6211,1.0258,1.9188,2.0203,2.0947,1.4588,2.0608,1.7361,1.1408,1.4858,1.9255,1.3776,1.4249,1.6279,1.6752,1.5399,1.3302,1.2017,1.2829,1.4791,1.2829,0.9852,0.9717,1.5467,1.5332,2.1014,1.1138,1.8308,1.2558,0.877,0.674,0.8702,1.019,1.2491,1.2423,1.7497,1.5738,5.3385,5.7578,1.6144,0.8837,1.1814,0.8364,1.4182,1.2423,1.3099,1.3235
2/4/2022,50.0436,1.2682,1.2598,0.7216,1.1211,1.9451,1.0538,1.0832,1.9325,0.8183,1.3733,0.9445,0.7931,0.8814,0.9781,1.0201,1.1547,0.6628,1.1421,0.9066,0.7553,0.6922,0.8814,1.1505,0.8814,0.831,0.5955,0.6418,0.7216,1.428,0.8688,0.6754,0.5829,0.5703,0.8015,0.7385,0.7637,0.915,1.0244,3.1405,3.3816,0.915,0.9361,0.7805,1.1673,0.8352,0.7721,0.8436,0.6922
2/3/2022,70.3481,1.0084,1.7316,1.6443,1.8875,2.3239,2.4548,1.3513,2.7853,1.5383,1.6443,2.2803,1.1455,1.3076,0.8774,1.5134,1.1518,1.3388,1.345,1.2702,1.582,0.9834,0.9647,1.0021,1.5882,0.9398,1.3388,1.1206,0.8961,1.0458,1.0458,0.84,1.1705,0.9024,0.9959,0.8587,1.1081,1.4448,1.2765,3.8397,4.1375,1.5446,1.8002,1.6506,1.1393,1.3513,1.3949,0.9523,0.8338
2/2/2022,61.7229,1.4936,1.0638,0.8597,1.4023,1.4453,2.3425,2.3854,1.2895,1.8697,1.5097,1.7837,1.5474,0.9779,0.9886,0.8704,0.8973,1.3539,1.3593,1.3647,1.1391,1.1874,0.9349,1.5097,1.5151,0.6502,1.1659,1.1391,0.8597,1.1767,1.0853,0.9027,0.8382,0.6717,0.8328,1.0262,0.9671,1.3593,1.1659,2.2009,2.3658,1.3271,1.4453,1.2465,1.2465,1.5044,1.3969,0.951,1.1068
2/1/2022,70.1684,1.037,1.7395,1.6587,2.4483,2.4296,1.9447,2.1934,2.1188,2.1809,2.0131,1.7084,1.4598,0.9313,0.8443,1.236,0.9189,1.0432,0.9562,1.1054,1.5468,0.8754,1.0805,1.6525,1.4784,0.72,1.5095,2.1685,0.8816,1.0122,1.1178,1.1676,0.95,0.9686,0.8567,1.0992,1.0743,1.5157,1.0992,3.1181,3.3574,1.3665,1.6774,1.1987,1.6463,1.1054,1.8825,0.9873,1.0868
1/31/2022,9.7032,0.1963,0.2132,0.2041,0.221,0.2334,0.2006,0.2365,0.1977,0.1943,0.2062,0.1999,0.188,0.1864,0.2002,0.2019,0.2075,0.1965,0.191,0.1961,0.2023,0.1955,0.1983,0.1992,0.2074,0.1912,0.1846,0.1958,0.1895,0.2145,0.1939,0.1818,0.1881,0.1835,0.1844,0.1924,0.1929,0.2033,0.1912,0.2884,0.2983,0.2048,0.1893,0.1934,0.2038,0.196,0.1905,0.19,0.1881
1/30/2022,70.3483,1.6381,1.5072,0.9273,2.2491,3.2342,1.6942,1.451,2.7354,1.6007,1.9623,1.8189,1.7254,1.3762,1.2079,1.5633,0.8961,1.158,1.6131,1.37,1.2204,0.8899,1.1455,1.1518,1.158,0.8213,0.8712,2.1369,1.0146,1.7004,1.1455,1.0146,0.7029,0.6904,0.6405,0.9148,1.0645,1.3014,1.2889,2.917,3.1399,1.2827,1.9249,1.582,1.4074,1.6069,0.8837,1.4199,1.582
1/29/2022,66.8446,1.4848,1.5789,1.1435,2.3616,2.032,2.491,1.8908,1.6731,1.0788,1.5142,0.9375,1.6142,1.3259,0.8493,1.2671,1.2259,1.5083,1.2141,1.2259,1.3259,1.1729,1.5319,1.5907,1.4965,1.1082,1.1435,1.4907,0.8905,1.526,1.2082,0.8787,0.7669,0.9728,0.8257,0.7316,1.1317,1.5848,1.0493,2.3609,2.5388,1.5672,1.0729,1.6142,1.4436,1.6319,1.5495,1.2023,1.0199
1/28/2022,73.0436,1.9033,1.5261,1.5846,1.9098,2.3781,2.7229,2.1115,2.0204,2.2871,1.4805,2.5473,2.0009,1.1944,1.1098,1.4545,1.37,1.1748,1.6106,1.6822,1.1944,1.0317,1.6887,1.7993,1.5261,1.3765,0.8821,1.2854,1.0057,1.37,1.5131,0.7,0.7391,0.9862,1.1163,1.0773,1.1033,1.0187,1.6497,2.8702,3.0894,1.2919,0.8236,1.2919,1.6627,1.1618,1.6562,0.9992,1.0643
1/27/2022,68.102,0.972,1.3326,1.6392,1.7474,2.9975,2.0899,1.2425,2.1921,2.2402,1.7474,0.978,1.2245,0.8398,0.8999,0.954,1.2786,1.2004,1.561,1.4348,1.6091,1.1403,1.3627,1.7353,1.4468,1.1584,1.4589,1.2305,0.972,1.4468,1.2545,0.5994,0.7436,1.0562,1.1103,1.0141,1.2425,1.6452,1.5069,3.2251,3.4731,1.0862,1.513,0.972,0.8879,1.3687,1.0562,1.4468,0.7677
1/26/2022,68.3715,1.2171,1.5613,0.8791,2.491,3.1188,1.3379,2.2736,1.5613,2.0382,2.2072,2.0925,1.2654,1.2534,1.2715,1.4224,1.1869,1.0541,1.3379,1.5311,1.5975,0.9756,1.1266,1.0662,1.1266,0.8126,0.9153,1.0722,0.9877,1.4647,1.1749,0.9998,0.8609,0.6738,1.036,1.1205,0.9877,1.3922,1.193,3.0967,3.3342,0.9877,1.5794,1.6337,1.2352,1.0058,1.1869,1.4284,1.199
1/25/2022,70.3482,1.8376,1.2079,1.0333,1.6007,2.8663,1.3014,1.6194,2.6918,1.9311,1.2453,2.6107,1.1829,0.9148,1.1144,1.0894,1.6381,0.9336,1.2952,1.052,1.3762,1.3201,1.6319,1.4323,1.2765,1.3388,1.5321,1.0957,0.9086,1.1892,1.3949,0.8525,1.1518,1.0707,0.6343,0.734,1.077,1.5321,1.5944,3.5401,3.8136,1.7378,1.5446,1.5134,0.7714,1.3762,1.0208,1.6319,1.0894
1/24/2022,85.532,1.632,2.1592,1.035,2.2988,3.9192,2.9501,2.1205,1.9344,2.6089,1.6398,2.4461,1.2909,1.4925,1.4072,1.1823,1.8724,2.0352,1.5312,1.2599,1.4149,1.2676,1.1358,1.632,1.3839,1.6243,1.2909,2.105,1.2056,2.0895,1.1978,1.0195,0.7249,0.7171,0.973,0.8179,1.4072,1.8724,0.9808,4.9242,5.31,1.663,1.7018,2.0197,1.8724,1.5777,1.9034,1.4847,1.3994
1/23/2022,76.7267,1.5206,1.5824,1.0601,2.0223,1.8986,1.658,1.8917,2.5859,0.9227,1.7405,2.4278,1.6855,0.9914,1.5343,1.7336,1.1357,1.2113,1.768,1.713,1.8505,0.957,0.9639,1.1907,1.1907,0.9776,1.4312,2.0567,1.122,1.6099,1.2044,0.7371,1.2732,0.7302,0.9158,1.1563,1.3625,1.7474,0.8883,6.1673,6.6538,1.6443,0.8264,1.1082,1.3831,1.177,0.9708,1.4656,0.8814
1/22/2022,66.0359,1.281,1.6466,1.2403,1.8729,2.0296,1.9832,2.047,2.3256,0.9792,2.1457,1.1417,1.0604,0.9037,1.0256,1.1649,1.5711,1.4783,1.2751,1.368,1.1417,1.2055,0.8631,1.4609,1.7336,1.1533,0.8805,1.1939,0.776,1.4202,1.072,0.8399,0.631,0.9676,0.8979,0.6368,1.2055,1.1185,1.5015,3.6498,3.9322,0.8109,1.426,0.8167,1.3738,1.5131,0.8457,0.9269,1.5015
1/21/2022,67.2935,1.2755,1.5956,1.6431,1.6016,3.0839,2.2716,2.2894,2.4554,1.4355,1.7854,1.8743,0.8426,1.0086,1.4059,1.4711,0.8604,1.2102,1.1094,1.394,1.1094,0.89,1.4296,1.7854,1.1332,1.1628,1.234,1.3822,0.9731,1.9988,1.3703,0.6707,1.0264,0.6647,1.0205,0.8189,1.1747,1.2814,0.9671,3.1526,3.3947,1.0324,0.7774,1.0857,1.0086,1.0739,0.9731,1.2102,0.8782
1/20/2022,54.8049,0.9202,1.2198,1.2057,1.3836,1.8517,1.5053,1.4398,1.0466,0.8547,1.744,1.6363,1.1823,1.0138,0.7939,1.1496,0.9483,0.9109,1.2525,0.9577,1.1917,0.8547,0.85,1.0138,0.7096,0.8453,1.0138,0.7424,0.7564,0.967,0.8547,0.6581,0.9015,0.5083,0.7283,0.616,0.8968,1.1496,0.6628,3.5583,3.8333,1.0045,1.2291,1.2151,1.0232,1.0092,0.9249,1.1355,0.9343
1/19/2022,70.0787,1.7062,1.6441,1.88,2.4822,2.0973,1.5759,1.4703,1.7186,1.0668,2.0042,2.5505,1.849,1.3772,0.9923,1.0296,1.6628,1.4641,1.4455,1.3772,1.0234,1.52,0.7999,1.8738,1.0978,1.1848,1.5262,1.7435,0.9799,1.1723,1.1041,1.0916,0.7254,0.924,0.7564,1.1661,1.1351,1.0854,0.8806,3.0184,3.2496,1.0171,1.5759,0.9054,1.34,1.6131,1.3213,1.34,1.5138
1/18/2022,82.0276,1.7065,1.4029,1.1586,2.8761,1.9581,3.2314,2.5282,2.1432,1.8027,2.3209,2.5356,1.3881,1.166,1.699,1.5658,1.092,1.2475,1.4992,1.8175,1.6472,1.1809,1.5732,1.9507,1.8767,1.2475,1.4251,1.6176,0.9292,1.1364,1.662,1.1142,1.3511,1.0624,1.2253,0.9069,1.1586,1.055,1.4177,4.5776,4.9352,1.3437,0.8921,1.8323,1.9655,1.4251,1.5658,1.8619,0.9514
1/17/2022,68.2818,1.2095,1.101,1.2397,2.2946,3.1868,2.0897,1.1553,2.2524,1.511,1.2457,2.0595,1.7943,0.9322,1.0347,1.0106,0.9383,1.4145,1.4085,1.4205,1.4145,1.0709,1.4808,1.5592,1.0588,1.0769,1.1131,2.1741,0.9021,2.0595,1.318,1.0588,1.083,0.8057,1.0347,0.6851,0.9744,1.511,1.5471,2.9504,3.1761,1.0106,0.9503,0.872,1.5411,1.0287,1.3542,1.0046,1.1673
1/16/2022,70.6181,1.2374,1.2625,1.657,2.6964,3.285,1.6194,2.8592,2.7027,2.0264,0.9619,1.8699,1.7697,1.2249,1.1623,0.9995,1.5505,1.1686,1.3627,1.5756,1.6382,0.9431,0.8304,1.275,1.1498,1.4566,1.3815,1.0183,0.9431,1.801,1.4065,0.7615,0.987,0.893,1.0746,0.868,1.2124,1.4754,0.868,2.9981,3.2276,1.538,1.2625,1.1686,0.7678,1.2312,0.9619,1.4253,1.0621
1/15/2022,64.2387,1.4939,1.5895,1.3421,2.2419,2.2981,2.1125,1.8763,1.6345,1.4489,1.5614,1.8707,1.0721,1.2408,0.864,1.2183,1.3421,0.9484,1.2183,1.0327,1.1902,1.1284,1.0327,1.4208,1.1677,1.0946,1.1115,1.2858,0.8978,1.2465,0.9484,1.0496,0.611,0.7066,0.7009,0.864,1.1452,0.8697,1.4095,2.715,2.9216,1.612,0.8921,1.5333,1.1565,1.5783,1.3983,1.0665,1.0777
1/14/2022,60.1959,1.1584,1.0488,1.5603,1.743,2.4163,1.8943,1.5029,1.5551,1.9204,1.9152,1.1636,1.5029,1.1584,0.8609,1.3567,1.2523,1.0592,1.0905,0.9078,1.362,1.0592,1.1427,0.9392,0.887,0.6312,1.0488,1.174,0.8348,1.8891,1.2054,0.6521,0.8557,0.7095,0.6677,0.6208,0.8974,1.0331,0.7721,3.0334,3.2659,1.4768,1.0697,1.1219,1.0436,0.8765,0.8452,1.0697,0.9444
1/13/2022,59.0278,1.126,1.126,1.5903,1.524,1.8761,1.7434,1.422,1.8455,1.7485,1.2893,1.6057,0.9321,0.7637,1.0086,0.7586,1.3352,0.876,1.2893,1.1464,1.0903,0.8045,1.029,1.2229,1.2536,1.126,0.8351,0.8096,0.7994,1.1923,0.978,0.58,0.7382,0.6974,0.8555,0.6514,0.9117,1.2944,1.1107,3.9329,4.2383,1.1668,0.6565,0.6872,0.8147,0.9627,1.5648,1.177,0.8402
1/12/2022,61.5432,0.9859,1.1304,1.0234,1.8693,1.9497,1.275,1.1733,1.3767,1.6819,1.0716,1.8854,1.5588,0.761,1.0287,1.109,1.1197,1.2001,1.3821,0.9484,0.9109,1.2857,0.8895,0.8199,0.9805,0.8306,0.7717,1.623,0.7289,1.7944,0.9323,0.9645,0.6111,0.8413,0.6057,0.6753,1.018,0.836,0.9538,4.9934,5.3847,1.3714,0.6967,0.7128,0.9591,1.4196,1.6016,1.0876,0.7128
1/11/2022,49.7737,1.2319,0.8518,0.6972,1.4784,1.6663,1.7374,1.3405,0.9395,1.5577,0.835,1.6663,0.9186,0.7849,0.7264,0.9813,0.7264,0.9102,0.7306,0.9353,1.1024,0.9353,0.9478,0.9813,1.2653,0.9771,1.0773,0.6304,0.7139,1.4491,0.8935,0.6011,0.7933,0.48,0.7557,0.7348,0.7348,1.0648,0.6554,2.2202,2.3866,1.2987,0.9813,0.8559,0.9395,0.7139,0.6638,1.0815,1.1233
1/10/2022,40.3405,0.9913,0.8782,1.0496,0.8976,1.2792,0.8717,1.4085,0.8749,0.6841,1.1401,1.2533,0.5645,0.7941,0.7811,0.6809,0.862,0.807,0.917,0.6421,0.7585,0.6841,0.8329,1.069,0.6841,0.7229,0.807,0.7326,0.5547,0.9622,0.6906,0.4804,0.5839,0.4189,0.5709,0.6162,0.6647,0.7229,0.6259,1.6507,1.7711,0.904,0.7747,0.5839,0.9202,0.6065,0.959,0.7876,0.8232
1/9/2022,40.8793,0.6336,0.9558,0.65,1.4884,1.3964,1.3536,1.2911,1.0117,0.8275,1.2254,1.4325,0.8571,0.7881,0.6862,0.7618,0.9459,0.65,0.9064,0.9689,0.7289,0.7914,0.5415,0.7223,0.7486,0.5481,0.719,0.9985,0.6171,1.2221,0.6007,0.4724,0.5415,0.4461,0.5251,0.4889,0.5908,0.9656,0.7125,1.5444,1.6561,0.8637,0.4856,0.9722,0.4823,0.7947,0.7979,0.9163,0.5546
1/8/2022,46.4496,1.151,1.0779,1.0087,1.2856,1.9084,1.5086,1.3009,1.4393,1.1164,0.778,0.7088,0.8934,0.7357,0.7511,0.9664,1.0625,1.0241,0.8626,0.7357,1.0202,0.7934,1.0164,0.7703,0.6011,0.555,0.9549,1.0664,0.5665,1.201,0.8703,0.7088,0.6358,0.7319,0.5512,0.4858,0.8434,0.878,0.9703,1.7796,1.9104,1.0895,0.7934,0.8434,1.0318,0.8664,1.1471,0.8511,0.6011
1/7/2022,64.5085,1.5568,1.2177,0.8843,1.6528,3.009,2.1049,1.8563,2.184,1.6415,0.9691,2.2744,1.0482,1.1669,0.8674,1.2968,1.246,1.0369,1.2799,1.4042,1.1556,1.3194,0.9069,1.585,1.1443,0.7713,1.2008,1.9297,0.9408,1.8958,1.2008,0.7544,0.6583,0.7487,0.873,0.7883,1.0934,1.0821,0.986,2.6078,2.8057,1.2516,0.9352,1.4099,1.2347,1.0765,1.359,1.342,0.7544
1/6/2022,53.0983,1.3753,1.2535,1.01,1.6459,1.249,1.4294,0.9784,1.488,1.3663,1.3392,0.8341,0.9965,1.0912,0.7304,0.992,1.1949,0.8251,1.2716,1.1227,1.1859,1.1724,1.2535,1.0957,0.6041,0.9378,1.0822,1.1137,0.762,1.0326,1.0461,0.7394,0.762,0.7394,0.6312,0.8612,0.8296,0.8973,0.8522,3.0402,3.2732,0.6853,0.8116,0.7529,0.7394,1.1994,0.7439,1.0371,1.0235
1/5/2022,51.7507,1.1248,1.3261,0.836,1.8861,1.8467,1.2123,1.9779,1.2386,0.6348,0.9454,1.5098,0.9367,0.9148,0.6873,0.9017,1.1073,0.8404,1.0986,0.9585,0.8404,0.9892,1.0329,1.0767,1.3261,0.9454,0.8098,0.8054,0.7879,0.9804,1.0942,0.7967,0.8142,0.6085,0.4992,0.7529,0.9192,1.1642,1.0986,1.9999,2.1485,1.0373,0.9979,1.2036,0.5735,1.2167,1.2823,1.0636,0.9017
1/4/2022,37.1053,0.6498,0.7109,0.9583,0.9176,0.7895,0.7983,1.3425,1.3193,0.9525,0.7837,0.9845,0.9525,0.5741,0.6847,0.5247,0.6702,0.708,0.7633,0.6033,0.7226,0.7139,0.8157,0.7313,0.6294,0.6556,0.8041,0.513,0.5334,0.9671,0.6644,0.5741,0.6527,0.5829,0.4781,0.5159,0.6062,0.6411,0.8099,1.3023,1.3944,0.6527,1.0136,0.548,0.8652,0.871,0.6993,0.7866,0.6731
1/3/2022,39.9806,0.6272,0.9182,0.6368,1.1229,1.673,1.0653,0.9342,1.3755,0.9118,1.1293,0.9406,0.6112,0.7935,0.7999,0.8638,0.915,0.5568,0.624,0.64,0.6272,0.5952,0.915,0.7679,0.7871,0.5217,0.8734,0.4993,0.5824,1.1677,0.7007,0.4929,0.544,0.5824,0.5472,0.6368,0.7167,0.7647,0.8447,1.9985,2.147,0.915,0.5568,0.5568,0.5472,0.64,0.9246,0.56,0.8287
1/2/2022,45.1018,0.8827,1.0089,0.8234,1.2018,0.9866,0.905,0.9273,1.276,0.9495,0.8568,0.9606,0.7158,0.5896,0.9013,0.8864,0.8976,0.8048,0.8864,0.7269,1.0794,0.8048,0.9198,0.6935,0.6601,0.6304,0.7417,1.2018,0.5674,1.3985,0.7232,0.6119,0.6564,0.5674,0.6713,0.6304,0.7269,0.9198,1.046,2.6858,2.89,1.0942,1.0386,0.6008,0.9013,0.9124,0.9495,0.9569,0.6342
1/1/2022,43.5743,0.8746,1.0098,0.5864,1.0062,1.3015,1.5576,1.7142,0.8639,0.9173,0.96,0.8035,0.9137,0.6113,0.8639,0.9635,0.7608,0.8853,0.8568,0.6825,0.7287,0.8888,0.9671,0.8639,0.6896,0.7679,0.6754,1.1094,0.5687,0.6967,0.7252,0.5117,0.7323,0.6469,0.7038,0.4975,0.6789,0.6327,0.8959,2.6094,2.8075,0.9173,0.6932,0.5509,0.6825,1.0133,0.7928,0.6078,0.7857
12/31/2021,48.5607,1.2375,1.2212,1.0752,1.2091,1.5782,1.3835,1.0671,1.1401,1.5214,1.4849,1.4889,1.2212,0.625,0.6575,0.7629,0.9698,0.8521,0.9941,0.9333,0.9333,0.8521,1.1361,0.9819,0.844,0.8035,0.6493,0.5804,0.6696,0.9941,0.767,0.5966,0.4749,0.5885,0.4952,0.767,0.8156,1.0874,0.7426,2.3223,2.4971,1.2456,0.6899,1.0793,0.8156,1.0915,0.6737,0.9049,1.0387
12/30/2021,30.9108,0.7601,0.5745,0.6661,1.0075,0.9273,0.9663,0.8494,0.7371,0.728,0.8677,0.6455,0.6455,0.4324,0.4187,0.5195,0.6684,0.4645,0.7097,0.5264,0.5745,0.4966,0.5172,0.7119,0.5241,0.4943,0.6134,0.8975,0.3958,0.8425,0.508,0.5264,0.5378,0.5126,0.3912,0.4141,0.5149,0.657,0.6982,1.0716,1.145,0.5928,0.6134,0.7234,0.4943,0.6226,0.5905,0.6501,0.4645
12/29/2021,29.6967,0.5225,0.6223,0.5312,0.9781,0.8696,0.9673,0.7373,0.9998,0.683,0.8089,0.6483,0.5073,0.5854,0.4921,0.4726,0.5919,0.5051,0.6071,0.6006,0.5941,0.5572,0.4053,0.5377,0.644,0.6115,0.4986,0.7959,0.4444,0.8783,0.4748,0.4227,0.4596,0.4704,0.3663,0.4075,0.5203,0.5138,0.6245,1.1227,1.2002,0.6006,0.6028,0.503,0.4444,0.6418,0.5898,0.542,0.4921
12/28/2021,29.6967,0.6809,0.7286,0.7069,0.6982,1.2472,0.887,0.7894,1.0779,0.8501,0.6375,0.9174,0.6049,0.4965,0.427,0.6288,0.4292,0.4834,0.6223,0.6505,0.6266,0.5681,0.4704,0.4704,0.7221,0.529,0.4292,0.8675,0.4444,0.9022,0.5724,0.5203,0.516,0.375,0.4899,0.3901,0.5073,0.5182,0.5008,0.6327,0.6705,0.6223,0.44,0.6917,0.5008,0.5724,0.5507,0.6158,0.4162
12/27/2021,41.4632,0.9832,0.7355,0.7355,1.2877,0.9832,0.8995,1.455,1.4985,1.3245,0.8393,1.4416,1.107,0.6151,0.7155,0.6887,0.8192,0.7088,0.9229,0.8828,0.8292,0.779,0.7088,0.9464,0.6552,0.7757,0.692,1.2576,0.5113,0.7389,0.6485,0.6586,0.7188,0.4511,0.5314,0.4578,0.6318,0.7857,0.7958,1.5511,1.6634,0.6653,0.8326,0.6686,0.7891,0.7155,0.7121,0.9664,0.682
12/26/2021,48.9345,1.0345,0.9035,0.7111,1.5011,2.1479,1.804,1.6853,1.6403,1.6444,0.9526,1.4766,1.1491,0.7766,0.9117,1.1041,0.9035,0.7684,1.0918,1.0468,0.8871,0.6906,0.8748,0.6497,0.8585,0.8216,0.7971,0.9362,0.6129,1.0549,1.0304,0.6333,0.7357,0.5965,0.8011,0.5555,0.707,0.7316,1.1491,1.4098,1.5106,0.8052,1.2924,0.8544,1.0181,0.9772,0.928,0.9321,0.8298
12/25/2021,40.9028,0.7688,0.9695,0.8609,1.1241,1.7526,0.9596,1.5354,0.8774,0.7161,0.9991,0.7161,0.5747,0.6405,0.5977,0.6602,0.5878,0.5681,0.828,0.7951,0.6701,0.7589,0.6635,0.6207,0.6668,0.5648,0.5089,0.5812,0.6174,1.1472,0.6207,0.476,0.5648,0.578,0.4562,0.4792,0.5944,0.9695,0.8971,2.7659,2.9767,0.7425,0.9234,0.9366,0.6635,0.7655,0.7984,0.8576,0.5056
12/24/2021,36.0471,0.8342,0.7024,0.4976,0.8286,0.9155,1.2633,1.3446,0.7893,0.6266,0.966,1.2381,0.7444,0.5902,0.7528,0.6659,0.8117,0.7865,0.7136,0.7052,0.593,0.7136,0.6519,0.5397,0.7052,0.5958,0.5958,0.6883,0.4584,0.8314,0.5818,0.5986,0.464,0.4359,0.5144,0.4696,0.5649,0.8622,0.6827,1.6451,1.765,0.8594,0.8791,0.8089,0.4499,0.5762,0.6968,0.579,0.464
12/23/2021,40.4361,1.0003,0.89,0.7927,1.156,0.9711,1.4803,1.2371,1.4576,1.0749,1.2338,1.0814,0.9419,0.6921,0.6305,0.8446,0.8349,0.8316,0.7667,0.7959,0.7992,0.8024,0.6694,0.9419,0.5364,0.5948,0.7213,1.1106,0.5883,0.6954,0.7732,0.4002,0.6986,0.5267,0.4748,0.6856,0.6856,0.7148,0.7992,1.1003,1.176,1.0003,1.0846,0.5072,0.8154,0.6208,0.7862,0.6273,0.7862
12/22/2021,39.6886,0.8321,0.6325,0.6515,0.9082,1.1173,1.1015,0.9304,1.1934,1.0191,0.7212,1.149,0.7434,0.6578,0.7022,0.7339,0.6832,0.8068,0.7085,0.8733,0.6483,0.7339,0.6547,0.8321,0.5184,0.7022,0.5881,0.8923,0.5026,0.8385,0.6262,0.4075,0.4931,0.5976,0.398,0.5026,0.699,0.8131,0.9145,2.4127,2.5948,0.5406,0.68,0.8226,0.8131,0.6737,0.9335,0.8955,0.7941
12/21/2021,51.6427,0.7733,1.1923,1.0526,1.2883,1.6854,1.6374,1.4192,1.3057,1.4498,0.8868,1.4978,1.3581,0.9435,0.6773,0.8126,1.1923,0.8388,0.8388,0.961,0.8911,0.7253,0.926,1.2796,0.6249,0.9304,0.6511,0.686,0.6467,1.0221,0.961,0.6205,0.6991,0.6336,0.7471,0.6293,0.8388,0.8126,0.6336,3.65,3.9324,0.9871,1.2403,0.6249,0.8257,1.0264,1.2272,0.6729,0.686
12/20/2021,60.6073,1.1136,0.9873,1.2714,1.6449,1.6134,1.5029,1.4082,1.4398,0.819,0.9295,1.2188,1.061,1.082,1.2504,1.182,1.3135,1.1083,1.0136,1.2556,1.0189,0.9032,1.0926,1.4029,1.3714,0.7506,0.9295,1.3503,0.798,1.1241,0.9873,0.6244,0.8085,0.8821,0.698,0.677,0.9768,1.3293,0.8032,4.7396,5.1104,1.4871,1.1978,1.1978,1.1557,1.2346,0.9084,0.8663,0.9663
12/19/2021,56.4978,1.2821,1.4082,1.3112,1.8835,2.5625,1.2724,1.9757,2.2133,0.7293,1.8253,1.8932,1.2918,0.7099,0.7777,0.9232,1.2288,0.8117,1.2433,1.1027,1.0008,1.0881,1.3355,1.3888,0.8747,0.768,1.2239,1.3403,0.802,0.7971,0.9378,0.9281,0.9426,0.899,0.608,0.5935,0.9329,1.0542,0.7583,2.1942,2.3585,1.1851,0.7583,0.768,0.6517,0.9232,0.7777,1.2142,0.9475
12/18/2021,64.3429,1.4851,1.6429,1.5583,2.3021,1.5414,2.1499,2.3866,1.8739,1.9302,1.0118,1.6034,1.4851,1.2935,1.3217,1.209,0.9836,1.0963,0.9273,1.0963,1.4175,1.1977,1.2485,0.9104,1.671,0.7583,1.3442,1.333,0.978,1.9077,0.916,0.8766,0.578,0.809,0.6569,0.7526,0.8822,0.7864,1.2541,2.6466,2.8477,0.916,1.3724,1.2259,1.4175,1.3386,0.8428,1.4851,1.0738
12/17/2021,59.8606,1.2713,1.4165,0.9342,1.4891,1.9818,1.2039,2.1374,1.1105,1.3128,1.1053,1.8262,1.4995,1.235,1.2402,0.9031,0.7994,1.0535,0.8927,1.4269,1.3128,0.8927,1.2713,0.8772,1.3335,0.9031,1.1935,1.0794,0.8927,1.1468,1.1987,0.8046,0.6956,0.7838,0.6645,0.8772,1.0898,1.375,0.7579,3.6629,3.9464,1.0587,1.1883,0.7942,1.0068,1.3387,0.7371,1.3854,0.7527
12/16/2021,53.9771,1.1184,1.2471,1.2793,1.5138,1.4724,1.0862,1.0862,1.2379,1.0402,0.7506,1.6793,1.0402,0.7,1.1092,0.7092,0.9575,1.0264,0.7552,1.0586,0.9575,0.8241,0.9943,1.4035,1.1828,0.7506,0.8195,0.8471,0.746,0.7506,1.077,0.5897,0.8333,0.792,0.8195,0.7,0.9023,1.1368,0.7184,4.3312,4.6688,1.0356,0.769,0.8103,0.7552,0.9391,1.1,1.0586,0.7966
12/15/2021,58.833,1.1427,1.407,1.3968,1.895,1.8238,1.6103,1.9407,1.1427,1.6154,1.4426,1.1223,1.3562,1.2189,1.0308,0.8275,0.7665,0.8275,1.1172,1.3053,1.3155,0.8987,0.8224,1.4019,0.98,0.8936,1.0512,0.7106,0.7157,1.1833,0.9495,0.8173,0.8682,0.5581,0.7004,0.9444,1.0054,1.0359,1.0664,3.6474,3.9296,1.1528,1.4832,0.9749,1.1122,1.1122,0.7767,1.0003,0.736
12/14/2021,59.0202,0.8963,1.233,0.932,1.7891,2.4524,1.9881,1.8911,1.5799,1.3605,1.4422,1.9524,0.8299,0.983,1.1258,1.0544,1.0952,1.1718,1.4269,0.932,1.2636,0.9014,1.0595,1.585,1.4269,0.9677,1.2636,1.8401,0.7228,0.9014,1.0085,0.682,0.6769,0.8912,0.682,0.9167,0.8452,0.8758,1.2483,1.7994,1.9318,1.4728,1.5136,0.8299,1.335,1.1667,0.8656,1.1105,1.1003
12/13/2021,59.1136,1.3014,1.5672,1.4547,2.201,1.8892,2.017,1.3781,1.3678,0.9538,1.2963,1.7358,0.9334,0.8363,0.7442,1.2145,0.7749,1.2963,1.0407,0.9691,1.1378,1.0203,1.3423,0.8311,0.9027,1.0049,0.9691,0.7238,0.8823,1.8023,0.9436,0.7034,0.6267,0.6931,0.5449,0.872,0.8465,1.1736,1.1583,2.8929,3.114,1.5161,1.3218,1.1685,1.1327,1.3321,1.1072,1.1736,1.2043
12/12/2021,57.3389,1.4939,1.4791,1.3853,1.9823,1.558,2.0613,1.1979,1.9675,1.6666,1.1337,1.7455,1.3212,0.7686,0.9906,0.9857,0.8821,1.2719,1.1337,1.0054,1.1485,0.9462,0.6995,1.2916,1.0449,1.1732,1.0992,1.2521,0.7686,1.5975,1.0646,0.6107,0.6946,0.6946,0.6058,0.5712,0.8327,1.1534,1.0301,1.8547,1.9916,1.4347,1.336,1.2571,0.9561,1.1584,0.9808,1.262,0.7982
12/11/2021,53.6969,1.108,1.2131,0.9801,2.0357,1.4188,1.6564,1.3776,1.0943,1.6472,1.2223,0.8156,0.9207,0.8658,0.6922,0.715,1.0669,0.7881,0.9709,0.9527,0.9618,0.7881,0.7927,1.4462,1.3274,0.8064,0.875,1.6747,0.7653,1.5741,0.7881,0.8064,0.4957,0.683,0.7379,0.843,0.7699,1.1126,1.2543,2.6589,2.861,1.4096,1.0258,0.9481,0.8932,0.9846,1.3319,0.8613,0.6785
12/10/2021,60.9812,1.6289,1.0144,0.9879,1.7349,2.1588,1.9415,1.2846,2.127,1.5919,1.7879,2.1217,1.417,0.8607,0.9296,0.7918,0.9402,1.3164,1.4859,1.0091,1.3164,0.8183,0.8978,1.5707,0.7971,0.7971,1.1945,1.2634,0.7601,0.9031,1.2952,0.7812,0.8501,0.9243,0.617,0.8713,0.8554,1.1203,1.3958,2.9264,3.1501,1.47,0.8554,0.8819,0.9243,0.9985,1.3958,0.9243,1.2952
12/9/2021,73.3083,1.5708,1.1202,1.8255,1.9104,2.877,1.512,1.8973,1.6361,2.459,1.9235,2.0802,1.081,1.4075,1.5447,1.0875,1.4075,1.5839,1.5251,1.512,1.0679,1.3161,0.8197,1.2965,1.0157,1.3422,0.9112,1.4663,0.8981,2.0998,1.5447,0.7022,1.2116,0.9373,1.1528,1.1593,1.2834,1.2051,1.0549,4.0549,4.3701,0.9504,0.9569,1.3618,1.6426,0.983,1.7537,1.192,1.5969
12/8/2021,69.3861,1.1366,1.1857,1.7873,1.6399,2.1617,1.4619,1.6952,2.1617,1.0875,0.977,1.7504,1.0199,1.1795,1.069,1.1488,1.3146,1.3698,1.554,1.4435,1.1059,1.4435,1.511,0.9033,1.6031,1.4251,1.2348,1.7934,0.9279,1.5663,1.0077,0.9156,0.7437,0.7805,0.9954,0.8665,0.9892,1.112,1.1795,4.7918,5.1668,0.9831,1.4742,1.2655,1.0568,1.4189,1.6154,1.1611,1.2041
12/7/2021,63.0358,1.0417,0.9867,0.8106,1.6196,2.0764,1.515,1.2123,2.3296,1.0748,1.5756,0.8876,1.2894,1.2729,1.0693,0.8711,1.4325,1.0968,1.0803,1.394,1.0913,1.0197,1.4655,1.5481,0.8766,0.9427,1.3609,1.6912,0.8381,1.9278,1.2509,0.607,0.9867,1.0362,0.9427,0.9592,0.9922,1.2454,1.2123,3.3322,3.5889,1.3995,1.427,1.0637,1.0582,0.9041,1.5205,1.3279,0.7831
12/6/2021,65.3704,1.0157,1.3255,1.4919,1.773,2.0656,2.4156,2.45,2.2033,2.0886,1.1247,2.2664,1.251,1.0502,1.2969,1.3542,1.1936,1.4001,0.8953,1.2969,0.9871,1.033,0.8436,1.469,0.7518,1.3198,1.2624,1.1879,0.9125,1.228,1.2452,0.6945,0.6314,0.9756,0.7117,0.792,0.924,0.8781,1.4862,3.3673,3.6268,1.0559,1.5091,0.8264,1.1133,1.0961,0.8551,1.2796,1.3485
12/5/2021,62.4751,1.2071,1.5721,1.3324,2.2149,2.3511,1.327,1.9644,1.997,0.8258,1.1799,1.7682,0.804,1.0492,0.864,1.1799,0.8748,0.9892,1.4087,1.3869,1.3488,0.9729,1.0601,1.1854,1.169,1.1527,0.7713,0.8966,0.7114,1.1854,0.9675,0.755,0.646,0.6079,0.5861,0.7659,1.0492,1.1472,1.4196,4.2423,4.5728,0.804,1.3488,1.327,0.864,1.0001,1.5068,1.3706,0.7441
12/4/2021,45.2922,0.9162,0.6925,0.6999,1.2034,1.4383,0.9461,1.0654,1.1176,0.6067,1.2034,1.6024,1.0915,0.7969,0.6925,0.9162,0.7037,0.9088,1.0878,0.9051,0.9946,0.8603,1.0617,0.8417,1.1251,0.6515,0.7745,0.7372,0.6589,0.8566,0.6813,0.6999,0.7559,0.5359,0.4874,0.7223,0.7372,0.9237,0.7894,2.4908,2.6793,0.6738,0.5545,1.0841,0.8491,0.6627,1.1773,0.6291,1.002
12/3/2021,57.3394,1.1732,1.109,1.1584,1.4149,1.9429,2.0564,1.0844,2.16,1.8886,1.5876,1.1534,1.2324,1.0646,1.1781,1.1485,0.8081,1.1979,1.0202,1.1041,1.1781,0.8081,0.6453,0.966,1.0745,0.6009,0.7341,0.7735,0.6798,1.2916,1.0794,0.7045,0.6009,0.6403,0.7637,0.892,0.7982,0.7094,1.3607,2.9405,3.1655,0.9512,1.2324,1.2127,1.0942,1.2225,1.2719,1.2669,1.1979
12/2/2021,66.6777,1.0351,1.481,1.4341,2.1617,1.6453,1.305,1.1466,2.238,1.4106,1.1114,1.3167,1.3637,1.3461,1.3109,1.393,1.5221,1.0234,1.6277,1.0468,1.5163,1.4341,1.5456,1.4693,1.2933,0.8708,1.3872,2.0502,0.9119,1.9387,1.3461,0.9529,0.6948,0.8297,0.9588,0.6713,0.9119,1.4165,0.8063,4.1141,4.4341,0.906,0.906,0.9412,0.7417,1.6219,1.352,0.8591,0.8767
12/1/2021,61.7282,1.0586,0.9887,1.3863,1.9021,2.665,2.0901,2.3641,1.5314,0.8598,1.3809,2.0686,0.8007,1.0908,1.1123,0.9081,1.3111,0.8007,0.9672,1.0424,1.3594,0.9081,1.0263,1.3165,0.6986,1.0048,1.1445,1.483,0.8436,0.978,1.0532,0.7201,0.9404,0.6448,0.9887,0.9618,1.0747,1.3057,0.9618,3.1925,3.4378,1.3487,1.2573,1.2735,0.7416,1.3702,1.1015,1.3165,0.9457
11/30/2021,62.2885,1.1927,1.6379,1.3393,1.7302,2.2731,2.3328,1.893,2.1102,1.3936,0.9321,2.2459,0.905,0.9267,1.2633,0.8561,1.3013,1.3556,1.5022,1.285,1.3502,0.943,0.8507,0.9864,1.5022,1.095,0.9104,1.285,0.8778,1.1819,1.171,0.7964,0.6335,0.9267,0.905,0.6607,0.905,0.9864,0.8236,3.5762,3.8526,0.905,1.2524,0.8887,0.6824,1.1981,0.867,0.9919,0.8073
11/29/2021,65.9307,0.9893,1.1167,1.4469,2.4607,2.7156,2.2,2.1479,1.9162,1.557,2.0726,1.5454,1.1283,1.0298,0.8271,1.0878,1.192,1.3427,1.221,1.5222,1.3253,1.3427,0.9256,1.7366,1.6091,1.1978,0.8213,1.0993,0.8676,1.5918,1.3137,0.5606,1.1225,1.0704,1.0588,1.0936,1.0067,1.3427,1.2789,1.8118,1.9452,1.6671,1.5628,1.5744,1.0936,1.1341,1.053,0.9545,1.25
11/28/2021,57.7127,1.3697,1.2255,1.3299,1.4343,2.2745,2.0259,0.982,1.151,1.658,1.2206,1.9165,1.5089,1.0764,1.1957,1.1162,0.9074,1.0665,1.4095,1.3051,1.0665,0.7284,1.1758,1.2255,1.4493,1.1112,1.2405,0.8328,0.8278,1.0416,1.0814,0.9124,0.7831,0.9422,0.629,0.7284,0.8925,0.9422,1.0018,2.6056,2.8034,0.8776,1.2057,0.6688,1.2106,0.9024,1.0317,0.8378,0.7831
11/27/2021,54.8173,1.2762,1.2669,1.3371,1.9598,1.7444,1.0796,1.8989,2.0206,1.0656,1.1311,1.5806,1.1779,0.691,1.0328,1.1358,0.7706,1.0796,1.0094,1.2294,1.0937,1.0983,1.0796,1.3371,1.3605,0.9204,0.6442,1.0422,0.6629,1.7116,0.9485,0.8689,0.5131,0.6114,0.7332,0.5974,1,0.8689,1.2716,1.1385,1.2173,1.2341,1.515,1.2341,1.192,1.3418,0.9064,1.2201,0.9672
11/26/2021,62.0084,1.0956,1.1712,1.0956,1.7761,2.1056,2.354,1.6303,1.8571,1.9273,1.128,1.2792,1.3819,0.9984,0.966,1.4035,0.9714,1.29,1.155,0.993,1.1064,1.2684,1.128,1.5223,1.2144,1.0902,1.128,1.1658,0.7878,1.2522,1.0848,0.966,1.0524,0.8094,0.6419,0.8688,1.047,0.7986,0.858,3.0214,3.2529,1.4791,1.6627,1.2306,0.804,1.3711,1.0902,0.966,0.7608
11/25/2021,60.9813,1.1627,0.9137,1.1892,1.7349,1.878,1.4011,1.825,1.9309,1.7084,1.5071,1.3164,1.0462,1.0515,1.2316,1.364,1.4382,1.3958,0.8236,1.4382,1.3058,1.1362,0.7283,1.5601,1.2634,0.7654,1.3323,1.6607,0.723,1.7031,1.2104,0.8395,0.6753,0.7389,0.7654,0.5905,1.025,1.3746,0.9243,2.5852,2.7813,1.0567,0.6965,1.2104,1.3058,1.4965,1.4329,0.9137,0.8236
11/24/2021,67.4245,1.7355,1.6939,1.4384,2.508,2.6387,2.1633,2.1099,2.5555,1.1709,1.4918,1.5334,0.8619,1.2541,1.4443,1.3195,1.3968,1.0521,1.3789,1.5631,1.4918,1.1709,0.9273,1.682,1.1412,1.367,1.3373,1.7177,0.8916,1.3849,1.1353,0.9808,0.8263,0.7253,0.8501,0.957,1.1234,0.9689,1.1531,2.3511,2.5282,1.1412,0.7847,1.5275,1.2482,1.3968,1.373,1.1056,0.8263
11/23/2021,63.0355,1.0803,0.8986,1.0417,1.3885,1.9498,2.4066,2.1094,1.5921,0.8711,1.3719,1.9333,1.0472,1.1243,1.2894,0.8656,1.2344,1.3499,0.8656,1.0032,1.1958,0.8106,0.728,0.8491,1.4875,1.2784,1.0803,0.8601,0.8546,1.0693,1.2234,1.0362,0.5959,0.6014,0.8271,0.6235,0.9482,0.7831,0.8766,5.8102,6.2678,1.4215,0.75,1.0032,0.7886,1.0362,0.7831,1.0087,1.0142
11/22/2021,57.1523,1.366,1.5085,0.7663,1.4692,2.6931,1.3267,1.6068,2,1.5331,0.9629,1.6019,1.0121,0.7319,0.8597,1.2431,0.7811,0.8499,0.7663,0.8892,0.8892,0.8302,0.786,1.1841,1.3856,0.904,1.189,0.9236,0.7123,0.8401,1.0219,0.8745,0.9777,0.8007,0.8695,0.7073,0.8695,0.8401,1.1006,3.0174,3.2486,1.4102,1.0121,1.3021,1.0072,1.135,1.2284,1.307,0.8106
11/21/2021,40.6228,0.8648,0.6919,0.5581,1.4748,1.439,1.4618,1.2791,0.9464,1.2954,0.7147,0.594,0.9627,0.793,0.6527,0.8974,0.7669,0.8322,0.9855,0.855,0.8257,0.8452,0.7245,0.8061,0.6071,0.718,0.5092,0.6952,0.594,0.6234,0.8354,0.3755,0.4864,0.5581,0.4896,0.4831,0.6038,0.6788,0.8778,2.0509,2.2037,1.0247,0.7637,0.7963,0.6723,0.6756,0.6364,0.6593,0.7376
11/20/2021,48.8409,0.9876,0.8896,0.8569,1.249,1.0325,1.6696,0.8936,1.4572,1.5144,0.6935,0.7139,0.6486,0.7099,0.9263,0.6404,0.7058,1.0202,0.9794,0.8528,1.1183,0.9508,0.6323,1.1877,1.2204,0.5832,0.7629,1.2326,0.5751,1.0121,0.7548,0.718,0.7752,0.5138,0.4893,0.6853,0.8405,0.6853,0.812,3.5912,3.8689,0.718,0.6363,1.0529,1.1101,1.1019,1.0162,0.812,0.9426
11/19/2021,54.0708,1.2401,1.194,0.7149,1.2125,2.1201,1.2678,0.9314,1.1848,1.3599,1.5949,1.3323,1.065,1.1157,1.0789,1.148,0.7702,1.1019,0.7195,0.8808,1.1203,0.6965,0.6873,1.0512,1.3599,1.042,1.0881,0.678,0.6827,1.7054,0.8946,0.89,0.5398,0.7149,0.7195,0.5721,0.8946,1.1848,0.8117,3.3966,3.6585,1.0466,1.2816,0.8485,0.6458,1.0374,0.7656,0.9591,1.065
11/18/2021,57.619,0.8018,0.911,1.0995,1.6999,2.1266,1.6056,1.5659,1.8339,1.7346,0.8216,1.5411,0.8216,0.8266,0.9705,1.2285,0.7522,1.0251,1.3724,1.1938,1.0201,0.7274,0.9258,0.8762,0.9804,0.9755,0.6877,0.8316,0.6728,1.7049,0.9804,0.6232,0.5487,0.8365,0.6331,0.9457,0.9556,1.4071,0.7571,3.8552,4.1542,0.9457,1.4121,0.9556,1.293,1.035,1.1293,1.0449,0.772
11/17/2021,58.833,0.9088,0.8987,1.5646,2.1644,1.4324,1.2443,1.224,2.0882,1.2291,1.4883,1.3816,1.3002,0.7817,1.2647,1.2952,1.3409,0.8834,1.0359,1.0308,1.0715,0.7919,0.8275,1.0766,0.8936,0.6547,0.7512,0.8021,0.8427,1.0308,0.9241,0.7462,0.5682,0.553,0.7055,0.9139,0.8326,1.2494,1.3612,4.3949,4.7377,1.285,0.7309,1.163,1.0257,1.0766,1.1732,1.0054,1.0867
11/16/2021,57.7126,0.9372,1.3896,1.2305,1.8569,1.5288,1.1112,1.3399,2.1204,1.3001,1.1659,1.3001,1.2951,0.9273,0.8875,0.8676,1.0665,0.803,1.2355,0.8974,1.3598,0.803,1.1311,1.325,0.9521,0.9472,1.0516,0.6737,0.8378,1.7227,1.1609,0.5544,0.8875,0.5495,0.6041,0.8278,1.0018,1.2603,0.7533,3.6519,3.9345,0.8925,0.7781,1.151,1.2305,1.2603,1.4642,0.8577,0.8278
11/15/2021,50.4288,0.9346,0.8795,0.7352,1.2359,2.3475,1.9274,1.2274,1.7832,0.6928,1.0152,1.4268,1.2019,0.871,0.7479,0.854,0.9558,0.9177,1.1298,1.1001,1.1553,0.9813,1.0534,1.3037,0.9007,0.9855,0.7946,1.5626,0.7267,0.9092,0.731,0.5316,0.591,0.6631,0.8116,0.6249,0.8498,1.185,0.7946,1.9873,2.1349,1.028,1.1298,0.9092,0.5613,0.7564,1.3334,0.6588,0.7904
11/14/2021,52.8562,0.7184,1.1894,1.2253,1.7546,1.4182,1.7187,1.167,1.3643,0.6466,1.5841,1.1356,1.3643,0.7947,0.9158,1.0862,0.9606,0.7319,0.9292,0.8978,0.9517,0.8261,1.0234,0.7184,1.2073,0.7363,0.835,1.3688,0.7094,0.9292,1.0593,0.7722,0.7363,0.5704,0.7812,0.6242,0.8216,0.7094,0.8933,3.4817,3.7505,0.7363,1.2522,0.7229,1.2387,0.8485,1.0683,0.7319,1.149
11/13/2021,43.7979,0.6822,0.9471,0.9113,1.5055,2.0067,1.0008,0.7573,0.9685,1.28,1.2334,1.348,0.6857,0.6106,0.5962,0.9148,0.6643,0.9399,0.7931,0.9506,0.8576,0.7359,0.8755,1.0401,0.8647,0.6643,0.9578,0.6929,0.6356,0.7752,0.7359,0.6499,0.4602,0.6786,0.6893,0.4996,0.7609,0.5604,0.9614,2.0262,2.1769,1.0258,0.9936,0.9471,1.0437,0.6356,0.5819,0.7323,0.743
11/12/2021,45.386,0.7499,1.1125,0.7088,1.0228,1.5462,1.4378,1.5462,1.6584,0.8321,0.877,1.12,1.0228,0.6901,0.9106,0.6602,0.8919,0.8919,0.9742,0.8471,0.8097,0.9892,0.8247,0.6788,0.7873,0.7275,0.6489,1.3705,0.548,0.7723,0.6602,0.548,0.4471,0.4919,0.5443,0.5517,0.7499,0.9817,0.9032,2.4266,2.6098,1.0789,0.9069,0.6116,0.6639,0.8658,0.9069,1.0677,0.7125
11/11/2021,51.0822,1.2136,1.2006,0.9292,1.653,1.9761,1.1446,1.1188,1.6013,1.7219,0.7741,1.7521,1.2696,0.9982,0.6707,0.8646,0.7009,1.2093,1.024,1.1059,1.1748,0.9809,1.0068,0.8474,1.2394,0.5975,0.7698,1.5324,0.6664,1.1834,0.9163,0.4424,0.5415,0.4855,0.5587,0.6793,0.7569,1.1532,0.6707,2.0899,2.2458,0.7354,1.08,0.6061,0.8818,1.0843,1.3083,1.1274,0.7914
11/10/2021,54.6312,1.3418,0.8521,1.3884,1.6962,2.4982,2.0692,1.962,1.1133,1.7055,1.7101,1.7987,0.9641,0.8428,0.8102,1.0527,0.7589,1.1506,1.3138,0.9081,1.1133,1.0806,0.8335,0.7915,1.2718,0.7682,0.6656,1.3091,0.7729,1.2392,1.1086,0.7356,0.8755,0.8102,0.8475,0.6003,0.8615,1.0107,1.2485,1.3027,1.3948,1.4397,0.647,1.0853,1.02,0.8801,1.3931,0.8242,0.7635
11/9/2021,56.8722,1.3836,0.9828,1.1197,1.97,1.5888,1.0659,1.0513,2.014,1.6377,1.799,1.8332,1.4716,0.758,1.1637,1.2028,1.2761,0.7825,0.8607,1.1881,1.061,1.0268,1.3103,1.0024,0.89,0.7434,0.7825,1.6035,0.7727,1.3982,1.1001,0.4843,0.7043,0.6749,0.5821,0.5723,1.017,0.7922,1.149,2.5761,2.7715,1.2956,1.4276,0.7776,0.7531,1.2076,0.8264,1.2321,1.1881
11/8/2021,55.0039,0.7495,1.1491,1.0268,1.7413,2.296,2.075,1.1209,1.4499,0.726,0.8858,1.8635,0.7542,0.8294,0.6837,1.2431,1.2666,0.7495,0.7401,1.2995,0.8858,0.8482,0.9892,0.9563,1.4076,1.0739,0.82,0.7072,0.773,1.3653,1.0598,0.491,0.867,0.6837,0.8717,0.5944,0.8811,0.8341,1.0974,3.5592,3.8342,0.9375,0.9516,1.0127,0.9093,0.7965,0.9281,1.2525,0.9657
11/7/2021,61.6348,1.6255,1.1911,0.88,1.883,2.7519,1.7972,1.9634,1.3305,1.1535,1.4968,0.939,0.9015,1.1428,1.3198,1.3895,1.3413,0.8746,1.1053,1.4378,1.2662,1.2662,1.2286,1.6202,0.8693,0.7674,1.3466,1.6041,0.9336,1.9688,0.998,0.8907,0.8532,0.7942,0.7459,0.9176,0.9712,0.7942,1.0731,2.5635,2.7579,0.8586,0.7835,1.0034,1.4593,1.0516,1.5504,1.3305,0.8425
11/6/2021,47.0669,0.8464,0.7488,1.2097,1.7332,1.6864,1.2683,0.9128,1.3934,1.5535,0.9128,1.2605,1.1082,0.7449,0.9832,1.0457,0.6433,0.9363,0.7605,1.0066,0.8074,0.8972,0.698,0.8933,0.6394,0.948,0.8503,0.9324,0.5886,1.4129,0.7605,0.5925,0.6511,0.7097,0.7683,0.7175,0.7566,0.6902,0.8972,2.0045,2.1535,0.9207,0.7097,0.6706,0.8972,0.8777,1.1785,0.6706,1.0183
11/5/2021,46.5996,1.0274,1.1973,1.1162,1.1278,1.2783,1.6219,1.4096,1.757,1.3208,0.9116,1.6566,1.0043,0.653,0.765,0.7109,0.7032,0.7032,1.0197,1.1046,1.0892,0.6221,0.9618,1.1124,1.1818,0.765,0.9116,1.3362,0.5642,0.9194,0.7032,0.7341,0.5025,0.5141,0.7264,0.7727,0.7997,0.9657,0.7688,1.3222,1.4159,0.7765,0.9695,0.6067,0.819,0.8036,1.151,0.6762,1.0197
11/4/2021,37.2607,0.7899,0.5646,0.7899,1.2318,1.3956,1.2171,0.9245,1.1674,0.5558,0.5705,0.6085,0.5412,0.55,0.6729,0.5529,0.7548,0.5441,0.7373,0.5851,0.6085,0.8104,0.8514,0.9596,0.904,0.4973,0.7109,0.7548,0.5441,0.825,0.591,0.5002,0.5002,0.4973,0.5792,0.5354,0.67,0.4973,0.746,2.114,2.2719,0.9333,0.7519,0.5471,0.4593,0.828,0.7958,0.5295,0.6934
11/3/2021,34.9264,0.5759,0.8883,0.5571,1.0041,1.031,0.6783,0.8991,1.101,0.9502,0.8021,0.8479,0.5059,0.4979,0.5194,0.5006,0.7133,0.7914,0.7429,0.8183,0.5679,0.7052,0.444,0.6944,0.7375,0.6971,0.7617,0.9125,0.4763,0.9448,0.5867,0.3552,0.6056,0.4871,0.444,0.4386,0.549,0.8291,0.6244,2.057,2.2103,0.4709,0.4925,0.4386,0.4736,0.5598,0.7483,0.4844,0.7052
11/2/2021,27.1752,0.577,0.6729,0.6882,0.9318,1.1408,0.648,0.8225,0.74,0.7649,0.7285,0.4543,0.5022,0.5636,0.5329,0.508,0.5502,0.4543,0.3987,0.5137,0.4313,0.5291,0.3699,0.5809,0.5444,0.5233,0.5789,0.7381,0.4332,0.8014,0.5099,0.3968,0.3431,0.4064,0.3929,0.4447,0.4159,0.5924,0.6307,0.6513,0.6906,0.6345,0.4351,0.5463,0.4754,0.4236,0.4773,0.5348,0.4505
11/1/2021,23.5338,0.5519,0.496,0.423,0.5659,0.8672,0.5255,0.7181,0.5317,0.4385,0.4168,0.4975,0.5115,0.3919,0.3733,0.3841,0.4292,0.4665,0.4851,0.4261,0.4059,0.4214,0.3313,0.4214,0.4369,0.3981,0.3624,0.4913,0.3282,0.6358,0.4727,0.3469,0.4028,0.3173,0.3469,0.3003,0.4168,0.4929,0.4634,1.4147,1.5158,0.4059,0.3484,0.5162,0.4898,0.4261,0.3453,0.3981,0.381
10/31/2021,22.1329,0.4394,0.5186,0.4423,0.7009,0.5709,0.4649,0.6048,0.7362,0.6401,0.4945,0.6726,0.4875,0.4097,0.4239,0.3787,0.462,0.4281,0.5214,0.4861,0.4013,0.3942,0.3292,0.4055,0.3575,0.3292,0.3207,0.4451,0.3151,0.568,0.4578,0.3801,0.3801,0.2826,0.3334,0.3377,0.3532,0.4677,0.4239,0.7772,0.8267,0.4875,0.3235,0.455,0.4945,0.5214,0.3518,0.3871,0.3433
10/30/2021,24.3739,0.4303,0.6153,0.6088,0.8102,0.9608,0.5711,0.7447,0.7037,0.3746,0.5564,0.7299,0.4876,0.4106,0.4909,0.4712,0.3861,0.4876,0.5449,0.4221,0.4368,0.4598,0.3746,0.4499,0.5924,0.4074,0.4892,0.4679,0.3402,0.7201,0.4647,0.3337,0.3009,0.3304,0.2993,0.3419,0.4336,0.4385,0.4843,0.9094,0.9696,0.5645,0.4385,0.4974,0.3386,0.4303,0.3779,0.3812,0.4941
10/29/2021,26.6148,0.4478,0.539,0.4868,0.7623,0.902,0.5557,0.5129,0.7568,0.5836,0.7549,0.6227,0.4589,0.4478,0.4366,0.4887,0.4142,0.498,0.6209,0.5371,0.6116,0.4682,0.4236,0.4291,0.5706,0.3342,0.3696,0.7139,0.4012,0.7586,0.4738,0.4701,0.3323,0.3212,0.3807,0.377,0.4496,0.4999,0.5315,1.3045,1.3967,0.5483,0.5055,0.6227,0.3398,0.5017,0.6283,0.5613,0.4626
10/28/2021,28.5761,0.6584,0.5473,0.4733,0.7016,1.1955,0.8971,0.6543,0.7551,0.7119,0.537,0.7778,0.5226,0.4486,0.607,0.5,0.4774,0.6255,0.4733,0.6029,0.5988,0.5885,0.6543,0.5535,0.6132,0.5165,0.6173,0.6029,0.4136,0.8477,0.5329,0.3477,0.4362,0.4362,0.321,0.4774,0.4938,0.5844,0.5823,1.103,1.1789,0.428,0.5617,0.5082,0.3971,0.4794,0.4198,0.5782,0.537
10/27/2021,32.4052,0.6841,0.5913,0.7597,1.0526,0.728,1.0501,0.9501,1.0282,0.6011,0.606,0.7744,0.5498,0.6304,0.6499,0.6133,0.5547,0.7036,0.6572,0.7109,0.5132,0.4424,0.7451,0.8427,0.7719,0.3839,0.6011,0.7182,0.5132,0.5205,0.5352,0.501,0.4498,0.5157,0.5303,0.4205,0.5425,0.5889,0.6255,1.4977,1.6056,0.4815,0.7377,0.4766,0.6352,0.4961,0.5864,0.6816,0.5498
10/26/2021,29.8833,0.519,0.4577,0.5321,0.6897,0.9807,0.6962,0.5496,0.937,0.6,0.891,1.0245,0.7269,0.5343,0.5956,0.4315,0.6109,0.5365,0.5343,0.5168,0.7006,0.5015,0.5321,0.7181,0.6043,0.414,0.5146,0.8669,0.4708,0.6,0.6328,0.4555,0.403,0.3286,0.3855,0.449,0.4796,0.6328,0.5715,1.4411,1.5445,0.7444,0.4074,0.4971,0.4555,0.5102,0.6262,0.6065,0.4249
10/25/2021,25.6813,0.5309,0.5822,0.3753,0.5857,1.0649,0.66,0.6794,0.8156,0.5981,0.759,0.614,0.5256,0.4319,0.4814,0.5786,0.5274,0.4248,0.3771,0.4779,0.423,0.4018,0.5061,0.4584,0.3877,0.4089,0.492,0.5857,0.3647,0.5309,0.4832,0.3187,0.2993,0.4283,0.4337,0.3134,0.4531,0.5079,0.5468,1.0698,1.143,0.6211,0.5716,0.5291,0.3417,0.4089,0.561,0.4319,0.5698
10/24/2021,22.7864,0.557,0.4476,0.4949,0.6753,0.7744,0.6561,0.6339,0.733,0.6443,0.5851,0.4801,0.5082,0.3456,0.4092,0.3604,0.3633,0.4417,0.5038,0.4136,0.5156,0.418,0.4373,0.4801,0.3692,0.3885,0.4683,0.3278,0.3678,0.5127,0.3781,0.4062,0.3012,0.3988,0.3663,0.3618,0.4284,0.4373,0.3899,0.7571,0.805,0.4136,0.4432,0.4239,0.3959,0.4787,0.5733,0.3678,0.3471
10/23/2021,23.3468,0.4552,0.5242,0.4997,0.647,0.7053,0.6946,0.5135,0.7053,0.624,0.423,0.4659,0.5028,0.4091,0.4291,0.4767,0.3662,0.4874,0.4843,0.4644,0.4705,0.4583,0.4721,0.5074,0.3478,0.3969,0.3969,0.3646,0.3478,0.5964,0.4751,0.3907,0.3094,0.291,0.3109,0.3432,0.4245,0.4782,0.3738,1.101,1.1767,0.578,0.3738,0.3631,0.3324,0.3984,0.5028,0.4951,0.3923
10/22/2021,35.2066,0.7815,0.6727,0.5639,1.0318,0.8142,0.6809,1.1978,0.7625,1.0101,0.5204,0.6129,0.67,0.6346,0.7026,0.7434,0.7734,0.6918,0.5856,0.7271,0.7271,0.7081,0.5421,0.8142,0.6319,0.6781,0.5666,0.6618,0.4387,0.7135,0.5367,0.4278,0.6129,0.3925,0.368,0.504,0.5394,0.5394,0.7707,2.027,2.1778,0.602,0.7652,0.4986,0.8033,0.5938,0.8278,0.8142,0.7462
10/21/2021,24.2806,0.546,0.4727,0.533,0.7576,0.6111,0.7332,0.5379,0.7642,0.6942,0.4939,0.6811,0.52,0.4923,0.4597,0.3653,0.3604,0.5493,0.4695,0.4337,0.5183,0.4581,0.5151,0.4613,0.3865,0.3637,0.5053,0.5558,0.3897,0.4597,0.4613,0.3653,0.3653,0.3604,0.3685,0.3002,0.3848,0.4288,0.3865,0.8277,0.8813,0.4369,0.6372,0.5134,0.4923,0.5346,0.5509,0.3913,0.5053
10/20/2021,22.319,0.559,0.4946,0.549,0.695,0.6564,0.4273,0.5504,0.4573,0.476,0.5719,0.5733,0.5347,0.3829,0.3542,0.4516,0.4903,0.4931,0.3542,0.5146,0.4201,0.4516,0.3328,0.3772,0.3385,0.3972,0.39,0.4516,0.3514,0.6048,0.4158,0.2984,0.3972,0.3614,0.3256,0.3385,0.3671,0.3643,0.4301,0.927,0.9886,0.4044,0.4516,0.4402,0.3328,0.5189,0.5476,0.3815,0.327
10/19/2021,22.5059,0.5569,0.496,0.4379,0.567,0.5627,0.6178,0.7745,0.6845,0.583,0.4568,0.4611,0.3988,0.3988,0.3291,0.3843,0.4394,0.4437,0.3886,0.3828,0.4698,0.3814,0.4423,0.4292,0.5177,0.3059,0.3233,0.3509,0.3306,0.4539,0.4002,0.3973,0.3596,0.3349,0.3799,0.3407,0.3625,0.4394,0.4321,1.1697,1.251,0.5264,0.4075,0.3393,0.3625,0.5235,0.3306,0.3683,0.4118
10/18/2021,28.3895,0.5541,0.6479,0.4154,0.811,0.7783,0.6825,0.9659,0.6173,0.7641,0.4501,0.8885,0.7315,0.4684,0.444,0.4338,0.5092,0.4113,0.4542,0.6356,0.6234,0.4847,0.4317,0.4766,0.5806,0.4134,0.5214,0.3828,0.4501,0.5602,0.5459,0.34,0.446,0.3481,0.4888,0.4725,0.4542,0.5908,0.5051,1.4864,1.5934,0.5092,0.6968,0.3644,0.6601,0.4766,0.5867,0.605,0.6315
10/17/2021,29.2296,0.7526,0.655,0.7569,0.7929,0.6252,0.7929,0.7293,0.9458,0.57,0.4554,0.5255,0.432,0.4235,0.4363,0.5424,0.6486,0.6231,0.6422,0.5849,0.5615,0.5382,0.3853,0.5722,0.5297,0.5339,0.6252,0.6868,0.4724,0.5594,0.4533,0.3301,0.4342,0.4851,0.362,0.3747,0.5042,0.4151,0.655,1.6795,1.8022,0.5976,0.7547,0.3959,0.5233,0.4851,0.4384,0.6231,0.517
10/16/2021,25.9612,0.5133,0.4882,0.666,0.6426,1.0917,0.6085,0.5133,0.7055,0.7827,0.6768,0.842,0.4253,0.366,0.3966,0.4684,0.4666,0.4163,0.472,0.5313,0.4451,0.3948,0.3894,0.5834,0.5474,0.5277,0.3768,0.7271,0.3553,0.5636,0.5295,0.2906,0.4307,0.3732,0.4307,0.3283,0.4558,0.5564,0.4864,0.9961,1.0633,0.6319,0.5223,0.3894,0.5959,0.4109,0.4002,0.5492,0.5367
10/15/2021,27.2685,0.552,0.552,0.4769,0.6214,1.1436,0.8179,0.4769,0.6445,0.8584,0.6465,0.475,0.6002,0.4942,0.5097,0.5578,0.473,0.4827,0.5019,0.554,0.6214,0.4441,0.5848,0.473,0.5675,0.4249,0.5713,0.5559,0.3805,0.7062,0.579,0.3266,0.4441,0.3189,0.4441,0.4075,0.5058,0.4673,0.5424,1.2,1.2838,0.5,0.4923,0.3632,0.6176,0.5424,0.5289,0.4345,0.5019
10/14/2021,30.1637,0.641,0.7318,0.621,0.8848,1.0443,0.9291,0.57,0.9092,0.4171,0.6299,0.8936,0.7163,0.4415,0.4792,0.4836,0.5723,0.4903,0.6543,0.5612,0.5279,0.4171,0.4415,0.7673,0.6166,0.4747,0.6521,0.4548,0.4193,0.4903,0.5434,0.5013,0.4193,0.5191,0.4991,0.4991,0.4991,0.5235,0.6942,1.5182,1.6277,0.4681,0.7939,0.4504,0.6277,0.7163,0.4526,0.4659,0.4127
10/13/2021,29.2302,0.4533,0.5106,0.6231,0.8588,0.6358,0.5722,1.0477,0.7823,0.88,0.7399,0.4639,0.5998,0.5615,0.5467,0.4766,0.6719,0.6295,0.5573,0.6677,0.4809,0.6252,0.5021,0.5255,0.5509,0.4278,0.3832,0.8418,0.4044,0.6932,0.5085,0.3768,0.4872,0.345,0.3514,0.4363,0.4809,0.6741,0.6571,1.3521,1.4482,0.7123,0.5191,0.4023,0.6295,0.6422,0.5828,0.466,0.4448
10/12/2021,36.3272,0.9513,0.5859,0.5151,0.8437,0.8975,0.855,1.0873,1.3083,0.6199,0.991,0.9542,0.6794,0.4868,0.6766,0.7899,0.6114,0.719,0.5208,0.5717,0.5831,0.753,0.6539,0.6341,0.6879,0.4726,0.4584,1.1043,0.4528,0.9655,0.7275,0.5293,0.5547,0.3876,0.3905,0.4726,0.5859,0.8663,0.8324,2.2003,2.3651,0.7927,0.5179,0.736,0.4726,0.6482,0.5491,0.7162,0.5519
10/11/2021,28.9498,0.4327,0.4788,0.6171,0.7323,1.1157,0.9732,0.9858,0.6338,0.5647,0.8203,0.55,0.5626,0.571,0.5375,0.6527,0.4914,0.6611,0.416,0.5752,0.6443,0.6401,0.4788,0.6967,0.6192,0.5836,0.4809,0.6904,0.3908,0.4914,0.5417,0.328,0.4725,0.4558,0.3238,0.3699,0.5375,0.5836,0.594,1.2579,1.3464,0.55,0.3741,0.4537,0.4956,0.5836,0.4453,0.6045,0.5438
10/10/2021,23.72,0.4889,0.5329,0.4685,0.6068,0.948,0.7625,0.6241,0.7892,0.3506,0.665,0.7436,0.577,0.4465,0.3412,0.3663,0.3899,0.3726,0.5094,0.5094,0.393,0.371,0.3522,0.5612,0.5235,0.3946,0.4952,0.3867,0.3867,0.7027,0.4481,0.2956,0.2814,0.2987,0.3349,0.371,0.4009,0.338,0.5439,0.8858,0.9441,0.3537,0.5738,0.4685,0.4811,0.4323,0.4528,0.3679,0.3883
10/9/2021,29.8836,0.4336,0.6941,0.6043,0.7138,1.0136,0.6306,0.8385,0.8823,0.8691,0.5825,0.8319,0.6306,0.5234,0.6197,0.6437,0.5715,0.4271,0.659,0.624,0.5234,0.5037,0.4249,0.4402,0.6634,0.3767,0.4293,0.5387,0.4796,0.7247,0.6021,0.4468,0.4708,0.4862,0.4949,0.414,0.5321,0.5956,0.5562,1.4611,1.5661,0.5365,0.6109,0.3811,0.5781,0.5868,0.6087,0.5365,0.5212
10/8/2021,24.8407,0.6028,0.4681,0.5321,0.6028,0.8672,0.7443,0.7039,0.8555,0.6955,0.655,0.815,0.4765,0.4311,0.5153,0.4294,0.3957,0.453,0.4243,0.5052,0.4934,0.4008,0.3755,0.5607,0.5574,0.389,0.4866,0.5607,0.4008,0.3873,0.485,0.3519,0.3368,0.4243,0.4226,0.3435,0.421,0.4513,0.5506,0.7372,0.7834,0.3553,0.655,0.5658,0.3418,0.4782,0.5304,0.3755,0.4462
10/7/2021,27.6421,0.6872,0.4436,0.6597,0.7972,1.1743,0.7579,0.587,0.6931,0.6636,0.4868,0.7638,0.3867,0.5536,0.5733,0.4063,0.5163,0.5261,0.4377,0.5045,0.5752,0.4102,0.6047,0.4652,0.5045,0.4751,0.4554,0.534,0.4318,0.8247,0.5399,0.422,0.4004,0.3552,0.4633,0.4161,0.477,0.6577,0.4142,1.2549,1.3432,0.6774,0.4593,0.5634,0.3513,0.587,0.479,0.4554,0.4259
10/6/2021,30.8179,0.5295,0.6321,0.6185,0.7257,0.7896,1.0543,0.6048,1.1067,0.8603,0.8033,0.8398,0.7668,0.566,0.4793,0.5911,0.5295,0.6436,0.7234,0.5409,0.5683,0.6823,0.639,0.7029,0.6207,0.4313,0.4633,0.8033,0.4017,0.7554,0.5066,0.3264,0.3857,0.4359,0.5226,0.4428,0.5044,0.461,0.5409,1.1633,1.2441,0.4633,0.6527,0.4907,0.6892,0.6915,0.623,0.5523,0.6481
10/5/2021,29.51,0.5108,0.6463,0.4743,0.7862,1.1045,1.0357,1.0529,0.7668,0.6872,0.528,0.6205,0.4312,0.4506,0.4764,0.6592,0.5044,0.6808,0.6033,0.4721,0.6184,0.5818,0.5926,0.5108,0.3818,0.3904,0.4484,0.7238,0.3968,0.7474,0.5969,0.442,0.5087,0.4033,0.4958,0.371,0.513,0.6248,0.4936,1.2602,1.3489,0.6937,0.5108,0.5173,0.6184,0.6076,0.4183,0.5452,0.6571
10/4/2021,24.9346,0.524,0.4512,0.4224,0.6408,0.8457,0.7103,0.463,0.756,0.6781,0.7306,0.6967,0.3699,0.4512,0.5307,0.4376,0.3682,0.5324,0.568,0.4935,0.507,0.3919,0.3834,0.6086,0.4664,0.3225,0.4461,0.5714,0.3665,0.4783,0.397,0.4071,0.4291,0.4037,0.3716,0.3445,0.4275,0.4867,0.3665,1.0805,1.1546,0.4512,0.5511,0.4004,0.3682,0.5816,0.6256,0.4732,0.4021
10/3/2021,27.1753,0.5559,0.5118,0.4006,0.5866,1.066,0.8397,0.6345,0.5291,0.5214,0.4102,0.5214,0.7036,0.5521,0.5099,0.5674,0.5157,0.5636,0.5118,0.5521,0.5732,0.5368,0.4543,0.6326,0.4524,0.3469,0.3699,0.4754,0.3738,0.7323,0.4696,0.3584,0.4275,0.4198,0.3066,0.3603,0.4332,0.623,0.4083,1.6142,1.7316,0.5387,0.5444,0.368,0.531,0.4102,0.4965,0.5406,0.5924
10/2/2021,24.934,0.4021,0.4833,0.6019,0.5866,0.6222,0.6916,0.5494,0.6611,0.5917,0.5053,0.778,0.4766,0.3953,0.5341,0.5578,0.3919,0.3953,0.3733,0.419,0.5003,0.4308,0.5595,0.6171,0.6171,0.4054,0.5189,0.6747,0.4105,0.6493,0.4478,0.4004,0.3394,0.3191,0.3783,0.397,0.4647,0.4071,0.358,0.8412,0.8959,0.4799,0.5799,0.5528,0.5087,0.5816,0.5443,0.5426,0.4952
10/1/2021,24.6539,0.6213,0.6113,0.3815,0.6896,0.5231,0.6679,0.563,0.6097,0.6513,0.4065,0.6197,0.4348,0.4415,0.4997,0.5147,0.3865,0.4165,0.5331,0.558,0.4714,0.3565,0.3982,0.4964,0.588,0.3365,0.3465,0.5231,0.3732,0.648,0.3898,0.3465,0.3832,0.3698,0.3848,0.4015,0.4448,0.4148,0.4531,1.123,1.2005,0.4681,0.5847,0.4498,0.4448,0.5497,0.5647,0.5047,0.5081
9/30/2021,24.0015,0.4931,0.5859,0.6019,0.6851,0.6147,0.5091,0.6835,0.5651,0.3715,0.3843,0.6323,0.4771,0.4051,0.3651,0.4483,0.5091,0.5187,0.5251,0.4387,0.4019,0.5011,0.4819,0.5459,0.5171,0.4899,0.4771,0.3523,0.3411,0.5299,0.4195,0.3523,0.4291,0.3427,0.3283,0.3315,0.4259,0.3587,0.4835,1.1669,1.248,0.4467,0.3283,0.4995,0.3987,0.4707,0.6019,0.5267,0.3907
9/29/2021,19.0509,0.3545,0.4584,0.4175,0.4573,0.5479,0.3844,0.5059,0.3888,0.4927,0.5435,0.5866,0.2949,0.3147,0.3081,0.2982,0.4164,0.3302,0.4341,0.3479,0.3269,0.3236,0.2938,0.3645,0.3435,0.3457,0.3269,0.4319,0.2794,0.3855,0.3523,0.2495,0.3313,0.2562,0.2794,0.2716,0.3623,0.3744,0.3899,0.909,0.9692,0.3004,0.4706,0.2805,0.3965,0.412,0.4518,0.2993,0.391
9/28/2021,23.3461,0.5703,0.492,0.5826,0.5933,0.647,0.4751,0.7253,0.5733,0.4843,0.4475,0.6179,0.3339,0.38,0.4291,0.5104,0.4751,0.3708,0.5089,0.4889,0.4168,0.4137,0.403,0.4629,0.5012,0.4183,0.4398,0.6501,0.3692,0.5718,0.3769,0.2802,0.3478,0.3309,0.3784,0.3738,0.3692,0.4982,0.5089,1.0051,1.0731,0.3861,0.5334,0.5365,0.4061,0.4629,0.3784,0.3462,0.4015
9/27/2021,26.4283,0.5684,0.5057,0.5315,0.8872,0.8338,0.5629,0.4965,0.7011,0.7969,0.6053,0.5795,0.5352,0.5021,0.4412,0.4726,0.5002,0.4689,0.62,0.5389,0.4339,0.5776,0.5629,0.5113,0.5813,0.3786,0.5334,0.5371,0.3749,0.7748,0.4892,0.3749,0.3233,0.3878,0.3915,0.4007,0.4578,0.5371,0.467,0.9424,1.0053,0.5408,0.6771,0.6126,0.4947,0.5868,0.4763,0.4081,0.4412
9/26/2021,22.9731,0.3598,0.544,0.3658,0.7611,0.7491,0.4886,0.7386,0.4646,0.5066,0.4527,0.6997,0.55,0.3314,0.3987,0.3943,0.4901,0.4931,0.4571,0.517,0.3973,0.4781,0.5305,0.5006,0.3239,0.3329,0.4392,0.559,0.3778,0.6323,0.4721,0.2999,0.4062,0.3628,0.3928,0.4092,0.3778,0.4601,0.4661,0.6214,0.6582,0.5679,0.3553,0.5335,0.4766,0.4527,0.5605,0.3958,0.3703
9/25/2021,21.1985,0.3937,0.4412,0.4333,0.465,0.6392,0.6788,0.4702,0.6299,0.3514,0.4135,0.5626,0.4768,0.3897,0.4214,0.4465,0.4095,0.3831,0.3396,0.3554,0.4518,0.3237,0.399,0.3858,0.4557,0.4359,0.3686,0.523,0.3026,0.5204,0.3778,0.2683,0.3264,0.2683,0.3013,0.3026,0.366,0.4188,0.333,1.0203,1.0895,0.494,0.4768,0.424,0.4003,0.3739,0.3884,0.3501,0.3514
9/24/2021,19.4241,0.4568,0.3803,0.4523,0.5425,0.6716,0.5631,0.434,0.4523,0.3152,0.5345,0.3426,0.3277,0.3734,0.298,0.3814,0.3186,0.338,0.3289,0.3769,0.4169,0.3666,0.2843,0.4317,0.4306,0.3243,0.2969,0.4945,0.3163,0.522,0.4009,0.2752,0.3186,0.2489,0.2718,0.3335,0.3335,0.322,0.3495,0.8589,0.915,0.4751,0.4568,0.3003,0.4249,0.3129,0.3118,0.3209,0.4214
9/23/2021,22.319,0.4158,0.4301,0.4301,0.6091,0.4831,0.7079,0.6349,0.6908,0.4215,0.4387,0.5447,0.4402,0.4445,0.3843,0.3371,0.39,0.5118,0.5146,0.4473,0.3929,0.4745,0.3428,0.5175,0.5519,0.3628,0.3328,0.3442,0.3457,0.4674,0.4287,0.2869,0.317,0.3027,0.2941,0.317,0.4173,0.3858,0.5132,1.0839,1.1582,0.39,0.486,0.3313,0.4459,0.4688,0.5461,0.3986,0.3385
9/22/2021,22.226,0.4071,0.4626,0.4555,0.5095,0.5764,0.666,0.5422,0.6489,0.3857,0.4398,0.4469,0.3886,0.4213,0.4256,0.4597,0.4128,0.4839,0.3658,0.4341,0.4114,0.4042,0.3701,0.4057,0.353,0.3317,0.336,0.5479,0.3431,0.4014,0.4099,0.3303,0.3004,0.3331,0.3886,0.3601,0.4128,0.3829,0.3601,1.3096,1.4023,0.3544,0.3815,0.5124,0.3601,0.5138,0.5579,0.3559,0.363
9/21/2021,26.0546,0.4068,0.5368,0.5729,0.8654,0.7083,0.5585,0.5585,0.8076,0.5711,0.396,0.5891,0.4357,0.3833,0.5169,0.3851,0.4267,0.553,0.488,0.5964,0.5765,0.4465,0.5296,0.5151,0.5079,0.526,0.414,0.414,0.4158,0.7083,0.4718,0.4357,0.3544,0.4104,0.331,0.4501,0.4682,0.5982,0.5548,1.1297,1.2077,0.609,0.4212,0.4826,0.5819,0.5169,0.4736,0.5711,0.5765
9/20/2021,24.6541,0.553,0.5181,0.6213,0.6113,0.7929,0.6596,0.5297,0.653,0.5697,0.5747,0.4881,0.4931,0.4298,0.4365,0.4564,0.3998,0.558,0.4864,0.5597,0.4664,0.4931,0.3948,0.5081,0.3982,0.3349,0.3432,0.3399,0.3465,0.4148,0.4415,0.3132,0.3549,0.4032,0.4298,0.2999,0.3832,0.5064,0.4798,1.2382,1.3251,0.5863,0.4848,0.3948,0.5397,0.3765,0.5997,0.563,0.5031
9/19/2021,26.7084,0.5053,0.4754,0.4473,0.8626,0.683,0.7373,0.857,0.7111,0.7279,0.5315,0.7504,0.5072,0.3856,0.3799,0.5932,0.4192,0.4754,0.5165,0.6101,0.4529,0.5876,0.4941,0.6194,0.6606,0.3743,0.4623,0.3668,0.3799,0.5913,0.4323,0.307,0.4454,0.3893,0.3145,0.466,0.4772,0.4754,0.5483,1.3794,1.4777,0.5446,0.3781,0.4136,0.5857,0.4585,0.4585,0.4192,0.5726
9/18/2021,22.5992,0.4776,0.5244,0.4718,0.6893,0.7667,0.4616,0.7141,0.4703,0.3813,0.3988,0.7375,0.4324,0.4207,0.3638,0.4645,0.4192,0.3944,0.4251,0.4718,0.3754,0.4893,0.3535,0.5141,0.4353,0.4163,0.4718,0.52,0.336,0.628,0.3754,0.3652,0.3915,0.3798,0.3389,0.3097,0.3842,0.466,0.4674,0.8479,0.9031,0.5375,0.4105,0.3097,0.3579,0.4032,0.3652,0.4601,0.501
9/17/2021,20.545,0.4514,0.41,0.326,0.6346,0.4928,0.6333,0.666,0.5004,0.3022,0.4289,0.3473,0.3749,0.4025,0.3624,0.3172,0.4389,0.4703,0.3298,0.3987,0.4527,0.3599,0.3887,0.3711,0.4013,0.4176,0.4188,0.3084,0.2984,0.5443,0.4125,0.3335,0.257,0.267,0.3097,0.3084,0.3298,0.4627,0.326,0.8943,0.9532,0.4916,0.5104,0.4364,0.469,0.4263,0.4025,0.3398,0.3661
9/16/2021,21.8521,0.4742,0.4326,0.5171,0.7346,0.7983,0.4243,0.4894,0.5795,0.452,0.6224,0.621,0.4008,0.3814,0.4077,0.4119,0.4132,0.3883,0.3758,0.3786,0.4063,0.3232,0.3648,0.5102,0.488,0.3398,0.3315,0.5961,0.3135,0.5213,0.4409,0.2747,0.3675,0.3841,0.3274,0.3689,0.3731,0.4645,0.4299,0.8509,0.9064,0.4049,0.4409,0.301,0.3994,0.4008,0.4022,0.38,0.4368
9/15/2021,21.9457,0.4093,0.546,0.3661,0.6255,0.585,0.6757,0.6701,0.5739,0.3494,0.4581,0.4275,0.4498,0.3786,0.3368,0.3968,0.4344,0.3926,0.3856,0.4093,0.3605,0.3243,0.3019,0.5516,0.3354,0.4358,0.4037,0.3563,0.3201,0.6311,0.401,0.3075,0.387,0.2796,0.3786,0.3661,0.3494,0.327,0.3828,1.2576,1.3461,0.5139,0.5181,0.4316,0.3745,0.3968,0.3256,0.3926,0.3187
9/14/2021,19.7977,0.3719,0.4699,0.333,0.6468,0.6457,0.4345,0.4451,0.5123,0.3696,0.4298,0.392,0.3318,0.3861,0.4109,0.3413,0.3837,0.4262,0.3661,0.4392,0.4522,0.3849,0.3566,0.4652,0.4852,0.2787,0.4062,0.3613,0.3165,0.3271,0.3259,0.2681,0.3141,0.3141,0.2669,0.3271,0.3602,0.4392,0.4168,0.8283,0.8819,0.405,0.3259,0.3578,0.3684,0.3649,0.4191,0.4404,0.4038
9/13/2021,22.3193,0.5032,0.3643,0.433,0.7237,0.4717,0.6965,0.7838,0.4588,0.4659,0.37,0.6507,0.3471,0.3514,0.3285,0.4344,0.4674,0.5089,0.3786,0.3757,0.433,0.4817,0.4903,0.5261,0.5046,0.39,0.3242,0.4573,0.3571,0.5232,0.4244,0.3142,0.3729,0.3943,0.2712,0.3514,0.4158,0.4387,0.3399,0.9497,1.0132,0.37,0.5547,0.307,0.4817,0.4029,0.4831,0.4602,0.3729
9/12/2021,26.4283,0.5168,0.655,0.5481,0.7177,0.7379,0.7435,0.6753,0.5242,0.3933,0.5242,0.7803,0.4799,0.5039,0.4228,0.4707,0.6034,0.4947,0.4505,0.4892,0.5371,0.4081,0.5795,0.5094,0.5739,0.3804,0.5684,0.6624,0.4154,0.6624,0.4449,0.3196,0.4265,0.3694,0.3399,0.4394,0.4394,0.515,0.5813,1.4631,1.5682,0.5205,0.4431,0.4118,0.4449,0.4025,0.3731,0.4376,0.4597
9/11/2021,22.7861,0.3855,0.5674,0.4003,0.7152,0.7847,0.6502,0.4831,0.7389,0.452,0.6117,0.6605,0.5482,0.4432,0.4032,0.4846,0.4032,0.3899,0.3618,0.5215,0.5112,0.4299,0.5201,0.3899,0.4299,0.3633,0.3367,0.3959,0.3145,0.3825,0.3752,0.3116,0.4032,0.2716,0.3308,0.2997,0.3885,0.458,0.5053,0.8992,0.9586,0.4476,0.4491,0.3899,0.3264,0.4905,0.489,0.4653,0.4476
9/10/2021,19.6113,0.3722,0.4604,0.4186,0.5138,0.7542,0.45,0.4604,0.6497,0.3432,0.544,0.6125,0.3188,0.3257,0.3327,0.3304,0.3164,0.3188,0.3733,0.4442,0.3571,0.3699,0.4349,0.4268,0.4175,0.3791,0.371,0.3223,0.3269,0.5324,0.3884,0.2944,0.3408,0.2607,0.2793,0.3223,0.3246,0.3699,0.3432,0.6582,0.6981,0.3432,0.4976,0.2944,0.4384,0.3838,0.3327,0.414,0.3501
9/9/2021,22.2261,0.5579,0.5152,0.4142,0.6447,0.6902,0.4597,0.6646,0.5892,0.6091,0.619,0.4939,0.4469,0.4483,0.39,0.4227,0.3758,0.3801,0.4583,0.3744,0.4882,0.3317,0.3018,0.4811,0.4811,0.3701,0.4441,0.3217,0.3345,0.3957,0.4014,0.3431,0.2748,0.2862,0.3061,0.3089,0.3786,0.5209,0.4711,0.9965,1.0638,0.4341,0.4213,0.3843,0.3673,0.4441,0.4114,0.4782,0.4298
9/8/2021,23.1598,0.4881,0.5123,0.3577,0.6518,0.9277,0.7791,0.4653,0.8034,0.5169,0.5775,0.3819,0.3728,0.4502,0.4956,0.4001,0.5184,0.4077,0.4123,0.438,0.5214,0.485,0.4395,0.5199,0.3668,0.3395,0.5017,0.6154,0.3607,0.4699,0.4759,0.388,0.3061,0.341,0.3531,0.3835,0.3774,0.3956,0.4896,0.6336,0.6715,0.5502,0.5396,0.5108,0.3925,0.4456,0.5411,0.3607,0.4274
9/7/2021,23.8136,0.4213,0.5683,0.4213,0.6727,0.7866,0.7518,0.8071,0.611,0.5778,0.4276,0.6664,0.4434,0.4655,0.3406,0.3596,0.5225,0.4719,0.4197,0.5193,0.4893,0.3628,0.3675,0.5351,0.3201,0.4197,0.4782,0.6442,0.3517,0.611,0.3991,0.2837,0.3596,0.3659,0.3106,0.4118,0.4418,0.5462,0.4655,0.8126,0.8649,0.4608,0.5003,0.5035,0.5256,0.4165,0.4671,0.4671,0.377
9/6/2021,21.9457,0.4916,0.4261,0.3912,0.5697,0.6087,0.5348,0.5613,0.5083,0.4442,0.5293,0.4623,0.5502,0.3438,0.3772,0.4107,0.334,0.3563,0.5181,0.4414,0.4079,0.334,0.3187,0.3786,0.4581,0.3647,0.3508,0.4163,0.3619,0.3898,0.3759,0.2629,0.2922,0.3661,0.38,0.3438,0.3786,0.3884,0.4037,1.2576,1.3461,0.4777,0.4177,0.3745,0.4804,0.4205,0.4972,0.5028,0.3396
9/5/2021,18.3039,0.3233,0.448,0.3109,0.4407,0.4037,0.3964,0.5448,0.4717,0.3563,0.383,0.3563,0.3202,0.3789,0.3202,0.3779,0.3738,0.3037,0.3573,0.3223,0.381,0.347,0.3161,0.3439,0.3861,0.3212,0.2955,0.5005,0.2841,0.4407,0.3449,0.2646,0.3295,0.279,0.2481,0.2862,0.3099,0.2986,0.3377,0.9118,0.9722,0.3696,0.3305,0.3851,0.3923,0.3408,0.3779,0.4067,0.313
9/4/2021,17.4633,0.3332,0.3171,0.3616,0.3947,0.5783,0.4704,0.5764,0.3872,0.3465,0.4089,0.3238,0.4099,0.2992,0.3578,0.355,0.3417,0.3758,0.3758,0.3342,0.3096,0.3512,0.3455,0.2982,0.3162,0.3417,0.337,0.3039,0.2698,0.4373,0.3446,0.2566,0.2897,0.284,0.284,0.2689,0.3143,0.3682,0.3796,0.5082,0.5359,0.3209,0.4231,0.39,0.3947,0.3323,0.4099,0.3569,0.3436
9/3/2021,19.798,0.3413,0.4557,0.4191,0.5761,0.5277,0.4604,0.3708,0.6209,0.405,0.5477,0.333,0.4121,0.3436,0.3,0.4416,0.3106,0.451,0.3495,0.418,0.3896,0.4309,0.4215,0.3826,0.4144,0.3248,0.3885,0.4734,0.3047,0.4876,0.3731,0.2481,0.3012,0.3035,0.2787,0.3071,0.3425,0.3472,0.3224,0.8929,0.9518,0.3401,0.4003,0.4144,0.2964,0.333,0.4604,0.4014,0.3814
9/2/2021,14.3813,0.3,0.316,0.3198,0.4104,0.3677,0.4219,0.4021,0.3696,0.3587,0.3166,0.3358,0.2369,0.2732,0.2401,0.2949,0.2426,0.3032,0.2509,0.3179,0.2866,0.242,0.3,0.2956,0.3217,0.2866,0.2592,0.3492,0.2311,0.3613,0.2924,0.2324,0.272,0.2464,0.2343,0.2388,0.272,0.2937,0.2866,0.3445,0.3589,0.242,0.3109,0.3166,0.3039,0.2535,0.3154,0.2783,0.2771
9/1/2021,21.9458,0.3982,0.5293,0.4791,0.5167,0.6771,0.4302,0.5432,0.7398,0.4358,0.3494,0.4233,0.433,0.3298,0.4428,0.44,0.4233,0.4191,0.4972,0.4149,0.5083,0.3926,0.4037,0.4386,0.3982,0.3786,0.3675,0.4177,0.3605,0.3563,0.3759,0.274,0.3912,0.2713,0.2824,0.3354,0.3619,0.3549,0.3912,1.2469,1.3345,0.3912,0.5516,0.4219,0.3019,0.3494,0.5307,0.4553,0.38
8/31/2021,17.9302,0.3583,0.3057,0.401,0.4219,0.4109,0.3583,0.4785,0.5331,0.3752,0.4954,0.551,0.4348,0.3712,0.3414,0.2858,0.3007,0.3365,0.3921,0.3762,0.403,0.2948,0.2878,0.3285,0.3474,0.3107,0.3444,0.4298,0.3067,0.41,0.3027,0.2699,0.3146,0.3017,0.3166,0.3275,0.3395,0.3236,0.3186,0.6262,0.6634,0.4,0.3275,0.3246,0.3673,0.3881,0.3861,0.3593,0.2819
8/30/2021,21.0122,0.4516,0.4881,0.4074,0.4555,0.5336,0.7028,0.423,0.4855,0.4126,0.4581,0.3892,0.3762,0.3319,0.3853,0.4477,0.3384,0.3723,0.3215,0.4659,0.3566,0.4438,0.3553,0.3384,0.4763,0.4048,0.4204,0.315,0.3124,0.3436,0.3566,0.2825,0.3423,0.2682,0.3111,0.3762,0.3684,0.3697,0.4009,1.3434,1.4388,0.5128,0.2955,0.3736,0.4451,0.3697,0.3931,0.3814,0.3697
8/29/2021,16.0621,0.3166,0.3021,0.2739,0.3545,0.3408,0.369,0.3876,0.415,0.4118,0.3182,0.394,0.2924,0.315,0.3408,0.2755,0.3311,0.3134,0.3118,0.3626,0.2908,0.34,0.2868,0.3199,0.3448,0.2658,0.2795,0.3134,0.2699,0.3045,0.319,0.2683,0.2441,0.2392,0.2344,0.2683,0.307,0.3432,0.3295,0.7342,0.7802,0.3505,0.2465,0.3295,0.2908,0.3666,0.307,0.3465,0.3158
8/28/2021,20.9183,0.5064,0.3914,0.4044,0.4909,0.788,0.5491,0.6214,0.6873,0.624,0.5839,0.5801,0.3682,0.3889,0.3979,0.4522,0.4121,0.3902,0.4276,0.394,0.4212,0.3398,0.3579,0.4586,0.3204,0.2984,0.4315,0.4522,0.3372,0.4664,0.4199,0.3139,0.3759,0.3695,0.3449,0.3449,0.3424,0.3721,0.4289,0.3603,0.376,0.3772,0.509,0.4276,0.3992,0.4547,0.5103,0.4392,0.4108
8/27/2021,9.8992,0.1946,0.1965,0.1995,0.2299,0.2421,0.2151,0.2073,0.2419,0.2172,0.2299,0.1921,0.2084,0.1974,0.2052,0.191,0.1893,0.2102,0.2077,0.1938,0.2081,0.1952,0.2003,0.2062,0.1929,0.1923,0.1938,0.2069,0.1879,0.2274,0.194,0.1889,0.1819,0.1832,0.1813,0.1933,0.1991,0.205,0.2043,0.2988,0.3095,0.1991,0.1881,0.1944,0.194,0.2069,0.1984,0.2045,0.1944
8/26/2021,8.3111,0.1747,0.1734,0.1706,0.1793,0.1761,0.1774,0.1794,0.1757,0.1713,0.1736,0.1707,0.1715,0.1714,0.1724,0.1709,0.1728,0.1739,0.1724,0.1717,0.1723,0.1713,0.1707,0.1709,0.1703,0.1696,0.1712,0.1768,0.1701,0.1726,0.1709,0.1689,0.17,0.1699,0.1701,0.1694,0.1715,0.1714,0.1704,0.1898,0.1917,0.175,0.1736,0.1722,0.174,0.1718,0.1713,0.1718,0.1724
8/25/2021,10.7392,0.233,0.2395,0.2056,0.2664,0.2968,0.228,0.2461,0.2573,0.2631,0.2524,0.2179,0.2215,0.2053,0.225,0.2141,0.2009,0.2195,0.219,0.2124,0.2332,0.2182,0.228,0.2319,0.2297,0.1946,0.211,0.2543,0.205,0.2239,0.2187,0.191,0.2083,0.2072,0.1943,0.2102,0.208,0.2239,0.1954,0.247,0.2535,0.2261,0.202,0.1993,0.2053,0.2198,0.2406,0.2267,0.2083
8/24/2021,8.2178,0.1717,0.1699,0.1699,0.1727,0.1752,0.1739,0.1751,0.1738,0.1719,0.17,0.1704,0.1697,0.1691,0.1695,0.1707,0.1699,0.1692,0.1718,0.1702,0.1719,0.1697,0.1688,0.1694,0.1725,0.1695,0.1695,0.1715,0.1697,0.1704,0.17,0.1684,0.1696,0.1694,0.1696,0.169,0.1702,0.1717,0.1709,0.1823,0.1836,0.1693,0.1724,0.1716,0.169,0.1721,0.1722,0.1696,0.1694
8/23/2021,8.3113,0.1714,0.1728,0.1727,0.1752,0.1746,0.1777,0.1772,0.176,0.1756,0.1707,0.1738,0.1741,0.1704,0.1703,0.1706,0.1723,0.1712,0.1731,0.1727,0.1711,0.1711,0.1713,0.1741,0.1704,0.1699,0.1706,0.1718,0.1698,0.1712,0.1729,0.1694,0.1717,0.1701,0.1704,0.1711,0.1714,0.1702,0.1736,0.1928,0.195,0.1709,0.1732,0.1738,0.1738,0.1721,0.1714,0.1708,0.173
8/22/2021,8.218,0.1709,0.1709,0.171,0.1722,0.1768,0.1747,0.1752,0.1715,0.1692,0.1739,0.1704,0.1696,0.1697,0.1703,0.1693,0.1698,0.1711,0.1703,0.171,0.1713,0.1716,0.1712,0.1712,0.1719,0.1711,0.1703,0.1706,0.1693,0.1722,0.17,0.1691,0.1687,0.1696,0.1688,0.1686,0.1698,0.1706,0.1701,0.178,0.1789,0.1697,0.1693,0.1702,0.1717,0.1715,0.1718,0.1714,0.1717
8/21/2021,8.2185,0.1697,0.1722,0.1715,0.1719,0.1717,0.1717,0.1739,0.1735,0.171,0.1727,0.1711,0.1728,0.1705,0.1713,0.1716,0.1699,0.1715,0.17,0.1699,0.1697,0.1715,0.1699,0.1705,0.1694,0.1699,0.169,0.1689,0.1692,0.17,0.1705,0.1687,0.1685,0.1689,0.1696,0.1691,0.1702,0.1721,0.1715,0.1822,0.1834,0.1712,0.1706,0.1707,0.1703,0.1709,0.1711,0.1712,0.1714
8/20/2021,8.498,0.1792,0.1789,0.1724,0.1868,0.1868,0.183,0.1804,0.1768,0.1769,0.1753,0.1798,0.1748,0.1746,0.1773,0.175,0.1734,0.1746,0.175,0.1767,0.1756,0.1771,0.172,0.1734,0.1736,0.1748,0.1769,0.1791,0.172,0.1822,0.1766,0.1711,0.1747,0.1722,0.1727,0.1746,0.1744,0.1725,0.1769,0.1949,0.1971,0.1767,0.1768,0.1738,0.1718,0.1753,0.1799,0.1765,0.1751
8/19/2021,8.3112,0.1722,0.1739,0.1718,0.1795,0.1773,0.1765,0.1729,0.175,0.1775,0.1733,0.1709,0.1743,0.1704,0.1721,0.1731,0.1736,0.1727,0.1706,0.1729,0.1728,0.1707,0.1708,0.1741,0.1745,0.1726,0.1713,0.1746,0.1699,0.1737,0.1728,0.1716,0.1698,0.1708,0.1707,0.171,0.1707,0.1727,0.1714,0.1806,0.1818,0.1751,0.1731,0.1721,0.1708,0.1727,0.1719,0.1723,0.1738
8/18/2021,9.2457,0.1973,0.184,0.1959,0.1961,0.2122,0.2003,0.1946,0.2074,0.186,0.1836,0.2002,0.199,0.1839,0.1837,0.1861,0.1853,0.1968,0.1901,0.1901,0.1956,0.182,0.1871,0.1843,0.1946,0.184,0.1911,0.2005,0.1797,0.1872,0.1916,0.18,0.181,0.1785,0.1862,0.1809,0.1857,0.1966,0.1895,0.2509,0.2577,0.1871,0.2027,0.1923,0.1801,0.1865,0.1905,0.1826,0.1866
8/17/2021,8.2177,0.1698,0.1715,0.1723,0.1729,0.1753,0.1741,0.1737,0.1757,0.171,0.1695,0.1734,0.1696,0.17,0.1713,0.1712,0.1718,0.1709,0.1715,0.1715,0.1719,0.1714,0.1707,0.1696,0.1717,0.1711,0.1695,0.1739,0.1689,0.1723,0.1702,0.1697,0.1687,0.1682,0.1692,0.1688,0.1698,0.1714,0.1714,0.1758,0.1766,0.17,0.1696,0.1688,0.17,0.1709,0.171,0.1704,0.1692
8/16/2021,8.4978,0.1795,0.1773,0.1736,0.1852,0.1901,0.1806,0.1772,0.1839,0.1843,0.1777,0.1832,0.1798,0.1734,0.1748,0.1754,0.1771,0.1756,0.177,0.176,0.1745,0.1765,0.1754,0.1739,0.1727,0.1746,0.1767,0.1749,0.1718,0.1744,0.1735,0.1699,0.1731,0.1737,0.1735,0.1734,0.1749,0.1757,0.1759,0.1908,0.1927,0.1751,0.1741,0.1715,0.1757,0.178,0.1786,0.1758,0.1748
8/15/2021,7.2839,0.1484,0.1476,0.1473,0.1459,0.1299,0.142,0.1375,0.1442,0.1426,0.1529,0.1496,0.1509,0.1544,0.1523,0.1518,0.1577,0.1546,0.1521,0.1542,0.1511,0.1571,0.1545,0.1495,0.1581,0.1595,0.159,0.144,0.1569,0.1496,0.1566,0.1612,0.1605,0.1576,0.1612,0.1595,0.1544,0.1559,0.1579,0.1458,0.1441,0.1488,0.1457,0.1562,0.1522,0.1549,0.1497,0.1534,0.1531
8/14/2021,9.1519,0.1902,0.1907,0.1838,0.2115,0.2094,0.1905,0.2116,0.1891,0.1814,0.1856,0.2106,0.188,0.1808,0.1877,0.1897,0.1823,0.1888,0.1941,0.1884,0.1879,0.1865,0.1928,0.1895,0.1831,0.1774,0.1909,0.1873,0.1829,0.1823,0.1896,0.1752,0.1774,0.1816,0.1808,0.1811,0.1838,0.1925,0.1835,0.2381,0.2439,0.1924,0.1892,0.1906,0.1796,0.195,0.198,0.185,0.1798
8/13/2021,8.2178,0.1705,0.17,0.1707,0.1726,0.1759,0.1738,0.1726,0.1745,0.1715,0.1731,0.1714,0.1705,0.1698,0.1709,0.1695,0.1715,0.1711,0.171,0.1706,0.1715,0.17,0.1713,0.1692,0.1713,0.1711,0.1691,0.1731,0.1697,0.1726,0.1711,0.1682,0.1684,0.1695,0.1699,0.169,0.1703,0.1698,0.1696,0.1816,0.1828,0.1699,0.1694,0.169,0.1691,0.171,0.1698,0.1694,0.1696
8/12/2021,8.311,0.1743,0.1726,0.1751,0.1794,0.1811,0.1737,0.172,0.1754,0.1771,0.1711,0.1736,0.1707,0.1721,0.171,0.1737,0.1738,0.173,0.1743,0.1717,0.1738,0.1728,0.1703,0.1752,0.1743,0.1706,0.1722,0.1701,0.1709,0.1751,0.1713,0.1695,0.1691,0.1697,0.1714,0.171,0.1714,0.1732,0.1724,0.1791,0.1801,0.1735,0.1744,0.1723,0.1735,0.1735,0.1739,0.1708,0.1699
8/11/2021,18.5839,0.3805,0.3191,0.3889,0.4842,0.553,0.4429,0.572,0.4154,0.3254,0.3191,0.3106,0.3053,0.3519,0.3413,0.3762,0.3011,0.3593,0.4313,0.3508,0.3889,0.3593,0.3572,0.3043,0.3085,0.3328,0.3085,0.4545,0.2916,0.4217,0.3794,0.2947,0.2799,0.2736,0.2598,0.2937,0.3138,0.2958,0.4048,1.015,1.0837,0.3212,0.4281,0.3021,0.3551,0.4143,0.3275,0.3053,0.3805
8/10/2021,15.409,0.3156,0.3556,0.3689,0.4423,0.4845,0.3874,0.4645,0.32,0.3378,0.3193,0.4371,0.3519,0.2904,0.3163,0.3045,0.2533,0.3341,0.2808,0.2985,0.283,0.3126,0.3237,0.2645,0.3571,0.2408,0.283,0.2593,0.2467,0.2859,0.3119,0.2356,0.2319,0.2771,0.2845,0.2356,0.2852,0.2689,0.2771,0.5618,0.5939,0.2645,0.3,0.2667,0.237,0.3089,0.3267,0.3252,0.2971
8/9/2021,9.2458,0.186,0.1968,0.1807,0.2161,0.1987,0.1961,0.21,0.2096,0.2073,0.1936,0.212,0.2,0.1834,0.1885,0.1843,0.1967,0.1927,0.1906,0.1871,0.1861,0.1876,0.1953,0.1815,0.1835,0.1787,0.187,0.1901,0.1801,0.2014,0.1885,0.1866,0.1819,0.1799,0.1773,0.18,0.186,0.1875,0.1827,0.2314,0.2367,0.1901,0.1963,0.1948,0.1909,0.1875,0.1835,0.1875,0.1952
8/8/2021,17.6501,0.3577,0.4089,0.3857,0.4417,0.5063,0.3462,0.4494,0.4456,0.2854,0.4813,0.3172,0.323,0.3626,0.3105,0.3606,0.377,0.3008,0.294,0.3722,0.3684,0.3326,0.3606,0.3529,0.2786,0.3018,0.2931,0.4349,0.2757,0.3587,0.35,0.2554,0.2912,0.3143,0.2979,0.3114,0.3182,0.3085,0.324,0.7375,0.7838,0.3877,0.4234,0.3491,0.2747,0.379,0.3249,0.3645,0.3712
8/7/2021,21.4785,0.4632,0.3567,0.5346,0.4969,0.5239,0.6263,0.691,0.5845,0.3095,0.6128,0.4969,0.4268,0.4443,0.3715,0.323,0.4241,0.4524,0.3742,0.4201,0.3688,0.3985,0.3352,0.3473,0.5104,0.3109,0.4551,0.3042,0.3432,0.5737,0.443,0.3122,0.2705,0.3486,0.3203,0.2934,0.3769,0.3567,0.3257,1.1486,1.2282,0.474,0.5252,0.3486,0.3136,0.3715,0.478,0.3257,0.3378
8/6/2021,16.2494,0.2896,0.3242,0.3853,0.4942,0.4438,0.4133,0.4513,0.3465,0.3523,0.448,0.4719,0.377,0.311,0.2657,0.2772,0.3226,0.3135,0.3622,0.3044,0.2912,0.2871,0.2706,0.391,0.3094,0.2657,0.3308,0.415,0.2657,0.4249,0.2879,0.231,0.2492,0.2871,0.2706,0.2929,0.3069,0.2789,0.3432,0.4671,0.4915,0.311,0.3341,0.3003,0.25,0.3053,0.3902,0.363,0.2838
8/5/2021,16.1557,0.3494,0.2996,0.351,0.4823,0.4187,0.3861,0.4089,0.32,0.2637,0.3445,0.4586,0.3347,0.2963,0.3428,0.3029,0.2808,0.2768,0.3436,0.2825,0.3257,0.2645,0.3004,0.3738,0.3216,0.2906,0.2539,0.3347,0.2572,0.426,0.3175,0.2629,0.2319,0.2882,0.2915,0.245,0.2702,0.2931,0.3469,0.6703,0.7111,0.2654,0.2947,0.3632,0.289,0.3534,0.3722,0.2817,0.3159
8/4/2021,15.7822,0.2951,0.2834,0.3176,0.4141,0.3931,0.4188,0.3542,0.4274,0.3324,0.3667,0.4663,0.3472,0.2694,0.3184,0.3223,0.3285,0.32,0.3153,0.3534,0.3379,0.3184,0.3254,0.383,0.3659,0.3208,0.3184,0.404,0.2655,0.4188,0.2741,0.2881,0.2468,0.2585,0.2601,0.2826,0.306,0.2569,0.2492,0.4284,0.4497,0.3776,0.2499,0.3371,0.2406,0.3122,0.299,0.3114,0.2523
8/3/2021,17.1831,0.3825,0.3889,0.3476,0.4348,0.6111,0.3687,0.3999,0.3733,0.4275,0.467,0.5018,0.3467,0.2971,0.2952,0.3503,0.3522,0.3209,0.3779,0.3356,0.3421,0.3384,0.3182,0.4128,0.309,0.3531,0.3448,0.2769,0.2815,0.3577,0.3062,0.2365,0.3044,0.286,0.2796,0.2934,0.2906,0.3577,0.2952,0.6079,0.6437,0.286,0.331,0.377,0.2521,0.3439,0.3733,0.2998,0.3053
8/2/2021,18.3972,0.2997,0.4214,0.4131,0.5597,0.5295,0.5514,0.4131,0.4557,0.5233,0.4411,0.4536,0.4068,0.2935,0.2883,0.3008,0.3507,0.4162,0.3611,0.4048,0.3632,0.3788,0.3497,0.4266,0.4131,0.3694,0.3559,0.4006,0.2946,0.4744,0.3881,0.2322,0.2696,0.2696,0.2467,0.3309,0.3455,0.3611,0.385,0.5254,0.5545,0.4463,0.3653,0.4037,0.307,0.3153,0.3133,0.3268,0.3008
8/1/2021,13.9142,0.2619,0.2743,0.2578,0.3713,0.3547,0.3471,0.3754,0.3624,0.3624,0.3317,0.3352,0.3329,0.2418,0.2708,0.2867,0.2501,0.2873,0.2968,0.2897,0.253,0.253,0.2234,0.2796,0.3027,0.285,0.2802,0.2589,0.2459,0.3482,0.2566,0.2524,0.2234,0.2205,0.2424,0.2483,0.2725,0.2583,0.2447,0.3741,0.391,0.2909,0.321,0.2702,0.2643,0.3086,0.3003,0.2719,0.2826
7/31/2021,18.9573,0.3069,0.4242,0.3387,0.5743,0.5962,0.5348,0.4527,0.5469,0.3003,0.4614,0.5085,0.3924,0.3124,0.3727,0.3902,0.3584,0.3705,0.2971,0.3595,0.3343,0.3727,0.4066,0.4362,0.2806,0.3398,0.4012,0.3201,0.2883,0.4998,0.3913,0.2839,0.2894,0.3003,0.3157,0.2839,0.3343,0.3836,0.4044,0.7458,0.7928,0.376,0.4231,0.2795,0.3387,0.3551,0.3902,0.3661,0.3255
7/30/2021,10.7393,0.2086,0.2075,0.216,0.2675,0.2256,0.2209,0.2535,0.228,0.2535,0.251,0.2486,0.2267,0.202,0.2149,0.2168,0.2157,0.2012,0.2209,0.2299,0.2299,0.2138,0.2182,0.2099,0.2091,0.2152,0.2031,0.2283,0.1968,0.2113,0.216,0.2091,0.1932,0.1973,0.1883,0.1941,0.211,0.219,0.2001,0.3861,0.4039,0.2316,0.2036,0.2028,0.2078,0.2217,0.2023,0.2061,0.2009
7/29/2021,14.1009,0.332,0.2734,0.3076,0.3607,0.3863,0.3168,0.3351,0.4064,0.3216,0.2911,0.3753,0.2582,0.2381,0.2667,0.2594,0.2997,0.2954,0.2795,0.2875,0.2533,0.2454,0.2313,0.3265,0.321,0.2618,0.2496,0.3003,0.2338,0.3637,0.2972,0.2478,0.2466,0.2301,0.2313,0.232,0.2747,0.3064,0.2826,0.4112,0.431,0.2856,0.2545,0.2667,0.2795,0.3088,0.2899,0.2551,0.2924
7/28/2021,10.9261,0.2076,0.2413,0.2228,0.2612,0.253,0.2486,0.2237,0.2325,0.2659,0.222,0.2123,0.231,0.2267,0.2111,0.2117,0.2053,0.2275,0.2199,0.229,0.207,0.2053,0.2065,0.2196,0.2228,0.1933,0.2094,0.2287,0.2044,0.2536,0.2135,0.2015,0.1936,0.2047,0.2088,0.1997,0.2179,0.2284,0.2348,0.3407,0.3549,0.2442,0.2188,0.2258,0.2223,0.2249,0.2252,0.2366,0.2261
7/27/2021,11.9536,0.2378,0.2291,0.2647,0.2991,0.2833,0.275,0.2817,0.2959,0.2426,0.2955,0.2746,0.224,0.2228,0.2102,0.2564,0.2489,0.2501,0.2303,0.2343,0.2422,0.2426,0.2627,0.2501,0.2726,0.2165,0.2181,0.2865,0.2117,0.2355,0.2359,0.2102,0.2125,0.1967,0.2015,0.2102,0.2303,0.2588,0.2117,0.3291,0.3423,0.2667,0.2619,0.2457,0.2327,0.2445,0.2596,0.2572,0.2513
7/26/2021,12.6069,0.2851,0.2791,0.2685,0.2689,0.3192,0.2791,0.2745,0.2952,0.2261,0.3035,0.3477,0.245,0.2418,0.2639,0.2524,0.2289,0.2413,0.2689,0.239,0.256,0.2372,0.2104,0.2841,0.2597,0.2524,0.2339,0.2325,0.2298,0.2293,0.2325,0.2104,0.2302,0.2058,0.2137,0.2224,0.2275,0.2298,0.274,0.5014,0.5285,0.2874,0.2583,0.2611,0.245,0.2408,0.2247,0.2404,0.2196
7/25/2021,15.0351,0.3348,0.3475,0.2581,0.3221,0.3897,0.3257,0.3855,0.4326,0.325,0.2659,0.3334,0.3341,0.2961,0.2539,0.3102,0.3144,0.2743,0.2638,0.301,0.3369,0.2982,0.2448,0.3503,0.3144,0.2616,0.2898,0.3067,0.2441,0.2792,0.2623,0.2553,0.249,0.2574,0.2518,0.2511,0.2659,0.2989,0.263,0.6234,0.6604,0.3243,0.3608,0.2595,0.2405,0.3411,0.339,0.2982,0.2391
7/24/2021,11.9535,0.254,0.2406,0.2635,0.2805,0.2888,0.2679,0.3141,0.2991,0.2196,0.2489,0.275,0.2303,0.2169,0.2493,0.2536,0.2552,0.2564,0.2355,0.2359,0.2481,0.2434,0.2394,0.2746,0.2675,0.2279,0.209,0.2323,0.2189,0.2995,0.2264,0.2264,0.2181,0.1971,0.205,0.2145,0.2189,0.2406,0.2505,0.3718,0.3885,0.2117,0.22,0.2323,0.2216,0.2236,0.2699,0.2461,0.2248
7/23/2021,10.833,0.2332,0.2069,0.2454,0.2678,0.2757,0.2684,0.2508,0.246,0.2347,0.2409,0.2264,0.2058,0.2171,0.2009,0.2126,0.2239,0.214,0.2106,0.2194,0.2347,0.2262,0.1936,0.2117,0.2296,0.2191,0.2012,0.2029,0.1958,0.2279,0.2202,0.2069,0.2111,0.2035,0.1992,0.2043,0.2032,0.2321,0.2327,0.3131,0.325,0.2315,0.2259,0.2349,0.1956,0.2242,0.2276,0.2001,0.1987
7/22/2021,13.6345,0.2968,0.2512,0.2732,0.3002,0.3926,0.3571,0.3509,0.285,0.2506,0.2861,0.3532,0.2529,0.2343,0.254,0.2856,0.2715,0.2861,0.2878,0.285,0.2901,0.2512,0.2844,0.3165,0.307,0.2298,0.2489,0.334,0.2433,0.2393,0.2732,0.2489,0.2433,0.2326,0.2303,0.2557,0.2433,0.3008,0.272,0.4488,0.4717,0.2422,0.321,0.2889,0.2585,0.2382,0.2844,0.2354,0.2467
7/21/2021,14.1946,0.337,0.2862,0.3271,0.3488,0.3432,0.4076,0.3178,0.3884,0.368,0.2621,0.3122,0.2683,0.2664,0.2633,0.2732,0.2862,0.2825,0.2881,0.2794,0.2602,0.2509,0.2813,0.2776,0.2757,0.285,0.2311,0.2819,0.2466,0.316,0.2534,0.2311,0.2422,0.2583,0.2317,0.2466,0.2553,0.3048,0.2701,0.4804,0.5058,0.3036,0.3246,0.2342,0.2546,0.3184,0.2559,0.3141,0.2974
7/20/2021,15.0352,0.2947,0.3524,0.287,0.4579,0.4621,0.3869,0.415,0.3953,0.2448,0.3812,0.3566,0.2666,0.3116,0.3102,0.2842,0.3327,0.3123,0.2961,0.2806,0.3278,0.3221,0.301,0.3327,0.2884,0.2616,0.2441,0.3651,0.2666,0.3953,0.2947,0.2194,0.2511,0.2314,0.268,0.256,0.2799,0.2483,0.3369,0.3631,0.379,0.2659,0.3651,0.2757,0.2785,0.2982,0.3221,0.3292,0.2398
7/19/2021,15.4089,0.2615,0.3534,0.3689,0.3415,0.4556,0.3208,0.3682,0.3971,0.3882,0.2637,0.3356,0.3445,0.3178,0.2919,0.2533,0.2897,0.3356,0.3282,0.2771,0.3141,0.2734,0.2408,0.2993,0.3378,0.2363,0.2637,0.3348,0.2585,0.4037,0.3074,0.2578,0.2808,0.2682,0.2556,0.2719,0.2926,0.2563,0.3378,0.6159,0.6524,0.3067,0.2845,0.2526,0.2748,0.3097,0.3237,0.3393,0.2659
7/18/2021,14.9417,0.3097,0.3208,0.3603,0.3347,0.3846,0.2999,0.3603,0.318,0.3742,0.3839,0.3791,0.3284,0.3104,0.2437,0.3277,0.2555,0.2757,0.2521,0.2812,0.309,0.2562,0.2402,0.2722,0.3437,0.234,0.2958,0.3478,0.2444,0.3541,0.2958,0.2625,0.2278,0.2569,0.2333,0.2444,0.2902,0.2604,0.3124,0.634,0.6719,0.2576,0.2618,0.2826,0.268,0.3111,0.2805,0.3166,0.2763
7/17/2021,16.2492,0.3234,0.3143,0.2706,0.3712,0.5395,0.4925,0.3712,0.3803,0.2549,0.3927,0.3143,0.2995,0.2987,0.2624,0.3325,0.3127,0.3218,0.3333,0.2855,0.3655,0.3094,0.3663,0.3787,0.264,0.3036,0.3176,0.3086,0.2607,0.4405,0.2756,0.2417,0.2302,0.2838,0.2607,0.2599,0.2879,0.2962,0.3498,0.7454,0.7923,0.2995,0.3506,0.2747,0.2459,0.3135,0.3663,0.2747,0.3143
7/16/2021,18.8642,0.3568,0.4241,0.3894,0.6056,0.7207,0.3666,0.5969,0.5154,0.4165,0.4328,0.4861,0.322,0.3622,0.3992,0.3144,0.4274,0.3394,0.3155,0.3905,0.3937,0.3427,0.3383,0.3763,0.422,0.3351,0.3905,0.4155,0.3068,0.5274,0.3492,0.259,0.3351,0.2471,0.3285,0.2992,0.3492,0.3014,0.3166,0.553,0.5843,0.41,0.3546,0.3524,0.272,0.3666,0.3981,0.3948,0.3633
7/15/2021,16.9961,0.3709,0.3349,0.37,0.5337,0.6021,0.4887,0.3592,0.3736,0.4159,0.4563,0.3673,0.3916,0.3286,0.3385,0.3115,0.2836,0.3835,0.3574,0.3196,0.352,0.3196,0.2566,0.3241,0.3034,0.2971,0.2719,0.28,0.2746,0.3898,0.3178,0.2539,0.2809,0.2674,0.2485,0.2854,0.3088,0.3799,0.3133,0.6145,0.6508,0.28,0.4285,0.3268,0.2692,0.2971,0.4114,0.2818,0.3241
7/14/2021,16.8095,0.2918,0.3878,0.2926,0.4063,0.5569,0.4239,0.4785,0.3737,0.4265,0.3578,0.3755,0.3252,0.3015,0.2662,0.2689,0.3173,0.2918,0.3244,0.2891,0.3728,0.2821,0.2909,0.3094,0.3032,0.3111,0.342,0.2627,0.2918,0.3261,0.3525,0.2812,0.312,0.2363,0.2979,0.2486,0.2979,0.371,0.3614,0.8059,0.8577,0.3191,0.2689,0.312,0.3508,0.297,0.3578,0.3587,0.275
7/13/2021,17.7434,0.3206,0.3917,0.3391,0.5301,0.5155,0.4979,0.421,0.4746,0.4453,0.3625,0.3323,0.3908,0.3079,0.3099,0.2875,0.3313,0.3625,0.3177,0.3684,0.3528,0.3323,0.3079,0.3966,0.2622,0.266,0.269,0.3294,0.2865,0.4638,0.3489,0.3216,0.2904,0.3196,0.2534,0.2875,0.3109,0.345,0.4015,0.6896,0.732,0.3635,0.4093,0.2846,0.2953,0.3995,0.4034,0.3976,0.3167
7/12/2021,19.7976,0.4097,0.3389,0.3401,0.6103,0.4663,0.3979,0.3613,0.4463,0.5005,0.5159,0.3908,0.3484,0.3979,0.3059,0.3519,0.3613,0.3708,0.4439,0.4427,0.3661,0.3944,0.4498,0.3719,0.3708,0.2988,0.4073,0.3767,0.333,0.51,0.3613,0.3047,0.3189,0.3389,0.2681,0.2658,0.3212,0.3849,0.3613,1.0941,1.1693,0.3047,0.5064,0.425,0.3271,0.3979,0.3012,0.3731,0.2941
7/11/2021,14.4749,0.3234,0.3311,0.2618,0.3221,0.4418,0.3674,0.4464,0.3292,0.2787,0.3013,0.3726,0.313,0.2955,0.3026,0.256,0.3007,0.2975,0.2994,0.2612,0.2735,0.2968,0.2651,0.3046,0.2832,0.2398,0.2975,0.2638,0.247,0.3253,0.2625,0.2113,0.2249,0.2612,0.2528,0.2327,0.2599,0.3162,0.313,0.4654,0.4896,0.335,0.2845,0.2936,0.2774,0.2716,0.267,0.2541,0.3039
7/10/2021,11.2998,0.228,0.2208,0.2139,0.2508,0.2584,0.229,0.2772,0.2709,0.2505,0.2201,0.2145,0.2323,0.2122,0.2082,0.2076,0.2102,0.2228,0.2389,0.2264,0.2162,0.2389,0.2241,0.2277,0.2261,0.2191,0.2109,0.2614,0.2036,0.2139,0.2132,0.2168,0.2148,0.1941,0.2007,0.2152,0.2139,0.233,0.2112,0.5017,0.5289,0.2304,0.2201,0.2079,0.2073,0.2109,0.2181,0.2158,0.2112
7/9/2021,13.9143,0.2779,0.2589,0.237,0.3743,0.3459,0.3453,0.3618,0.3743,0.2903,0.3494,0.3258,0.3145,0.2418,0.2796,0.2518,0.2365,0.3068,0.2755,0.3033,0.2601,0.2885,0.2347,0.3045,0.2536,0.227,0.253,0.2725,0.2382,0.2619,0.2855,0.2288,0.2542,0.2359,0.2098,0.2335,0.2554,0.2341,0.2802,0.5773,0.6106,0.2382,0.2601,0.2915,0.282,0.2814,0.3092,0.2672,0.2347
7/8/2021,14.3815,0.3217,0.2822,0.2803,0.3466,0.3262,0.4251,0.4213,0.4028,0.3192,0.3396,0.3326,0.3013,0.2375,0.2975,0.3122,0.3051,0.2854,0.2886,0.3141,0.2994,0.3013,0.2388,0.2675,0.2796,0.2598,0.2994,0.2515,0.2566,0.2669,0.2669,0.2139,0.2305,0.2426,0.2598,0.2592,0.2477,0.2873,0.2822,0.4521,0.4753,0.2528,0.3345,0.3243,0.226,0.3147,0.2937,0.2834,0.2745
7/7/2021,19.2376,0.4128,0.3611,0.3229,0.5487,0.4971,0.6061,0.4633,0.6308,0.4847,0.4499,0.5993,0.3746,0.3914,0.4027,0.3341,0.3712,0.342,0.306,0.3498,0.3588,0.3341,0.2869,0.4779,0.4656,0.3206,0.3734,0.315,0.2847,0.4038,0.3352,0.3161,0.279,0.3442,0.297,0.342,0.3296,0.3667,0.3982,0.7094,0.7534,0.4004,0.3026,0.3217,0.4083,0.397,0.342,0.3532,0.3723
7/6/2021,15.4088,0.3689,0.346,0.2882,0.3504,0.3867,0.3334,0.4074,0.3941,0.3986,0.4134,0.3941,0.3467,0.2948,0.2941,0.3022,0.3334,0.26,0.2978,0.3237,0.3104,0.2882,0.2608,0.2971,0.2674,0.2748,0.2511,0.2482,0.2734,0.3193,0.2726,0.2445,0.2793,0.2274,0.2489,0.2726,0.2756,0.3282,0.3445,0.5568,0.5885,0.2993,0.3274,0.2622,0.2771,0.3082,0.3252,0.3237,0.3222
7/5/2021,19.6108,0.3397,0.349,0.4024,0.5196,0.4326,0.378,0.5533,0.5069,0.4836,0.5603,0.4964,0.3977,0.3199,0.3513,0.3304,0.3559,0.3199,0.3106,0.371,0.3478,0.378,0.4418,0.4384,0.4105,0.3652,0.3699,0.3664,0.3327,0.4627,0.3536,0.2723,0.2839,0.3408,0.3327,0.2665,0.3548,0.4035,0.4326,0.9567,1.0208,0.3466,0.3257,0.3083,0.4209,0.3989,0.349,0.3443,0.407
7/4/2021,22.8794,0.4553,0.4657,0.5416,0.6279,0.5089,0.6145,0.5178,0.4509,0.4524,0.5431,0.6607,0.491,0.4256,0.3661,0.3497,0.5193,0.5,0.3988,0.5074,0.4152,0.4687,0.4092,0.4985,0.4285,0.3928,0.4241,0.5253,0.3556,0.4628,0.369,0.3036,0.3437,0.311,0.2902,0.3184,0.375,0.3794,0.4643,1.2256,1.3114,0.5446,0.3378,0.4226,0.4211,0.3839,0.43,0.4419,0.4285
7/3/2021,15.8759,0.2769,0.3195,0.2659,0.3675,0.4644,0.4549,0.3895,0.421,0.3856,0.4297,0.3124,0.2667,0.3171,0.2754,0.3202,0.3195,0.2832,0.3651,0.3305,0.2817,0.2927,0.3132,0.3037,0.3258,0.3076,0.2549,0.2564,0.2509,0.2801,0.2769,0.2809,0.2486,0.2651,0.2289,0.2352,0.295,0.288,0.273,0.7926,0.8434,0.2557,0.2974,0.2754,0.3092,0.3265,0.3124,0.3116,0.3281
7/2/2021,17.9299,0.3365,0.4328,0.4378,0.4258,0.4536,0.5579,0.3434,0.5152,0.3017,0.3057,0.3901,0.3007,0.3464,0.3643,0.3593,0.2878,0.3236,0.3037,0.3573,0.3414,0.3275,0.3961,0.3027,0.3812,0.3643,0.3236,0.3802,0.2779,0.4685,0.3116,0.2928,0.3226,0.2709,0.3087,0.262,0.3305,0.3921,0.3742,0.8423,0.8971,0.2918,0.3722,0.397,0.3027,0.2997,0.2868,0.2977,0.3702
7/1/2021,15.5019,0.3355,0.3587,0.2657,0.4045,0.4217,0.475,0.4285,0.376,0.37,0.3932,0.4015,0.2687,0.3137,0.2634,0.2649,0.301,0.2657,0.3332,0.3497,0.3355,0.2987,0.2897,0.2649,0.3497,0.2965,0.2507,0.292,0.2484,0.4202,0.3047,0.2207,0.2619,0.2237,0.2844,0.2297,0.2627,0.2739,0.3137,0.5866,0.6207,0.2844,0.2477,0.2679,0.307,0.3355,0.2589,0.2777,0.3032
6/30/2021,19.4241,0.4626,0.3415,0.4214,0.5242,0.4797,0.426,0.6088,0.6099,0.4408,0.4077,0.5996,0.4843,0.314,0.306,0.3712,0.3837,0.3986,0.4329,0.4317,0.3894,0.3974,0.4203,0.3963,0.4534,0.3312,0.394,0.4043,0.3118,0.4249,0.3323,0.3495,0.3392,0.3095,0.2946,0.3426,0.3517,0.2923,0.346,0.524,0.553,0.3974,0.3255,0.3757,0.2889,0.3837,0.4546,0.418,0.378
6/29/2021,13.8211,0.2685,0.2639,0.3192,0.4053,0.311,0.3553,0.2685,0.3768,0.3238,0.24,0.3035,0.2557,0.2429,0.2889,0.2616,0.3052,0.286,0.3011,0.2831,0.2487,0.2953,0.3058,0.2551,0.2773,0.2633,0.2517,0.307,0.2255,0.2872,0.2598,0.2202,0.2511,0.2342,0.24,0.2161,0.2511,0.2895,0.2854,0.5211,0.5498,0.2592,0.2773,0.2685,0.2406,0.2703,0.2645,0.2796,0.2656
6/28/2021,18.4905,0.452,0.3796,0.3817,0.4079,0.624,0.3754,0.6125,0.58,0.3398,0.3691,0.4677,0.3314,0.3702,0.3807,0.3419,0.3523,0.3922,0.3366,0.4142,0.387,0.3324,0.4174,0.4006,0.4342,0.3419,0.324,0.2747,0.2999,0.4384,0.3377,0.2663,0.2768,0.2894,0.3293,0.2842,0.3366,0.3303,0.3104,0.5861,0.6201,0.3461,0.3251,0.3251,0.4121,0.3544,0.4363,0.387,0.3775
6/27/2021,22.3192,0.4144,0.5418,0.423,0.5662,0.6993,0.5862,0.7266,0.4559,0.6177,0.5418,0.6263,0.423,0.3242,0.3528,0.4516,0.4044,0.35,0.5175,0.4344,0.433,0.4659,0.3041,0.3571,0.3342,0.39,0.4731,0.6177,0.3614,0.3671,0.3743,0.2612,0.3915,0.3084,0.3399,0.3199,0.3485,0.3858,0.3886,1.055,1.127,0.4273,0.3643,0.5118,0.3542,0.4001,0.4473,0.4717,0.4817
6/26/2021,18.0236,0.3772,0.3792,0.314,0.5215,0.4343,0.4784,0.5766,0.3631,0.294,0.3491,0.3691,0.3341,0.303,0.3762,0.4012,0.289,0.3521,0.3371,0.3331,0.3902,0.315,0.2639,0.309,0.3431,0.29,0.3852,0.4924,0.2769,0.4203,0.323,0.2809,0.2388,0.2869,0.316,0.2629,0.3421,0.4082,0.3711,0.7663,0.8149,0.4002,0.3461,0.3561,0.3762,0.3752,0.4333,0.2829,0.3742
6/25/2021,18.3971,0.332,0.3341,0.4453,0.5514,0.4807,0.3798,0.4859,0.4297,0.4963,0.3486,0.4755,0.3382,0.2852,0.3382,0.3819,0.3767,0.41,0.3601,0.4016,0.4068,0.3153,0.2904,0.3611,0.3091,0.3018,0.2873,0.4411,0.2831,0.5212,0.3871,0.2571,0.2914,0.3039,0.281,0.2738,0.3413,0.2862,0.3954,0.7922,0.8429,0.3621,0.436,0.359,0.2925,0.3153,0.3153,0.3725,0.3237
6/24/2021,16.2491,0.3267,0.3853,0.264,0.424,0.5263,0.4372,0.4768,0.3886,0.3712,0.377,0.4513,0.3902,0.2747,0.3094,0.3275,0.3193,0.3605,0.3366,0.3176,0.3646,0.3481,0.2698,0.396,0.3267,0.297,0.3053,0.396,0.2756,0.3284,0.283,0.2442,0.2426,0.2921,0.2978,0.2516,0.2855,0.3226,0.3349,0.3728,0.3895,0.3465,0.3679,0.2838,0.3679,0.3143,0.2962,0.2987,0.2855
6/23/2021,16.3425,0.3477,0.326,0.3344,0.3944,0.4562,0.3836,0.4286,0.4912,0.457,0.286,0.4603,0.2593,0.2985,0.2593,0.3135,0.2659,0.3377,0.2951,0.3452,0.3602,0.3218,0.3102,0.291,0.2693,0.2993,0.3068,0.3218,0.2659,0.2851,0.3143,0.3018,0.2593,0.2551,0.2768,0.2559,0.2968,0.3427,0.2668,0.6738,0.7149,0.2851,0.2676,0.3327,0.3519,0.3385,0.3494,0.3293,0.3585
6/22/2021,21.1989,0.4795,0.3937,0.395,0.622,0.6022,0.6075,0.3937,0.5837,0.6247,0.4214,0.6775,0.3699,0.3171,0.4465,0.3488,0.4254,0.3277,0.3448,0.4425,0.4254,0.3448,0.4808,0.457,0.4795,0.3937,0.4438,0.4848,0.333,0.5851,0.4346,0.3739,0.329,0.3567,0.2736,0.2736,0.3422,0.4914,0.4702,0.577,0.6103,0.5138,0.4953,0.3053,0.3924,0.3712,0.5191,0.3792,0.4386
6/21/2021,18.3973,0.358,0.4048,0.3944,0.4328,0.6377,0.3653,0.4141,0.5129,0.3476,0.3226,0.3632,0.3351,0.3049,0.3663,0.3621,0.4089,0.3569,0.3278,0.412,0.3341,0.3601,0.3372,0.4027,0.3996,0.3382,0.2758,0.3746,0.2956,0.3049,0.3497,0.2488,0.3351,0.2873,0.3278,0.3164,0.3434,0.3912,0.358,0.8861,0.9444,0.2873,0.3351,0.3445,0.4079,0.3008,0.3673,0.3133,0.4027
6/20/2021,14.8484,0.2899,0.2605,0.2523,0.3276,0.4858,0.3214,0.2817,0.3153,0.3721,0.3502,0.3961,0.2523,0.2441,0.2502,0.3255,0.3262,0.2735,0.3002,0.2803,0.329,0.2502,0.2564,0.3043,0.2893,0.3009,0.2619,0.3735,0.2598,0.3269,0.305,0.2776,0.279,0.2667,0.2379,0.2441,0.2632,0.2899,0.2824,0.5882,0.6224,0.3228,0.3639,0.2982,0.2824,0.2831,0.2536,0.2934,0.2372
6/19/2021,19.7979,0.3436,0.4781,0.4722,0.5206,0.7058,0.4887,0.3696,0.3967,0.3047,0.5348,0.6197,0.4687,0.3,0.3531,0.3649,0.3448,0.4498,0.3389,0.4014,0.4073,0.3708,0.3189,0.464,0.4345,0.4097,0.3071,0.4545,0.3012,0.4003,0.3979,0.2811,0.2929,0.2941,0.3259,0.2669,0.3401,0.4156,0.3661,0.8311,0.885,0.4121,0.3012,0.3849,0.2941,0.4144,0.4262,0.3672,0.3767
6/18/2021,16.4361,0.3151,0.289,0.2611,0.4923,0.3658,0.4737,0.5252,0.4763,0.273,0.3194,0.375,0.3978,0.3084,0.2662,0.2696,0.2814,0.2814,0.3489,0.3641,0.3413,0.3016,0.3666,0.3809,0.3708,0.316,0.3455,0.4282,0.2704,0.3624,0.3362,0.2536,0.2966,0.2468,0.2552,0.2746,0.3168,0.3312,0.3261,0.5899,0.6242,0.3489,0.2477,0.2814,0.2493,0.3194,0.2949,0.3582,0.3177
6/17/2021,15.3155,0.3049,0.3371,0.3291,0.3912,0.5361,0.3708,0.3942,0.3174,0.3298,0.3817,0.3978,0.2588,0.3144,0.3239,0.2779,0.3342,0.291,0.3481,0.2801,0.3371,0.2735,0.2698,0.3027,0.2764,0.261,0.2969,0.3532,0.253,0.3832,0.3064,0.2457,0.2801,0.2808,0.2537,0.2545,0.2903,0.3378,0.302,0.3762,0.3932,0.34,0.3474,0.2727,0.2991,0.264,0.2713,0.343,0.332
6/16/2021,19.1442,0.3271,0.423,0.2904,0.5054,0.7294,0.443,0.3505,0.5367,0.306,0.5389,0.5545,0.3985,0.3349,0.316,0.3305,0.365,0.4319,0.3394,0.3595,0.3528,0.3784,0.2948,0.3817,0.3907,0.2837,0.3829,0.4932,0.2881,0.5188,0.3205,0.2937,0.2569,0.2937,0.3249,0.3205,0.3327,0.306,0.3561,0.9721,1.0374,0.3193,0.3115,0.316,0.3004,0.345,0.4063,0.3851,0.3004
6/15/2021,19.8914,0.3165,0.3498,0.351,0.5401,0.5175,0.6126,0.5258,0.5781,0.4901,0.4449,0.5888,0.3664,0.3736,0.4045,0.3867,0.3058,0.4247,0.3474,0.3462,0.4378,0.3819,0.3165,0.3855,0.3653,0.3355,0.4021,0.3403,0.3034,0.4913,0.3831,0.3415,0.3569,0.2998,0.2725,0.3106,0.3189,0.3997,0.3736,0.6426,0.6812,0.4806,0.4568,0.4223,0.3962,0.4628,0.433,0.3974,0.4318
6/14/2021,21.1986,0.4399,0.4003,0.4914,0.5626,0.6458,0.4399,0.3884,0.5323,0.6326,0.5573,0.4029,0.4056,0.3422,0.3805,0.4531,0.4003,0.4821,0.3382,0.4742,0.3752,0.3171,0.4676,0.4531,0.5098,0.3264,0.391,0.5217,0.3092,0.527,0.3462,0.2736,0.3264,0.2683,0.3739,0.296,0.3937,0.358,0.4425,0.9671,1.0319,0.4557,0.3132,0.3316,0.3514,0.3646,0.4372,0.432,0.4676
6/13/2021,23.6266,0.5933,0.5917,0.3964,0.5276,0.8824,0.6011,0.4401,0.5339,0.4198,0.4354,0.4855,0.4479,0.4323,0.3964,0.3979,0.3792,0.5073,0.3839,0.4792,0.4558,0.4339,0.3276,0.4339,0.4276,0.412,0.4542,0.6714,0.3276,0.6448,0.4995,0.2729,0.3432,0.2854,0.3761,0.3667,0.4245,0.4261,0.4964,1.1879,1.2707,0.3995,0.573,0.3995,0.498,0.4308,0.5823,0.5433,0.3307
6/12/2021,21.5721,0.4435,0.5331,0.51,0.5589,0.7869,0.5263,0.7231,0.6933,0.3485,0.6254,0.3635,0.5399,0.4463,0.3621,0.3363,0.4612,0.3675,0.415,0.377,0.392,0.3336,0.4435,0.5128,0.5033,0.3187,0.4612,0.5548,0.3119,0.5575,0.3988,0.3689,0.3716,0.3336,0.3567,0.3635,0.3716,0.3865,0.3553,0.4882,0.5143,0.396,0.5521,0.4245,0.2929,0.4639,0.4843,0.4069,0.4354
6/11/2021,17.5566,0.3253,0.3263,0.3855,0.5059,0.3683,0.5078,0.3482,0.5375,0.3492,0.3588,0.3521,0.4362,0.3645,0.3482,0.2823,0.3664,0.3167,0.2985,0.3406,0.3626,0.3062,0.3817,0.3062,0.3224,0.3425,0.3282,0.4257,0.2985,0.4056,0.353,0.2919,0.2785,0.3167,0.2775,0.2546,0.3263,0.2976,0.2861,0.7995,0.8508,0.2976,0.3377,0.3358,0.3377,0.2938,0.3052,0.3654,0.353
6/10/2021,16.6228,0.3012,0.315,0.3917,0.4823,0.4064,0.4176,0.3236,0.49,0.421,0.4245,0.4831,0.3581,0.2822,0.3081,0.3133,0.2848,0.3546,0.3771,0.3348,0.3426,0.3064,0.2607,0.3995,0.3598,0.2555,0.3477,0.4279,0.2813,0.4417,0.3158,0.2434,0.2305,0.2477,0.2995,0.3055,0.2796,0.265,0.3391,0.4617,0.4856,0.39,0.3408,0.2512,0.3753,0.2917,0.3693,0.346,0.2926
6/9/2021,17.2768,0.3615,0.342,0.3707,0.3707,0.5006,0.4913,0.3828,0.4459,0.3151,0.2845,0.5322,0.3837,0.3541,0.3476,0.3225,0.316,0.3207,0.3995,0.3244,0.3123,0.3327,0.3374,0.2873,0.2613,0.3086,0.3021,0.3912,0.2706,0.3921,0.3494,0.2771,0.3142,0.2372,0.2993,0.3021,0.2928,0.3643,0.3856,0.7386,0.7849,0.329,0.3893,0.2641,0.278,0.3874,0.3383,0.2882,0.2956
6/8/2021,19.891,0.3724,0.3902,0.3331,0.5091,0.6173,0.5579,0.3581,0.5079,0.4259,0.5008,0.6173,0.4865,0.3034,0.3058,0.3474,0.4104,0.4045,0.3272,0.3427,0.3427,0.4104,0.3522,0.4842,0.2915,0.4057,0.2915,0.3522,0.3296,0.3653,0.3867,0.326,0.3343,0.2939,0.3308,0.2642,0.3617,0.4283,0.4247,1.0586,1.1309,0.2998,0.2784,0.3474,0.3177,0.3438,0.4497,0.37,0.4009
6/7/2021,18.2101,0.3208,0.4311,0.3647,0.522,0.4658,0.5894,0.5669,0.4485,0.2882,0.5046,0.2984,0.3178,0.3096,0.3841,0.378,0.3239,0.33,0.3984,0.3586,0.3586,0.328,0.3964,0.4209,0.2912,0.3117,0.2769,0.2708,0.28,0.4771,0.3566,0.3004,0.2514,0.2882,0.329,0.3106,0.3004,0.3688,0.2871,0.7672,0.8159,0.3974,0.3382,0.3464,0.3413,0.3852,0.3096,0.3362,0.3678
6/6/2021,22.5062,0.451,0.4902,0.3596,0.5757,0.6845,0.6033,0.6599,0.7672,0.6265,0.6512,0.6033,0.3872,0.3741,0.4089,0.3741,0.4698,0.3436,0.525,0.5206,0.4553,0.3901,0.4278,0.5511,0.4249,0.3103,0.4843,0.5946,0.3451,0.5612,0.3596,0.3712,0.3349,0.2755,0.3959,0.3335,0.4147,0.4539,0.3988,0.6414,0.6798,0.4379,0.5395,0.3103,0.4873,0.3552,0.4902,0.3712,0.435
6/5/2021,16.2491,0.358,0.3679,0.3655,0.3564,0.5008,0.4191,0.3209,0.3292,0.3044,0.3968,0.3547,0.3011,0.3218,0.2599,0.2648,0.3415,0.3119,0.3292,0.2896,0.3506,0.3201,0.3053,0.2978,0.3844,0.2929,0.3226,0.3572,0.2846,0.4034,0.3333,0.2764,0.2698,0.2376,0.2566,0.2739,0.2896,0.3399,0.2904,0.63,0.6676,0.3523,0.3325,0.3242,0.3341,0.2896,0.3317,0.3415,0.2657
6/4/2021,20.9184,0.3604,0.4767,0.4173,0.6059,0.5374,0.4922,0.4703,0.6498,0.633,0.5116,0.6602,0.5038,0.4057,0.3811,0.3256,0.4225,0.4444,0.4664,0.4522,0.4547,0.4031,0.3721,0.394,0.487,0.4199,0.332,0.3747,0.3307,0.3527,0.3385,0.3462,0.3721,0.3436,0.354,0.3217,0.3759,0.4793,0.456,0.5,0.527,0.4935,0.3101,0.4625,0.3695,0.3721,0.4922,0.4108,0.456
6/3/2021,15.7823,0.3807,0.285,0.3698,0.4608,0.3527,0.3799,0.3791,0.3231,0.2756,0.3223,0.3052,0.334,0.2655,0.3138,0.292,0.2647,0.3503,0.334,0.2756,0.2803,0.3114,0.3425,0.3262,0.355,0.2671,0.313,0.4032,0.2554,0.3122,0.3293,0.2523,0.2492,0.2873,0.2383,0.2888,0.2756,0.299,0.3215,0.6098,0.6457,0.348,0.313,0.3106,0.3044,0.2709,0.3324,0.3527,0.3231
6/2/2021,16.7163,0.3942,0.3018,0.2669,0.4796,0.4613,0.4177,0.436,0.3933,0.4404,0.3401,0.4709,0.3933,0.2747,0.3244,0.3558,0.2686,0.2878,0.3698,0.3009,0.2939,0.2957,0.2617,0.3026,0.327,0.246,0.2896,0.382,0.2573,0.4107,0.3087,0.2477,0.2808,0.28,0.2869,0.2948,0.3157,0.3567,0.2669,0.6781,0.7195,0.3854,0.3602,0.3602,0.3297,0.2765,0.3445,0.3175,0.2625
6/1/2021,19.4245,0.3175,0.4397,0.3015,0.5254,0.7367,0.5791,0.4089,0.6076,0.3757,0.3654,0.466,0.4797,0.3757,0.4111,0.3575,0.4283,0.4408,0.3277,0.4169,0.418,0.4123,0.4214,0.4683,0.4226,0.3186,0.3357,0.3723,0.2809,0.546,0.386,0.3415,0.2592,0.3198,0.2958,0.3312,0.3346,0.402,0.2946,0.5164,0.5447,0.3597,0.2821,0.4466,0.4009,0.4009,0.4523,0.33,0.3689
5/31/2021,17.5563,0.311,0.3597,0.3922,0.5269,0.5766,0.4591,0.5183,0.3769,0.3549,0.396,0.4811,0.3406,0.2823,0.2947,0.3205,0.3979,0.397,0.3874,0.3014,0.3607,0.3645,0.267,0.3578,0.2985,0.3196,0.3654,0.4123,0.2852,0.3683,0.3635,0.2823,0.2603,0.2546,0.2412,0.2517,0.2909,0.3339,0.3377,0.5703,0.603,0.3951,0.4018,0.3932,0.3138,0.3301,0.3607,0.3645,0.3339
5/30/2021,23.5333,0.5239,0.4509,0.527,0.6668,0.861,0.7445,0.5457,0.7026,0.4882,0.3903,0.6311,0.4168,0.3919,0.3935,0.409,0.5286,0.423,0.5457,0.395,0.4944,0.35,0.4323,0.4354,0.4991,0.4571,0.5084,0.3655,0.3764,0.4991,0.4338,0.3826,0.3624,0.3034,0.2894,0.3406,0.3733,0.3639,0.5255,1.0735,1.1471,0.5146,0.3639,0.5488,0.3406,0.4338,0.4711,0.4867,0.3251
5/29/2021,20.9186,0.4405,0.4651,0.4095,0.6111,0.7196,0.571,0.4005,0.6808,0.5374,0.5323,0.5775,0.3204,0.3579,0.425,0.4405,0.3333,0.478,0.4728,0.3643,0.363,0.3798,0.3553,0.4625,0.4664,0.4276,0.3592,0.4793,0.3256,0.4496,0.416,0.2933,0.27,0.2752,0.2946,0.2778,0.3747,0.3294,0.4703,0.7266,0.772,0.3617,0.4418,0.3501,0.3191,0.4276,0.4431,0.4664,0.4031
5/28/2021,18.1168,0.4135,0.3366,0.286,0.5461,0.5632,0.4216,0.457,0.5582,0.28,0.3366,0.4692,0.4479,0.2982,0.2992,0.368,0.3548,0.3184,0.3265,0.3235,0.3943,0.3913,0.3872,0.2962,0.4115,0.28,0.3407,0.3275,0.2719,0.3731,0.3124,0.2446,0.284,0.2415,0.2941,0.3124,0.2992,0.3194,0.371,0.7957,0.8467,0.3235,0.3953,0.3235,0.4125,0.371,0.368,0.4074,0.3164
5/27/2021,21.479,0.5346,0.5346,0.5171,0.5077,0.4497,0.5441,0.7368,0.6182,0.3149,0.4982,0.6344,0.3136,0.3352,0.4255,0.4659,0.4524,0.3729,0.3392,0.4241,0.4578,0.3459,0.3176,0.4592,0.4389,0.288,0.381,0.4996,0.3325,0.6236,0.3972,0.2745,0.3864,0.2947,0.2934,0.2934,0.354,0.3352,0.3203,1.041,1.1119,0.3662,0.4565,0.4592,0.3338,0.3864,0.4551,0.4484,0.3082
5/26/2021,28.95,0.7218,0.6757,0.4223,0.6611,1.0696,0.969,0.6716,0.8329,0.6234,0.7239,0.4998,0.5689,0.4621,0.4118,0.4621,0.5773,0.5731,0.4202,0.6443,0.6611,0.4914,0.5333,0.483,0.5061,0.5249,0.5752,0.4432,0.4139,0.7155,0.5689,0.4264,0.4181,0.483,0.3196,0.3364,0.5312,0.6464,0.5815,1.5146,1.6239,0.4516,0.7176,0.4725,0.5123,0.5857,0.6045,0.4118,0.4055
5/25/2021,36.1409,0.8533,0.8336,0.8364,0.8927,0.8955,1.146,0.918,1.0897,1.146,0.6282,0.9968,0.949,0.7323,0.752,0.5044,0.5803,0.5663,0.7464,0.6394,0.586,0.6845,0.5747,0.5212,0.5466,0.434,0.7154,0.6,0.5606,0.6845,0.6929,0.5184,0.6254,0.4143,0.4565,0.5663,0.6479,0.6451,0.6479,1.9516,2.0963,0.873,0.4481,0.4818,0.5747,0.8055,0.7829,0.5775,0.721
5/24/2021,36.0471,0.736,0.6659,0.837,1.2016,0.9015,0.8314,0.7136,1.2437,0.6799,1.081,1.0193,0.865,0.722,0.7613,0.6827,0.7332,0.7276,0.6126,0.7416,0.5565,0.7585,0.5846,0.938,0.5313,0.6379,0.478,0.5369,0.5116,0.5958,0.7248,0.5257,0.5593,0.5116,0.4527,0.4303,0.5257,0.7893,0.464,1.7853,1.9165,0.6322,0.8174,0.7697,0.7248,0.694,0.5116,0.8426,0.4836
5/23/2021,37.0743,0.6377,0.8935,0.7714,1.2947,0.9633,0.8208,1.0534,1.1785,0.9081,0.6697,1.2947,0.6522,0.5592,0.5504,0.5214,0.7598,0.5301,0.6871,0.6784,0.8296,0.5708,0.8441,0.9168,0.8644,0.7365,0.6289,1.0244,0.5039,0.8732,0.6348,0.469,0.4341,0.4603,0.6028,0.626,0.6348,0.6958,0.7191,1.4646,1.5698,0.754,0.754,0.6086,0.5824,0.7162,0.7336,0.6115,0.7859
5/22/2021,36.7008,0.6173,0.623,0.6661,1.3061,0.9445,1.1942,1.3721,0.821,0.7292,0.7292,0.6431,0.7436,0.6,0.5828,0.821,0.6718,0.8325,0.7837,0.6431,0.6316,0.6316,0.5599,0.6804,0.5025,0.4852,0.6,0.5312,0.5627,0.9473,0.6058,0.491,0.3848,0.3791,0.5914,0.5369,0.5513,0.8354,0.4795,2.1319,2.2913,0.6603,0.7866,0.8555,0.6775,0.8182,0.7895,0.8584,0.5197
5/21/2021,32.1244,0.502,0.7432,0.6323,1.0448,0.8349,0.9387,1.0448,0.6323,0.9748,0.9676,0.9628,0.4586,0.5261,0.5285,0.6588,0.5092,0.5599,0.4875,0.736,0.6998,0.5092,0.4417,0.6878,0.7939,0.6226,0.4803,0.6588,0.4875,0.4924,0.6757,0.3573,0.391,0.4393,0.4513,0.3934,0.5237,0.6395,0.5913,1.4673,1.5728,0.7818,0.432,0.543,0.4465,0.7601,0.7843,0.7239,0.5334
5/20/2021,22.5061,0.4916,0.4249,0.3799,0.6236,0.5482,0.6671,0.7542,0.48,0.5685,0.5148,0.538,0.4191,0.3814,0.4089,0.3349,0.361,0.4568,0.3698,0.377,0.4133,0.4524,0.3335,0.4553,0.5511,0.3785,0.3567,0.5569,0.3117,0.5018,0.3799,0.3683,0.3799,0.3901,0.3799,0.3741,0.406,0.4814,0.4002,1.0533,1.1252,0.3828,0.4394,0.3233,0.3886,0.5221,0.3436,0.5047,0.4524
5/19/2021,29.9768,0.7249,0.7293,0.5842,0.7798,1.1337,1.026,0.971,0.7227,0.4765,0.5513,0.8831,0.6721,0.5974,0.4238,0.5293,0.6633,0.6919,0.5601,0.6699,0.6743,0.6611,0.6568,0.5864,0.7271,0.4897,0.5535,0.5117,0.3908,0.4853,0.5688,0.4875,0.4348,0.5051,0.4392,0.5051,0.4853,0.4216,0.5623,0.8668,0.9236,0.6326,0.6831,0.4941,0.6392,0.6216,0.5535,0.5073,0.5183
5/18/2021,29.5099,0.7087,0.5517,0.556,1.0335,0.6291,0.9991,0.5926,0.5603,0.9346,0.5689,0.5538,0.5775,0.599,0.47,0.6141,0.6829,0.6829,0.4248,0.4829,0.556,0.4657,0.584,0.6291,0.5732,0.4979,0.5001,0.6356,0.4226,0.7732,0.6119,0.3323,0.3861,0.4054,0.5087,0.4119,0.5409,0.6162,0.4162,1.501,1.6092,0.627,0.6291,0.3947,0.556,0.4441,0.5603,0.5861,0.513
5/17/2021,29.0434,0.6128,0.6086,0.7327,0.6612,0.6696,1.0189,0.6191,0.9263,0.5791,0.5644,0.6002,0.6401,0.4865,0.4592,0.5076,0.516,0.4381,0.5412,0.6717,0.4613,0.6275,0.4108,0.6002,0.6275,0.4655,0.5791,0.6801,0.4529,0.7811,0.5139,0.4571,0.3582,0.3224,0.4886,0.4066,0.4781,0.476,0.5391,1.4913,1.5987,0.5349,0.6065,0.3834,0.5349,0.6086,0.657,0.5665,0.4823
5/16/2021,23.5332,0.5534,0.4478,0.4975,0.5534,0.6389,0.7523,0.7973,0.5799,0.4742,0.5457,0.4991,0.5006,0.4307,0.4416,0.3981,0.4991,0.4121,0.4898,0.5193,0.4975,0.3546,0.3344,0.4696,0.5519,0.308,0.4012,0.5426,0.3779,0.5006,0.4028,0.3313,0.3018,0.4012,0.3313,0.322,0.423,0.3795,0.4261,0.978,1.0438,0.4478,0.5783,0.4742,0.5364,0.5286,0.3779,0.4711,0.409
5/15/2021,16.9963,0.2764,0.3142,0.2665,0.4536,0.4204,0.379,0.3754,0.4249,0.3277,0.4069,0.3592,0.3331,0.2836,0.2683,0.3088,0.3439,0.3655,0.3124,0.3061,0.3025,0.2683,0.3178,0.3781,0.2899,0.3466,0.3547,0.3043,0.2926,0.3385,0.2917,0.3007,0.2611,0.3097,0.2584,0.2404,0.3241,0.388,0.2773,0.8523,0.9079,0.2845,0.3538,0.3871,0.3727,0.3826,0.3709,0.3475,0.3664
5/14/2021,19.5175,0.4396,0.4247,0.4396,0.5352,0.6066,0.6458,0.4178,0.4684,0.3129,0.5629,0.4604,0.4477,0.3175,0.3797,0.3636,0.3567,0.336,0.3325,0.427,0.3394,0.4247,0.3141,0.4224,0.3728,0.3337,0.4074,0.5283,0.3222,0.4684,0.3613,0.2657,0.3175,0.3429,0.3417,0.2646,0.3371,0.3291,0.3337,0.8208,0.8739,0.3383,0.4005,0.3567,0.2922,0.3486,0.3268,0.3463,0.3118
5/13/2021,28.0158,0.4789,0.4429,0.617,0.9613,1.1795,0.6831,0.9173,0.8452,0.539,0.6671,0.4949,0.6891,0.4609,0.5209,0.627,0.549,0.593,0.603,0.641,0.4989,0.569,0.5249,0.4569,0.4569,0.3888,0.4689,0.627,0.4449,0.539,0.539,0.2948,0.4009,0.4389,0.3688,0.3968,0.4609,0.639,0.621,0.9611,1.0255,0.6671,0.543,0.565,0.4649,0.5149,0.5189,0.543,0.567
5/12/2021,33.5258,0.6338,0.5419,0.6261,1.0652,1.4685,0.9375,0.8482,0.7614,0.9095,0.9911,0.6159,0.6899,0.5113,0.5955,0.7487,0.5062,0.5189,0.5853,0.5598,0.5598,0.7282,0.5649,0.7078,0.7487,0.4398,0.4679,0.7308,0.4372,0.6159,0.5496,0.524,0.4449,0.5266,0.524,0.4526,0.6083,0.8099,0.7282,1.8912,2.031,0.5776,0.4577,0.4194,0.5393,0.7589,0.5725,0.4908,0.5036
5/11/2021,28.1091,0.6211,0.6634,0.605,0.8142,0.9449,0.5387,0.8061,0.9328,0.6694,0.8222,0.6111,0.6815,0.5186,0.414,0.4402,0.4864,0.6392,0.4643,0.605,0.6493,0.3959,0.3718,0.6171,0.6614,0.418,0.3879,0.7559,0.3818,0.4542,0.5487,0.3758,0.4422,0.418,0.4683,0.3517,0.4924,0.4864,0.5186,1.1136,1.1904,0.408,0.5085,0.4502,0.4301,0.5548,0.7116,0.6513,0.6171
5/10/2021,27.0821,0.4586,0.5617,0.575,0.7811,0.8746,0.8021,0.6304,0.6075,0.8593,0.68,0.5598,0.4911,0.4052,0.4033,0.4872,0.4548,0.4319,0.4834,0.472,0.4949,0.5235,0.5903,0.4491,0.5369,0.4949,0.3937,0.4968,0.4128,0.7677,0.4262,0.3937,0.3212,0.3747,0.4395,0.4014,0.4586,0.4777,0.4166,1.6154,1.7329,0.5349,0.3575,0.4491,0.5521,0.4491,0.3976,0.6151,0.4892
5/9/2021,19.3311,0.3627,0.331,0.4069,0.4171,0.7253,0.5519,0.6244,0.5666,0.5157,0.4715,0.4069,0.4284,0.3548,0.4012,0.3208,0.331,0.3242,0.3446,0.4431,0.4341,0.3049,0.4171,0.3774,0.3219,0.2845,0.3457,0.4216,0.2902,0.3389,0.3854,0.2573,0.3128,0.2505,0.3151,0.3038,0.3106,0.3876,0.4069,0.863,0.9195,0.3525,0.374,0.4239,0.3162,0.3468,0.3083,0.3321,0.3004
5/8/2021,24.7475,0.4631,0.5669,0.376,0.7244,0.5468,0.6942,0.6624,0.5301,0.3576,0.4129,0.8031,0.5787,0.381,0.3593,0.381,0.4648,0.443,0.5351,0.438,0.5083,0.5368,0.4145,0.5016,0.3643,0.3325,0.4932,0.5736,0.376,0.6976,0.4246,0.2872,0.4279,0.3174,0.2923,0.4212,0.3928,0.572,0.3944,1.3995,1.4995,0.4514,0.3593,0.5602,0.4497,0.5552,0.6071,0.3978,0.4212
5/7/2021,27.1753,0.6556,0.5943,0.554,0.717,1.0008,0.8608,0.8397,0.5157,0.5962,0.7899,0.9011,0.5118,0.5272,0.4313,0.4447,0.4505,0.4658,0.5042,0.4485,0.5291,0.5751,0.531,0.5598,0.5252,0.3814,0.4965,0.4639,0.4351,0.6115,0.4351,0.3891,0.368,0.3565,0.4428,0.391,0.437,0.4984,0.5904,1.1415,1.2206,0.6326,0.5463,0.5502,0.3757,0.5866,0.4255,0.4735,0.3968
5/6/2021,20.8251,0.3257,0.4873,0.477,0.4642,0.7759,0.554,0.504,0.4193,0.5796,0.3629,0.386,0.3552,0.3885,0.4283,0.3385,0.4206,0.3847,0.4514,0.4039,0.4296,0.3937,0.3116,0.3988,0.3398,0.3424,0.368,0.5463,0.327,0.4283,0.3398,0.3744,0.3013,0.3142,0.2847,0.3026,0.3449,0.3526,0.4052,1.2513,1.3392,0.318,0.3924,0.4745,0.2988,0.3334,0.3244,0.3501,0.3308
5/5/2021,23.6269,0.5417,0.5042,0.3886,0.7464,0.9246,0.8183,0.6573,0.4558,0.6761,0.5589,0.7324,0.3401,0.462,0.4089,0.4229,0.498,0.3792,0.3792,0.4761,0.4995,0.3933,0.3917,0.387,0.5526,0.3886,0.5026,0.6152,0.3761,0.6011,0.3933,0.2979,0.2823,0.2839,0.3136,0.3323,0.4245,0.4933,0.3776,0.9018,0.9614,0.5526,0.412,0.412,0.3714,0.4276,0.3729,0.5073,0.4308
5/4/2021,30.9109,0.4553,0.7692,0.6432,0.9433,1.2641,1.0212,0.799,0.7326,0.9433,0.8861,1.0625,0.4553,0.5401,0.6043,0.6203,0.6111,0.7074,0.6066,0.602,0.5653,0.6226,0.492,0.5607,0.6272,0.5493,0.5035,0.8357,0.4851,0.6684,0.5355,0.3454,0.366,0.4668,0.5057,0.4691,0.4691,0.6913,0.5241,0.8052,0.857,0.7669,0.618,0.4118,0.4783,0.6295,0.5012,0.6203,0.673
5/3/2021,33.8994,0.853,0.7572,0.8245,0.8634,0.7546,0.708,1.1586,0.8219,0.7546,0.8504,0.5448,0.897,0.6536,0.6898,0.6277,0.752,0.6691,0.7442,0.6251,0.5344,0.6044,0.752,0.6691,0.708,0.4231,0.5603,0.9385,0.4697,0.8556,0.7131,0.4386,0.449,0.4179,0.4101,0.3764,0.6251,0.7494,0.6432,1.4174,1.5188,0.4749,0.4438,0.5759,0.7572,0.739,0.6691,0.7908,0.6251
5/2/2021,39.8759,0.8839,0.6416,0.8647,0.9731,1.6776,1.4831,0.6831,0.7723,0.5747,0.9731,1.0656,0.8966,0.6225,0.8137,0.9126,0.5779,0.8966,0.9444,0.7755,0.7787,0.7596,0.852,0.7659,0.7787,0.5556,0.546,1.0879,0.5747,1.0273,0.7659,0.393,0.5492,0.444,0.5077,0.6321,0.6926,0.6416,0.648,2.2636,2.4336,0.8807,0.6639,0.6352,0.6002,0.5938,0.5619,0.6448,0.5651
5/1/2021,41.65,0.8767,0.6176,0.7219,0.981,1.3612,1.2468,1.1593,1.2973,1.3242,0.7286,0.9036,0.7219,0.8329,0.7757,0.7387,0.9709,0.9474,0.8801,0.7522,0.7892,0.8868,0.5839,1.0786,0.6748,0.7522,0.7421,0.8262,0.6243,1.1762,0.6647,0.7084,0.4157,0.6075,0.6512,0.7051,0.6277,0.7555,0.6176,1.5653,1.6787,1.0449,0.9877,0.5637,0.907,0.8767,0.7286,0.8363,0.7354
4/30/2021,40.3429,0.82,0.7974,0.668,1.0658,0.9655,1.5089,1.0205,1.0626,0.5418,0.7812,0.6065,0.558,0.6906,0.5192,0.7715,0.6518,0.5839,0.7618,0.6777,0.8006,0.6098,0.6647,0.7165,0.9558,0.6292,0.6033,1.0399,0.4998,1.2016,0.8006,0.4513,0.4675,0.4513,0.4642,0.4836,0.6518,0.613,0.9494,2.7061,2.912,0.7941,0.7909,0.8911,0.8071,0.8911,0.7327,0.8847,0.8265
4/29/2021,33.0587,0.5626,0.6077,0.6628,1.0036,1.3419,1.0111,0.9811,0.7731,0.7355,0.931,0.9585,0.4924,0.6177,0.6303,0.6628,0.6954,0.6929,0.7305,0.6277,0.6854,0.4573,0.6603,0.8433,0.6202,0.5275,0.6328,0.733,0.4974,0.9059,0.51,0.4699,0.3621,0.4122,0.3571,0.4624,0.505,0.4774,0.7405,1.3395,1.4346,0.7681,0.5751,0.5701,0.4674,0.5952,0.5125,0.4949,0.723
4/28/2021,32.7782,0.8183,0.7837,0.6052,0.8952,1.195,1.0141,0.9472,0.8877,0.573,0.9868,0.635,0.5879,0.5978,0.4516,0.6771,0.469,0.5978,0.5136,0.7713,0.7267,0.7093,0.4962,0.5904,0.7861,0.4714,0.4714,0.7663,0.4838,0.5284,0.5978,0.3946,0.5458,0.4293,0.516,0.4714,0.5383,0.6721,0.6573,1.4002,1.5002,0.4615,0.6523,0.7242,0.7291,0.7242,0.6474,0.6548,0.4244
4/27/2021,28.2027,0.4414,0.5081,0.7263,0.6717,0.9344,0.8677,0.9162,0.6556,0.6313,0.5748,0.5828,0.5788,0.4333,0.5424,0.5121,0.6091,0.4414,0.595,0.6051,0.6374,0.4091,0.5606,0.5828,0.5162,0.5788,0.5707,0.5121,0.4071,0.4354,0.5243,0.395,0.4091,0.4737,0.4172,0.3384,0.4293,0.6758,0.4677,1.3695,1.467,0.4697,0.6354,0.4313,0.6434,0.502,0.5202,0.4677,0.5283
4/26/2021,25.3074,0.5388,0.4522,0.582,0.878,1.058,0.5665,0.6167,0.5007,0.6634,0.5388,0.7499,0.3553,0.5076,0.4592,0.537,0.5422,0.5059,0.3865,0.4644,0.4263,0.473,0.3847,0.4886,0.4557,0.4903,0.5474,0.3882,0.4072,0.4401,0.4194,0.2947,0.4021,0.4107,0.3432,0.4159,0.4194,0.4747,0.4107,1.2013,1.2851,0.3744,0.5682,0.4332,0.4159,0.5457,0.5024,0.518,0.4678
4/25/2021,21.8522,0.4229,0.3523,0.5102,0.5767,0.5157,0.5947,0.7332,0.4188,0.5241,0.4936,0.5559,0.3689,0.4299,0.3218,0.3523,0.38,0.4867,0.4894,0.4202,0.3841,0.3371,0.3841,0.5213,0.4977,0.3717,0.4091,0.4382,0.3163,0.5656,0.4229,0.3467,0.3578,0.2803,0.3218,0.3495,0.3564,0.4354,0.4437,0.9614,1.0259,0.459,0.5088,0.416,0.3481,0.4991,0.3329,0.4285,0.3855
4/24/2021,29.2295,0.725,0.6231,0.6528,0.9734,1.0031,0.8588,0.9033,0.7017,0.4129,0.6613,0.6698,0.4575,0.553,0.4214,0.5339,0.466,0.655,0.655,0.5594,0.5148,0.4766,0.4363,0.7186,0.517,0.517,0.4872,0.5764,0.4214,0.4766,0.5127,0.3153,0.4002,0.3938,0.3705,0.3386,0.4851,0.4703,0.5339,1.651,1.7713,0.7144,0.7335,0.4872,0.3938,0.6316,0.4087,0.604,0.3853
4/23/2021,25.6812,0.4071,0.5769,0.3912,0.6405,0.9499,0.7112,0.7608,0.858,0.7926,0.6494,0.6281,0.568,0.4814,0.3948,0.5362,0.4867,0.5026,0.4319,0.4955,0.5981,0.4779,0.3665,0.5574,0.5698,0.3258,0.5433,0.7554,0.3753,0.6441,0.4602,0.3735,0.4124,0.3859,0.3117,0.4054,0.4708,0.3806,0.4637,0.8285,0.8822,0.4425,0.6228,0.3559,0.5362,0.5044,0.4283,0.4814,0.4584
4/22/2021,30.1635,0.508,0.4725,0.7407,0.8515,0.6986,0.7274,0.6144,0.785,0.4592,0.5146,0.5368,0.5523,0.4947,0.4504,0.6277,0.539,0.4637,0.4304,0.4814,0.6853,0.5058,0.4703,0.4703,0.6099,0.488,0.5279,0.8449,0.4504,0.6055,0.5789,0.4348,0.3262,0.4925,0.4792,0.4548,0.559,0.6498,0.5346,2.0134,2.1631,0.621,0.7562,0.6255,0.4171,0.6653,0.6698,0.4659,0.6498
4/21/2021,30.3505,0.4796,0.6405,0.4639,0.8305,1.016,1.0674,0.7366,0.8551,0.9288,0.7031,0.6673,0.6293,0.4796,0.5958,0.531,0.6025,0.4729,0.7008,0.6718,0.7098,0.4282,0.6405,0.6293,0.7143,0.3946,0.5399,0.7143,0.3924,0.5533,0.5913,0.5243,0.4528,0.4013,0.3566,0.3678,0.4751,0.5399,0.6874,1.2407,1.3277,0.5511,0.598,0.7143,0.5556,0.6941,0.4237,0.4706,0.5891
4/20/2021,33.0588,0.7581,0.8282,0.8257,0.966,1.392,1.0863,1.0036,1.0237,0.7656,0.5451,0.5501,0.8458,0.5701,0.5476,0.6353,0.7029,0.7656,0.4924,0.6628,0.6202,0.6202,0.6152,0.8683,0.6904,0.4548,0.4523,1.0011,0.5275,1.0086,0.6553,0.3371,0.4699,0.51,0.5125,0.4398,0.5501,0.5325,0.5225,1.1059,1.182,0.4498,0.718,0.5025,0.4398,0.5902,0.718,0.5676,0.4298
4/19/2021,41.6501,1.0281,1.0214,0.9339,1.119,1.5699,1.3814,1.3545,0.8228,1.3781,0.7286,0.9541,0.8363,0.6176,0.6176,0.5839,0.8666,0.8464,0.9002,0.6815,0.7589,0.6243,0.6176,1.0214,0.8969,0.6277,0.5099,0.9541,0.631,1.2166,0.7084,0.6781,0.658,0.4561,0.5469,0.4426,0.6748,0.87,0.6613,1.6316,1.7504,0.7656,0.5839,0.6209,0.9844,0.8834,0.981,0.8969,0.7555
4/18/2021,47.2534,0.7515,1.1244,0.7123,1.1087,1.2972,1.2736,1.5994,1.3835,1.3678,1.3168,1.3129,1.0185,0.6456,0.834,0.9714,0.8615,1.0656,0.7986,0.8772,1.0616,0.936,1.042,1.0302,0.7123,0.6102,0.6495,0.8065,0.6416,1.4306,0.8183,0.8026,0.7319,0.4571,0.5082,0.6102,0.8183,0.9557,0.6573,2.1359,2.2955,0.9753,1.2187,0.6142,1.0577,1.0145,0.6416,0.8615,0.8379
4/17/2021,46.1327,0.8454,1.1696,0.8988,1.3259,2.0123,1.2916,1.4174,1.5547,1.1886,1.3259,1.6386,1.2001,0.7348,0.7692,1.0513,1.0285,0.9751,0.7005,0.9598,0.9217,0.9331,0.5404,1.1238,1.0933,0.7234,0.7501,0.8836,0.6281,1.1429,0.773,0.7501,0.5594,0.4565,0.773,0.5671,0.7348,0.6052,0.7692,1.2569,1.3453,0.8416,0.7272,0.5442,0.8225,0.9636,0.998,0.9941,0.8225
4/16/2021,35.7666,0.7303,0.8775,0.8358,1.294,1.0413,0.7942,1.0969,1.2412,0.5249,0.8025,0.8303,0.5138,0.5721,0.5165,0.5443,0.5304,0.747,0.5887,0.8025,0.5498,0.4832,0.6359,0.672,0.4804,0.486,0.4693,0.697,0.461,0.5859,0.5637,0.5998,0.4721,0.5554,0.5971,0.5165,0.6554,0.647,0.6387,2.2228,2.3895,0.647,0.9358,0.4527,0.6526,0.6915,0.7081,0.7942,0.622
4/15/2021,39.5027,0.7054,0.5856,0.6833,1.1779,0.8944,0.8125,0.97,1.3984,0.6108,0.8534,0.9826,1.0424,0.7684,0.6644,0.844,0.8566,0.7621,0.6707,0.7621,0.9416,0.781,0.4848,0.6014,0.74,0.5195,0.677,0.6676,0.5447,0.7243,0.6235,0.551,0.6392,0.5762,0.3966,0.4691,0.6707,0.5447,0.7463,2.8778,3.0976,0.6424,0.6707,0.7054,0.655,0.7495,0.7967,0.6108,0.7526
4/14/2021,47.3469,0.9143,1.052,1.2172,1.4927,1.2094,1.2802,1.111,1.6618,0.9143,0.7293,1.41,1.0362,0.8946,0.6664,0.6546,0.9575,0.9693,0.7726,0.7647,0.93,0.9418,0.7765,0.8277,0.7726,0.8238,0.6467,0.7805,0.631,1.41,0.69,0.4342,0.808,0.7293,0.4972,0.7451,0.8041,0.9615,0.9143,2.7191,2.926,1.2251,0.7411,0.9143,0.6742,0.8041,1.1267,0.627,0.7569
4/13/2021,47.2535,0.7358,1.0891,0.885,1.2579,1.1676,0.9871,0.9243,1.5798,1.4188,1.36,0.8143,0.8143,0.9007,0.9282,0.9831,0.8811,1.0342,0.8889,1.1087,0.8615,0.94,0.6142,0.7084,1.0852,0.7829,0.834,1.466,0.6299,0.8261,0.7947,0.7633,0.7908,0.4807,0.7594,0.571,0.8065,0.885,0.9596,2.4848,2.6728,0.7398,1.0067,0.779,0.7398,1.1127,0.7358,1.0145,0.6495
4/12/2021,40.7162,0.7327,0.9715,0.6476,1.4753,1.0958,1.4491,1.0271,1.1318,0.8995,1.1024,1.0206,0.6083,0.628,0.749,0.8537,0.5789,0.9191,0.6312,0.713,0.8962,0.7621,0.9649,0.8341,0.6051,0.6378,0.556,0.5593,0.6247,0.9584,0.7359,0.5822,0.4251,0.677,0.6541,0.5822,0.7065,0.9748,0.8635,2.2764,2.4475,0.8341,0.7261,0.5789,0.4938,0.5756,0.5265,0.5625,0.8603
4/11/2021,35.3003,0.6717,0.5325,0.9229,0.8246,1.0403,1.185,0.9283,0.7017,0.4943,1.0457,1.2013,0.841,0.6198,0.6417,0.639,0.6854,0.7236,0.7154,0.6253,0.8355,0.527,0.6581,0.8355,0.8028,0.5134,0.7454,0.8519,0.4397,0.912,0.7482,0.3796,0.5298,0.5025,0.4479,0.6089,0.6062,0.5106,0.8137,1.4155,1.5168,0.7809,0.4724,0.5052,0.4424,0.7236,0.5571,0.7864,0.7918
4/10/2021,32.8719,0.5323,0.8084,0.7835,0.97,1.2959,0.8133,1.1665,0.7387,1.0048,1.0123,0.6343,0.5572,0.582,0.4825,0.6716,0.5845,0.5596,0.5348,0.7686,0.6467,0.5024,0.597,0.4825,0.4452,0.4925,0.5746,0.6417,0.5,0.8233,0.6193,0.5298,0.3855,0.4204,0.3507,0.5198,0.5895,0.6542,0.7014,1.6522,1.7727,0.5099,0.582,0.4502,0.4378,0.689,0.6765,0.6119,0.5124
4/9/2021,26.8017,0.4694,0.6104,0.5841,0.8454,0.6931,0.6311,0.5465,0.9112,0.7834,0.5878,0.8943,0.475,0.3754,0.5521,0.3866,0.5897,0.4393,0.5389,0.569,0.4976,0.4637,0.5577,0.5427,0.5164,0.3434,0.5822,0.5953,0.4374,0.5916,0.5671,0.4393,0.334,0.3678,0.3378,0.3942,0.4656,0.3979,0.5089,0.9283,0.99,0.6348,0.3829,0.6236,0.5408,0.616,0.6405,0.5465,0.475
4/8/2021,39.876,0.5587,0.7086,1.0369,1.4608,1.0178,1.1644,1.2026,1.0114,0.9317,0.9859,0.9731,0.7914,0.6097,0.6193,0.6862,0.7468,0.8201,0.8488,0.6257,0.9062,0.8871,0.903,0.6289,0.7691,0.7946,0.8265,0.9891,0.4886,0.9253,0.6576,0.3834,0.4089,0.6321,0.6289,0.4408,0.7149,0.5651,0.6703,2.0476,2.2001,0.8297,0.5492,0.5524,0.6831,0.7086,0.7213,0.7149,0.8488
4/7/2021,40.5298,0.6709,0.6058,0.8433,0.9701,1.4874,1.3768,0.7002,1.1913,1.1491,0.8075,1.3963,0.9083,0.5961,0.762,0.7815,0.6644,0.8042,0.6318,0.7002,0.6481,0.6123,0.8042,0.6416,0.8823,0.5212,0.7912,0.7555,0.5635,0.6091,0.8368,0.4952,0.5733,0.4855,0.6058,0.4367,0.6546,0.5538,0.8888,2.3597,2.5375,0.7685,1.0092,0.6709,0.6156,0.8433,0.9214,0.7229,0.6741
4/6/2021,35.8602,0.8242,0.6821,0.6626,0.7824,1.4594,1.1529,0.7712,1.2532,0.5846,0.6041,0.7294,0.6041,0.6821,0.7099,0.6542,0.5651,0.8325,0.6737,0.6431,0.5985,0.6208,0.7935,0.8604,0.8938,0.501,0.4731,1.0164,0.4676,0.6821,0.6849,0.5038,0.462,0.3951,0.5344,0.3979,0.6041,0.5901,0.5038,1.8039,1.9367,0.6403,0.8882,0.5149,0.7127,0.8409,0.7824,0.5177,0.7684
4/5/2021,37.5412,0.6807,0.6009,0.6098,1.1445,1.0499,0.985,1.3129,1.4133,0.9554,0.5743,1.1415,0.725,0.6423,0.533,0.7634,0.5182,0.6984,0.7102,0.5832,0.6127,0.5862,0.6186,0.6393,0.6305,0.6039,0.7073,0.9111,0.4739,0.8786,0.5596,0.598,0.5093,0.5714,0.5182,0.5625,0.6364,0.66,0.5034,2.1952,2.3596,0.598,0.4503,0.8195,0.8875,0.6777,0.595,0.7545,0.7811
4/4/2021,35.5803,0.892,0.8341,0.9334,1.0437,1.5291,1.0878,0.7514,1.2423,0.7596,1.0023,0.6383,0.6024,0.5142,0.7238,0.4949,0.6824,0.6493,0.528,0.5831,0.641,0.6769,0.6604,0.5638,0.7458,0.4673,0.6631,1.0713,0.4756,0.9996,0.6466,0.5197,0.3873,0.5611,0.4397,0.5418,0.5224,0.8369,0.6576,1.3687,1.4662,0.6797,0.7348,0.6769,0.5859,0.7155,0.5942,0.6466,0.5418
4/3/2021,24.2803,0.4011,0.6014,0.5834,0.7739,0.6469,0.6648,0.73,0.6323,0.4418,0.686,0.5916,0.5346,0.432,0.4467,0.4988,0.5362,0.3946,0.3767,0.5053,0.4923,0.5265,0.3506,0.572,0.5786,0.4825,0.3506,0.3311,0.3506,0.616,0.5102,0.2953,0.3458,0.4125,0.3637,0.3799,0.4451,0.5704,0.4727,0.8864,0.9447,0.4076,0.5476,0.5053,0.3506,0.4402,0.3897,0.4158,0.4679
4/2/2021,20.7317,0.3691,0.4226,0.4977,0.6123,0.5041,0.5932,0.5117,0.6938,0.3997,0.5766,0.3602,0.3907,0.3105,0.4162,0.4047,0.35,0.4735,0.4009,0.3742,0.4213,0.3284,0.3398,0.4811,0.3806,0.3182,0.3691,0.3309,0.3373,0.3984,0.3462,0.2978,0.3245,0.2953,0.322,0.3156,0.3398,0.3907,0.4175,1.0935,1.1687,0.3716,0.4429,0.3054,0.3169,0.392,0.4455,0.4366,0.3424
4/1/2021,22.973,0.4212,0.4766,0.5095,0.6159,0.7551,0.6877,0.5575,0.7521,0.7102,0.6024,0.529,0.3463,0.4212,0.3374,0.3658,0.3523,0.3718,0.3928,0.4571,0.523,0.4317,0.4032,0.4137,0.3149,0.3853,0.4736,0.5605,0.3658,0.5635,0.4167,0.3029,0.3404,0.2939,0.3793,0.3598,0.4287,0.4167,0.4676,0.9725,1.0378,0.4122,0.559,0.3134,0.3299,0.4182,0.5605,0.4991,0.3673
3/31/2021,20.545,0.5066,0.4251,0.3247,0.4577,0.4577,0.5744,0.686,0.4602,0.3774,0.5819,0.6572,0.3812,0.3298,0.3498,0.4602,0.459,0.4013,0.4577,0.469,0.3674,0.3787,0.4565,0.5167,0.3034,0.3436,0.3097,0.3448,0.3298,0.4928,0.3448,0.3122,0.3323,0.2695,0.2971,0.2984,0.3799,0.4063,0.3912,0.7912,0.8418,0.4677,0.4213,0.3636,0.4452,0.3937,0.3348,0.3975,0.3962
3/30/2021,26.241,0.4293,0.4549,0.5716,0.6774,0.8671,0.599,0.8015,0.8507,0.4293,0.5698,0.5406,0.661,0.4312,0.3983,0.5005,0.5716,0.5497,0.4549,0.5351,0.5388,0.4166,0.4749,0.3819,0.6026,0.5351,0.4731,0.5497,0.3801,0.5096,0.5351,0.3017,0.4713,0.4567,0.3144,0.3746,0.4366,0.5917,0.4257,1.1861,1.2687,0.3892,0.5935,0.568,0.5424,0.5735,0.4458,0.5607,0.4494
3/29/2021,30.5371,0.694,0.7391,0.6512,0.9126,1.1132,0.6399,0.9284,0.6715,0.4281,0.5926,0.6828,0.6602,0.6107,0.4574,0.4844,0.4777,0.4799,0.6738,0.6918,0.685,0.676,0.7143,0.5859,0.6918,0.5498,0.4889,0.4822,0.4394,0.7662,0.525,0.4168,0.543,0.4101,0.4101,0.4642,0.5678,0.5205,0.5205,1.6622,1.7835,0.694,0.4799,0.5002,0.3763,0.5273,0.5025,0.5295,0.4349
3/28/2021,41.3699,1.0243,0.754,0.8941,1.0576,1.3079,0.8074,1.5816,0.9142,0.6072,0.8274,0.8107,0.6205,0.6706,0.8674,0.8708,0.7006,0.8741,0.9742,0.7173,0.8774,0.5504,0.7573,0.8741,0.9242,0.6238,0.5771,0.7306,0.5604,0.7907,0.7673,0.6238,0.4503,0.6872,0.5037,0.4637,0.6405,0.8474,0.7573,2.8621,3.0807,0.5571,0.794,0.7707,0.784,0.764,0.6872,0.6172,0.5638
3/27/2021,43.2376,0.889,0.6353,0.7516,1.6149,1.037,1.3965,1.2308,1.3154,0.7023,1.3084,0.8468,0.5613,0.7939,0.6635,0.9701,0.9877,0.6635,0.9172,0.7904,0.7939,0.889,0.8714,0.7234,0.9666,0.7199,0.6424,0.741,0.5825,0.9877,0.7622,0.5331,0.512,0.512,0.5649,0.6248,0.7728,0.8785,0.7692,2.4339,2.6177,0.8538,0.9842,0.6952,0.6283,0.9348,0.7481,0.8221,0.5966
3/26/2021,45.1052,0.7158,1.1425,0.8717,1.6917,1.0238,0.9273,1.5544,1.5507,1.0572,0.675,1.3615,0.7826,0.675,0.9051,0.8791,0.8457,0.7529,0.6713,0.8197,0.8197,0.8828,1.0238,0.9681,0.6565,0.7492,0.842,1.2353,0.6527,1.2835,0.9347,0.534,0.7307,0.4895,0.7047,0.5897,0.7678,0.7752,1.0386,1.4914,1.5988,0.9385,1.0127,0.6787,0.9756,1.098,1.0498,0.7863,0.8939
3/25/2021,39.2219,1.0222,0.7817,0.7661,1.0752,1.5966,1.2875,1.1939,0.891,0.7849,0.6662,1.172,0.8411,0.585,0.5351,0.6818,0.585,0.5757,0.61,0.8255,0.6194,0.5569,0.891,0.5413,0.866,0.5039,0.7599,0.6069,0.5944,1.2032,0.6631,0.3883,0.4976,0.4477,0.4383,0.4258,0.7162,0.7037,0.6194,2.3571,2.5347,0.7599,0.7287,0.6912,0.7693,0.8941,0.5975,0.7349,0.635
3/24/2021,46.4128,0.7697,0.9925,0.8235,1.634,1.9682,1.4689,0.9503,1.3728,1.5457,1.4765,1.5879,1.0694,0.9234,0.885,0.6507,1.0463,0.6353,0.9311,0.9964,1.0271,0.739,0.7505,1.0771,0.643,0.9388,0.9119,1.1616,0.6814,1.1923,0.8005,0.6545,0.4586,0.6929,0.5662,0.6353,0.812,0.7467,0.7928,0.9253,0.9868,0.9887,1.2,1.0117,0.7044,0.7198,1.2077,0.8581,0.8005
3/23/2021,45.2923,1.0691,0.7932,0.7671,1.3749,1.7777,1.3749,1.3675,1.3265,1.043,0.7335,1.3041,0.6104,0.8566,0.9386,0.6179,0.6925,0.9237,0.8081,0.9498,0.7223,0.6104,0.9088,0.7671,0.8678,0.9162,0.6552,1.2146,0.5843,0.8044,0.7149,0.4501,0.7149,0.6813,0.4501,0.4948,0.6477,1.0952,0.8528,2.4891,2.6774,0.823,0.6999,0.9088,0.5806,1.0654,1.1363,0.741,0.6888
3/22/2021,53.0436,1.063,0.8919,1.1171,1.2072,1.3603,0.991,1.9594,1.6891,1.0901,1.3873,1.5135,1.045,1.063,0.7252,1.1756,1,1.2252,0.8648,1.027,0.8558,0.9369,0.8784,1.072,1.1261,0.7387,0.7793,1.6351,0.8018,1.4684,0.8513,0.5315,0.8018,0.8829,0.8829,0.7748,0.8784,0.6802,0.8018,2.3614,2.5393,1.3018,0.6081,0.991,1.0855,0.7522,1.3423,1.1486,1.1396
3/21/2021,57.1523,1.3217,1.0907,1.1153,1.6904,1.7887,2.0246,1.7494,2.2114,1.6167,1.1448,1.2726,1.3365,0.9285,1.0858,0.9777,0.7516,0.8302,1.4053,1.0711,1.3512,1.1448,1.1006,0.899,1.1497,1.1006,0.8253,1.1251,0.7417,1.0367,1.0662,0.6779,0.8007,0.5795,0.727,0.7319,0.8401,1.3562,1.135,2.4907,2.6792,0.9875,0.7417,0.6631,0.904,1.3758,1.3955,1.189,0.9236
3/20/2021,56.4054,1.1735,1.4736,1.1106,2.0642,1.4494,2.1852,1.038,2.1029,1.7205,1.4784,1.8705,1.4784,1.0041,1.2074,1.1396,1.0138,1.2025,0.9654,1.1057,1.2558,1.2219,1.3478,0.7427,0.7959,1.1493,0.6798,1.4591,0.825,1.2945,0.8153,0.6168,0.7959,0.5249,0.5975,0.5926,0.8056,1.0041,1.038,1.7344,1.8615,1.2993,0.8056,1.1687,0.9944,1.1299,1.1541,1.2606,0.6507
3/19/2021,55.2844,1.24,1.0367,0.8712,1.4528,2.4883,1.2589,1.7885,1.3913,1.24,1.0934,0.7814,1.3535,0.6963,1.032,0.7956,0.7672,1.1313,0.9279,1.0036,1.1502,0.8287,0.7766,0.7294,1.0272,0.6821,1.0414,1.5474,0.7766,1.084,1.032,0.6348,0.9516,0.597,0.7435,0.6821,0.9752,0.8003,0.8759,3.5362,3.8094,1.2826,1.0745,0.6442,1.1218,1.0367,1.3866,1.2731,0.8334
3/18/2021,40.8098,0.8196,1.0525,1.0296,1.3577,1.4495,1.3413,1.2855,0.8557,0.9935,0.7376,0.6588,0.9475,0.5932,0.7441,0.7047,0.9574,0.8294,0.7835,0.731,0.6982,0.6687,0.9082,0.6194,0.5768,0.7212,0.7343,0.918,0.5013,0.6358,0.7277,0.5374,0.5669,0.4324,0.6227,0.4423,0.6523,0.9114,0.8065,1.7495,1.8779,0.7999,0.9836,0.9705,0.6654,0.8032,0.9147,0.6063,0.8852
3/17/2021,42.3974,0.9372,0.7342,0.8546,1.2502,1.3018,1.4222,1.3362,1.3121,0.6035,0.7377,1.2192,0.9784,0.6517,0.6826,0.631,0.9647,0.9991,0.7549,0.7205,0.6482,0.6276,0.7205,1.0025,0.6517,0.6413,0.7514,0.5141,0.6482,1.1332,0.7445,0.4934,0.6104,0.49,0.6035,0.607,0.6689,0.5932,0.975,2.3468,2.5235,1.0507,0.5485,0.7067,0.9819,0.8065,0.7067,0.6723,0.8374
3/16/2021,41.9306,1.0862,0.6179,0.5501,1.0421,1.5205,0.8453,1.0387,1.2898,1.3407,0.9369,1.1948,0.9912,0.7197,0.5908,0.5738,0.8317,0.7163,0.8928,0.7842,0.6553,0.7333,0.8215,0.5603,0.9267,0.584,0.6078,1.1744,0.6451,0.9946,0.7028,0.6926,0.4347,0.6858,0.5603,0.5433,0.662,0.5569,0.7401,2.3791,2.5585,0.9572,0.7876,0.6824,0.5433,0.8656,0.8555,0.8419,0.6145
3/15/2021,55.2847,1.1313,1.2164,1.2968,1.6467,2.3985,2.1384,1.0367,1.8926,1.5663,1.084,1.2211,0.805,0.9516,1.0698,0.8665,1.0745,0.7814,1.2353,0.9138,1.2495,0.9516,0.9847,0.909,1.0651,1.1124,0.649,0.8145,0.649,1.1265,0.9563,0.9279,0.9327,0.7104,0.5922,0.7152,0.9752,1.2684,1.2306,2.0048,2.1538,1.1833,1.519,1.0272,1.1833,0.8617,0.701,1.2968,1.2069
3/14/2021,47.5338,0.7043,1.1748,0.6687,1.2934,1.8192,1.7441,0.9494,1.412,1.3013,0.7676,1.0404,0.7597,0.9218,0.6964,1.0127,0.6332,1.0562,0.7834,0.8664,1.0957,0.649,1.0641,0.7834,0.7083,0.8704,0.6253,0.6885,0.6608,1.0166,0.8783,0.4553,0.6727,0.6371,0.7241,0.6806,0.8466,1.1194,1.0008,2.8794,3.0993,1.1787,0.902,0.7834,0.7873,0.7083,1.0206,0.7359,0.6569
3/13/2021,50.9888,1.2629,1.0909,1.1941,1.2973,1.9636,1.1253,1.6197,1.7573,0.9104,1.0221,0.8846,1.1769,0.6825,0.9405,0.7341,0.9534,1.0608,0.9362,1.0608,1.1167,0.7986,0.7943,0.876,1.0307,0.9835,1.0565,0.8201,0.7642,1.3704,1.0608,0.833,0.588,0.704,0.545,0.8072,0.8674,0.7943,1.0178,2.1601,2.3217,0.8846,1.0823,1.0823,1.1941,1.1726,0.8803,1.0823,0.6266
3/12/2021,45.8525,0.8291,0.9919,1.0259,1.6505,1.253,1.5672,1.5786,0.8897,1.3817,1.2909,1.0524,0.6928,0.7117,0.7534,0.9729,0.7988,0.9994,0.8783,1.0297,0.761,0.8707,0.8897,0.6095,0.8253,0.9161,0.6209,0.8064,0.655,0.9805,0.7647,0.7307,0.4657,0.5868,0.602,0.602,0.7647,1.0297,0.7193,2.4239,2.6069,0.9843,0.7572,0.8556,0.6701,0.7647,0.636,1.0335,0.5717
3/11/2021,46.7861,0.9773,0.8222,1.1674,1.0626,1.1712,0.9967,0.9463,1.2837,1.2604,0.9424,1.1208,1.2255,0.7446,0.8842,0.9191,0.6243,1.0045,0.7717,1.0704,0.9269,0.7097,0.8066,1.2372,1.0316,0.7872,0.8842,1.3884,0.6825,0.8803,0.7756,0.7058,0.7679,0.5933,0.6437,0.539,0.7679,0.7834,0.5894,2.5001,2.6893,1.0859,0.5856,0.9967,0.9346,0.8066,0.8222,1.0432,0.826
3/10/2021,49.6812,1.2962,0.9753,1.217,1.6088,1.8673,1.6922,0.9586,1.4713,1.6547,1.092,1.4921,0.7002,0.8377,1.0545,0.7961,1.0628,1.1295,0.9836,0.9586,0.9878,0.9586,0.9961,1.017,0.5793,0.7085,1.042,0.6377,0.6502,0.992,0.9419,0.5876,0.5793,0.6502,0.7919,0.6043,0.7627,1.1587,0.7335,1.7569,1.8859,0.9503,1.2921,1.0378,0.5585,1.1045,0.9544,0.8919,1.0211
3/9/2021,58.7397,1.2779,1.0039,1.5265,1.4707,1.3388,2.2724,2.1861,1.2525,1.4098,0.872,1.7548,0.7755,0.9176,0.7705,0.9075,0.9734,1.0698,1.0495,0.8872,0.8922,0.8415,1.2271,0.7603,1.2119,0.8872,1.0191,1.2982,0.8821,1.1256,1.1256,0.8922,0.603,0.7654,0.9176,0.6741,0.8212,0.877,0.8466,3.8531,4.152,1.5519,0.8618,0.6791,1.4098,1.354,1.2982,1.08,1.1155
3/8/2021,54.9111,1.377,1.1706,1.0064,1.4192,2.0666,1.0204,1.3957,1.3207,1.5412,1.2409,0.8844,0.9313,1.1283,0.9172,1.0345,0.9454,1.0533,1.0017,1.058,1.072,1.0908,0.8469,0.8093,0.6311,0.7484,0.8938,0.7484,0.6358,1.696,1.1706,0.5795,0.5185,0.7531,0.7108,0.556,0.8281,1.0392,0.7577,4.2174,4.5458,0.8375,1.133,0.7953,0.6264,1.2785,1.0017,0.8516,1.0251
3/7/2021,60.3277,1.0458,0.9202,0.8103,2.04,2.1813,1.7103,1.9458,2.0714,1.5324,1.4016,0.8888,1.4173,1.2289,1.1452,1.3545,0.8051,1.2237,0.9202,1.0039,1.1714,0.9725,1.3336,1.2132,0.7841,0.8469,0.8522,0.8208,0.7318,0.9516,1.276,0.6952,0.5696,0.8731,0.7056,0.7109,1.0981,1.3754,1.0719,3.1538,3.396,1.051,1.4278,1.4225,1.1818,1.0824,1.5638,1.0615,1.2865
3/6/2021,56.4052,1.0476,1.1735,1.4639,1.4833,1.9093,1.9673,1.8221,1.7737,1.764,1.7253,1.735,0.8637,0.9121,0.9508,1.0234,0.8153,1.1445,0.9121,1.1493,1.2945,1.1445,1.1687,0.9218,1.2848,0.9218,1.1009,1.1106,0.7185,0.8153,0.9847,0.9363,0.854,0.8105,0.7524,0.8008,0.9557,1.1977,1.0089,2.0902,2.2462,0.7814,0.854,1.0767,1.3042,0.825,0.7814,0.9992,1.0283
3/5/2021,51.4558,0.7186,1.0532,0.7099,1.6485,1.4877,1.7745,1.9484,0.9749,1.6094,0.8706,1.5138,0.7055,0.649,1.0097,0.862,0.7664,0.9185,0.875,0.888,0.9619,0.9576,0.6664,1.1444,1.1053,0.7924,0.7142,0.6056,0.636,1.1575,0.8489,0.5578,0.649,0.7881,0.8228,0.6316,0.9402,0.8011,0.9619,3.4743,3.7424,0.9793,0.9185,0.7359,1.1835,1.2009,0.6708,0.6925,1.1314
3/4/2021,47.3468,0.6978,1.0087,1.2526,1.4927,1.8546,1.3707,1.5045,1.1031,1.2133,0.7726,1.6933,1.1307,0.6782,0.6585,0.6388,0.749,1.0756,1.0952,1.0284,0.9929,0.9772,1.0441,1.048,1.2251,0.5601,0.8159,1.2172,0.6113,0.8749,0.7136,0.7962,0.7923,0.6939,0.7333,0.7765,0.8631,0.8395,0.631,1.4826,1.5893,1.2015,0.5877,0.8198,1.0166,1.0913,1.1189,0.6467,0.568
3/3/2021,39.876,0.7659,0.6703,1.0178,1.3652,1.3748,1.1038,1.1771,1.0943,0.8042,1.2186,0.6448,0.6926,0.6671,0.546,0.6544,0.6416,0.7277,0.6257,0.8329,0.9157,0.6225,0.9285,0.5683,0.7404,0.4631,0.4918,0.7245,0.495,0.8233,0.75,0.6512,0.4631,0.5364,0.5587,0.5364,0.6289,0.8839,0.9349,2.1073,2.2647,0.6576,1.0146,0.8647,0.7978,0.6066,0.7596,0.7882,0.6735
3/2/2021,34.0859,0.644,0.5527,0.6701,1.184,0.8553,0.8319,0.7745,1.0327,0.8997,1.0588,0.9779,0.884,0.6988,0.5032,0.5527,0.6727,0.6545,0.7066,0.5371,0.7014,0.6597,0.511,0.498,0.8162,0.4771,0.6284,0.9753,0.5006,0.6701,0.6571,0.5214,0.5606,0.5371,0.5058,0.3884,0.5006,0.5214,0.7432,1.8112,1.9446,0.631,0.644,0.4249,0.4432,0.5058,0.5006,0.558,0.558
3/1/2021,52.2027,1.1038,0.9933,1.3115,1.9215,1.1038,1.811,1.6563,2.0232,0.8651,0.8739,1.3911,1.0286,0.6617,0.896,0.9225,0.8385,0.8739,1.0905,1.0772,1.1214,0.7059,0.9358,0.9579,0.9579,0.5999,0.7988,1.4928,0.6441,1.6121,0.7943,0.6662,0.4849,0.5291,0.5291,0.7722,0.7546,1.2673,0.6441,2.6475,2.8487,0.675,1.4088,1.1701,0.9667,1.2673,0.6706,1.0861,0.7501
2/28/2021,53.9767,1.408,1.3851,1.3345,1.2379,1.2195,1.8218,1.6701,1.5552,1.0264,1.6333,0.9115,1.0586,1.1184,0.7138,1.0862,0.8609,1.2287,1.3207,1.0494,1.2149,0.9529,0.9391,1.3667,1.0632,0.8609,0.8103,1.1276,0.8241,0.8977,0.9483,0.8103,0.7322,0.8747,0.6218,0.7874,0.9069,0.8563,0.7138,1.9606,2.1061,1.4218,1.3345,0.9207,0.6862,1.0816,1.1092,1.2379,1.169
2/27/2021,45.666,0.8258,0.8484,0.9953,1.0631,1.6884,1.4096,0.7957,0.935,0.8673,1.1158,0.9576,0.6639,0.7882,0.8183,0.984,1.0254,0.694,0.6563,0.7543,0.9049,0.8522,1.0443,0.7279,0.9426,0.694,0.9087,1.1723,0.7015,0.7618,0.8673,0.4153,0.5546,0.6865,0.4605,0.7015,0.7844,0.9313,0.5998,3.0824,3.3189,0.9878,1.0254,0.7844,0.5923,0.6827,1.0631,0.7995,0.7317
2/26/2021,49.4013,1.2762,1.0775,0.8539,1.4004,1.9759,0.9326,0.8995,1.3135,0.6676,0.7132,0.7753,0.8208,1.0195,1.0195,1.0775,0.8663,0.7297,0.8332,1.1148,1.0444,0.6925,0.6262,1.3011,1.1562,0.9823,0.7504,1.0527,0.589,0.7256,0.8953,0.4772,0.6055,0.5227,0.6179,0.6842,0.738,0.8208,0.974,3.8212,4.1175,0.8042,0.5724,0.5724,0.8539,0.9326,1.2597,0.8995,0.945
2/25/2021,44.1715,0.8575,0.7165,0.6803,1.5557,0.9407,1.382,1.3567,1.5195,1.3929,1.1397,0.8503,1.1867,0.7599,0.7888,0.5971,0.9335,0.6767,0.6188,0.7743,0.8105,0.8178,0.8503,1.1397,0.872,0.7056,0.7201,0.9046,0.655,1.2229,0.6441,0.4199,0.5175,0.5392,0.5573,0.7273,0.7129,0.6731,0.825,2.3619,2.5399,0.8539,0.778,0.7056,0.6405,0.6441,1.0782,0.7852,0.7418
2/24/2021,47.6269,1.197,1.1534,0.6026,1.4625,1.9301,1.2524,1.1415,0.9909,0.765,1.3713,1.3079,0.9037,0.8879,0.7531,0.9315,1.0583,1.1098,0.6541,0.9988,1.0147,0.6818,0.872,1.1296,0.8364,0.8364,0.7333,0.9552,0.5629,1.3238,0.6977,0.6541,0.6739,0.5629,0.7769,0.5986,0.7294,0.8641,0.658,2.3107,2.4846,1.2406,1.0345,0.7452,0.662,0.7294,0.9988,0.9354,0.8522
2/23/2021,53.8838,0.8457,1.1853,1.3872,1.2541,1.4285,1.5111,2.0571,1.4193,0.676,1.6717,1.4422,1.2495,0.7127,0.7723,1.0935,0.832,0.731,0.7953,1.0018,0.9926,0.8503,0.6255,0.9788,1.1853,1.1027,0.9788,1.534,0.8136,1.0476,1.0339,0.7356,0.7356,0.8136,0.8412,0.7448,0.8136,0.9605,0.9329,2.8631,3.0818,1.1119,1.222,1.066,1.1853,0.7494,0.9605,0.8136,1.043
2/22/2021,48.187,1.1713,1.1392,1.2598,1.6375,1.7661,1.7942,1.2718,1.5973,1.1593,1.1914,1.1874,0.669,0.8941,0.7092,0.6449,0.8619,0.9985,0.9222,1.1432,0.8619,1.0347,0.6449,1.0427,1.1513,0.8338,0.7253,0.9262,0.7132,0.8016,0.7855,0.4962,0.7213,0.7534,0.5484,0.7735,0.7775,1.0307,0.6931,1.5628,1.676,1.1271,1.0307,0.7454,0.7012,1.1513,1.0628,1.0026,0.7936
2/21/2021,38.4749,0.8066,0.6147,0.7396,1.0291,0.9834,0.9834,1.2851,1.2668,0.7213,0.7487,1.3308,0.636,0.5141,0.7884,0.7244,0.6268,0.7426,0.9285,0.8463,0.7914,0.6908,0.8005,0.6908,0.7244,0.7457,0.6726,0.6482,0.5324,0.959,0.764,0.4988,0.6695,0.4044,0.3983,0.6573,0.5598,0.6573,0.8645,1.817,1.9508,0.8127,0.9316,0.5385,0.892,0.7061,0.5689,0.6421,0.5689
2/20/2021,38.1947,0.535,0.9215,0.8853,1.0151,0.997,1.1389,1.462,1.2718,1.1299,0.5622,0.8189,0.7796,0.6136,0.6105,0.6377,0.7826,0.8461,0.8672,0.7404,0.7887,0.6136,0.6709,0.529,0.4626,0.7857,0.6588,0.7917,0.5471,1.0182,0.7011,0.4656,0.4898,0.6286,0.523,0.5441,0.5985,0.5954,0.7434,1.5291,1.6395,0.8793,1.0514,0.5803,0.8883,0.689,0.5471,0.8128,0.8068
2/19/2021,42.5838,0.8583,0.9725,0.7892,1.0174,1.2319,1.5846,1.2111,1.1661,1.3218,0.6785,0.9621,0.7615,0.8583,0.7926,0.9483,0.6163,0.7753,0.6716,0.9068,0.6612,0.6336,0.6543,0.7961,1.0624,0.8583,0.7615,1.2042,0.6439,1.3183,0.6785,0.5782,0.4191,0.4675,0.6301,0.4537,0.7684,0.7373,0.6128,2.0695,2.2237,0.7477,0.803,1.0071,0.6059,0.6716,0.5609,0.8687,0.9621
2/18/2021,40.0625,0.9362,0.7823,1.058,1.1157,1.462,1.0388,1.2568,1.1991,0.6155,0.8368,0.8785,0.6123,0.5322,0.5803,0.8592,0.6893,0.7502,0.7053,0.6444,0.6893,0.7085,0.622,0.7951,0.9746,0.6284,0.5033,0.6187,0.5033,1.0356,0.8111,0.5514,0.4969,0.4488,0.6508,0.545,0.6059,0.9362,0.5322,2.4946,2.6834,0.8913,0.9233,0.9458,0.5001,0.6187,0.529,0.5514,0.7149
2/17/2021,40.1559,0.5847,0.6522,0.7165,0.8966,1.723,0.977,1.4111,1.0284,1.0799,0.6715,0.7519,0.8934,0.5654,0.7969,0.7648,0.8902,0.9191,0.7455,0.6812,0.7776,0.7744,0.9159,0.6908,0.7841,0.8034,0.6426,0.8998,0.6201,1.2439,0.6265,0.6554,0.4078,0.4496,0.4593,0.6458,0.6297,0.9416,0.7616,2.1692,2.3316,0.5236,0.6072,0.7198,0.5107,0.7133,1.0252,0.5686,0.5075
2/16/2021,47.8137,0.947,0.9789,0.8435,1.6955,1.3372,0.9231,1.6676,1.5522,0.7997,0.744,1.1222,0.6205,0.8116,0.6046,0.9351,1.1182,0.9868,0.8196,1.0903,0.943,1.0227,0.6365,0.9789,0.6046,0.7758,0.8077,1.4885,0.736,1.1899,0.8037,0.5529,0.7798,0.7679,0.4693,0.7002,0.8753,1.0187,0.6006,2.4777,2.6651,0.7161,1.0386,0.951,1.1341,0.8156,1.0625,0.8594,0.744
2/15/2021,46.8796,0.8665,1.0803,0.7188,1.3097,1.6752,0.8821,1.3253,1.0687,0.8587,1.3175,1.0065,0.8859,0.8859,0.8898,1.022,0.6838,0.7887,0.8432,0.7421,0.7849,0.952,1.022,0.6216,0.8354,0.5244,0.7887,1.2125,0.6371,1.4341,0.8432,0.4933,0.5321,0.7032,0.5282,0.6993,0.7226,0.6449,0.781,3.2717,3.5235,0.6332,1.0687,0.8393,0.5477,0.7149,0.6293,0.987,1.0531
2/14/2021,48.9346,1.1737,1.0427,0.838,1.7222,1.6853,1.6608,1.2883,0.9894,1.5789,1.0549,1.714,0.9403,0.969,0.7438,0.7152,0.7357,0.752,1.1082,1.0549,1.0263,0.7029,0.6292,0.9854,0.6497,0.6906,0.8216,0.6702,0.6661,0.9813,0.7602,0.6743,0.6783,0.6047,0.7766,0.7561,0.7152,1.0836,1.0222,2.7336,2.9417,0.8421,0.7111,0.6661,1.0222,0.7889,0.9321,1.0099,0.6251
2/13/2021,44.5452,1.0766,0.8245,1.0584,1.6175,1.168,1.3507,1.3909,0.9853,0.5979,1.1095,1.5042,0.883,0.8501,0.777,0.7331,0.7441,0.755,0.7295,0.7477,1.0401,0.9926,0.9487,0.8354,0.5687,0.8318,0.5723,1.062,0.5321,1.3909,0.6491,0.66,0.7185,0.5212,0.7148,0.7222,0.8062,0.9487,0.5979,1.8736,2.012,0.7624,0.9816,0.9962,0.8245,0.8354,0.8026,0.7587,0.682
2/12/2021,46.133,1.0513,0.8759,0.6929,1.6958,1.7072,1.0971,1.589,1.4136,1.1238,0.7654,0.7158,1.1467,0.5899,0.67,0.7425,0.9293,0.9865,0.7158,0.7463,0.7387,0.7539,1.0399,0.7959,0.8607,0.9293,0.5556,0.5938,0.6014,1.3869,0.834,0.6738,0.4908,0.4794,0.5671,0.6548,0.773,0.7692,0.6548,2.7448,2.9538,0.9408,1.0666,1.1047,0.6929,1.0018,0.6586,0.8035,0.7577
2/11/2021,48.281,0.8031,1.218,0.8716,1.7658,1.5,1.6127,0.8152,1.1173,0.6621,0.8917,1.4395,1.077,0.7346,0.7749,0.791,0.9441,1.1415,0.6742,1.1455,0.7427,0.6299,1.1173,0.8595,0.791,0.9119,0.9078,1.0126,0.6098,1.4838,0.7991,0.642,0.6218,0.7387,0.497,0.5856,0.8394,1.077,1.0569,2.6442,2.8451,1.1294,0.6178,0.7225,0.9159,0.9844,0.9562,0.6621,0.8998
2/10/2021,54.5375,1.0648,0.8042,0.6832,1.6512,1.5488,2.0002,1.0323,1.1486,1.023,1.6466,0.9252,1.4464,0.8787,0.6786,0.7065,0.8554,1.2603,0.7484,0.8647,1.1114,0.9811,1.0881,0.7577,0.874,0.7018,0.9904,1.1765,0.7996,0.9811,0.9159,0.5995,0.9438,0.8182,0.5157,0.902,0.8787,1.2184,1.023,3.7737,4.0661,1.2789,1.3441,0.6553,0.8694,1.1626,1.144,1.2277,0.7717
2/9/2021,52.8567,1.3374,1.3105,0.7543,1.9475,1.786,1.4451,0.9875,1.2298,1.3823,0.7588,1.5841,1.2881,0.7722,0.8754,0.8844,1.1804,0.9068,1.1176,1.1535,0.8709,0.687,1.2298,0.9113,0.8933,1.0189,0.9427,0.6287,0.696,1.2253,0.8305,0.7139,0.6511,0.8754,0.7319,0.7184,0.9517,0.678,1.2432,2.9989,3.2286,1.01,1.158,1.1087,1.0862,0.8889,0.7229,0.7274,0.7274
2/8/2021,55.5645,1.4699,1.3986,0.7707,1.7648,2.0217,1.4842,1.5698,1.7886,1.6554,0.804,1.527,1.3653,1.0514,0.7041,0.785,1.156,0.9325,1.2321,1.1846,0.8659,1.0561,0.8231,1.3843,0.9182,1.0276,0.9943,1.2511,0.785,1.7411,1.1275,0.5995,0.5186,0.9134,0.8944,0.7232,0.785,1.2226,0.8373,2.466,2.6524,0.8278,0.6471,1.3035,0.8468,0.8897,1.0989,0.8278,0.8706
2/7/2021,59.9539,1.559,1.107,1.0707,1.6681,2.0162,1.8292,1.6006,1.6318,2.0422,1.6162,1.4759,1.3356,1.0707,0.9979,1.1486,1.3616,0.8888,1.1746,1.3772,1.0083,1.2057,0.681,0.7797,1.1642,0.7641,0.8213,1.6318,0.8628,1.4032,0.9927,0.5927,0.7174,0.6602,0.8784,0.5875,1.0603,1.133,0.8057,3.0102,3.2407,1.2421,0.8525,1.424,1.4084,1.2317,0.7849,0.8421,1.1954
2/6/2021,48.841,1.2653,0.7874,1.1142,1.2775,1.1387,1.4246,1.8371,1.5757,1.4695,1.1468,1.7268,1.2244,0.7834,0.9835,0.9018,0.8283,1.057,1.1346,1.1428,1.0733,0.6813,0.5873,0.8365,1.155,0.5996,1.0407,0.7752,0.6363,0.7099,0.767,0.7956,0.5955,0.669,0.5914,0.6976,0.7262,0.6404,0.8079,1.9996,2.1482,0.7997,1.1346,1.1632,1.1387,1.0202,0.7425,0.6813,0.8079
2/5/2021,52.7628,1.2141,0.8247,1.3529,1.2007,2.2705,1.4782,1.8139,1.5857,1.5454,1.1783,1.0216,0.7575,0.9455,0.7844,0.7799,1.1201,0.6993,1.1917,1.2589,1.1336,1.1783,1.0395,1.3708,0.7934,0.8381,0.7441,1.6573,0.7307,1.0261,1.0127,0.7531,0.5561,0.8068,0.5561,0.7217,0.9545,1.1604,0.7396,2.0703,2.2246,1.2096,1.0127,1.0977,0.6949,0.9366,1.2499,0.771,0.6993
2/4/2021,42.5838,1.0001,1.1004,1.0589,0.9241,1.7299,1.2561,1.6676,1.5189,0.9206,1.2768,0.9448,0.8998,0.6508,0.7581,0.7062,0.72,0.6266,0.9171,0.8964,0.7753,0.9171,0.8998,1.0313,0.7304,0.8583,0.6336,0.6024,0.6059,0.6578,0.6508,0.5125,0.516,0.6197,0.4675,0.5817,0.6508,0.8238,0.6163,1.9398,2.0836,0.886,0.8826,0.5194,0.6197,0.72,0.8653,0.6993,0.6439
2/3/2021,44.0784,0.8413,0.9135,0.8161,1.1877,1.0434,1.6387,1.0325,0.9496,0.78,0.6718,0.8991,0.6176,0.8846,0.6249,0.6429,0.7259,0.946,0.8954,1.0434,1.0145,0.982,0.9135,0.7042,0.5671,0.8558,0.7728,1.1408,0.6537,1.2346,0.8269,0.4084,0.7151,0.5419,0.4409,0.7187,0.7836,0.6501,0.6718,2.7411,2.9498,1.1011,0.6537,0.5274,0.7475,0.8991,0.8954,0.9748,0.8377
2/2/2021,40.6233,0.5875,0.9725,0.6071,1.0671,1.5238,1.1095,1.1649,0.9822,0.6397,0.9888,0.9692,0.93,0.5647,0.5777,0.7996,0.6756,0.8942,0.6984,0.6919,0.7735,0.8191,0.7767,0.5973,0.8452,0.6593,0.643,0.6691,0.5842,0.6527,0.6919,0.5386,0.4635,0.6691,0.5516,0.6462,0.7376,0.9366,0.6136,2.6388,2.8392,0.6691,0.8713,0.6723,0.5679,0.8257,0.855,0.6267,0.7441
2/1/2021,51.0823,1.1317,1.0714,1.0972,1.4031,1.4462,1.8943,1.2954,1.2523,0.8172,0.7914,0.9163,0.8258,0.6966,0.8861,0.7052,1.0886,1.0455,0.9034,1.1705,0.8043,1.0585,0.9292,1.0369,0.7827,0.632,1.1145,0.6406,0.7569,0.8431,0.8387,0.6923,0.507,0.7569,0.8172,0.5803,0.9077,1.0671,1.1748,3.7212,4.0094,0.744,0.8043,0.7827,1.0972,1.0283,0.9206,0.688,0.9077
1/31/2021,52.5763,1.2722,0.9334,0.969,1.6689,1.2454,1.3702,1.5976,1.3658,1.1875,1.6555,1.183,1.1473,0.8309,0.7016,0.7328,1.1384,0.6971,0.8219,0.9066,1.0092,0.8665,1.0047,1.3301,0.8487,0.8353,0.92,1.3435,0.7372,1.5307,1.0805,0.6525,0.8799,0.8442,0.6258,0.8665,0.871,0.8086,1.1473,2.3215,2.4962,1.3569,0.9824,1.1429,0.8933,1.1295,1.1429,0.8531,0.6303
1/30/2021,51.0823,1.2049,0.7914,1.2868,1.6228,1.2308,1.1274,1.0369,1.2739,1.2093,0.9335,1.2437,1.3342,0.7483,0.9938,0.7871,0.8474,1.2093,0.6837,0.9852,0.9508,0.8301,0.7224,0.8861,0.8689,0.6837,0.6061,1.2049,0.6664,1.5582,1.024,0.7138,0.7871,0.7009,0.675,0.7354,0.7957,0.9594,0.9766,3.5514,3.8259,0.8387,0.744,0.6966,1.0757,0.8689,0.8431,1.0628,0.6793
1/29/2021,44.5451,0.7879,0.755,0.7331,1.179,1.5298,1.1351,1.3471,1.369,0.8903,1.0218,1.2776,0.8903,0.8245,0.6564,0.9451,0.7002,0.6271,0.9999,0.7185,0.9451,0.7989,0.9816,0.872,0.5431,0.5614,0.6381,0.6162,0.66,0.978,0.9195,0.576,0.6198,0.5065,0.7075,0.7404,0.7002,0.9889,0.565,2.8482,3.0656,1.0547,0.5321,0.6966,0.9122,0.8939,0.8428,0.66,0.7331
1/28/2021,37.3544,0.5894,0.6774,0.7361,1.2469,1.4406,1.3497,1.2557,0.9035,1.0209,0.7596,0.7244,0.7361,0.7684,0.6921,0.7626,0.5365,0.5776,0.7626,0.6363,0.6158,0.6804,0.4866,0.8624,0.6422,0.7684,0.5453,1.1266,0.5424,0.5923,0.7567,0.5835,0.6334,0.5982,0.3898,0.469,0.6217,0.6422,0.56,1.7465,1.8746,0.5101,0.4896,0.6275,0.6892,0.7538,0.7919,0.7684,0.8095
1/27/2021,43.798,1.1225,0.8576,0.6428,1.3802,1.4697,1.0008,1.7239,1.0724,1.4196,0.9292,1.1977,0.7323,0.6678,0.564,0.8182,0.6177,1.0079,0.6213,0.8146,0.786,0.879,0.7788,0.9363,1.0938,0.6893,0.9327,0.6106,0.5712,0.8325,0.6678,0.5819,0.5891,0.4817,0.6285,0.4531,0.6643,1.058,0.9435,2.0829,2.2383,1.101,1.0115,0.6177,0.7931,0.6177,0.99,0.9327,0.5748
1/26/2021,55.9384,1.0631,1.3364,1.02,1.9979,1.6671,1.7438,1.4994,2.1897,1.2309,0.8138,1.6144,0.7659,1.0487,1.1398,1.2597,0.9097,1.1878,0.9816,0.8905,1.2692,0.7995,1.1063,1.2165,1.3124,0.7947,1.0104,0.646,0.7995,0.8618,0.9672,0.555,0.6508,0.5981,0.8666,0.6844,0.857,0.9001,0.8234,2.643,2.8437,1.4418,1.4226,1.2309,0.7755,1.0871,1.1302,1.183,1.1015
1/25/2021,58.2732,1.524,0.9258,1.0716,2.1876,1.6648,1.7855,1.2224,2.0418,1.2827,1.157,1.4235,0.7649,0.8102,0.956,0.8956,1.1671,0.8454,1.0113,1.0716,1.147,1.1721,1.2777,1.4285,1.4436,1.0917,0.8454,1.4034,0.7901,0.9459,1.2174,0.8152,0.5487,0.9258,0.6996,0.7649,1.0062,1.1671,1.152,3.0293,3.2614,1.3431,0.8554,0.7146,0.8504,1.3984,1.2274,1.0917,0.8504
1/24/2021,55.5648,1.4129,1.4081,1.4176,1.9789,1.3986,1.9503,2.0407,1.6745,1.2464,1.5793,1.3938,0.9277,1.1465,1.0847,0.766,1.3225,0.7517,1.2226,1.0181,1.2226,1.1465,0.7993,0.8706,0.8564,1.0133,0.6518,1.3701,0.6661,1.0419,1.1513,0.8088,0.5234,0.7327,0.7945,0.6661,1.0038,1.332,1.2749,1.7986,1.9309,0.8659,1.0561,0.9895,0.8183,1.2083,1.0276,1.1227,1.0799
1/23/2021,59.9542,1.2785,1.3097,1.185,1.9539,1.8292,1.133,1.5382,1.2941,0.8317,1.5279,1.6474,1.3928,0.9564,0.7901,1.1018,1.0603,0.8628,0.9044,1.0707,0.9512,1.0031,0.8473,1.0343,1.0187,0.8109,0.7226,0.9304,0.7901,1.5071,0.8628,0.8732,0.9304,0.6706,0.5563,0.7382,0.8577,0.9564,1.2993,4.8501,5.2298,0.8213,1.0187,1.1538,0.8161,1.4551,1.3668,1.0135,1.2005
1/22/2021,49.7747,0.8476,0.927,1.0857,1.7165,1.7499,1.8168,1.4784,1.7875,1.2486,1.2403,1.4993,0.6387,0.8852,0.7891,0.9019,0.9813,0.881,1.1024,0.856,0.9437,0.7849,1.0606,1.2528,0.6513,0.7891,0.9938,1.4575,0.6721,0.9813,0.739,0.7682,0.8392,0.6972,0.5719,0.6596,0.9061,1.0732,0.7473,1.6461,1.766,0.7056,1.1526,0.8852,1.0022,0.7724,1.0606,1.1275,0.6345
1/21/2021,48.7472,0.7005,1.0387,0.7901,1.1894,1.3035,1.1161,1.0753,1.8455,1.2098,0.6964,1.5969,0.9327,0.9938,0.7901,0.7412,0.6923,0.8879,0.6801,1.1568,1.1079,0.6923,0.6556,0.8634,0.8879,0.8716,0.619,0.7208,0.7249,1.4747,0.896,0.5456,0.7738,0.6067,0.6556,0.6923,0.8105,1.0101,0.8064,3.1291,3.3693,1.0509,0.9694,0.9816,0.6475,1.059,1.2628,0.676,0.7494
1/20/2021,48.1875,1.0427,0.9383,0.6811,1.3683,1.1673,1.4406,1.4125,1.3321,0.9584,1.2557,0.8338,1.0026,0.8539,0.8699,0.8378,0.7333,1.0267,0.8338,1.1111,0.9825,1.0347,0.9302,0.9101,1.0267,0.7092,0.6931,0.9383,0.6087,0.7454,0.9664,0.6409,0.8137,0.669,0.7172,0.5886,0.7092,0.9383,0.6369,2.8644,3.0831,0.8659,0.9865,1.1432,1.0427,0.7293,0.882,0.9222,0.7092
1/19/2021,59.6736,1.5257,1.4895,0.9056,1.6239,2.1406,1.9339,1.6394,1.2725,1.3758,1.0606,0.9521,0.9624,0.7609,0.9056,0.7816,0.9211,0.9624,1.1743,1.2208,0.9004,0.9934,1.04,1.2673,1.2621,0.8436,0.7351,0.9624,0.9056,1.2673,1.0451,0.8488,0.6162,0.8281,0.9728,0.8126,0.9728,1.2932,0.7557,4.6485,5.0119,0.8229,0.8074,1.1588,1.1278,1.04,0.9108,1.0348,1.1795
1/18/2021,59.02,0.8299,0.9014,1.0034,1.9064,1.4422,1.136,1.136,1.233,1.0901,0.9881,1.7126,1.4269,0.8248,1.136,0.9626,1.2279,1.3401,1.2534,1.0697,1.3299,0.983,0.6769,1.1565,1.2228,0.8809,0.9116,1.7534,0.733,1.5493,0.8963,0.7636,0.8912,0.6514,0.6054,0.8605,1.0748,1.0136,1.3809,4.1358,4.4576,0.7534,1.585,1.2432,0.7585,1.1463,0.932,1.2636,0.7891
1/17/2021,49.588,1.0442,0.7614,0.6616,1.1897,1.3062,1.0067,1.7969,1.4933,1.3602,1.5515,1.4559,1.0941,0.7946,0.7073,1.1024,0.8238,1.1565,0.9028,1.0275,1.1232,0.6907,0.5825,0.9153,0.9485,0.6283,1.0026,0.6657,0.6865,0.6948,1.0234,0.7822,0.8446,0.7364,0.6865,0.674,0.7655,0.6616,0.62,3.1682,3.4116,0.8404,0.8446,0.8113,0.9693,0.6865,1.1523,0.882,0.8529
1/16/2021,59.7674,1.2072,1.347,1.5385,1.9578,2.7498,1.699,1.7145,1.3677,1.5903,1.2124,1.8905,1.0312,1.0312,0.9587,1.2124,1.114,0.8086,1.3987,1.378,1.3935,1.1709,0.7154,1.1192,1.4143,0.6585,1.1347,0.85,0.6895,0.9276,1.0674,0.4928,0.6585,0.8811,0.8759,0.6326,1.0881,1.3055,1.0881,2.5522,2.7456,1.347,1.3004,1.1295,0.9173,1.2072,1.259,1.2331,0.705
1/15/2021,60.701,1.3682,1.5,1.4947,1.5,1.4578,1.247,2.0376,1.7372,0.8676,1.0257,1.2892,0.7727,1.11,0.7411,1.1733,1.1047,1.1416,1.2418,1.031,0.9308,0.8676,1.4104,1.5105,1.0837,0.7306,0.7675,1.6423,0.8202,1.0573,1.1047,0.7358,0.9941,0.778,0.8307,0.6673,0.8992,1.1891,1.2418,3.6462,3.9283,1.4947,1.4789,1.1364,1.1416,1.3841,1.1996,0.9466,1.2418
1/14/2021,50.242,0.813,0.7454,0.7158,1.8437,2.2534,1.4804,1.0326,1.9324,1.455,0.9735,0.9312,1.0031,0.813,0.9904,1.0242,1.1425,1.1087,0.8806,0.8341,1.1044,0.6482,0.8087,1.1509,1.2016,0.7116,0.6482,0.7834,0.7031,1.2903,0.9228,0.6609,0.5426,0.6102,0.5342,0.5891,0.9228,1.0411,0.9186,2.3162,2.4905,1.0537,0.6398,0.6355,0.9735,1.134,0.9862,1.1213,1.1256
1/13/2021,58.2732,1.5542,1.1068,1.2576,1.7402,1.8357,1.6849,1.9865,1.5743,1.147,1.6397,1.524,0.8856,0.7699,1.2576,0.9057,0.8353,1.2325,1.3129,1.1269,1.3028,1.3028,1.2526,1.4386,1.0012,0.8252,0.8604,1.142,0.8604,0.8504,0.8906,0.8051,0.6091,0.6996,0.7398,0.7549,0.9962,1.0816,1.3129,2.3456,2.5223,1.0917,1.4537,0.8655,1.0666,1.2023,1.3531,1.0113,1.2576
1/12/2021,76.4831,1.7555,1.5843,1.8856,2.7485,3.584,2.05,1.3651,2.817,2.4198,2.05,2.5841,1.6596,1.4542,1.0022,1.6596,1.5843,1.5226,1.2829,1.7897,1.5158,1.1254,1.1597,1.9198,0.9131,1.5089,0.8789,1.0569,1.0501,1.3788,1.5637,1.235,1.146,0.8378,1.2145,1.1117,1.1597,1.8445,1.2829,2.1411,2.3012,1.4815,1.4747,1.3103,1.3172,1.1871,1.2555,1.7486,1.5637
1/11/2021,78.6314,1.8336,1.5652,1.0919,2.3492,2.5893,1.6711,1.5581,2.5752,2.1938,1.7912,1.438,1.7135,1.3321,1.544,1.544,1.0284,1.5722,1.657,1.4945,1.1908,1.2403,1.438,1.2685,1.9748,1.325,1.0778,2.3492,0.873,1.6852,1.1131,0.9224,1.2685,0.873,1.2191,1.0001,1.3886,1.9466,0.9083,5.0438,5.4392,1.2756,1.3674,0.9507,1.0354,1.2968,1.6429,1.7771,1.1979
1/10/2021,75.0824,1.4144,1.2333,1.8437,1.884,2.6957,2.9707,2.9506,1.723,1.0656,1.5955,1.4345,1.1662,0.9448,1.5955,1.1259,1.7565,0.9851,1.4614,1.193,1.1394,1.3741,1.6827,1.4345,1.0119,0.9918,1.2333,1.4882,0.9314,1.1729,1.1058,1.1863,1.0589,1.1461,1.2333,1.0052,1.2668,1.0589,1.354,4.5925,4.9513,1.7163,1.9846,1.2064,0.9448,1.6156,1.6827,1.5419,0.9314
1/9/2021,76.3899,1.1994,1.1104,1.938,1.9448,1.6849,2.9228,2.3483,2.6219,1.0079,1.637,2.15,1.5208,1.2199,0.9395,1.2951,1.5345,1.6507,1.726,1.3019,1.7465,1.3088,1.5139,1.2472,1.3361,0.9873,0.96,1.6644,1.0968,1.2541,1.4319,1.213,0.8027,0.8369,1.172,0.8574,1.0626,1.8217,1.2335,4.659,5.0232,1.4456,1.3019,1.0694,1.1446,1.8285,1.808,1.2746,1.5345
1/8/2021,9.6186,0.202,0.2067,0.1977,0.2058,0.2089,0.2139,0.2141,0.21,0.2107,0.2099,0.2215,0.2076,0.1973,0.1871,0.2034,0.2016,0.1956,0.1929,0.1977,0.189,0.1921,0.2016,0.2067,0.1835,0.1846,0.1942,0.1918,0.1864,0.1987,0.1953,0.1906,0.1866,0.1853,0.1795,0.1856,0.1927,0.1961,0.1976,0.2564,0.2637,0.2094,0.2028,0.2047,0.1838,0.1968,0.1947,0.1885,0.1955
1/7/2021,80.4986,1.1164,2.1169,2.0734,2.3126,3.6829,1.7471,1.5514,3.0811,1.4571,1.2976,1.2976,1.7906,1.0657,1.2324,1.4354,1.3701,1.0294,1.0802,1.7979,1.6094,1.6601,1.0077,1.4861,1.5586,0.9062,1.1454,2.5446,0.9642,1.3774,1.5586,0.7394,0.8119,1.1672,0.9279,1.0802,1.3411,1.6384,1.0439,5.6744,6.121,1.3846,1.2251,1.6239,1.0367,1.3701,1.4209,1.8269,1.7109
1/6/2021,67.7982,1.3208,1.2131,1.8171,2.5466,1.6257,1.2969,1.554,2.3553,1.7812,0.962,1.7693,1.6018,1.0756,1.1175,1.3208,1.5958,1.255,1.0337,1.2311,1.0577,0.8543,1.6257,1.0397,1.0457,0.6929,1.1533,0.8543,0.9799,1.255,1.0517,0.95,1.0756,0.7348,1.0098,0.6929,0.9919,1.0158,0.9381,4.9021,5.286,1.4045,1.2012,1.6437,0.7945,1.3447,1.0696,1.3626,1.2969
1/5/2021,63.5956,1.5288,0.9117,1.6455,2.1403,1.7678,2.3349,2.4072,2.0291,0.756,0.895,1.273,1.6177,1.0228,1.0729,1.0506,1.0173,0.8561,1.5121,1.0506,1.4787,0.9005,0.8672,1.551,0.7671,0.6726,1.0395,1.0117,0.7337,1.0173,1.2452,0.7838,0.8283,0.8616,0.7337,1.0618,1.1563,0.806,1.1841,4.1044,4.4237,1.4898,1.1118,1.3675,1.4676,1.0896,1.0228,1.1507,0.7782
1/4/2021,65.6507,1.5387,1.3485,1.6252,2.0576,1.9135,2.2306,2.5822,1.6886,1.3427,1.0948,2.2421,1.141,1.3024,1.1986,1.4696,1.3139,0.8931,1.4062,1.0891,1.1698,1.2851,1.4638,0.9738,1.0084,1.2678,0.8873,1.2563,0.9853,1.5676,1.2159,1.0602,0.9968,0.9565,0.8469,0.6509,1.0891,1.5157,1.1813,2.3136,2.4877,1.337,1.8155,1.3081,1.3658,0.9046,1.0891,0.8412,1.3312
1/3/2021,70.7869,1.7112,1.121,1.1713,1.8117,1.7991,1.6422,1.6045,2.0189,1.1775,2.0754,1.2843,1.3973,1.1964,1.1524,1.2215,1.1273,1.4098,1.0017,1.1901,1.7049,0.9955,1.0206,1.0394,0.9892,1.2278,1.2466,2.2512,1.008,1.1461,1.0394,1.0708,1.0896,0.9515,0.8385,0.6815,1.2215,1.6861,1.0017,5.181,5.5875,1.6673,1.2466,1.1399,1.7049,1.1775,0.9641,1.2592,1.5354
1/2/2021,66.0242,1.4026,1.6115,1.7217,1.6231,2.8184,1.362,2.006,2.0292,0.8397,2.0582,2.0757,1.1125,1.3213,1.4258,1.2691,0.9268,0.9558,0.9732,1.3794,1.3968,0.9558,0.8688,1.2865,0.8978,0.6773,1.3388,1.6811,0.7759,2.0234,1.066,0.5322,0.9094,0.9964,0.8978,0.8107,1.1821,1.2227,1.4664,3.0552,3.2894,0.8572,1.8203,1.3852,1.1125,1.1589,1.42,0.9848,1.0428
1/1/2021,52.7633,0.7665,0.8426,0.7754,1.3126,2.1004,1.3932,1.7647,1.0709,0.9903,0.9724,0.8292,1.3126,0.9769,1.0172,0.7531,0.7352,1.0172,1.1112,0.8739,0.8157,0.9366,1.2007,1.0977,1.1962,1.0082,1.1112,1.4603,0.771,1.5678,1.1246,0.7665,0.7396,0.8247,0.583,0.6456,0.8515,1.0575,1.0127,2.5585,2.7525,1.2096,1.4738,0.9008,0.7083,1.1022,1.1201,0.8829,0.668
12/31/2020,45.6037,0.727,0.8398,1.1782,1.1068,1.3775,1.4377,1.637,1.4978,1.4527,0.8924,0.8247,0.7683,0.6141,0.6029,0.8285,0.6367,0.7382,0.8999,0.7307,0.8849,0.9375,0.6367,1.0015,0.9037,0.8736,0.9864,1.3399,0.6894,0.9112,0.663,0.6781,0.6706,0.7044,0.4825,0.6518,0.648,0.7721,0.7082,2.5446,2.7374,0.7006,0.7119,0.8022,1.0353,0.6593,0.6706,0.7909,1.0165
12/30/2020,55.9598,0.9772,0.8621,1.145,2.0371,2.0515,1.7973,1.6774,1.4232,1.1115,1.0299,1.3561,0.8045,0.8285,1.1786,1.1355,0.91,1.3177,0.934,1.1019,0.9388,1.2122,1.1355,1.4376,0.8429,0.6559,0.7662,1.3225,0.8381,1.3561,1.0203,0.8717,0.91,0.6223,0.6798,0.7518,0.8717,1.1115,1.2649,2.5219,2.7129,1.193,0.8477,1.2697,0.7374,1.2841,0.7566,1.2506,1.0971
12/29/2020,49.1462,0.8003,1.1953,1.1295,1.2365,1.4957,1.5903,0.9238,1.3311,0.7797,1.1624,1.4751,1.3023,0.895,0.825,1.0883,1.0061,0.8332,0.8785,0.7674,1.0266,1.0678,0.7057,0.7715,0.9484,0.9073,0.644,1.1748,0.7345,0.9073,0.9978,0.5617,0.7797,0.5205,0.5205,0.6892,0.8127,1.1089,0.8991,2.3317,2.5072,1.0307,1.2858,0.5905,0.6851,1.0883,1.2529,0.8703,1.0102
12/28/2020,57.6856,1.5082,1.1952,1.061,1.5777,2.6708,1.9156,1.4337,1.5827,0.8076,1.6274,1.1654,0.7977,0.8424,0.7231,1.1952,0.9219,1.0014,1.0461,1.0859,1.1008,1.1554,0.6436,0.7679,0.8225,0.7033,1.0362,0.9815,0.6685,1.3243,1.0362,0.6287,0.6287,0.6586,0.5989,0.7331,0.9815,0.897,0.907,4.7745,5.1481,0.897,1.2001,0.912,0.6635,1.1604,0.7927,0.7728,0.9318
12/27/2020,63.7726,1.6837,1.1929,1.3212,2.4645,1.7785,1.6558,1.5833,1.1873,1.4383,0.8917,1.9904,1.4606,1.2208,1.1483,1.271,0.9363,0.9084,1.165,1.0479,0.9419,1.0479,0.6965,1.4996,1.561,0.8359,1.1929,1.3323,0.9698,1.957,0.9754,0.9475,0.769,0.8582,0.7579,0.9586,0.914,1.1538,1.2431,3.6828,3.9679,0.8527,1.4215,0.7969,1.1538,1.1148,1.7004,0.8415,1.2821
12/26/2020,48.9649,0.8385,0.8221,0.732,1.7889,1.3096,1.2481,0.9491,1.6496,1.6086,1.2195,0.7525,0.8303,0.7402,0.6296,0.9614,0.7975,1.1293,0.9737,1.1621,0.8426,0.7566,0.9614,0.8467,1.0269,0.605,0.9532,1.285,0.6419,1.4775,0.732,0.6009,0.7443,0.5517,0.6992,0.7279,0.7238,0.6255,0.7238,2.9284,3.1523,1.0638,0.6541,1.0392,0.6582,1.0474,1.2563,0.8958,0.6009
12/25/2020,53.325,1.1593,1.3678,1.2681,1.6805,1.4358,1.9479,1.6851,1.5355,0.7106,1.676,1.4312,1.2273,0.9689,1.1321,0.7831,0.8329,1.055,1.055,0.8148,0.9871,1.0505,1.1638,1.1366,1.0686,1.0007,0.7015,0.8692,0.8012,0.8148,0.8511,0.7468,0.6652,0.7196,0.6426,0.5338,0.9009,1.2046,1.182,2.007,2.1563,1.114,1.3043,1.0097,1.0278,0.8103,0.91,1.1004,1.0777
12/24/2020,48.4196,0.6962,1.1004,0.9144,1.2701,2.1594,1.8279,1.2742,1.6096,0.68,1.5207,0.7123,1.2418,0.6719,1.0276,0.9104,0.7083,0.7608,0.6881,0.9589,0.8053,0.9831,0.967,0.7042,0.7083,0.8053,0.9063,0.8902,0.6962,1.2095,0.8134,0.5911,0.5183,0.5749,0.5264,0.68,0.7932,0.9831,0.9023,3.183,3.4275,0.9468,0.6557,1.1044,0.6234,0.6881,0.7325,0.6962,0.5709
12/23/2020,46.5121,1.1256,0.9716,0.8791,1.2912,1.9151,1.5801,1.1218,1.2835,0.702,0.6789,0.806,0.5903,0.9485,0.9138,1.0062,1.0447,0.6442,0.6673,0.8714,0.7944,0.7713,0.6596,0.7328,0.6712,0.7174,0.6442,0.8021,0.5556,0.7636,0.9292,0.5171,0.6596,0.5094,0.6173,0.6481,0.7752,0.6789,1.0101,3.5773,3.8538,0.6173,0.8676,0.9831,0.7598,0.8175,0.8522,0.8406,0.8445
12/22/2020,39.6984,0.8957,0.7277,0.9686,1.1905,1.5075,1.0384,1.032,1.0099,0.9908,0.9813,0.5946,0.5978,0.5629,0.8197,0.8228,0.658,0.8102,0.5787,0.6263,0.6421,0.7499,0.6612,0.9813,0.9877,0.7594,0.4963,1.1747,0.6041,0.8387,0.8133,0.6168,0.3949,0.6326,0.5914,0.4234,0.658,0.8482,0.5819,1.8193,1.9533,0.7563,0.826,0.7943,0.7309,0.9084,0.6263,0.7309,0.6834
12/21/2020,46.058,0.9925,0.9697,0.6234,1.0991,1.7423,1.0458,1.3541,1.6738,0.6995,0.9126,1.5862,0.6728,0.7451,0.8783,0.8175,0.6843,0.9849,0.7756,0.7223,0.8213,0.7794,0.5396,1.2209,0.8517,0.6272,0.7832,0.6843,0.5815,1.2171,0.806,0.4102,0.5587,0.494,0.7109,0.7528,0.6614,0.6424,0.7337,2.95,3.1757,1.0458,0.9925,0.9773,0.8783,0.6881,0.7185,0.9392,0.8365
12/20/2020,40.698,1.007,0.886,0.9874,1.2817,1.1247,0.922,1.0887,1.1345,0.7585,1.2195,0.958,0.5427,0.7912,0.765,0.6931,0.9383,0.8108,0.9253,0.8697,0.837,0.6637,0.6931,0.7847,0.8108,0.559,0.8239,0.6768,0.5165,0.9449,0.8043,0.474,0.6702,0.6669,0.6735,0.6375,0.5983,0.7781,0.595,1.8306,1.9655,0.5427,0.5427,0.7062,0.8174,0.9155,1.0135,0.6146,0.837
12/19/2020,49.6914,1.1089,1.3048,1.1089,1.7885,1.1839,1.1506,1.3132,1.7384,1.6717,1.234,1.4925,0.7503,0.8713,0.9296,0.717,1.1214,0.8171,1.1422,1.1548,0.8838,0.6586,1.1548,0.8296,0.9671,0.6628,0.9713,1.4049,0.5919,1.2465,0.8587,0.6961,0.7378,0.6545,0.7253,0.7045,0.7295,0.8337,1.1589,1.0121,1.0806,1.1881,1.1464,0.9046,1.1756,1.0797,0.9171,1.0589,1.0589
12/18/2020,46.3305,0.8068,0.9256,1.1173,1.2782,1.5274,1.7727,1.0943,1.2821,0.8413,0.7608,1.4316,1.0253,0.6228,0.6458,1.0253,0.8681,0.6535,0.78,0.9448,0.9333,0.8183,0.7071,0.665,0.7608,0.5346,0.9256,1.0329,0.6611,1.3012,0.6803,0.734,0.757,0.5691,0.5116,0.7455,0.7838,0.6995,0.8374,2.5629,2.7572,1.0214,1.1901,0.596,0.5346,1.0789,1.0099,0.9371,0.5806
12/17/2020,40.3348,0.9847,0.9556,0.5741,0.9621,1.7899,1.072,0.8813,0.8069,0.9362,0.7713,0.9686,0.794,0.7422,0.5838,0.7196,0.5644,0.7584,0.8392,0.8716,0.8586,0.8683,0.739,0.6355,0.7002,0.6582,0.5159,0.6873,0.6129,0.9007,0.8198,0.5029,0.5482,0.4156,0.6582,0.49,0.6905,0.9298,0.8489,2.0778,2.2327,0.9071,0.7455,0.8425,0.891,0.739,0.6355,0.7875,0.8198
12/16/2020,43.1508,1.1263,0.8908,0.7431,1.1193,1.8047,1.4215,0.933,1.5165,1.1087,1.1087,1.2106,0.8556,0.8662,0.8416,0.715,0.7256,0.6025,0.933,0.9083,0.831,0.8029,0.9892,0.9083,0.6974,0.831,0.7713,0.8064,0.599,0.9997,0.7326,0.4127,0.5322,0.585,0.4584,0.6307,0.7291,0.9576,0.8451,1.2156,1.3006,0.6904,1.1298,0.94,0.9611,0.9892,0.6271,0.8908,0.8556
12/15/2020,42.1518,1.0546,0.7677,0.9453,1.2151,1.6864,1.5464,1.1366,1.2015,0.7541,0.8634,1.0751,1.0546,0.6482,0.7951,0.9078,0.778,0.7097,0.8258,0.7438,0.7404,0.7302,0.5287,0.8838,1.0205,0.6414,0.9214,0.9726,0.5594,1.0375,0.7507,0.3818,0.6311,0.6243,0.4433,0.5389,0.6858,0.8258,0.7951,1.3138,1.4068,0.7609,0.9487,0.6448,1.0034,0.8292,0.9487,0.9317,0.9419
12/14/2020,42.878,0.6131,0.7212,0.941,1.0909,1.8652,1.3211,1.6036,1.3456,0.6898,1.1677,0.648,1.1502,0.7456,0.6305,0.6584,0.7282,0.8573,0.5887,0.7875,0.648,0.8642,0.6933,0.6445,0.6236,0.6375,0.8503,0.5503,0.5364,1.1293,0.8259,0.3899,0.5887,0.5922,0.4841,0.5468,0.634,0.6445,0.8049,2.8248,3.0403,0.7247,0.7526,0.7038,0.8852,0.9165,0.7596,0.7491,0.6794
12/13/2020,43.514,0.8379,1.0332,0.8627,1.4594,1.2321,1.6014,1.1255,1.0794,1.2889,1.3528,0.9977,0.5999,0.7455,0.5538,0.8379,0.774,0.7349,0.8983,0.8379,0.9977,0.6745,0.7136,0.6532,0.5857,0.6355,0.6248,0.5786,0.6248,0.8343,0.9125,0.6212,0.7207,0.607,0.5786,0.6212,0.6248,0.6106,1.0084,2.6053,2.803,0.8876,0.5005,0.7775,0.6958,0.8983,0.6177,0.9835,0.6639
12/12/2020,43.1508,0.8416,0.7115,1.1298,1.0525,1.7133,1.3091,1.3477,1.3969,0.9751,0.94,0.7396,0.9751,0.7783,0.7291,0.6658,0.8873,0.9435,0.8732,0.8591,0.6623,0.7677,0.7607,1.1544,0.6588,0.5428,0.9294,1.1193,0.5568,1.0349,0.6307,0.722,0.5885,0.7045,0.5357,0.4619,0.7607,0.5498,0.5709,2.1699,2.3323,0.9154,0.6974,0.6096,0.5674,0.8627,0.7467,0.817,0.8521
12/11/2020,40.789,1.0618,0.9372,0.9274,1.052,0.9929,1.0848,1.3831,1.5405,1.3208,1.2323,1.2257,0.9962,0.6454,0.5896,0.77,0.9208,0.7733,0.57,0.7175,0.7274,0.6224,0.8487,0.852,0.9372,0.8224,0.6651,1.0421,0.5339,0.6618,0.6946,0.4585,0.6323,0.6421,0.5339,0.5798,0.5864,0.7044,0.8913,1.3263,1.4203,0.7077,0.6028,0.4978,0.7929,0.7634,0.911,0.711,0.8782
12/10/2020,49.2371,0.7481,1.21,1.0986,1.7749,1.2553,1.8409,1.7832,0.9667,0.8677,1.445,0.9254,1.0162,0.8141,0.6368,1.0326,1.1399,0.9955,1.0285,0.8842,1.0244,0.9461,0.6285,0.8595,0.81,0.9254,1.0491,1.4821,0.7234,1.5357,0.9461,0.612,0.4924,0.8017,0.7935,0.6203,0.8924,0.7605,0.9955,1.1951,1.2785,1.0533,1.3089,1.0285,0.9131,1.0904,1.2924,0.9625,0.7522
12/9/2020,59.5938,1.5752,1.4978,0.7394,2.1375,1.4255,1.9312,1.3688,2.0137,1.2295,0.8632,1.3946,0.8529,0.7445,1.2708,1.2656,0.7858,0.9664,1.1005,0.9973,1.0799,0.7755,0.9767,1.1005,0.8064,1.1263,0.9509,1.0386,0.9045,1.3843,1.1469,0.8064,0.5588,0.5794,0.7239,0.8735,1.0799,1.0438,0.7548,4.5374,4.8918,1.472,0.8735,0.7136,1.1727,0.9509,0.7394,1.4049,0.9664
12/8/2020,53.0529,0.9686,1.1804,1.1038,1.7525,1.6399,0.9956,0.91,1.1398,0.7524,0.7343,0.7794,0.7659,0.8019,0.7433,0.9866,1.2254,1.1533,1.1623,0.9236,0.9055,1.0948,0.7073,0.8154,1.275,0.7388,1.1218,0.7524,0.7614,1.4507,1.1083,0.5902,0.5271,0.6668,0.6668,0.6803,0.7929,0.9641,1.2029,4.0656,4.3817,1.1758,1.4101,0.9686,0.7343,1.1623,0.8785,0.7704,0.9641
12/7/2020,50.7815,0.7271,0.9282,1.0608,1.8865,1.9079,1.5913,1.6041,1.9592,1.617,0.7228,1.3389,1.1891,0.6843,0.7357,0.9453,0.71,1.1549,0.6843,1.0052,1.0993,0.8341,0.5774,1.1421,0.6843,0.5816,1.1121,1.0095,0.6202,1.5528,0.7357,0.6629,0.7742,0.7784,0.7913,0.6501,0.8854,0.8811,1.0009,2.4259,2.6091,0.9025,0.7228,0.7185,0.5988,1.1335,1.3474,0.7913,0.7057
12/6/2020,62.6818,1.0744,1.3533,1.2494,2.0368,1.6868,1.7087,1.3478,2.3157,1.0306,0.9049,2.1735,1.3423,1.058,1.1838,1.14,1.4845,1.3751,1.1728,1.3806,1.2767,1.0142,0.7354,1.2658,0.7955,1.1017,0.9322,1.2056,0.7299,1.3259,1.3259,0.6697,0.8283,0.8338,0.7463,0.8885,0.9432,1.397,0.8611,3.9451,4.2515,1.1564,0.8338,0.9978,1.2439,1.2712,1.2822,1.047,0.7572
12/5/2020,59.5032,0.8517,0.9804,1.1555,1.3049,2.6594,2.0362,1.2431,1.7117,1.6602,1.4542,1.1864,1.0165,0.9959,1.1916,0.9238,0.8156,1.0371,0.9598,1.4079,1.2328,1.0062,0.8311,1.48,1.2534,0.9032,0.8362,1.7066,0.8826,1.722,1.2019,0.6353,0.5735,0.8774,0.8671,0.6765,1.0268,0.9959,1.3615,2.9756,3.2033,1.3976,0.9289,1.1916,1.0268,1.0371,0.9753,1.0783,1.0268
12/4/2020,53.5067,1.0313,1.0404,1.0814,1.1678,2.0734,1.9778,1.3134,1.9187,0.7765,1.3407,1.3316,1.4227,0.8948,0.9767,1.1405,1.0996,0.7856,1.3043,1.2725,1.0085,1.0495,1.0358,1.3134,0.7537,0.8038,0.8493,1.1041,0.7901,0.9721,1.0404,0.7082,0.7173,0.7219,0.558,0.6035,0.7992,0.8402,0.8857,2.4561,2.6418,1.277,1.3271,0.7856,1.0176,1.0358,0.8811,0.8447,0.7355
12/3/2020,44.2408,0.9966,0.9603,1.1415,1.0437,1.1452,1.6018,1.5946,1.2575,0.8552,0.8081,1.1452,0.9712,0.6922,0.5689,0.6958,0.8299,0.993,0.6487,0.7683,1.0256,0.7356,0.6885,1.1162,0.5834,0.6704,0.9132,0.6016,0.5871,1.1923,0.8371,0.6559,0.6088,0.5182,0.6487,0.4638,0.6668,0.964,0.5508,2.3174,2.4917,1.1053,0.5146,0.8806,0.7791,0.9966,0.645,0.8661,0.8987
12/2/2020,50.6907,1.298,0.8241,0.9991,1.5925,1.2297,1.3279,1.0077,1.917,1.6822,1.2126,1.7548,1.2553,0.9266,1.0845,0.7643,1.1187,1.0546,0.7387,0.9436,0.9052,0.6491,0.7216,0.7216,0.8412,0.9394,0.8796,0.8711,0.6405,1.4943,1.076,0.5295,0.6875,0.632,0.7942,0.7515,0.8796,0.8668,0.8625,2.6099,2.8079,0.9949,0.6192,0.9009,0.9906,0.8967,0.8583,0.6747,0.8625
12/1/2020,41.0615,0.8081,0.6923,0.8841,1.3668,1.3106,1.2379,1.2544,0.9998,0.818,0.6791,0.8874,0.8246,0.7684,0.8775,0.6196,0.9039,0.8874,0.8742,0.851,0.7882,0.8279,0.8973,0.8444,0.9568,0.6361,0.6097,0.5667,0.5171,0.6659,0.6328,0.5138,0.4345,0.4312,0.5766,0.6593,0.7585,0.8643,0.9172,2.0842,2.2397,0.9734,0.7155,0.6031,0.8576,0.6659,0.851,0.6064,0.8213
11/30/2020,38.2451,0.6476,0.6082,0.8956,1.2283,1.2615,1.4218,1.2313,0.7202,1.077,0.7323,1.3251,0.7292,0.5901,0.7353,0.7323,0.7413,0.6808,0.6476,0.8169,0.6203,0.6324,0.7625,0.9046,0.6536,0.702,0.6082,0.5054,0.5175,1.1769,0.572,0.5931,0.5115,0.4389,0.6082,0.4207,0.575,0.823,0.8593,1.3032,1.3953,0.9772,0.8048,0.575,0.8018,0.9198,0.6718,0.6718,0.8169
11/29/2020,44.513,1.0649,1.032,0.9846,1.2876,1.0393,1.4592,0.9809,1.5797,1.1233,0.9042,1.1416,0.9554,0.6669,0.5902,0.718,0.8385,0.718,0.6267,1.0539,0.8057,0.8714,0.6486,0.9115,0.9882,0.9042,0.7363,0.7801,0.6779,1.1087,0.8093,0.488,0.5391,0.4989,0.6998,0.5208,0.6632,0.8677,0.6523,2.2932,2.4656,0.7436,1.1306,0.7509,0.6048,1.0795,1.0539,0.6925,0.7618
11/28/2020,45.6944,0.9055,0.6718,1.1882,1.5274,1.9421,0.9168,1.4219,1.633,0.8301,0.6868,1.0638,0.8942,0.8753,0.7698,0.9545,0.8791,0.619,0.9168,1.0449,0.8225,0.7509,0.7811,1.0638,1.1128,0.6341,0.6341,1.1279,0.6906,1.0261,0.8225,0.5888,0.6831,0.4758,0.6341,0.7019,0.8339,1.0336,0.6755,1.8312,1.9662,0.8188,0.9507,0.8565,0.5172,0.9582,0.9922,0.9545,1.0148
11/27/2020,41.2429,0.5855,0.8947,0.6952,1.011,1.2338,1.257,1.5197,1.4166,1.1872,0.8814,0.888,0.6088,0.5423,0.7684,0.7717,0.7684,0.8548,0.6587,0.9146,0.9811,0.7418,0.7119,0.6055,0.765,0.5689,0.6952,0.6587,0.6254,0.888,0.7517,0.4924,0.4825,0.5257,0.5855,0.6886,0.6022,0.6121,0.5689,2.6187,2.8175,0.6553,0.5722,0.7617,0.8049,0.8315,0.6753,0.9213,0.5756
11/26/2020,44.5134,1.0722,1.1598,0.6669,1.4264,1.1963,1.1233,1.3716,0.9298,0.9334,0.9919,1.2986,0.5939,0.718,0.791,0.6559,0.8093,0.9517,0.6559,0.9992,0.9846,0.8239,0.7874,0.6998,1.1197,0.8057,0.5683,1.0174,0.6706,1.2657,0.8969,0.6377,0.5026,0.4953,0.6998,0.5975,0.7874,0.8166,0.8531,2.1353,2.2949,0.9408,0.8093,0.791,0.8385,0.6486,1.0941,0.9919,0.5939
11/25/2020,46.0579,0.6576,0.8175,0.669,1.198,1.0382,1.6129,0.9811,1.1904,1.1105,0.8479,1.2703,1.1105,0.787,0.9088,0.7756,1.0001,0.6196,0.8936,1.0382,1.023,1.0192,0.5891,0.9088,0.5701,0.5891,0.9697,0.6157,0.5663,0.8403,0.9164,0.4178,0.5206,0.7109,0.4521,0.7566,0.8479,0.5815,0.7337,3.5627,3.838,0.7147,0.6043,0.6196,0.9545,0.9392,0.6652,1.0268,0.9773
11/24/2020,47.9653,1.1298,0.8701,1.1738,1.0859,1.5095,0.926,1.0339,1.7013,0.6742,1.2138,1.4016,1.0219,0.8261,0.8181,0.938,0.922,0.7661,1.0539,1.1418,1.0819,0.7701,1.0059,1.1099,1.2058,0.902,0.91,1.1258,0.7022,1.4655,0.8181,0.4424,0.5224,0.7142,0.7102,0.7342,0.7701,0.7502,0.7302,1.7433,1.8712,0.934,1.1178,1.1019,0.982,1.0059,0.8261,0.7542,0.95
11/23/2020,48.6923,0.9805,1.2247,0.6997,1.306,1.302,1.835,0.8788,1.0253,1.302,0.8137,1.7618,1.2613,0.7526,0.8788,0.9886,0.7933,0.777,0.6753,0.7323,0.8422,0.7404,1.1596,0.9764,1.1677,0.9602,0.7404,1.3671,0.5777,1.066,0.9032,0.5288,0.8137,0.8096,0.5655,0.6835,0.8666,0.9357,0.948,2.1513,2.3123,0.6794,1.2938,0.9317,0.5695,1.1636,1.1799,0.8666,0.9032
11/22/2020,55.5053,1.4303,0.8365,1.302,1.5301,1.2688,1.9624,1.7581,1.6393,0.9648,1.036,1.8436,1.0835,0.8507,1.0123,1.112,1.15,0.979,1.2925,1.207,0.8697,0.9125,1.0883,1.2783,1.4446,0.8983,1.0123,1.0075,0.732,0.922,0.8032,0.9363,0.732,0.6512,0.7652,0.7747,0.8412,0.7747,0.8412,2.8945,3.1157,1.0503,1.3591,1.169,0.694,0.903,1.0788,0.808,0.8888
11/21/2020,57.6855,1.1504,1.4635,1.0113,1.6622,2.0597,1.697,1.0312,1.6274,1.5827,1.1852,2.015,0.8374,0.8175,0.7082,1.2945,1.3045,1.2448,1.374,1.1753,0.9765,0.8325,1.1455,1.4982,1.0759,1.1952,0.9219,1.6125,0.7132,1.7467,0.8573,0.902,0.5791,0.8573,0.7977,0.7828,0.9914,1.2001,0.8523,2.1578,2.3193,1.2101,0.9666,1.056,0.9169,0.912,1.1703,0.9269,1.2697
11/20/2020,46.6934,1.0953,0.8941,1.2075,1.5326,1.3584,0.9328,1.0682,0.9444,0.6736,1.1456,1.3468,1.1379,0.72,0.778,1.0682,0.8438,0.956,1.0102,0.7587,1.0257,0.9405,1.0798,1.1417,0.9289,0.5923,0.8167,0.7509,0.6194,0.7355,0.7935,0.7858,0.5149,0.6697,0.6271,0.5033,0.6658,0.6503,0.8283,2.4666,2.6531,0.8438,1.2772,0.8825,0.6349,0.7974,1.2307,0.72,1.045
11/19/2020,34.2478,0.6995,0.8124,0.7887,0.962,1.382,0.8911,0.7441,0.8911,1.025,0.752,0.8097,0.647,0.5473,0.689,0.5604,0.5551,0.7914,0.7467,0.7861,0.584,0.668,0.6155,0.6234,0.7126,0.6916,0.6181,0.5394,0.4554,0.6969,0.71,0.4449,0.5158,0.4239,0.5026,0.4344,0.5551,0.7126,0.605,1.3132,1.4061,0.7415,0.7756,0.4423,0.4606,0.5551,0.8727,0.7756,0.7153
11/18/2020,32.8856,0.6843,0.7241,0.5424,1.0078,1.1646,1.1496,1.1073,0.9083,0.7614,0.749,0.5176,0.7938,0.4528,0.6046,0.637,0.5176,0.6171,0.7042,0.5623,0.6768,0.4927,0.5176,0.6644,0.7963,0.4827,0.7117,0.8336,0.4354,0.642,0.6519,0.4802,0.5773,0.3483,0.413,0.5375,0.5275,0.4678,0.6942,1.4067,1.5072,0.5798,0.6246,0.6221,0.5823,0.5176,0.6818,0.6071,0.5997
11/17/2020,36.065,0.6718,0.6354,0.6185,1.0928,1.424,0.9385,0.8711,1.2444,0.9834,0.742,0.9946,0.5961,0.5399,0.5371,0.6718,0.7897,0.7588,0.6887,0.8318,0.582,0.6606,0.6943,0.8599,0.8178,0.5287,0.7701,0.5568,0.4473,0.7027,0.6017,0.4136,0.6101,0.4866,0.5708,0.5568,0.582,0.5736,0.5736,1.5422,1.6537,0.843,0.5961,0.7392,0.7925,0.582,0.9328,0.5512,0.6129
11/16/2020,30.8869,0.6999,0.748,0.6542,1.002,1.2881,0.764,0.9654,0.6885,0.8281,0.6061,0.8441,0.5031,0.4894,0.5924,0.4573,0.5306,0.4573,0.7205,0.5603,0.4894,0.6358,0.6244,0.455,0.3955,0.542,0.5901,0.8693,0.4962,0.6198,0.6336,0.3658,0.5489,0.3589,0.4848,0.4253,0.526,0.5695,0.4642,1.2543,1.3425,0.5283,0.8167,0.7297,0.5306,0.5123,0.439,0.5855,0.6542
11/15/2020,30.5236,0.6554,0.5541,0.6284,0.8153,1.2298,1.0608,1.0676,0.991,0.5473,0.8874,0.8491,0.7906,0.5,0.6464,0.6104,0.5428,0.6577,0.473,0.6419,0.5856,0.4933,0.5631,0.7793,0.3896,0.6284,0.509,0.7478,0.491,0.5293,0.6081,0.455,0.4797,0.3784,0.5158,0.3514,0.4978,0.6442,0.5023,0.6873,0.7295,0.6667,0.7635,0.6014,0.4595,0.6599,0.7117,0.4685,0.4775
11/14/2020,35.9739,0.8241,0.894,0.866,0.9667,1.4227,1.1094,0.7513,1.3276,1.0059,0.9443,0.9639,0.7569,0.5527,0.6366,0.7401,0.5331,0.5639,0.5024,0.6254,0.7877,0.631,0.5359,0.6031,0.4688,0.6674,0.7178,0.8744,0.5471,0.8716,0.5779,0.4912,0.4772,0.4408,0.5303,0.4464,0.5751,0.5471,0.6674,1.6883,1.8117,0.6394,0.8017,0.5667,0.4464,0.8157,0.4912,0.5331,0.7345
11/13/2020,31.7043,0.7166,0.7759,0.7166,0.7379,1.25,0.9276,0.7166,0.9702,0.4725,0.9252,0.9442,0.7308,0.4559,0.6147,0.5673,0.4677,0.5815,0.6929,0.6005,0.7403,0.4985,0.6739,0.6265,0.6242,0.5602,0.6431,0.5412,0.4914,0.8114,0.6455,0.3871,0.3753,0.4464,0.5175,0.444,0.5554,0.4914,0.4393,1.1052,1.1813,0.8019,0.6431,0.7332,0.5056,0.7451,0.4511,0.6147,0.5459
11/12/2020,26.0724,0.3926,0.4739,0.6185,0.5877,0.754,0.7052,0.5914,0.707,0.7902,0.7667,0.454,0.3691,0.4685,0.4775,0.4034,0.4052,0.4594,0.4305,0.4739,0.5281,0.5245,0.3618,0.5155,0.4938,0.5245,0.5444,0.7486,0.351,0.6944,0.5082,0.4197,0.3058,0.4414,0.3655,0.4432,0.4305,0.501,0.4106,0.9856,1.052,0.6383,0.6456,0.595,0.539,0.5751,0.642,0.5227,0.4359
11/11/2020,35.3384,0.8064,0.574,0.6451,1.1891,1.2383,0.8802,0.995,0.7681,0.9021,0.9294,1.2001,0.8091,0.6369,0.5139,0.5521,0.6287,0.5057,0.7162,0.5549,0.615,0.5685,0.4428,0.6752,0.6369,0.4865,0.6533,1.0634,0.5357,0.8091,0.7462,0.5521,0.4264,0.574,0.4947,0.4455,0.6205,0.8283,0.5111,1.592,1.7075,0.5795,0.8829,0.5494,0.7462,0.6506,0.6615,0.749,0.4893
11/10/2020,28.525,0.4232,0.454,0.452,1.0143,1.1539,0.9097,0.5628,1.0185,0.7208,0.4704,0.7167,0.4253,0.4253,0.454,0.5874,0.5443,0.4253,0.6716,0.5854,0.5628,0.53,0.6367,0.413,0.4355,0.3781,0.4089,0.3863,0.4253,0.8378,0.532,0.3699,0.413,0.3883,0.3945,0.413,0.4417,0.3945,0.5361,1.4823,1.589,0.6552,0.6469,0.5669,0.5402,0.608,0.4109,0.61,0.5033
11/9/2020,29.5239,0.6036,0.5024,0.6639,0.6682,1.2622,0.7241,0.8167,0.75,0.4809,0.44,0.7198,0.4314,0.4207,0.6079,0.5003,0.425,0.5218,0.651,0.6208,0.5326,0.5154,0.6854,0.6273,0.412,0.6079,0.4357,0.6294,0.44,0.6854,0.4852,0.313,0.4077,0.4013,0.4486,0.4594,0.5218,0.7005,0.4852,1.566,1.6795,0.5649,0.7478,0.6187,0.4981,0.6682,0.5498,0.5218,0.5046
11/8/2020,30.0692,0.6963,0.6985,0.5705,0.7692,1.2414,1.0516,0.5441,0.5838,0.5727,0.5154,0.8795,0.7206,0.4933,0.6456,0.586,0.6014,0.6434,0.5639,0.522,0.4712,0.6323,0.4006,0.4668,0.6213,0.3609,0.5198,0.5705,0.4094,0.65,0.5529,0.4116,0.3896,0.5021,0.4469,0.4138,0.5065,0.4999,0.6323,1.4732,1.5791,0.5198,0.7581,0.3984,0.7074,0.5286,0.4205,0.6809,0.6456
11/7/2020,27.9799,0.4883,0.4843,0.6402,0.7441,0.87,0.9918,0.5723,0.7361,0.6162,0.7461,0.7681,0.4424,0.4544,0.5243,0.6322,0.6242,0.4724,0.5223,0.4923,0.5383,0.4903,0.4504,0.4104,0.6722,0.4804,0.4624,0.82,0.4084,0.7541,0.4564,0.4464,0.3385,0.4204,0.4564,0.3445,0.4863,0.5563,0.5183,1.3159,1.409,0.6122,0.4124,0.3964,0.4863,0.4284,0.4084,0.6222,0.5563
11/6/2020,38.427,0.6109,0.8513,0.8513,1.1525,1.4416,1.1342,1.0156,1.0795,0.5074,1.0217,0.8452,0.9456,0.5135,0.7052,0.7722,0.7235,0.7113,0.8513,0.6261,0.6626,0.6444,0.477,0.6748,0.7569,0.6626,0.7965,0.7204,0.4922,0.6839,0.6809,0.3644,0.5318,0.5713,0.4101,0.5105,0.687,0.6505,0.5561,2.3978,2.5787,0.8482,0.6626,0.4892,0.7935,0.8026,0.8361,0.6292,0.4953
11/5/2020,35.3381,0.6095,0.738,0.8665,1.1262,1.5144,1.2083,0.6834,1.2575,1.1235,1.0688,0.6642,0.6396,0.7052,0.6177,0.5877,0.7544,0.656,0.6287,0.6724,0.6396,0.5139,0.6506,0.6424,0.7517,0.4729,0.5385,0.6041,0.5385,1.0825,0.6615,0.4127,0.5931,0.5221,0.5193,0.4783,0.6095,0.7982,0.4619,1.0862,1.1608,0.7517,0.8802,0.8036,0.5139,0.6369,0.8118,0.5084,0.5713
11/4/2020,36.2463,0.9406,0.6723,0.6271,1.2909,1.4095,0.7485,0.805,1.2598,0.9491,0.7598,0.8672,0.9124,0.5988,0.6186,0.5649,0.6243,0.6412,0.7372,0.7655,0.7937,0.644,0.774,0.6299,0.757,0.5197,0.4802,1.079,0.5508,0.8418,0.613,0.3446,0.452,0.452,0.4435,0.4378,0.6214,0.7796,0.8446,1.1751,1.2569,0.8446,0.9152,0.757,0.6073,0.8418,0.8757,0.6666,0.4548
11/3/2020,29.6151,0.6271,0.7373,0.6962,0.8583,0.7957,0.6746,1.0831,0.9794,0.8454,0.8886,0.733,0.72,0.4109,0.6163,0.6617,0.5255,0.4585,0.5752,0.4887,0.6681,0.5298,0.5557,0.519,0.5298,0.5017,0.4196,0.4931,0.4779,0.8,0.5298,0.4174,0.3763,0.4585,0.4714,0.4606,0.5493,0.4455,0.6314,1.1285,1.2064,0.6033,0.6076,0.4477,0.4693,0.4455,0.6011,0.4844,0.4109
11/2/2020,17.5327,0.385,0.426,0.3497,0.528,0.4507,0.4955,0.5461,0.4431,0.3802,0.426,0.3859,0.3001,0.3001,0.3535,0.3354,0.3726,0.2973,0.3697,0.3945,0.3907,0.2744,0.3392,0.3888,0.2658,0.302,0.2925,0.446,0.2753,0.3058,0.3039,0.2734,0.2811,0.3078,0.2877,0.2954,0.3087,0.363,0.3535,0.6105,0.6465,0.3268,0.384,0.2925,0.3669,0.3878,0.303,0.3125,0.3078
11/1/2020,28.7064,0.6284,0.4876,0.6367,0.8955,0.7672,0.7547,0.8831,0.6988,0.8376,0.734,0.4793,0.6864,0.5477,0.4648,0.4338,0.4545,0.5228,0.587,0.4773,0.6077,0.5725,0.6574,0.6471,0.6015,0.4069,0.4089,0.6077,0.4379,0.8458,0.4918,0.4151,0.4338,0.3737,0.3572,0.3986,0.5,0.5332,0.6408,1.2542,1.3424,0.4462,0.6657,0.44,0.4317,0.6533,0.5456,0.4379,0.5746
10/31/2020,33.7936,0.6542,0.8579,0.8683,0.9998,0.9044,0.9405,1.2835,0.8528,0.6439,0.8889,1.0875,0.5768,0.5587,0.5458,0.6335,0.6954,0.649,0.5407,0.7857,0.5845,0.649,0.7651,0.5871,0.6825,0.649,0.6284,0.5974,0.5226,0.9792,0.6696,0.4942,0.3911,0.3704,0.4246,0.471,0.5329,0.649,0.7677,1.2723,1.3619,0.747,0.7238,0.5897,0.4452,0.6877,0.5175,0.4917,0.5742
10/30/2020,25.7085,0.5031,0.4713,0.4252,0.6306,0.9512,0.5173,0.6342,0.5403,0.5722,0.5208,0.6147,0.4801,0.473,0.365,0.4695,0.4465,0.5633,0.3774,0.4341,0.4713,0.5014,0.4783,0.3756,0.427,0.4234,0.5439,0.3685,0.3951,0.4358,0.4978,0.45,0.2995,0.4128,0.2959,0.4057,0.4164,0.5633,0.4624,1.7724,1.9026,0.5687,0.4075,0.4996,0.4075,0.4252,0.5031,0.5545,0.4535
10/29/2020,27.7981,0.4597,0.4775,0.4874,0.9131,1.0695,0.5468,1.0259,0.7507,0.4221,0.5923,0.7171,0.62,0.4914,0.4577,0.6002,0.5329,0.4617,0.5765,0.5547,0.6517,0.5349,0.523,0.4815,0.4696,0.3646,0.3864,0.3686,0.3706,0.6636,0.5032,0.327,0.3904,0.4458,0.4537,0.3449,0.4834,0.5329,0.5547,1.6717,1.7937,0.4577,0.4577,0.5171,0.4082,0.5052,0.4953,0.4716,0.4122
10/28/2020,27.5253,0.4947,0.5904,0.5513,0.8989,1.1039,0.6216,0.4986,0.5318,0.4635,0.5123,0.5162,0.4146,0.4888,0.4361,0.5103,0.401,0.5572,0.5845,0.6216,0.4966,0.5708,0.4576,0.6411,0.5279,0.3483,0.3756,0.4888,0.4459,0.6978,0.4966,0.4849,0.4556,0.3522,0.44,0.358,0.4517,0.4849,0.524,1.7579,1.887,0.4888,0.4966,0.5904,0.4205,0.4146,0.6665,0.5006,0.4068
10/27/2020,32.9765,0.7511,0.6287,0.5363,0.9459,1.1258,0.886,1.2307,0.6512,0.5563,1.0009,0.7111,0.6187,0.5938,0.4414,0.7511,0.5113,0.4989,0.7386,0.6762,0.6087,0.6512,0.5988,0.8011,0.7661,0.5813,0.5838,0.5088,0.4564,1.0009,0.5788,0.5363,0.4839,0.4464,0.359,0.5513,0.5638,0.4764,0.4664,1.4952,1.603,0.6937,0.5963,0.6437,0.4864,0.6362,0.7236,0.6987,0.5263
10/26/2020,40.6074,0.8775,0.8449,1.0699,1.2525,0.8938,1.3633,0.7895,1.0536,0.5873,1.0145,0.7014,0.6395,0.5906,0.8058,0.9232,0.6003,0.6232,0.6916,0.8677,0.8579,0.5743,0.8123,0.5808,0.6232,0.5221,0.584,0.7014,0.5775,1.1807,0.8351,0.434,0.5058,0.408,0.421,0.483,0.6362,0.8938,0.5645,2.7504,2.9599,1.0438,0.5416,0.7634,0.7862,0.9753,0.8286,0.7406,0.8319
10/25/2020,35.3382,0.7654,0.8583,0.5986,0.9048,1.5144,0.8392,0.82,1.2903,0.6314,0.6642,1.2356,0.5111,0.5849,0.7052,0.6834,0.749,0.5057,0.7134,0.8173,0.8173,0.5385,0.7517,0.6779,0.4455,0.5139,0.5713,0.697,0.4756,0.6232,0.5549,0.5658,0.3772,0.4838,0.574,0.3908,0.533,0.697,0.6888,2.0399,2.1918,0.5576,0.8447,0.5549,0.4565,0.615,0.615,0.5139,0.5795
10/24/2020,23.5286,0.544,0.5471,0.5285,0.5611,0.6729,0.5751,0.8297,0.8049,0.6884,0.4384,0.7459,0.471,0.4803,0.4027,0.3468,0.3639,0.4027,0.5036,0.544,0.5316,0.4213,0.5409,0.5813,0.3903,0.3406,0.3297,0.5689,0.3887,0.5285,0.3794,0.3934,0.3546,0.3111,0.4105,0.2987,0.3794,0.412,0.4819,0.5853,0.6192,0.4384,0.4803,0.4524,0.4695,0.4462,0.5487,0.5409,0.4539
10/23/2020,23.3469,0.4475,0.4782,0.4138,0.6363,0.8834,0.6424,0.6654,0.6102,0.5611,0.6624,0.6731,0.3892,0.4414,0.3831,0.4337,0.38,0.4721,0.4045,0.4506,0.4122,0.3462,0.3217,0.3447,0.3355,0.4767,0.4782,0.6225,0.3692,0.5104,0.4322,0.2956,0.3708,0.3462,0.4091,0.3201,0.4276,0.5227,0.3738,0.955,1.0189,0.581,0.3109,0.5289,0.4398,0.3723,0.5534,0.4644,0.3785
10/22/2020,21.8026,0.4662,0.5297,0.549,0.6898,0.8195,0.4979,0.3999,0.7422,0.5214,0.5021,0.353,0.549,0.3282,0.411,0.4883,0.4124,0.3627,0.3433,0.4938,0.5034,0.4234,0.3765,0.4441,0.4303,0.4427,0.364,0.6028,0.3613,0.3475,0.4441,0.3185,0.3682,0.3006,0.3144,0.2895,0.4013,0.4883,0.4413,0.6694,0.7102,0.3447,0.4068,0.3226,0.4841,0.4676,0.4344,0.4427,0.3985
10/21/2020,24.8004,0.5564,0.4489,0.4136,0.7043,0.8521,0.7312,0.4808,0.5934,0.4825,0.5262,0.6589,0.5363,0.4976,0.4842,0.5128,0.5716,0.4136,0.4153,0.4859,0.454,0.4624,0.4103,0.5564,0.375,0.3363,0.3733,0.4993,0.4069,0.5884,0.4153,0.37,0.4405,0.3968,0.3716,0.3145,0.4052,0.4036,0.543,1.2274,1.3135,0.4556,0.6304,0.4573,0.3666,0.4741,0.5296,0.464,0.3935
10/20/2020,34.0663,0.5655,0.834,0.8418,0.8757,1.2771,0.9617,0.7584,1.2641,0.8079,0.9721,1.0347,0.6802,0.6202,0.7297,0.5107,0.6515,0.6254,0.5707,0.5368,0.6671,0.5498,0.4456,0.7115,0.8261,0.6932,0.6541,0.7818,0.4456,1.0269,0.5889,0.5889,0.529,0.4977,0.4117,0.4169,0.4977,0.6619,0.6645,1.1938,1.277,0.615,0.7662,0.7245,0.4795,0.5811,0.5133,0.5603,0.5785
10/19/2020,40.1533,0.7904,0.7776,0.7358,1.1152,1.3242,0.9416,1.1313,1.0187,0.7068,0.9255,1.3467,0.8194,0.575,0.5879,0.8065,0.8644,0.8869,0.9223,0.6908,0.7551,0.5911,0.8322,0.6457,0.8001,0.6972,0.7808,1.1891,0.5043,1.0895,0.6972,0.4046,0.5139,0.4625,0.4946,0.649,0.7036,0.8772,0.6104,1.8646,2.0023,0.9512,0.7744,0.665,0.4914,0.9416,1.0059,0.575,0.6168
10/18/2020,42.6052,0.748,0.8103,0.6511,1.1875,1.7931,1.0595,0.8034,1.3813,0.8449,0.6096,1.3052,0.6927,0.6096,0.5785,0.9038,0.665,0.6754,0.9868,0.7065,0.9764,0.9384,0.7515,0.8588,0.6027,0.6096,0.8692,0.5508,0.5127,1.2844,0.6754,0.4712,0.5577,0.6269,0.5369,0.4643,0.7134,0.9384,0.8899,2.641,2.8416,0.8173,0.5023,0.5231,0.6338,1.0283,0.928,0.9245,0.9245
10/17/2020,28.8881,0.7369,0.5113,0.4257,0.8873,0.8664,0.7975,0.8226,0.879,0.4842,0.5949,0.5531,0.7327,0.4173,0.4027,0.5928,0.4654,0.6659,0.4988,0.6617,0.645,0.48,0.5385,0.5092,0.4319,0.4006,0.4883,0.4173,0.3755,0.5677,0.5322,0.4716,0.3254,0.4528,0.457,0.3923,0.4842,0.668,0.5092,1.5719,1.6858,0.7202,0.4821,0.6596,0.5782,0.4466,0.5468,0.4633,0.5907
10/16/2020,34.0664,0.8522,0.5942,0.542,0.8809,1.0946,0.9695,0.6671,0.9747,1.0425,0.8887,0.6176,0.6593,0.4847,0.4795,0.774,0.7297,0.516,0.5524,0.5368,0.5785,0.6385,0.761,0.6437,0.5186,0.4612,0.5968,1.0112,0.5029,0.6776,0.6046,0.4664,0.5394,0.4742,0.4508,0.3987,0.5655,0.7427,0.4795,2.1206,2.2791,0.4795,0.6228,0.628,0.5655,0.5551,0.5629,0.6645,0.6202
10/15/2020,38.3359,0.5459,0.6126,1.013,1.28,0.9554,1.1708,1.0494,0.9827,1.2527,1.0525,0.5883,0.8523,0.5095,0.6915,0.646,0.8037,0.8614,0.922,0.734,0.6945,0.6338,0.6763,0.5216,0.8614,0.649,0.6581,1.0039,0.5489,0.6399,0.6096,0.5064,0.6035,0.4609,0.5216,0.5155,0.6854,0.5125,0.6096,1.948,2.0924,0.9948,0.464,0.6611,0.7946,0.6551,0.7309,0.6975,0.8614
10/14/2020,38.6087,0.7299,0.7115,0.6044,1.0727,1.1523,1.3512,0.8982,1.2533,1.2716,1.1431,1.339,1.0115,0.7544,0.6503,0.5676,0.8217,0.7941,0.889,0.6901,0.739,0.5738,0.8339,0.5309,0.6197,0.7207,0.5187,0.6227,0.5523,1.1553,0.6809,0.3809,0.6044,0.635,0.6166,0.6136,0.5799,0.6533,0.8768,1.0536,1.1255,0.8676,0.638,0.6686,0.8676,0.9349,0.9686,0.6503,0.6197
10/13/2020,39.1533,1.0016,0.9673,0.771,1.3194,1.6402,0.7555,1.31,0.8427,1.0234,1.1418,1.3505,0.7648,0.7897,0.7492,0.8178,0.6433,0.5343,0.7524,0.8084,0.9299,0.8583,0.7305,0.6277,0.9299,0.5,0.6246,0.8894,0.5436,0.5623,0.6714,0.4159,0.4377,0.609,0.472,0.5685,0.6433,0.8178,0.8645,1.2759,1.3659,0.6184,0.581,0.7087,0.9237,0.8614,0.9019,0.6184,0.6184
10/12/2020,33.1582,0.4937,0.7604,0.6774,1.1126,0.8006,0.8334,0.9264,0.6447,0.6547,0.7076,1.0246,0.7302,0.5667,0.5289,0.6598,0.6044,0.705,0.6145,0.7352,0.7654,0.5616,0.4057,0.7252,0.5944,0.5793,0.6321,0.6623,0.4182,0.7101,0.5315,0.5491,0.378,0.4736,0.3579,0.4006,0.617,0.7025,0.5566,1.6874,1.8108,0.7931,0.851,0.4711,0.5742,0.7076,0.69,0.7478,0.4233
10/11/2020,34.7929,0.7293,0.8419,0.8553,0.7936,1.233,1.2304,0.6195,0.9115,0.8311,0.5525,1.1393,0.8981,0.6677,0.4721,0.59,0.5311,0.7776,0.5444,0.732,0.6141,0.5069,0.4453,0.5954,0.7347,0.4935,0.6543,1.0535,0.5096,0.9839,0.5284,0.373,0.4024,0.4051,0.4024,0.5712,0.6436,0.5954,0.7025,1.5764,1.6907,0.5096,0.9222,0.5846,0.5578,0.7025,0.8204,0.6543,0.6088
10/10/2020,24.4371,0.4198,0.5973,0.3721,0.6203,0.5266,0.5842,0.8702,0.5694,0.5924,0.4675,0.4724,0.5283,0.4247,0.5086,0.5414,0.3738,0.479,0.3721,0.5299,0.4757,0.4954,0.3573,0.5283,0.5316,0.4872,0.3442,0.6861,0.3475,0.428,0.4872,0.4165,0.405,0.2965,0.3803,0.3442,0.4576,0.5349,0.5579,1.1563,1.2366,0.5217,0.5069,0.479,0.3705,0.3902,0.3721,0.4855,0.5069
10/9/2020,19.8947,0.376,0.4165,0.2987,0.6294,0.6841,0.5711,0.4521,0.6579,0.5651,0.5259,0.357,0.4676,0.3177,0.3237,0.3118,0.3796,0.3463,0.4212,0.4391,0.4581,0.3439,0.3058,0.3855,0.3106,0.3903,0.401,0.332,0.332,0.3736,0.3582,0.288,0.3023,0.2832,0.3023,0.3165,0.3772,0.3201,0.3487,0.8228,0.876,0.4688,0.4807,0.3046,0.376,0.395,0.3225,0.4105,0.3677
10/8/2020,21.8935,0.3778,0.4751,0.5473,0.6918,0.5418,0.6335,0.5724,0.4348,0.3917,0.5418,0.5682,0.3278,0.3195,0.3445,0.3487,0.3737,0.3862,0.3362,0.3959,0.4473,0.4418,0.4056,0.4195,0.3931,0.3278,0.3487,0.4195,0.3292,0.5043,0.3751,0.3251,0.3626,0.2764,0.2681,0.3556,0.3778,0.3362,0.4029,1.4104,1.5113,0.3681,0.4751,0.3556,0.4293,0.4265,0.3459,0.364,0.482
10/7/2020,30.7049,0.7025,0.4777,0.623,1.0567,0.7343,0.8092,0.9182,0.6457,0.4187,0.9227,0.6843,0.5163,0.4664,0.4278,0.4936,0.5822,0.7139,0.7343,0.5549,0.698,0.4528,0.5368,0.7502,0.6003,0.396,0.5141,0.8115,0.3937,0.7502,0.5231,0.5299,0.4119,0.337,0.5277,0.5072,0.5617,0.5458,0.6344,1.5719,1.6858,0.6435,0.4391,0.3914,0.6117,0.5776,0.6503,0.5004,0.6685
10/6/2020,30.796,0.5884,0.577,0.4995,1.0375,1.0261,1.0056,0.6112,1.0398,0.7069,0.9349,0.8186,0.7776,0.5223,0.5588,0.5451,0.7115,0.634,0.634,0.6089,0.5132,0.5907,0.5063,0.5154,0.406,0.4926,0.6203,0.6841,0.4357,0.7776,0.4881,0.4151,0.4151,0.5177,0.3422,0.479,0.5702,0.6887,0.6978,0.825,0.8784,0.577,0.6545,0.593,0.5268,0.7297,0.6727,0.6613,0.6841
10/5/2020,30.705,0.4618,0.7207,0.7048,0.8387,0.6503,0.6208,0.648,0.925,0.8365,0.8592,0.8614,0.5345,0.4641,0.6594,0.5572,0.7048,0.6389,0.5958,0.505,0.6253,0.5095,0.6526,0.7229,0.4686,0.5413,0.6185,0.4686,0.4573,0.7888,0.5685,0.4686,0.455,0.505,0.3551,0.3483,0.5572,0.7184,0.4323,1.3624,1.4594,0.5754,0.4459,0.7139,0.7025,0.5754,0.7706,0.623,0.4278
10/4/2020,33.7034,0.6165,0.6525,0.5908,1.2025,0.7219,1.1511,0.93,0.8041,0.8941,0.5188,1.0971,0.5805,0.601,0.6062,0.5471,0.601,0.637,0.5882,0.5368,0.6756,0.5111,0.5265,0.5137,0.8606,0.5831,0.7039,0.7116,0.5162,0.8144,0.6345,0.4417,0.5574,0.4083,0.4931,0.4957,0.5574,0.47,0.601,1.6821,1.805,0.745,0.5933,0.6756,0.5316,0.6345,0.7758,0.6782,0.6293
10/3/2020,44.0591,0.7364,0.7292,0.877,1.2809,1.6667,1.4828,0.7436,1.4215,1.3927,1.0141,1.0826,0.6535,0.7544,0.8121,0.9275,0.877,0.7039,0.7833,0.7725,0.9888,0.7941,0.5489,0.6535,0.8085,0.6138,0.5777,1.2088,0.5741,0.8374,0.7761,0.6318,0.6246,0.621,0.5273,0.5309,0.7941,0.96,0.6282,2.2113,2.377,0.8157,0.5092,1.0501,1.0393,1.0718,0.9564,0.6751,0.9419
10/2/2020,29.1607,0.6068,0.6343,0.501,0.9898,1.1422,0.6661,0.8459,0.8311,0.7782,0.5624,0.5412,0.5666,0.446,0.4312,0.4396,0.6068,0.6597,0.6153,0.6809,0.4925,0.4735,0.6809,0.6809,0.5391,0.4142,0.5497,0.6893,0.4439,0.702,0.465,0.3042,0.3423,0.3804,0.4502,0.4037,0.4418,0.4291,0.5962,1.3096,1.4022,0.5645,0.7274,0.6153,0.465,0.4354,0.5052,0.5518,0.5603
10/1/2020,27.5255,0.5513,0.4439,0.6529,0.852,0.8969,0.7075,0.7622,0.6685,0.5181,0.6079,0.6314,0.6411,0.5318,0.3834,0.5181,0.4068,0.5689,0.5396,0.5435,0.6411,0.4478,0.4927,0.5572,0.522,0.4283,0.5689,0.811,0.4127,0.7056,0.5767,0.3873,0.4342,0.3307,0.4088,0.3736,0.4459,0.5923,0.5572,1.3742,1.4721,0.4166,0.4713,0.5904,0.3541,0.4693,0.401,0.4264,0.4303
9/30/2020,27.0714,0.4318,0.5405,0.4108,0.6339,0.9066,0.8227,0.7483,0.8399,0.3822,0.489,0.4432,0.5939,0.4546,0.4184,0.6034,0.5538,0.4489,0.6168,0.5271,0.5481,0.5462,0.5748,0.6759,0.5653,0.4966,0.5271,0.6644,0.3784,0.693,0.4833,0.3345,0.3269,0.4032,0.3822,0.4184,0.4279,0.5786,0.4794,1.2031,1.2872,0.3898,0.5328,0.5195,0.5805,0.5862,0.4718,0.6148,0.5157
9/29/2020,28.1616,0.461,0.6304,0.4409,0.834,0.9005,0.7009,0.6808,0.584,0.8884,0.5457,0.8239,0.5679,0.5417,0.5759,0.4993,0.4489,0.4772,0.4288,0.5558,0.5316,0.4469,0.4812,0.5679,0.5276,0.5134,0.4449,0.5074,0.3784,0.463,0.5074,0.3501,0.3441,0.3804,0.3542,0.455,0.4308,0.4772,0.6526,1.5501,1.6623,0.4973,0.7433,0.6526,0.4852,0.582,0.6707,0.4872,0.4308
9/28/2020,30.5236,0.7298,0.5901,0.6982,0.8987,0.7455,0.6397,1.1284,0.7117,0.982,0.5428,0.9865,0.7298,0.5721,0.5834,0.6284,0.6599,0.5698,0.5608,0.4955,0.4775,0.6059,0.4955,0.5946,0.6487,0.5879,0.4212,0.6712,0.4167,0.8784,0.5743,0.3198,0.4527,0.4865,0.3604,0.5203,0.4797,0.482,0.5293,1.4059,1.5064,0.6937,0.4032,0.4505,0.4032,0.5518,0.5676,0.6779,0.4077
9/27/2020,30.069,0.5198,0.4845,0.5573,0.778,0.6698,0.9744,0.5617,0.8883,0.9214,0.778,0.6367,0.4293,0.5705,0.522,0.6301,0.5176,0.6478,0.6036,0.7029,0.5441,0.4602,0.3785,0.4756,0.5485,0.4756,0.5242,0.7162,0.4249,0.9082,0.5617,0.4646,0.4381,0.4999,0.5021,0.4977,0.5374,0.5418,0.5749,1.6725,1.7946,0.4227,0.4867,0.4359,0.3741,0.6566,0.5198,0.6103,0.6279
9/26/2020,22.166,0.4826,0.5293,0.4656,0.4868,0.4726,0.5336,0.6356,0.7177,0.3267,0.5435,0.5846,0.4273,0.4401,0.3834,0.4103,0.4486,0.4132,0.3395,0.4415,0.4783,0.484,0.3423,0.399,0.4117,0.3877,0.3933,0.3749,0.3508,0.4089,0.4684,0.2644,0.4004,0.348,0.2871,0.3466,0.3593,0.5024,0.3905,1.1387,1.2175,0.5208,0.5803,0.3395,0.3508,0.3579,0.3678,0.4826,0.3296
9/25/2020,17.4421,0.3753,0.4169,0.3451,0.4849,0.5122,0.3782,0.4395,0.398,0.5085,0.4613,0.4971,0.3498,0.3225,0.3262,0.3262,0.2951,0.3225,0.348,0.3612,0.3206,0.3206,0.2592,0.4027,0.4046,0.2545,0.3215,0.4631,0.2686,0.3253,0.3111,0.2819,0.2394,0.3168,0.2941,0.3102,0.2922,0.3064,0.3621,0.5197,0.5483,0.4103,0.3602,0.3007,0.3442,0.3782,0.3074,0.3772,0.3725
9/24/2020,18.8047,0.3287,0.319,0.4314,0.4098,0.6929,0.5362,0.4465,0.4768,0.5383,0.3655,0.4541,0.4292,0.3439,0.2866,0.4065,0.3169,0.3493,0.4335,0.3331,0.3676,0.3439,0.3244,0.3006,0.2974,0.3568,0.3341,0.399,0.2844,0.4746,0.3687,0.3071,0.332,0.2801,0.2639,0.2985,0.3374,0.3136,0.3006,0.9356,0.9979,0.3136,0.2693,0.3774,0.3547,0.3633,0.3666,0.3676,0.2758
9/23/2020,23.5285,0.3685,0.4089,0.3794,0.7568,0.513,0.7738,0.6776,0.53,0.4586,0.4772,0.4586,0.4834,0.3515,0.4043,0.4322,0.3747,0.5021,0.4213,0.3903,0.3934,0.3825,0.5145,0.4881,0.5207,0.3251,0.3779,0.3421,0.339,0.4275,0.4819,0.2754,0.3996,0.294,0.3297,0.4167,0.3996,0.3934,0.4741,1.6336,1.7526,0.5456,0.3546,0.3188,0.3779,0.4819,0.4027,0.5067,0.4167
9/22/2020,23.165,0.5534,0.3835,0.3987,0.5958,0.8931,0.796,0.5761,0.6307,0.6717,0.423,0.752,0.4487,0.3911,0.4457,0.3502,0.4563,0.3911,0.4123,0.5048,0.4063,0.4942,0.3577,0.4685,0.5519,0.3471,0.4487,0.4882,0.3638,0.3714,0.4518,0.3532,0.3714,0.2789,0.3653,0.3411,0.4305,0.3987,0.473,0.8189,0.8717,0.5352,0.5898,0.332,0.517,0.3805,0.5564,0.3456,0.382
9/21/2020,26.6171,0.4366,0.4869,0.459,0.9207,1.0994,0.9318,0.768,0.66,0.8145,0.6637,0.6805,0.5818,0.5446,0.5483,0.5502,0.4887,0.6004,0.5167,0.5483,0.4403,0.3845,0.5688,0.526,0.4199,0.5446,0.5129,0.7587,0.431,0.5967,0.5353,0.4683,0.4515,0.3082,0.3957,0.3584,0.4608,0.4385,0.4199,0.6247,0.6618,0.5316,0.4757,0.3473,0.5185,0.6228,0.6172,0.4999,0.3975
9/20/2020,19.2589,0.4312,0.4211,0.4594,0.4673,0.4898,0.5281,0.5472,0.5191,0.5191,0.5056,0.4662,0.3536,0.3344,0.3434,0.4234,0.4076,0.4166,0.3074,0.4076,0.3952,0.3074,0.411,0.4358,0.4684,0.322,0.3479,0.2984,0.3209,0.4312,0.3986,0.3232,0.3389,0.2466,0.2905,0.3288,0.3322,0.3006,0.3232,0.5524,0.5837,0.4673,0.3322,0.3963,0.3322,0.3727,0.4042,0.4369,0.4121
9/19/2020,18.5322,0.2952,0.372,0.3984,0.5363,0.4658,0.3857,0.51,0.4942,0.4057,0.3215,0.4942,0.4142,0.2825,0.3089,0.4131,0.3594,0.3257,0.3605,0.3257,0.411,0.3341,0.292,0.3668,0.3173,0.3826,0.332,0.352,0.3183,0.3057,0.3605,0.253,0.2615,0.3246,0.3152,0.2815,0.3404,0.3426,0.3257,0.9648,1.0295,0.4479,0.3278,0.4289,0.312,0.3752,0.2878,0.3036,0.3689
9/18/2020,16.8057,0.3912,0.3666,0.3454,0.4062,0.3956,0.3269,0.3595,0.3437,0.304,0.3657,0.4775,0.2944,0.2785,0.3181,0.2873,0.3604,0.334,0.3798,0.3727,0.3375,0.319,0.319,0.3586,0.2671,0.26,0.334,0.3243,0.2917,0.4273,0.3463,0.2723,0.2362,0.2688,0.2855,0.238,0.3225,0.3586,0.2706,0.6448,0.6836,0.3692,0.4229,0.3859,0.2935,0.3877,0.4018,0.3754,0.2961
9/17/2020,19.7132,0.3506,0.3998,0.4911,0.6399,0.4665,0.4443,0.3763,0.4899,0.4314,0.4548,0.4443,0.3447,0.3798,0.4126,0.3705,0.4091,0.3131,0.3459,0.3353,0.4244,0.3131,0.3447,0.4548,0.3201,0.3107,0.4173,0.5274,0.2908,0.3365,0.3845,0.2686,0.3447,0.2592,0.2979,0.2733,0.326,0.3435,0.4501,0.9704,1.0356,0.3599,0.3506,0.3506,0.3998,0.3834,0.4501,0.4396,0.3857
9/16/2020,19.5312,0.4538,0.4054,0.3823,0.5253,0.5564,0.6406,0.6544,0.3881,0.4261,0.4676,0.3904,0.4227,0.2947,0.3027,0.3027,0.3858,0.4111,0.3546,0.433,0.3984,0.38,0.2831,0.4169,0.4019,0.2785,0.3316,0.4584,0.3154,0.5103,0.3754,0.3097,0.3523,0.2854,0.2647,0.2751,0.3719,0.3904,0.3085,0.6493,0.6884,0.4746,0.4353,0.3604,0.3904,0.4411,0.4815,0.4169,0.2877
9/15/2020,21.4388,0.5215,0.4677,0.3669,0.4771,0.4905,0.5981,0.5994,0.59,0.5107,0.4462,0.6612,0.3588,0.336,0.4422,0.3427,0.3252,0.3306,0.3683,0.3938,0.4596,0.4287,0.4113,0.422,0.3777,0.4435,0.4328,0.5591,0.3064,0.4838,0.4139,0.3427,0.3656,0.3306,0.3037,0.3736,0.379,0.4502,0.3696,0.9868,1.0533,0.3521,0.3521,0.418,0.3037,0.4462,0.4274,0.4677,0.3508
9/14/2020,22.1659,0.365,0.4981,0.5123,0.7092,0.6625,0.7503,0.7021,0.4557,0.6639,0.6115,0.3877,0.4089,0.3282,0.4032,0.4684,0.3834,0.4047,0.467,0.501,0.399,0.382,0.3622,0.4429,0.3395,0.4061,0.4358,0.4641,0.3296,0.6072,0.4486,0.3593,0.3154,0.3763,0.3678,0.3494,0.3537,0.518,0.4089,0.6969,0.7399,0.3381,0.4797,0.4953,0.4797,0.4316,0.4032,0.3692,0.3834
9/13/2020,20.0765,0.3249,0.3683,0.4734,0.4336,0.5326,0.5592,0.5193,0.413,0.5205,0.5145,0.3997,0.3949,0.3285,0.2995,0.4311,0.3563,0.3804,0.3273,0.3635,0.4106,0.3418,0.3442,0.4915,0.3551,0.3756,0.3744,0.3164,0.3345,0.3635,0.4106,0.3031,0.3357,0.343,0.2959,0.3212,0.3212,0.4263,0.3853,1.0122,1.0807,0.442,0.4517,0.3768,0.4058,0.3382,0.3249,0.4275,0.4263
9/12/2020,21.1666,0.3536,0.5077,0.4037,0.692,0.5788,0.5919,0.5327,0.4616,0.484,0.5669,0.6578,0.5103,0.3497,0.3405,0.3286,0.4669,0.4379,0.4603,0.4287,0.459,0.4458,0.3813,0.3918,0.3668,0.3299,0.3615,0.4603,0.351,0.5077,0.3813,0.2852,0.3391,0.2759,0.3484,0.3233,0.3694,0.4102,0.43,0.6975,0.7405,0.4682,0.3089,0.4616,0.4563,0.43,0.3141,0.4827,0.4353
9/11/2020,19.7135,0.3306,0.3857,0.333,0.5591,0.5462,0.5708,0.5263,0.5485,0.5485,0.5544,0.3552,0.4572,0.3506,0.2967,0.408,0.3248,0.3845,0.4162,0.3459,0.4525,0.3646,0.4314,0.4513,0.47,0.2803,0.3775,0.3072,0.3025,0.5333,0.3318,0.2955,0.3061,0.3025,0.3061,0.2815,0.333,0.3201,0.381,0.8269,0.8804,0.3236,0.3939,0.408,0.3143,0.3869,0.4279,0.3494,0.3318
9/10/2020,19.8039,0.3662,0.3508,0.4441,0.6117,0.7451,0.5574,0.5538,0.5137,0.5857,0.4936,0.5609,0.3921,0.3673,0.3272,0.385,0.4334,0.3827,0.4051,0.4547,0.3827,0.4169,0.3378,0.4063,0.4441,0.2871,0.339,0.339,0.3284,0.5054,0.3803,0.3355,0.3473,0.3402,0.3154,0.3307,0.3673,0.3791,0.3909,0.4832,0.5088,0.4122,0.3673,0.4228,0.3036,0.365,0.3803,0.3508,0.306
9/9/2020,25.1634,0.5666,0.5614,0.5494,0.6627,0.9425,0.6713,0.5872,0.6249,0.7794,0.594,0.7931,0.3915,0.4001,0.455,0.5082,0.522,0.4636,0.3812,0.558,0.57,0.4773,0.5202,0.5374,0.431,0.3726,0.4173,0.4361,0.4035,0.546,0.455,0.292,0.3967,0.4207,0.3623,0.3194,0.4739,0.4996,0.4979,0.8999,0.9593,0.6112,0.4928,0.5803,0.3366,0.4052,0.4052,0.5099,0.522
9/8/2020,20.3487,0.4791,0.4235,0.3741,0.4482,0.7718,0.4667,0.4136,0.426,0.6112,0.405,0.4828,0.4964,0.347,0.3124,0.4544,0.3161,0.4136,0.3976,0.4507,0.3605,0.3581,0.3186,0.442,0.3408,0.405,0.4001,0.3494,0.3025,0.5161,0.3951,0.2951,0.3013,0.3087,0.3099,0.305,0.3309,0.3037,0.3025,1.068,1.1411,0.3099,0.3297,0.4532,0.4124,0.3284,0.4383,0.3766,0.3556
9/7/2020,21.4392,0.4207,0.3602,0.3199,0.5389,0.719,0.6975,0.4919,0.6505,0.3185,0.5725,0.3481,0.4717,0.3481,0.4462,0.3427,0.4247,0.3427,0.3293,0.3656,0.4811,0.4637,0.4543,0.4516,0.4045,0.4274,0.4381,0.3158,0.3306,0.5026,0.4234,0.2984,0.2809,0.2634,0.3387,0.2796,0.3723,0.3481,0.4758,1.0636,1.1364,0.3347,0.5228,0.3736,0.4207,0.457,0.5053,0.3441,0.422
9/6/2020,16.0793,0.3573,0.3646,0.3024,0.4292,0.4551,0.3444,0.3169,0.3856,0.4397,0.4074,0.321,0.3751,0.279,0.2806,0.2935,0.2798,0.2879,0.266,0.3509,0.3493,0.3452,0.3347,0.3412,0.3186,0.2612,0.3024,0.4284,0.2628,0.3258,0.3226,0.2757,0.2555,0.2887,0.2814,0.2596,0.2927,0.3307,0.3606,0.4974,0.5243,0.2887,0.3945,0.3242,0.3186,0.3404,0.2935,0.3105,0.3137
9/5/2020,26.3445,0.4785,0.6583,0.5629,0.8839,0.684,0.8876,0.6014,0.8399,0.7574,0.4033,0.8362,0.44,0.374,0.5537,0.5189,0.5244,0.5776,0.44,0.4583,0.4418,0.5317,0.3795,0.418,0.429,0.4932,0.5702,0.3556,0.4143,0.4767,0.4694,0.462,0.3831,0.4363,0.3941,0.3666,0.44,0.4235,0.5042,1.0138,1.0825,0.4859,0.4602,0.6216,0.5684,0.6033,0.5868,0.4639,0.5886
9/4/2020,13.6262,0.2606,0.2865,0.2589,0.3794,0.3675,0.3861,0.3968,0.2888,0.2618,0.3023,0.2685,0.3208,0.2679,0.2291,0.2719,0.2522,0.237,0.2786,0.282,0.2443,0.2871,0.3006,0.304,0.2246,0.2606,0.2533,0.2229,0.2229,0.255,0.2747,0.228,0.2286,0.2179,0.2516,0.2229,0.2454,0.2511,0.2308,0.6341,0.672,0.2556,0.2212,0.2347,0.2865,0.2961,0.2392,0.2347,0.2291
9/3/2020,17.1695,0.3189,0.3097,0.3189,0.4509,0.4271,0.5426,0.4729,0.45,0.4913,0.3941,0.417,0.2804,0.3235,0.2804,0.3739,0.3831,0.2804,0.285,0.329,0.351,0.3317,0.3812,0.4152,0.3647,0.2758,0.2648,0.3711,0.2749,0.2895,0.3088,0.2675,0.2354,0.2739,0.2859,0.273,0.295,0.3262,0.3106,0.7152,0.7597,0.4152,0.3244,0.3161,0.328,0.2877,0.2831,0.3831,0.3317
9/2/2020,16.7153,0.3497,0.3654,0.2765,0.409,0.4482,0.4037,0.307,0.4438,0.3898,0.3079,0.4072,0.2843,0.2643,0.3122,0.3584,0.2791,0.2791,0.3218,0.3662,0.3253,0.3279,0.3549,0.2686,0.3523,0.3061,0.2564,0.2817,0.2826,0.3201,0.3052,0.2826,0.2712,0.2887,0.2582,0.2756,0.314,0.3671,0.293,0.8656,0.9223,0.3741,0.2669,0.3113,0.3593,0.3802,0.2948,0.2965,0.3392
9/1/2020,20.349,0.4272,0.4655,0.3457,0.5816,0.4297,0.4112,0.3791,0.6557,0.5384,0.5594,0.4816,0.3099,0.3433,0.347,0.3198,0.3321,0.4556,0.3704,0.3939,0.4099,0.405,0.4433,0.4482,0.4507,0.3902,0.4112,0.3976,0.3321,0.4914,0.3396,0.368,0.3482,0.3284,0.2889,0.363,0.368,0.4359,0.4297,0.874,0.9313,0.4322,0.4433,0.3605,0.3988,0.3247,0.3581,0.3334,0.2963
8/31/2020,20.4399,0.4267,0.3732,0.4951,0.6294,0.4988,0.4155,0.6817,0.505,0.4777,0.5946,0.6095,0.3284,0.3508,0.3931,0.3247,0.3533,0.3135,0.4204,0.3819,0.4254,0.4055,0.2948,0.4192,0.4578,0.3806,0.3893,0.3856,0.2936,0.3757,0.3856,0.3495,0.352,0.3234,0.3047,0.3396,0.3694,0.4229,0.4279,0.8146,0.8672,0.4714,0.2848,0.3844,0.4565,0.3321,0.454,0.3122,0.3869
8/30/2020,12.9906,0.265,0.263,0.3039,0.2849,0.3603,0.3299,0.3209,0.3179,0.2884,0.2365,0.3024,0.2385,0.232,0.2395,0.2575,0.241,0.2445,0.265,0.275,0.2665,0.2615,0.28,0.2555,0.2211,0.2236,0.2715,0.3189,0.2261,0.249,0.2435,0.239,0.2335,0.243,0.235,0.245,0.2485,0.2286,0.271,0.4046,0.4238,0.281,0.3124,0.2884,0.2545,0.2485,0.2365,0.2864,0.2276
8/29/2020,13.6266,0.2758,0.2415,0.2426,0.3816,0.4446,0.3748,0.2758,0.3979,0.2983,0.345,0.2809,0.2713,0.273,0.2556,0.2567,0.2876,0.2899,0.2421,0.2573,0.2966,0.2837,0.2336,0.3028,0.2415,0.2252,0.2691,0.327,0.2347,0.3248,0.2522,0.2286,0.2376,0.2286,0.2556,0.2139,0.2544,0.2573,0.2342,0.3803,0.3976,0.2764,0.3113,0.2297,0.3034,0.2983,0.2685,0.2905,0.2769
8/28/2020,13.899,0.2787,0.3047,0.3065,0.3761,0.3926,0.3012,0.2681,0.3655,0.2746,0.3254,0.3566,0.2445,0.277,0.277,0.297,0.2445,0.2782,0.2964,0.2982,0.2864,0.264,0.2357,0.2481,0.2616,0.2764,0.2811,0.3613,0.2363,0.3448,0.2587,0.2498,0.2245,0.2121,0.2115,0.2369,0.2498,0.2681,0.3047,0.4263,0.4474,0.3218,0.333,0.2935,0.2245,0.2894,0.2894,0.2522,0.2469
8/27/2020,14.1713,0.2617,0.2703,0.242,0.4055,0.4135,0.4253,0.3777,0.3012,0.2475,0.3061,0.3919,0.337,0.2889,0.2555,0.2728,0.2623,0.316,0.2666,0.2969,0.271,0.2907,0.3074,0.324,0.2278,0.2771,0.2457,0.3561,0.2302,0.279,0.2592,0.2605,0.242,0.245,0.2475,0.2327,0.2765,0.2568,0.2413,0.4718,0.4966,0.279,0.2574,0.2679,0.2796,0.2932,0.2617,0.2636,0.2913
8/26/2020,17.8052,0.299,0.3677,0.2843,0.4657,0.6118,0.5589,0.554,0.4579,0.4981,0.3441,0.5216,0.3422,0.35,0.3647,0.2961,0.3736,0.299,0.3324,0.3098,0.3432,0.3471,0.3589,0.3324,0.2961,0.2814,0.2922,0.4069,0.3079,0.3785,0.302,0.3059,0.3196,0.3,0.3049,0.3039,0.3088,0.2755,0.3569,0.6967,0.7397,0.4334,0.3157,0.299,0.3363,0.2902,0.2814,0.3294,0.3304
8/25/2020,20.7123,0.3802,0.4209,0.3485,0.5163,0.5239,0.6447,0.6663,0.4451,0.5315,0.351,0.4107,0.3535,0.365,0.3103,0.4552,0.4527,0.4463,0.3879,0.3751,0.3879,0.4489,0.4654,0.4565,0.4209,0.3574,0.3942,0.5328,0.3192,0.4476,0.3739,0.3357,0.3459,0.3001,0.3535,0.3103,0.3726,0.4082,0.4514,0.9253,0.9869,0.4057,0.4107,0.3281,0.2862,0.3713,0.3523,0.4489,0.3294
8/24/2020,15.8072,0.2744,0.3548,0.3837,0.3556,0.397,0.397,0.4095,0.4173,0.4282,0.365,0.3298,0.2557,0.2955,0.2939,0.2635,0.3486,0.2978,0.3228,0.3205,0.3345,0.3158,0.3181,0.3111,0.3322,0.3088,0.2744,0.4118,0.2455,0.3751,0.3025,0.2229,0.2572,0.258,0.2838,0.2541,0.2963,0.2845,0.2572,0.6056,0.6412,0.2861,0.244,0.3462,0.2471,0.3392,0.2931,0.3088,0.3415
8/23/2020,17.6235,0.3235,0.3668,0.2956,0.4756,0.6613,0.4987,0.3659,0.3938,0.3293,0.3851,0.3062,0.2956,0.338,0.286,0.388,0.3793,0.2956,0.2812,0.3101,0.3332,0.3312,0.2927,0.3803,0.4053,0.3014,0.3187,0.4429,0.2648,0.4034,0.337,0.3043,0.2485,0.2812,0.2985,0.2822,0.3283,0.3418,0.3909,0.8016,0.8531,0.3428,0.3803,0.2619,0.3793,0.364,0.3928,0.3062,0.2793
8/22/2020,13.8996,0.3259,0.2658,0.3313,0.3478,0.4705,0.3147,0.3425,0.3313,0.2605,0.3248,0.336,0.2776,0.2451,0.2782,0.2864,0.2729,0.2699,0.2864,0.2622,0.3059,0.2363,0.2723,0.2929,0.3071,0.2481,0.2805,0.2953,0.2292,0.333,0.2445,0.2062,0.2457,0.2198,0.2434,0.2416,0.2587,0.287,0.2894,0.5023,0.5295,0.2375,0.2339,0.2398,0.2687,0.2605,0.2587,0.2392,0.2628
8/21/2020,11.3553,0.2247,0.2247,0.2391,0.2479,0.3116,0.2918,0.2851,0.266,0.2445,0.262,0.2318,0.2348,0.2123,0.222,0.2452,0.2355,0.2294,0.2398,0.2277,0.2462,0.2193,0.2455,0.2056,0.2536,0.22,0.2126,0.261,0.2123,0.2284,0.2284,0.1975,0.22,0.2019,0.215,0.2076,0.2163,0.2207,0.2308,0.3081,0.3195,0.2381,0.2422,0.2126,0.217,0.2472,0.2281,0.216,0.2079
8/20/2020,8.9935,0.1865,0.1928,0.1784,0.1945,0.2016,0.1955,0.1975,0.2066,0.1925,0.1956,0.201,0.183,0.1849,0.1823,0.1877,0.1806,0.185,0.1825,0.189,0.1838,0.178,0.1859,0.188,0.1889,0.1765,0.1826,0.1874,0.1773,0.1794,0.1868,0.178,0.177,0.1771,0.1823,0.1773,0.1841,0.1805,0.1786,0.2212,0.2257,0.1793,0.1896,0.185,0.1824,0.1852,0.1914,0.1793,0.1874
8/19/2020,9.3567,0.19,0.2024,0.1901,0.1965,0.2257,0.2062,0.2154,0.2222,0.1937,0.1885,0.2106,0.1949,0.1893,0.1872,0.1829,0.1874,0.1881,0.1979,0.1934,0.1987,0.1919,0.1839,0.1865,0.1916,0.1831,0.1912,0.1999,0.1804,0.1991,0.1904,0.1783,0.1777,0.1798,0.1831,0.1797,0.1874,0.1957,0.1863,0.2527,0.2597,0.1821,0.2007,0.1893,0.1802,0.1943,0.1884,0.1869,0.1953
8/18/2020,9.9927,0.2161,0.2087,0.2005,0.2189,0.2336,0.237,0.2276,0.2456,0.1966,0.1978,0.2372,0.2055,0.2025,0.1918,0.1902,0.1908,0.1948,0.2081,0.2091,0.2047,0.2111,0.2081,0.2101,0.2007,0.2035,0.2051,0.1924,0.1882,0.197,0.2057,0.1922,0.1982,0.1826,0.1952,0.189,0.1944,0.1914,0.1894,0.2799,0.2891,0.1912,0.2145,0.2057,0.2147,0.2167,0.1991,0.1991,0.2113
8/17/2020,12.9906,0.2969,0.2765,0.2715,0.3603,0.3019,0.3309,0.3373,0.3553,0.3134,0.2395,0.282,0.2211,0.236,0.2585,0.2261,0.279,0.2824,0.2475,0.271,0.242,0.2345,0.2325,0.2565,0.24,0.2325,0.2765,0.2974,0.236,0.3169,0.235,0.237,0.2241,0.2091,0.2281,0.2385,0.2415,0.2595,0.2305,0.4365,0.4583,0.231,0.261,0.238,0.281,0.2655,0.2715,0.265,0.2276
8/16/2020,20.803,0.3549,0.392,0.3421,0.5098,0.7108,0.5738,0.4496,0.4458,0.52,0.5917,0.4663,0.3421,0.3177,0.4343,0.4291,0.4035,0.4266,0.4855,0.3523,0.4547,0.4138,0.4611,0.3894,0.4765,0.3177,0.3331,0.4022,0.3498,0.5392,0.3638,0.2755,0.3165,0.287,0.3382,0.3037,0.3382,0.3651,0.4022,1.0157,1.0845,0.3677,0.3498,0.3344,0.4304,0.3536,0.4995,0.3907,0.3011
8/15/2020,17.6236,0.4015,0.414,0.2927,0.5555,0.4563,0.5025,0.3514,0.5122,0.2822,0.312,0.3072,0.3226,0.2889,0.311,0.2889,0.3062,0.3486,0.3899,0.3601,0.2995,0.3765,0.3149,0.3081,0.3139,0.3466,0.3235,0.2725,0.2696,0.3004,0.3245,0.2648,0.3072,0.2427,0.3081,0.261,0.3043,0.3563,0.388,1.0268,1.0965,0.3168,0.3649,0.3601,0.2879,0.3861,0.2745,0.3158,0.3081
8/14/2020,24.1646,0.5918,0.6031,0.359,0.5611,0.5417,0.6241,0.6613,0.6581,0.4172,0.574,0.7664,0.4641,0.5013,0.5094,0.4738,0.5061,0.4867,0.4916,0.4689,0.4415,0.3962,0.3994,0.6209,0.3962,0.4544,0.4447,0.4754,0.3768,0.6209,0.4495,0.3154,0.3477,0.2911,0.3461,0.3348,0.4075,0.4997,0.5094,0.9822,1.0484,0.5983,0.5902,0.3655,0.4091,0.3897,0.456,0.4641,0.4738
8/13/2020,23.0743,0.4998,0.5571,0.3747,0.5239,0.5028,0.7772,0.738,0.8013,0.3702,0.441,0.5797,0.5782,0.3807,0.3672,0.3415,0.4425,0.4124,0.4094,0.4365,0.4772,0.4953,0.432,0.3626,0.3656,0.4154,0.3852,0.5194,0.3551,0.4968,0.4727,0.3476,0.4003,0.3883,0.3219,0.334,0.4214,0.3792,0.3898,1.0888,1.1635,0.3551,0.4862,0.3988,0.4727,0.4199,0.5526,0.444,0.3988
8/12/2020,19.2587,0.4256,0.3806,0.3727,0.5832,0.4031,0.5956,0.4087,0.4504,0.5112,0.3907,0.5011,0.3006,0.3344,0.402,0.3434,0.3581,0.3288,0.3738,0.3457,0.322,0.3997,0.2961,0.3491,0.3097,0.2894,0.3795,0.4808,0.2961,0.3558,0.3446,0.259,0.2804,0.3378,0.2657,0.3434,0.3491,0.4358,0.2928,1.0404,1.1112,0.3175,0.304,0.3986,0.3918,0.3479,0.3637,0.429,0.3581
8/11/2020,17.2602,0.4121,0.3519,0.3222,0.5297,0.4973,0.4963,0.5667,0.5047,0.2759,0.3713,0.4473,0.3565,0.2704,0.2982,0.3417,0.3389,0.325,0.3306,0.3009,0.3074,0.288,0.2954,0.2833,0.2648,0.3537,0.2815,0.4398,0.2824,0.3806,0.3037,0.2685,0.2417,0.237,0.2898,0.2546,0.2935,0.2722,0.3519,0.6579,0.6978,0.3621,0.4121,0.3908,0.3574,0.3935,0.3334,0.3537,0.2741
8/10/2020,20.5307,0.4311,0.3433,0.3258,0.6002,0.604,0.4248,0.6754,0.4737,0.5376,0.3697,0.4586,0.3145,0.3296,0.3058,0.322,0.3308,0.3797,0.3509,0.3722,0.3797,0.4035,0.312,0.4987,0.3659,0.3809,0.3133,0.5225,0.3408,0.3571,0.4085,0.3321,0.2819,0.2832,0.3083,0.3621,0.3521,0.3208,0.3734,1.2505,1.3384,0.4787,0.3697,0.3722,0.4311,0.3421,0.3321,0.3621,0.4073
8/9/2020,19.6223,0.3631,0.4224,0.3073,0.5781,0.6932,0.4224,0.6722,0.5014,0.4421,0.477,0.4096,0.4247,0.3468,0.3422,0.3805,0.3422,0.4061,0.3364,0.3805,0.3956,0.4154,0.4421,0.3549,0.3108,0.3026,0.348,0.4282,0.3166,0.5351,0.3375,0.2434,0.3038,0.3224,0.2736,0.3038,0.3573,0.3305,0.3584,0.7575,0.8054,0.4328,0.4758,0.4537,0.3735,0.3178,0.3875,0.3038,0.3863
8/8/2020,21.8026,0.3433,0.4427,0.4814,0.5863,0.5407,0.4758,0.6525,0.4565,0.3171,0.4344,0.3834,0.3558,0.4179,0.3613,0.3682,0.4455,0.4938,0.422,0.4441,0.4717,0.422,0.4096,0.382,0.4413,0.3088,0.4634,0.3751,0.3613,0.4952,0.3751,0.342,0.3364,0.353,0.3364,0.382,0.3627,0.3985,0.4455,1.1111,1.1877,0.4206,0.4124,0.4717,0.4579,0.4538,0.5352,0.3861,0.4814
8/7/2020,19.259,0.3502,0.3502,0.3795,0.4707,0.4954,0.4797,0.5945,0.4752,0.3006,0.3367,0.3198,0.3637,0.3907,0.3963,0.3614,0.3074,0.3018,0.4403,0.3367,0.3423,0.4189,0.3119,0.3952,0.3648,0.3209,0.3603,0.4909,0.3288,0.3378,0.3209,0.2624,0.25,0.3018,0.3367,0.2624,0.3333,0.3693,0.3288,1.1654,1.2463,0.3423,0.3018,0.3952,0.3986,0.411,0.4515,0.3626,0.2961
8/6/2020,9.9934,0.1982,0.1997,0.194,0.2131,0.2396,0.2127,0.2326,0.242,0.1906,0.2267,0.2219,0.1938,0.1968,0.1982,0.2011,0.195,0.1986,0.2127,0.1956,0.1976,0.2069,0.1982,0.2205,0.2023,0.1926,0.2055,0.1906,0.1944,0.1924,0.1962,0.183,0.1836,0.1852,0.1812,0.1836,0.196,0.196,0.1978,0.3472,0.3618,0.2051,0.1995,0.2159,0.192,0.2081,0.2121,0.1966,0.1886
8/5/2020,9.5388,0.1933,0.1899,0.2001,0.2085,0.2227,0.2104,0.2231,0.2054,0.2136,0.2156,0.2184,0.1914,0.1899,0.1921,0.2011,0.1941,0.1917,0.1851,0.2007,0.1893,0.1874,0.1941,0.1873,0.189,0.1881,0.1905,0.1996,0.1824,0.205,0.1994,0.1902,0.1821,0.1813,0.1841,0.1899,0.189,0.2034,0.1894,0.2552,0.2624,0.1937,0.1907,0.1904,0.203,0.2027,0.1968,0.1928,0.1825
8/4/2020,9.3571,0.1995,0.1941,0.2002,0.2199,0.2352,0.2089,0.2251,0.2239,0.2136,0.2066,0.1907,0.182,0.1911,0.1901,0.1916,0.1911,0.1983,0.1918,0.1882,0.1922,0.1896,0.1973,0.1964,0.2028,0.1835,0.1962,0.2116,0.1842,0.1912,0.1949,0.1888,0.1816,0.1851,0.1801,0.1785,0.1865,0.1958,0.1926,0.1905,0.1924,0.193,0.1907,0.1851,0.185,0.192,0.185,0.1895,0.1831
8/3/2020,9.0842,0.181,0.1951,0.1856,0.2028,0.2111,0.1912,0.2039,0.1946,0.2046,0.1841,0.184,0.1865,0.1852,0.1847,0.1801,0.1823,0.1918,0.193,0.1867,0.1916,0.1886,0.1913,0.1862,0.1943,0.1837,0.1809,0.1933,0.1792,0.1838,0.1885,0.1788,0.1798,0.1776,0.1768,0.1753,0.1831,0.1829,0.1795,0.2219,0.2264,0.1882,0.1929,0.1925,0.1842,0.1889,0.1881,0.1914,0.1862
8/2/2020,9.5386,0.2079,0.1937,0.2073,0.2102,0.2299,0.2067,0.1959,0.1948,0.2031,0.2005,0.2199,0.2025,0.1973,0.1847,0.1864,0.1996,0.1961,0.1999,0.1976,0.2031,0.1888,0.1997,0.2085,0.2071,0.1922,0.189,0.2167,0.1827,0.1951,0.1965,0.1879,0.1817,0.1888,0.1848,0.1801,0.1934,0.1934,0.1971,0.2458,0.2522,0.1853,0.1947,0.1921,0.1916,0.1911,0.1941,0.189,0.1821
8/1/2020,17.6238,0.2956,0.4294,0.4246,0.4525,0.4246,0.516,0.5401,0.388,0.3226,0.3486,0.5324,0.3206,0.2802,0.3745,0.3851,0.3649,0.3178,0.3611,0.3832,0.3139,0.3235,0.2754,0.4121,0.311,0.3409,0.3091,0.44,0.2793,0.2966,0.3591,0.3004,0.3274,0.2437,0.2793,0.2571,0.3206,0.3688,0.3793,0.6282,0.6656,0.2937,0.3226,0.3784,0.3129,0.3033,0.4169,0.3293,0.3736
7/31/2020,17.8054,0.4187,0.4049,0.3785,0.4353,0.505,0.351,0.5157,0.5128,0.4393,0.2922,0.4363,0.3461,0.3402,0.3441,0.3706,0.2814,0.3471,0.3294,0.3147,0.4079,0.3334,0.3618,0.3157,0.2745,0.3049,0.2755,0.4804,0.2834,0.3157,0.3432,0.2343,0.299,0.2549,0.2579,0.3147,0.3206,0.3157,0.3775,0.7886,0.839,0.3334,0.4412,0.2951,0.2883,0.3314,0.4089,0.2932,0.352
7/30/2020,15.988,0.348,0.2825,0.2673,0.3624,0.5333,0.4047,0.4071,0.4638,0.2649,0.2993,0.3895,0.2713,0.2785,0.332,0.3248,0.2721,0.2657,0.3576,0.2833,0.3081,0.3416,0.2497,0.364,0.2537,0.3065,0.2625,0.2593,0.2793,0.3464,0.3137,0.2505,0.2314,0.2577,0.2521,0.2953,0.2977,0.324,0.2793,0.7501,0.7974,0.3696,0.3432,0.3065,0.2793,0.2977,0.3184,0.3073,0.3376
7/29/2020,15.8978,0.3017,0.2922,0.2986,0.4786,0.3799,0.4628,0.4802,0.338,0.3207,0.3444,0.3688,0.3428,0.3278,0.3191,0.3041,0.2614,0.2914,0.2875,0.3467,0.3436,0.327,0.2528,0.2741,0.3294,0.2812,0.3373,0.2891,0.2575,0.3357,0.3025,0.2701,0.2614,0.2606,0.2796,0.2575,0.2757,0.3112,0.2836,0.6023,0.6377,0.3696,0.3159,0.3136,0.2709,0.3286,0.3365,0.3499,0.2962
7/28/2020,17.5329,0.3869,0.3573,0.2954,0.5194,0.6271,0.4555,0.3535,0.3907,0.303,0.4031,0.3211,0.3154,0.3325,0.3325,0.3649,0.3983,0.283,0.2887,0.3545,0.3068,0.2772,0.343,0.3011,0.3364,0.3421,0.3545,0.4307,0.2763,0.4593,0.3001,0.2525,0.2906,0.2963,0.2401,0.302,0.3354,0.3163,0.3364,0.8584,0.9144,0.2973,0.3611,0.2992,0.2772,0.3449,0.4098,0.3058,0.2849
7/27/2020,20.5307,0.406,0.406,0.3333,0.4987,0.6253,0.6366,0.6516,0.6629,0.3885,0.3383,0.4599,0.3659,0.3784,0.3709,0.3935,0.3947,0.317,0.4699,0.3521,0.3459,0.3609,0.4373,0.4536,0.4423,0.3885,0.3346,0.297,0.3108,0.4799,0.3847,0.2744,0.3621,0.3246,0.2707,0.3258,0.3847,0.4661,0.3947,0.8368,0.8912,0.3559,0.5188,0.4787,0.396,0.391,0.3509,0.3935,0.4298
7/26/2020,15.3527,0.2578,0.2674,0.2637,0.3674,0.3277,0.3799,0.4733,0.3931,0.2953,0.3777,0.4027,0.3674,0.2498,0.2564,0.3358,0.324,0.2917,0.3446,0.3196,0.3417,0.31,0.2806,0.3512,0.3225,0.2358,0.2667,0.3917,0.2417,0.3093,0.288,0.2806,0.2534,0.2387,0.2667,0.2468,0.2828,0.3431,0.3034,0.5228,0.5517,0.2667,0.3512,0.2939,0.2395,0.3409,0.3637,0.2571,0.3152
7/25/2020,18.0776,0.2926,0.3138,0.4196,0.5496,0.5305,0.466,0.3884,0.4287,0.5023,0.333,0.5627,0.4277,0.2856,0.3833,0.3561,0.3864,0.3007,0.3985,0.3733,0.3954,0.3067,0.3884,0.4347,0.4307,0.2826,0.2997,0.3682,0.2936,0.4428,0.3541,0.2543,0.3067,0.3178,0.2967,0.2584,0.3188,0.333,0.333,0.571,0.6038,0.3581,0.3057,0.3672,0.3743,0.3067,0.3017,0.4095,0.3652
7/24/2020,17.0792,0.311,0.4036,0.4036,0.5235,0.42,0.4454,0.4254,0.3501,0.3092,0.3764,0.3228,0.2874,0.3047,0.2947,0.3201,0.3628,0.2865,0.292,0.2938,0.3156,0.2811,0.3201,0.3446,0.3156,0.3337,0.3437,0.3455,0.272,0.4009,0.3246,0.2947,0.3183,0.2429,0.2502,0.2693,0.3183,0.3891,0.3074,0.8245,0.8779,0.3846,0.282,0.3546,0.3827,0.3074,0.3047,0.3119,0.3283
7/23/2020,15.9885,0.2897,0.3176,0.3352,0.3552,0.4614,0.475,0.4894,0.483,0.3081,0.3057,0.3464,0.3312,0.2561,0.2537,0.2929,0.3528,0.2641,0.3664,0.3472,0.3105,0.324,0.2689,0.2825,0.2857,0.3073,0.2777,0.4191,0.2474,0.4223,0.3328,0.2202,0.2913,0.2258,0.2442,0.2937,0.2937,0.36,0.352,0.5686,0.6012,0.2657,0.2865,0.2873,0.2505,0.3624,0.3568,0.2769,0.3424
7/22/2020,17.5327,0.3974,0.3497,0.3821,0.4765,0.6576,0.3478,0.5051,0.5489,0.4841,0.4708,0.4069,0.3726,0.343,0.2801,0.2992,0.3182,0.2792,0.3487,0.3316,0.3383,0.2915,0.3678,0.343,0.4202,0.2944,0.2658,0.4336,0.2915,0.4584,0.3516,0.2515,0.3201,0.2515,0.2801,0.2839,0.3011,0.2715,0.3878,0.5377,0.5678,0.303,0.2887,0.2954,0.2715,0.3735,0.3449,0.3888,0.3583
7/21/2020,15.3528,0.3336,0.313,0.3358,0.3836,0.3615,0.4637,0.3549,0.3872,0.3689,0.2711,0.3093,0.3527,0.2571,0.2975,0.288,0.3042,0.2608,0.3483,0.3358,0.3475,0.3108,0.2667,0.3637,0.263,0.2571,0.249,0.2917,0.2711,0.3218,0.302,0.2777,0.2505,0.2792,0.2505,0.2431,0.2681,0.3203,0.2799,0.5737,0.6067,0.2483,0.2872,0.3027,0.3343,0.2703,0.3593,0.31,0.3196
7/20/2020,20.4402,0.3271,0.4441,0.4068,0.4839,0.78,0.6157,0.4752,0.6817,0.3433,0.5162,0.6419,0.3769,0.3968,0.3645,0.4018,0.4578,0.4043,0.3383,0.4242,0.4665,0.3172,0.3794,0.3122,0.4291,0.3968,0.3334,0.4242,0.296,0.4876,0.3607,0.2513,0.2625,0.3495,0.2736,0.2886,0.3645,0.4391,0.352,0.661,0.7011,0.4901,0.5038,0.3085,0.4491,0.3993,0.464,0.3819,0.4167
7/19/2020,17.8053,0.2892,0.4314,0.3971,0.4628,0.553,0.3706,0.4598,0.5452,0.3226,0.4236,0.3618,0.3049,0.3206,0.3775,0.3785,0.3863,0.3745,0.2892,0.3392,0.4079,0.352,0.3412,0.3922,0.3608,0.2922,0.2892,0.2716,0.2922,0.2932,0.3314,0.3,0.2549,0.2373,0.2637,0.249,0.3334,0.3608,0.3128,0.8546,0.9103,0.4059,0.3961,0.3255,0.3128,0.3343,0.2873,0.2843,0.3706
7/18/2020,14.3533,0.3388,0.2772,0.3134,0.3547,0.3293,0.3535,0.4259,0.3255,0.2906,0.3757,0.2626,0.2995,0.2454,0.2582,0.2531,0.274,0.2791,0.3083,0.3134,0.3007,0.2626,0.3166,0.3172,0.2359,0.2607,0.2975,0.3166,0.2385,0.2906,0.2632,0.2423,0.2207,0.2601,0.234,0.234,0.2543,0.3007,0.255,0.5022,0.5294,0.3115,0.3166,0.3033,0.2702,0.2709,0.3338,0.2626,0.2734
7/17/2020,17.7147,0.3765,0.361,0.3658,0.5601,0.4688,0.4795,0.3911,0.5378,0.4902,0.4231,0.3755,0.3862,0.3192,0.3192,0.3707,0.29,0.2968,0.2978,0.3435,0.4018,0.2939,0.3153,0.3085,0.2871,0.2716,0.3163,0.3085,0.2803,0.4989,0.3736,0.2803,0.2745,0.257,0.2881,0.3066,0.3172,0.3784,0.2959,0.7488,0.796,0.2949,0.2949,0.3493,0.3318,0.4076,0.3522,0.361,0.2716
7/16/2020,18.5322,0.3952,0.3383,0.4121,0.4352,0.6912,0.5458,0.471,0.41,0.3994,0.509,0.3815,0.3899,0.3426,0.3131,0.3426,0.2973,0.4121,0.3036,0.3404,0.3447,0.3847,0.3805,0.391,0.312,0.3468,0.2983,0.4068,0.2741,0.3246,0.3436,0.3025,0.3415,0.2593,0.2625,0.3215,0.3331,0.3362,0.3594,0.8423,0.8971,0.3057,0.4468,0.3078,0.3531,0.3942,0.3257,0.3341,0.272
7/15/2020,14.8072,0.3198,0.2776,0.3096,0.3743,0.3103,0.3995,0.4008,0.394,0.2715,0.3566,0.2565,0.3409,0.2824,0.2429,0.2477,0.3164,0.2858,0.3096,0.2701,0.2756,0.2579,0.3226,0.2926,0.3035,0.2361,0.2565,0.3328,0.262,0.3825,0.2749,0.2368,0.2238,0.2531,0.2572,0.2252,0.2633,0.3335,0.2701,0.6488,0.6879,0.3321,0.2892,0.2722,0.2524,0.2627,0.2647,0.3042,0.2667
7/14/2020,23.165,0.4321,0.4017,0.3426,0.614,0.5549,0.702,0.7763,0.5685,0.3426,0.5867,0.7445,0.3911,0.3335,0.4912,0.4654,0.429,0.4139,0.5428,0.3957,0.5306,0.3759,0.385,0.4321,0.4745,0.3395,0.3835,0.5716,0.3456,0.423,0.3759,0.335,0.3486,0.2834,0.4032,0.4093,0.3957,0.5397,0.4685,1.2051,1.2893,0.385,0.3123,0.3562,0.5079,0.3972,0.4563,0.4639,0.4427
7/13/2020,18.4415,0.3118,0.3202,0.4246,0.5843,0.5018,0.3901,0.4371,0.4225,0.3776,0.4246,0.3964,0.2951,0.3296,0.3692,0.3014,0.3974,0.3024,0.3786,0.3985,0.4183,0.3233,0.3765,0.3316,0.3744,0.3494,0.3682,0.4684,0.2711,0.4235,0.3797,0.2377,0.3316,0.293,0.3045,0.2878,0.3296,0.4089,0.4026,0.8385,0.8929,0.3692,0.3233,0.2742,0.387,0.3108,0.3296,0.3024,0.3703
7/12/2020,20.7123,0.3294,0.4133,0.4387,0.6396,0.6777,0.5696,0.5735,0.6256,0.5709,0.5633,0.5798,0.323,0.3751,0.3192,0.4031,0.3955,0.4006,0.4196,0.3624,0.3879,0.3917,0.4235,0.473,0.3929,0.4069,0.4438,0.3726,0.309,0.4845,0.3853,0.351,0.3129,0.3599,0.2989,0.3612,0.3332,0.4044,0.3548,0.5949,0.6296,0.4654,0.4527,0.4629,0.4654,0.4489,0.3281,0.323,0.3141
7/11/2020,21.8935,0.489,0.5418,0.5196,0.5112,0.6057,0.5876,0.7474,0.6377,0.5682,0.357,0.5682,0.4001,0.4098,0.3959,0.4181,0.4181,0.3389,0.3653,0.4223,0.4098,0.4737,0.414,0.4973,0.4668,0.4362,0.4001,0.4209,0.3584,0.3876,0.4612,0.3778,0.3501,0.3042,0.357,0.3667,0.3487,0.5154,0.5029,0.6874,0.7296,0.5057,0.3237,0.332,0.2987,0.5057,0.5182,0.4834,0.3584
7/10/2020,16.7152,0.4072,0.334,0.3192,0.4482,0.5074,0.3584,0.4351,0.5344,0.266,0.4177,0.3096,0.3723,0.3427,0.2974,0.2852,0.3105,0.3349,0.3671,0.2904,0.3427,0.2782,0.3593,0.4002,0.3933,0.334,0.3183,0.4351,0.2878,0.3715,0.3113,0.2451,0.2826,0.2983,0.3035,0.2416,0.314,0.2634,0.3654,0.5113,0.5393,0.3601,0.2808,0.3593,0.3401,0.3235,0.2887,0.3706,0.2582
7/9/2020,20.8941,0.4516,0.471,0.5161,0.4555,0.5277,0.667,0.4194,0.5973,0.5509,0.4529,0.4323,0.3936,0.4181,0.4284,0.3614,0.4026,0.3472,0.4813,0.3807,0.4581,0.3936,0.3253,0.4091,0.4478,0.4271,0.4207,0.4439,0.3033,0.547,0.422,0.333,0.2866,0.3498,0.3227,0.3407,0.3949,0.4233,0.3407,0.7739,0.8231,0.4387,0.333,0.3665,0.4632,0.3897,0.3884,0.4658,0.3072
7/8/2020,16.7154,0.3392,0.3514,0.2643,0.5135,0.4063,0.4212,0.3087,0.4421,0.3079,0.4604,0.3558,0.3061,0.3009,0.2774,0.2704,0.334,0.2791,0.3723,0.2939,0.3811,0.354,0.2991,0.3532,0.2774,0.3009,0.3183,0.4116,0.266,0.4421,0.2887,0.2407,0.307,0.3009,0.2364,0.2817,0.2808,0.3096,0.3619,0.6106,0.6466,0.3906,0.3384,0.3828,0.3436,0.3645,0.4046,0.3418,0.2756
7/7/2020,18.3509,0.323,0.3437,0.413,0.5859,0.4006,0.4441,0.3975,0.4234,0.4554,0.384,0.3768,0.3178,0.3116,0.3913,0.295,0.3199,0.3996,0.4099,0.3954,0.4089,0.3374,0.3602,0.4575,0.3561,0.3716,0.3261,0.3675,0.2764,0.3799,0.3147,0.3302,0.2888,0.3312,0.2971,0.3157,0.3033,0.3654,0.3519,0.7113,0.7554,0.3892,0.4244,0.4234,0.3333,0.3199,0.382,0.324,0.3602
7/6/2020,14.8074,0.2735,0.2953,0.3552,0.3641,0.3396,0.3416,0.2912,0.358,0.2504,0.3028,0.2633,0.3219,0.2627,0.2844,0.3226,0.328,0.2851,0.3028,0.2776,0.3239,0.2824,0.2463,0.328,0.3321,0.264,0.2974,0.326,0.2599,0.2735,0.2838,0.2436,0.2558,0.2218,0.2545,0.2654,0.2844,0.262,0.2885,0.6377,0.6759,0.2933,0.2906,0.3083,0.3226,0.2742,0.3008,0.3239,0.2667
7/5/2020,18.9863,0.4589,0.3622,0.3501,0.5105,0.3996,0.438,0.46,0.5622,0.5061,0.3073,0.4776,0.4567,0.304,0.2963,0.3304,0.3732,0.3875,0.3908,0.4128,0.3337,0.393,0.3337,0.3919,0.3798,0.3337,0.382,0.3479,0.2919,0.4084,0.349,0.3271,0.3413,0.2985,0.3073,0.2743,0.3611,0.326,0.3732,0.8857,0.944,0.337,0.4237,0.282,0.3622,0.3479,0.3963,0.3677,0.3018
7/4/2020,21.5303,0.4319,0.463,0.486,0.5266,0.6253,0.6862,0.421,0.5617,0.532,0.5036,0.6916,0.3371,0.3764,0.3493,0.3683,0.4779,0.3507,0.444,0.4806,0.4765,0.3683,0.3534,0.509,0.4237,0.3399,0.4481,0.3155,0.3087,0.5347,0.3994,0.3033,0.3777,0.3114,0.3683,0.2844,0.3629,0.4576,0.4887,0.757,0.8049,0.4521,0.4968,0.4792,0.4738,0.4792,0.3683,0.3344,0.3399
7/3/2020,18.1683,0.3782,0.37,0.3507,0.4056,0.5816,0.4066,0.3965,0.5826,0.425,0.4992,0.3965,0.4077,0.3578,0.3477,0.3273,0.369,0.4056,0.3324,0.3589,0.3233,0.2917,0.4066,0.3375,0.367,0.2948,0.3883,0.3944,0.2877,0.4778,0.3151,0.2582,0.2938,0.2968,0.248,0.3121,0.3283,0.3019,0.368,0.6191,0.6558,0.4158,0.3222,0.3944,0.368,0.3375,0.3222,0.3883,0.3548
7/2/2020,17.17,0.3611,0.3189,0.3143,0.4949,0.417,0.3455,0.3886,0.3987,0.2877,0.3473,0.3455,0.296,0.3427,0.3317,0.3427,0.3574,0.3345,0.3776,0.3776,0.2987,0.34,0.3583,0.4216,0.4023,0.2785,0.3611,0.3409,0.2648,0.4665,0.3583,0.3033,0.3198,0.2795,0.2529,0.2529,0.3253,0.3409,0.3877,0.6676,0.7083,0.3693,0.3427,0.3812,0.3299,0.3803,0.2804,0.3079,0.2694
7/1/2020,22.6199,0.5658,0.5629,0.4942,0.6754,0.5161,0.4927,0.5395,0.6871,0.4678,0.4459,0.6345,0.3713,0.4211,0.4386,0.4927,0.3494,0.405,0.4722,0.519,0.4781,0.3582,0.3494,0.3728,0.5029,0.307,0.4518,0.4561,0.3363,0.3991,0.4123,0.3947,0.2836,0.3918,0.2968,0.3231,0.4152,0.4649,0.405,0.9563,1.0203,0.4503,0.5132,0.4167,0.5029,0.3494,0.5658,0.519,0.3757
6/30/2020,19.895,0.3261,0.4688,0.4664,0.5937,0.7555,0.6187,0.5009,0.5009,0.3118,0.3332,0.6199,0.3284,0.3415,0.2999,0.3094,0.4307,0.3665,0.3974,0.4414,0.3391,0.4058,0.4438,0.3451,0.3201,0.4105,0.3308,0.3023,0.3368,0.3558,0.332,0.3582,0.2678,0.3237,0.3249,0.2844,0.3475,0.3784,0.4355,0.8377,0.8921,0.4188,0.3534,0.3724,0.4355,0.3832,0.4557,0.3094,0.3832
6/29/2020,18.4413,0.3285,0.3985,0.4569,0.5269,0.6919,0.4778,0.3838,0.5102,0.3661,0.4872,0.3985,0.3932,0.3661,0.3786,0.3567,0.363,0.3285,0.3692,0.3442,0.3306,0.3034,0.2888,0.3358,0.3724,0.3264,0.3337,0.5029,0.2993,0.3525,0.3483,0.2659,0.3024,0.293,0.2847,0.3108,0.3264,0.3139,0.3734,0.7421,0.7888,0.3703,0.3014,0.2763,0.3922,0.3379,0.2826,0.4089,0.3504
6/28/2020,25.0729,0.5337,0.6242,0.4347,0.6601,0.8257,0.8035,0.6635,0.8018,0.4262,0.6908,0.643,0.5047,0.5201,0.4484,0.532,0.4074,0.5747,0.4671,0.4159,0.5576,0.5081,0.3596,0.4228,0.4432,0.4364,0.5013,0.3835,0.4006,0.4928,0.5184,0.3562,0.3732,0.3425,0.3067,0.363,0.4381,0.3528,0.3493,0.9419,1.0048,0.6071,0.6601,0.4723,0.4996,0.4108,0.5457,0.5423,0.5047
6/27/2020,17.9871,0.3544,0.4233,0.3654,0.5382,0.3964,0.4773,0.4273,0.4433,0.3884,0.4793,0.3914,0.4273,0.2865,0.3225,0.2935,0.3115,0.3984,0.4104,0.3235,0.3285,0.2795,0.3584,0.2895,0.3984,0.3594,0.3474,0.4353,0.2915,0.5012,0.3255,0.2426,0.2885,0.2785,0.2745,0.3085,0.3424,0.3514,0.2835,0.6432,0.6818,0.3984,0.4333,0.2935,0.2815,0.3754,0.4024,0.3494,0.3854
6/26/2020,16.9873,0.4102,0.2943,0.3464,0.3977,0.4615,0.377,0.5585,0.4884,0.4372,0.3572,0.4992,0.3078,0.3006,0.2718,0.3392,0.3383,0.3608,0.332,0.3338,0.3186,0.359,0.3545,0.386,0.3536,0.3365,0.3284,0.3572,0.2736,0.3536,0.3159,0.2242,0.2844,0.2538,0.2745,0.2871,0.288,0.3392,0.3689,0.4383,0.4603,0.4102,0.3518,0.3725,0.3455,0.3419,0.2817,0.3671,0.3491
6/25/2020,17.6239,0.3938,0.3947,0.2841,0.4361,0.5612,0.4573,0.5834,0.4756,0.2783,0.4852,0.3659,0.3168,0.3563,0.2841,0.3813,0.364,0.3052,0.3226,0.3158,0.3428,0.364,0.2696,0.4265,0.3409,0.3332,0.2898,0.3697,0.2995,0.3264,0.311,0.234,0.2966,0.286,0.2745,0.2437,0.3235,0.3139,0.3322,0.6522,0.6916,0.3919,0.4381,0.4044,0.3649,0.3957,0.2735,0.3043,0.3678
6/24/2020,28.2522,0.6102,0.517,0.5413,0.9221,1.0071,0.7803,0.8006,0.8471,0.6689,0.4279,0.5474,0.4786,0.4218,0.5454,0.596,0.4644,0.5859,0.515,0.6021,0.6304,0.5616,0.4097,0.5515,0.4765,0.5272,0.596,0.5494,0.4097,0.4603,0.5859,0.4137,0.3307,0.3753,0.3591,0.4664,0.4705,0.6122,0.4056,1.568,1.6816,0.434,0.4441,0.4077,0.6385,0.5292,0.4806,0.5191,0.4786
6/23/2020,15.3525,0.2725,0.2814,0.3167,0.3453,0.5365,0.3115,0.3439,0.3284,0.4174,0.3152,0.3755,0.3571,0.26,0.2475,0.3042,0.26,0.3343,0.3152,0.299,0.3247,0.3108,0.2689,0.3277,0.3034,0.2777,0.3049,0.3262,0.2409,0.3056,0.3152,0.2483,0.2218,0.2674,0.2755,0.2578,0.2667,0.2498,0.338,0.6546,0.6941,0.3292,0.2725,0.2792,0.3409,0.274,0.2931,0.3064,0.2556
6/22/2020,17.8056,0.3932,0.3657,0.353,0.4236,0.6501,0.3824,0.3765,0.349,0.4785,0.3186,0.4932,0.2941,0.2922,0.3324,0.3853,0.2971,0.3118,0.3236,0.3598,0.3667,0.3216,0.3383,0.4363,0.299,0.2559,0.3628,0.402,0.2784,0.3951,0.3088,0.2618,0.2471,0.2834,0.2745,0.2824,0.301,0.3422,0.2883,0.8753,0.9328,0.351,0.4147,0.2971,0.3579,0.2961,0.4275,0.3402,0.2873
6/21/2020,19.0773,0.314,0.3594,0.3129,0.4248,0.479,0.5134,0.3982,0.5234,0.3616,0.4048,0.4137,0.4281,0.3062,0.324,0.2952,0.3782,0.3583,0.3937,0.386,0.3771,0.3971,0.3406,0.3805,0.2985,0.3206,0.335,0.3583,0.2819,0.3649,0.3971,0.3129,0.2653,0.3373,0.3395,0.2763,0.3561,0.3871,0.3328,1.1642,1.245,0.314,0.4691,0.3029,0.3793,0.3384,0.3904,0.3373,0.3029
6/20/2020,18.7141,0.4217,0.457,0.2963,0.6016,0.4302,0.3863,0.5888,0.547,0.3467,0.4024,0.3509,0.3917,0.3209,0.2888,0.367,0.3542,0.3638,0.3413,0.4024,0.3938,0.3702,0.4002,0.3692,0.3177,0.3145,0.3767,0.2792,0.2867,0.3531,0.3349,0.2749,0.3156,0.292,0.2963,0.3027,0.3488,0.3842,0.2931,0.8694,0.9264,0.3713,0.4656,0.382,0.3156,0.3542,0.3692,0.3542,0.3434
6/19/2020,24.528,0.5154,0.4873,0.5088,0.5584,0.8146,0.7022,0.7484,0.8575,0.6939,0.4576,0.7104,0.4113,0.3683,0.4625,0.5286,0.522,0.5319,0.4047,0.5683,0.4675,0.3948,0.37,0.3799,0.5617,0.4509,0.3931,0.5848,0.3353,0.4658,0.3898,0.3187,0.2939,0.3733,0.403,0.3386,0.4476,0.36,0.4923,0.8783,0.936,0.4195,0.6509,0.4179,0.56,0.5766,0.5369,0.5204,0.3584
6/18/2020,25.0727,0.6293,0.5337,0.4091,0.742,1.0049,0.6089,0.7318,0.6532,0.7386,0.4791,0.4518,0.3681,0.3886,0.4501,0.4364,0.4125,0.5184,0.5098,0.5081,0.4245,0.5423,0.4535,0.5218,0.602,0.3323,0.363,0.6874,0.4057,0.5952,0.3989,0.3118,0.3067,0.3357,0.3032,0.3664,0.4381,0.4364,0.561,1.1429,1.2221,0.5457,0.3664,0.5184,0.4296,0.4637,0.4023,0.4893,0.532
6/17/2020,28.3432,0.7119,0.6997,0.718,0.8665,0.9946,0.8604,0.6875,0.7627,0.4576,0.7607,0.72,0.5634,0.4494,0.5898,0.4149,0.482,0.5654,0.4962,0.6508,0.6325,0.3965,0.4291,0.5918,0.4474,0.4983,0.4393,0.781,0.3721,0.4515,0.4901,0.4026,0.3477,0.3233,0.3335,0.425,0.4393,0.5512,0.4433,1.416,1.5172,0.4026,0.4169,0.4901,0.6468,0.5776,0.5735,0.5145,0.541
6/16/2020,27.4348,0.4329,0.4815,0.6389,0.9363,0.9577,0.7847,0.7711,0.6039,0.7167,0.5806,0.7594,0.4018,0.4718,0.5048,0.569,0.4835,0.4854,0.4621,0.6117,0.6389,0.5243,0.6078,0.4524,0.4135,0.5009,0.4349,0.7847,0.3785,0.464,0.5418,0.4698,0.3455,0.4446,0.4174,0.3494,0.5009,0.3979,0.3785,1.1388,1.2177,0.5651,0.4601,0.6137,0.5826,0.6137,0.5515,0.6078,0.3843
6/15/2020,29.2516,0.4621,0.7107,0.4344,0.6916,0.8403,0.7766,0.5152,0.6746,0.4918,0.5874,1.0019,0.6661,0.5896,0.5981,0.6151,0.5024,0.4281,0.5577,0.5046,0.5024,0.5471,0.6215,0.7638,0.5216,0.5619,0.5279,0.8212,0.4578,0.8467,0.5173,0.4281,0.3409,0.4833,0.4344,0.4472,0.4514,0.6703,0.6236,1.3043,1.3965,0.4876,0.5747,0.5598,0.4812,0.4727,0.6661,0.6767,0.4153
6/14/2020,19.3498,0.3165,0.3869,0.4481,0.4845,0.4549,0.5367,0.4811,0.6036,0.3517,0.5423,0.5843,0.363,0.3937,0.3346,0.3823,0.4357,0.3562,0.3596,0.4322,0.4288,0.3346,0.4368,0.4073,0.4096,0.2824,0.3358,0.3324,0.3051,0.3494,0.3585,0.3131,0.3517,0.2643,0.2881,0.2949,0.3142,0.4096,0.2915,0.8424,0.8972,0.3278,0.2904,0.346,0.321,0.363,0.3812,0.4368,0.388
6/13/2020,21.53,0.4968,0.3493,0.3439,0.6822,0.5577,0.4237,0.44,0.6889,0.3399,0.5753,0.6267,0.3953,0.4224,0.4589,0.3547,0.4061,0.4264,0.329,0.3588,0.4467,0.4034,0.3615,0.4305,0.4102,0.3196,0.3953,0.5252,0.3277,0.5076,0.3642,0.2641,0.3439,0.2736,0.3141,0.371,0.4061,0.4278,0.3886,0.993,1.06,0.4914,0.5252,0.3967,0.4481,0.4075,0.3764,0.4806,0.394
6/12/2020,29.7062,0.7245,0.4575,0.5639,0.8135,0.9351,0.9351,0.6377,1.0023,0.8439,0.5747,0.7202,0.5639,0.5812,0.4163,0.6616,0.5812,0.4662,0.5661,0.5856,0.5357,0.4358,0.527,0.5009,0.7506,0.3772,0.3881,0.7636,0.4597,0.7571,0.5986,0.3555,0.4467,0.4445,0.349,0.3729,0.4597,0.7028,0.6312,1.1659,1.2469,0.5747,0.7375,0.6898,0.4315,0.4901,0.6833,0.6637,0.5357
6/11/2020,33.4308,0.7465,0.7719,0.6041,0.7363,1.1254,0.7134,1.2602,0.7694,1.0211,0.9576,0.9703,0.8584,0.4667,0.4896,0.6371,0.7567,0.5914,0.4871,0.6753,0.5481,0.5227,0.716,0.6219,0.7414,0.5761,0.5023,0.8228,0.4871,0.8558,0.6448,0.5125,0.5685,0.5507,0.5532,0.454,0.571,0.5278,0.5227,1.2628,1.3517,0.4718,0.8228,0.599,0.4718,0.5583,0.6931,0.688,0.5736
6/10/2020,35.1563,0.5387,0.6229,0.5414,0.9216,1.5001,0.9216,1.1063,1.2692,0.5034,0.7587,0.8401,0.5577,0.5387,0.7261,0.7152,0.6446,0.6256,0.7505,0.7451,0.8211,0.7342,0.7614,0.6175,0.8157,0.6338,0.6419,0.517,0.5278,0.9542,0.6175,0.5197,0.5659,0.5523,0.5197,0.5767,0.5387,0.794,0.5632,1.0814,1.1556,0.8401,0.6745,0.6826,0.4409,0.8456,0.8592,0.7587,0.7179
6/9/2020,29.7964,0.5132,0.5329,0.5372,0.9971,0.8707,0.9644,1.1039,0.9731,0.4086,0.7225,0.8642,0.4805,0.4958,0.5764,0.4827,0.6091,0.4653,0.6985,0.6854,0.6832,0.4435,0.583,0.6179,0.4936,0.5416,0.5459,0.6462,0.4064,0.5873,0.5699,0.5176,0.3563,0.3737,0.4021,0.5176,0.4435,0.6135,0.5743,0.9669,1.0317,0.7465,0.7225,0.6091,0.4587,0.559,0.7617,0.5154,0.5263
6/8/2020,26.9806,0.4533,0.5785,0.6032,0.6962,1.0663,0.588,0.7114,0.8481,0.7494,0.4172,0.5558,0.5159,0.4628,0.3963,0.4836,0.4912,0.5653,0.4742,0.5235,0.4931,0.5672,0.5482,0.6602,0.3849,0.4855,0.3944,0.7532,0.3622,0.7721,0.4893,0.4229,0.4381,0.4153,0.44,0.4628,0.4761,0.4704,0.4457,0.9811,1.0472,0.6848,0.6526,0.4381,0.6032,0.4058,0.4172,0.6184,0.4704
6/7/2020,21.53,0.4927,0.4657,0.4968,0.6537,0.6375,0.4982,0.4576,0.509,0.4129,0.3466,0.3967,0.3899,0.4075,0.3859,0.4373,0.3872,0.4576,0.4995,0.4129,0.3926,0.3859,0.3399,0.536,0.5171,0.2857,0.3723,0.5536,0.3304,0.3439,0.4116,0.302,0.3723,0.3601,0.3493,0.3439,0.3642,0.4183,0.4373,0.8597,0.9159,0.5184,0.5049,0.3493,0.467,0.4549,0.4779,0.3547,0.4657
6/6/2020,22.1662,0.4443,0.4599,0.4174,0.5789,0.6625,0.4344,0.6611,0.5633,0.4797,0.6554,0.6795,0.3522,0.3962,0.3962,0.3664,0.3452,0.4514,0.45,0.4018,0.4117,0.3962,0.4953,0.3452,0.5066,0.3976,0.4599,0.4132,0.3678,0.4571,0.4061,0.2927,0.3721,0.3126,0.2772,0.3579,0.3508,0.4103,0.3933,1.0012,1.0689,0.4061,0.4387,0.4585,0.3423,0.4061,0.5208,0.4712,0.433
6/5/2020,21.6209,0.4582,0.4364,0.499,0.5113,0.7592,0.6543,0.5589,0.42,0.3928,0.5644,0.6284,0.3288,0.3424,0.3914,0.4772,0.4132,0.4868,0.499,0.4786,0.4541,0.4404,0.3955,0.3288,0.39,0.3887,0.3465,0.3369,0.3369,0.4949,0.3533,0.386,0.3397,0.3437,0.3723,0.3451,0.3873,0.3873,0.465,0.8035,0.8551,0.5385,0.371,0.3996,0.4118,0.3519,0.4663,0.4282,0.4023
6/4/2020,21.53,0.3412,0.417,0.4724,0.6483,0.4603,0.6186,0.5266,0.44,0.5834,0.3791,0.3453,0.3831,0.4454,0.3507,0.3859,0.3723,0.4034,0.4765,0.4887,0.4386,0.3953,0.3223,0.4697,0.513,0.4034,0.3155,0.4021,0.3453,0.4589,0.4346,0.3872,0.3317,0.3317,0.3263,0.3588,0.3588,0.3629,0.4684,1.0892,1.164,0.5279,0.3967,0.2979,0.3615,0.4751,0.5212,0.3534,0.3804
6/3/2020,21.2573,0.4146,0.3973,0.3934,0.6227,0.5365,0.6161,0.6068,0.6108,0.4,0.5617,0.4729,0.335,0.3258,0.3337,0.3417,0.3669,0.3284,0.4424,0.4384,0.4901,0.3258,0.343,0.4371,0.3708,0.4026,0.4172,0.3072,0.3138,0.4093,0.4172,0.3642,0.343,0.3589,0.3112,0.3258,0.3549,0.4093,0.4875,1.156,1.2362,0.5008,0.2926,0.3483,0.3059,0.3669,0.4782,0.4822,0.3562
6/2/2020,21.076,0.5066,0.406,0.4975,0.5864,0.6609,0.5616,0.6936,0.5825,0.419,0.4426,0.6766,0.4975,0.3445,0.3484,0.4439,0.4648,0.4478,0.4164,0.4033,0.3968,0.4282,0.3981,0.4596,0.3223,0.4256,0.3942,0.3223,0.3393,0.4753,0.4308,0.2687,0.283,0.2948,0.2726,0.317,0.3667,0.3223,0.3916,0.8101,0.8622,0.4112,0.419,0.3327,0.3589,0.334,0.4439,0.3419,0.453
6/1/2020,22.8017,0.3961,0.4775,0.4153,0.5811,0.8831,0.6255,0.6448,0.5397,0.3946,0.6388,0.6522,0.4893,0.4094,0.4005,0.4775,0.3517,0.4139,0.5382,0.3783,0.4819,0.3857,0.3872,0.3754,0.3991,0.3443,0.3369,0.6137,0.368,0.4272,0.4657,0.3813,0.3798,0.3902,0.3102,0.3147,0.3961,0.368,0.4257,0.9661,1.0309,0.4597,0.4642,0.3783,0.4967,0.5012,0.5012,0.4094,0.3354
5/31/2020,22.3477,0.4249,0.3833,0.3374,0.7104,0.5354,0.4952,0.7377,0.7205,0.5827,0.5354,0.699,0.5124,0.4091,0.3919,0.4938,0.4034,0.3977,0.4866,0.4421,0.3862,0.3847,0.4938,0.5641,0.4967,0.3776,0.4163,0.4924,0.3188,0.6574,0.4479,0.2987,0.3518,0.3431,0.2915,0.3159,0.3977,0.3503,0.4737,0.6065,0.6422,0.5297,0.5813,0.4149,0.303,0.4895,0.3761,0.4852,0.3618
5/30/2020,23.7103,0.5531,0.572,0.5846,0.8014,0.9585,0.484,0.5563,0.5123,0.6772,0.6301,0.7621,0.4793,0.4667,0.4055,0.4102,0.5343,0.4055,0.4762,0.4432,0.4039,0.4227,0.4542,0.4683,0.528,0.3882,0.4604,0.3316,0.3253,0.5783,0.4887,0.3143,0.2971,0.3583,0.3363,0.3018,0.4196,0.3992,0.5249,0.7993,0.8506,0.4557,0.4055,0.4102,0.4793,0.5311,0.4196,0.4934,0.352
5/29/2020,20.9849,0.4549,0.4679,0.4303,0.4731,0.5367,0.5887,0.5328,0.4277,0.5497,0.4822,0.6393,0.3251,0.3588,0.3199,0.416,0.3588,0.4432,0.3238,0.4277,0.4666,0.4419,0.4562,0.3835,0.4484,0.3368,0.3238,0.3134,0.3173,0.5926,0.4303,0.3264,0.277,0.3485,0.3705,0.3303,0.3524,0.4238,0.4471,0.921,0.9822,0.5134,0.4264,0.4679,0.3147,0.4017,0.3147,0.3679,0.3316
5/28/2020,20.7127,0.5061,0.4794,0.5074,0.529,0.726,0.4845,0.3929,0.4273,0.3751,0.3904,0.454,0.3917,0.4184,0.3281,0.4044,0.3548,0.384,0.426,0.4196,0.4413,0.4362,0.3574,0.426,0.4438,0.3612,0.4413,0.3777,0.3383,0.4324,0.4298,0.3218,0.2595,0.3535,0.3345,0.2735,0.3535,0.3052,0.3675,0.904,0.9637,0.4336,0.5061,0.4502,0.412,0.412,0.3256,0.4527,0.3993
5/27/2020,25.7087,0.6342,0.6165,0.3987,0.8839,0.7086,0.6395,0.4978,0.7776,0.496,0.4925,0.6537,0.3969,0.489,0.5031,0.5704,0.5669,0.3916,0.4093,0.5616,0.5704,0.4376,0.512,0.5633,0.4872,0.4022,0.3916,0.6607,0.3685,0.496,0.4642,0.365,0.2977,0.3066,0.2977,0.3331,0.4571,0.4854,0.4358,1.4907,1.5981,0.3721,0.5917,0.4907,0.3491,0.6005,0.3969,0.4305,0.3685
5/26/2020,22.2567,0.4589,0.4732,0.5502,0.727,0.7227,0.4375,0.4718,0.7241,0.6357,0.5487,0.4062,0.3534,0.4589,0.4204,0.4946,0.3976,0.4461,0.5074,0.439,0.4447,0.3905,0.305,0.3363,0.3477,0.3919,0.3263,0.3791,0.332,0.5117,0.4675,0.2907,0.3876,0.362,0.3178,0.3534,0.3777,0.4147,0.4162,0.8497,0.9051,0.5117,0.5644,0.3449,0.4333,0.4219,0.5416,0.4646,0.3933
5/25/2020,32.1586,0.6812,0.5121,0.7875,0.7368,1.0581,0.6812,1.1427,0.8866,0.9687,0.9542,1.0702,0.7296,0.5701,0.4856,0.5532,0.4952,0.5339,0.7296,0.645,0.7247,0.6957,0.6402,0.79,0.5218,0.6305,0.488,0.4372,0.5049,0.7513,0.6233,0.3793,0.4445,0.4638,0.5363,0.5532,0.5967,0.5725,0.6885,0.7924,0.8431,0.7803,0.7755,0.6378,0.5846,0.6329,0.6015,0.6523,0.5943
5/24/2020,18.3507,0.4151,0.3871,0.4358,0.4554,0.649,0.4989,0.5755,0.383,0.3892,0.3809,0.5062,0.3747,0.3644,0.3664,0.3261,0.3809,0.3623,0.3592,0.3292,0.3343,0.3468,0.3933,0.3913,0.3437,0.323,0.2743,0.4296,0.2992,0.3199,0.3085,0.2774,0.2474,0.2681,0.2971,0.3209,0.3116,0.2898,0.296,0.7182,0.763,0.2981,0.442,0.4078,0.3685,0.3261,0.3261,0.3209,0.3685
5/23/2020,24.8911,0.415,0.5991,0.5585,0.7933,0.6498,0.5974,0.79,0.6126,0.4133,0.7173,0.4031,0.4825,0.4251,0.4808,0.4504,0.4724,0.5687,0.3964,0.4876,0.4116,0.4487,0.3896,0.5281,0.4082,0.4623,0.3761,0.5129,0.3795,0.4167,0.4352,0.2849,0.4268,0.3423,0.3795,0.3356,0.3981,0.4944,0.5619,1.1415,1.2205,0.5991,0.5788,0.4927,0.4994,0.5602,0.5619,0.4555,0.4758
5/22/2020,24.3464,0.5688,0.4266,0.6031,0.8352,0.8728,0.6685,0.4658,0.6652,0.5786,0.3841,0.4527,0.5557,0.4903,0.4037,0.4511,0.4871,0.3743,0.5328,0.4298,0.5639,0.492,0.5067,0.4821,0.3252,0.4266,0.4446,0.5982,0.3579,0.7045,0.4593,0.4217,0.3171,0.3596,0.3906,0.3154,0.4217,0.4985,0.389,0.9348,0.9971,0.3971,0.3465,0.505,0.5148,0.4969,0.4544,0.5018,0.4772
5/21/2020,16.4427,0.3634,0.3727,0.2646,0.3583,0.3642,0.4149,0.4951,0.3684,0.4335,0.3752,0.2756,0.268,0.3127,0.2967,0.3406,0.2984,0.3676,0.3592,0.3305,0.3161,0.2942,0.2477,0.3608,0.2629,0.2418,0.311,0.3093,0.2882,0.4216,0.2806,0.2891,0.2612,0.2722,0.2781,0.2646,0.3178,0.3634,0.2899,0.8133,0.8658,0.3093,0.2942,0.2849,0.3153,0.3625,0.2595,0.279,0.3288
5/20/2020,30.2507,0.7674,0.7074,0.7763,1.079,1.0078,0.6896,0.6161,1.0256,0.7808,0.9143,0.5071,0.5983,0.5338,0.6339,0.516,0.654,0.5538,0.5627,0.5983,0.4849,0.4893,0.3892,0.5983,0.4025,0.4782,0.4337,0.6762,0.4826,0.5472,0.5316,0.4359,0.4871,0.5027,0.5182,0.4871,0.5449,0.5271,0.7051,0.9418,1.0047,0.5627,0.7986,0.4826,0.5338,0.6962,0.6673,0.6851,0.6339
5/19/2020,23.256,0.3803,0.4367,0.571,0.6884,0.5984,0.6762,0.7647,0.513,0.4581,0.6686,0.754,0.4459,0.3421,0.455,0.4931,0.4489,0.423,0.4214,0.3864,0.4931,0.4275,0.5038,0.3925,0.3223,0.3421,0.3696,0.3436,0.3665,0.5633,0.397,0.3375,0.2872,0.3421,0.4031,0.3116,0.3772,0.3635,0.4886,1.1842,1.2667,0.4611,0.4489,0.4474,0.4016,0.4245,0.3345,0.5267,0.4031
5/18/2020,33.2488,0.4772,0.7196,0.7398,0.9039,1.2549,0.6893,0.7423,0.8282,0.9292,0.9494,0.8661,0.7878,0.6893,0.6565,0.4646,0.6691,0.5201,0.5429,0.7322,0.654,0.7045,0.4469,0.5984,0.6666,0.4621,0.5025,0.9847,0.4722,0.9014,0.6489,0.4217,0.5833,0.558,0.4747,0.4394,0.5328,0.4924,0.5858,1.5401,1.6514,0.7651,0.6085,0.4394,0.6136,0.7019,0.4772,0.5807,0.5782
5/17/2020,35.52,0.7721,0.574,0.7226,1.262,1.4546,1.1271,1.2482,0.7666,0.7804,0.5162,1.2454,0.7308,0.4749,0.4749,0.7226,0.7638,0.7391,0.7033,0.563,0.8106,0.7749,0.6593,0.9262,0.7556,0.6813,0.5354,1.0583,0.4804,0.9702,0.6923,0.4171,0.5107,0.3978,0.3896,0.3896,0.5217,0.5767,0.6565,1.1915,1.2746,0.6868,0.6758,0.7638,0.6923,0.5327,0.6895,0.618,0.5492
5/16/2020,45.5128,0.9132,1.0145,1.1645,1.4158,1.911,1.5621,1.6184,1.2583,0.7706,1.4308,1.1082,0.7894,0.8456,0.8456,0.7894,0.7331,0.8682,1.0145,1.0032,0.9057,0.7331,0.9132,0.7669,0.5643,0.9432,0.8419,1.052,0.6206,0.9169,0.7256,0.7781,0.7106,0.6581,0.6806,0.6206,0.8006,1.097,0.7856,1.3149,1.408,1.0145,0.8081,1.0107,0.7406,0.7594,0.6656,0.8269,0.7931
5/15/2020,43.2415,0.7164,0.8116,0.942,1.3014,1.3649,1.0759,1.6116,1.157,0.6319,0.9244,1.4459,0.7482,0.8151,0.8116,0.6213,0.8222,0.6565,0.6283,0.875,0.9807,0.7728,0.8363,1.0266,0.8715,0.7446,0.942,0.801,0.5261,0.7023,0.7411,0.512,0.6248,0.4592,0.4239,0.5825,0.6812,0.6882,0.949,1.9414,2.0853,0.8433,1.0336,0.9455,0.5614,1.0477,1.0512,0.9631,0.942
5/14/2020,40.6069,0.6819,0.8482,0.7177,1.4155,1.1481,1.3438,1.5296,1.0112,1.109,1.0503,1.0373,1.0862,0.6362,0.6427,0.7373,0.9134,0.8775,0.7438,0.9101,0.6688,0.734,0.8742,0.8286,0.8221,0.7764,0.7862,1.034,0.5938,0.9786,0.646,0.4601,0.7079,0.6623,0.5482,0.4667,0.7014,0.7079,0.5221,1.3888,1.4879,0.8905,0.6362,0.5221,0.7079,0.5873,0.9427,0.9232,0.5612
5/13/2020,40.3348,0.9977,0.9136,0.6517,1.3048,1.1205,0.988,0.7843,1.4374,1.1432,0.5935,1.3145,1.0074,0.7972,0.5838,0.7519,0.6549,0.7325,0.9233,0.7519,0.9524,0.7972,0.7261,1.0041,0.7002,0.5094,0.5838,1.1335,0.5741,1.1496,0.6646,0.4415,0.7034,0.3995,0.5159,0.5741,0.7196,0.532,0.6776,1.7748,1.9052,0.739,0.878,0.6873,0.9104,0.8457,0.6679,0.5417,0.5741
5/12/2020,45.9671,0.683,0.7893,0.8387,1.1766,1.2108,0.9678,1.2943,1.2487,0.7552,1.2563,1.3702,0.9792,0.7931,0.7779,0.9526,0.664,1.0855,1.0855,1.0437,1.0209,0.6071,1.0247,1.169,0.7817,0.8842,0.7627,1.2601,0.5919,1.2905,0.7438,0.5843,0.4476,0.4476,0.6109,0.7514,0.702,0.7514,0.5805,2.6077,2.8056,0.9792,1.2411,0.6337,0.5236,0.8994,0.9868,0.7172,0.5881
5/11/2020,35.7013,0.8841,0.6708,0.6514,1.1805,0.7816,0.9977,0.6431,0.8897,0.5656,1.0642,0.8786,0.5489,0.7373,0.6514,0.6459,0.5739,0.7096,0.7429,0.6404,0.6902,0.6016,0.8066,0.7623,0.7401,0.621,0.5157,0.6653,0.4631,0.9035,0.5877,0.391,0.4465,0.3744,0.5019,0.5739,0.6431,0.8564,0.5573,1.9064,2.0475,0.9201,0.8481,0.4354,0.6542,0.6376,0.837,0.6681,0.5877
5/10/2020,32.5221,0.7895,0.7429,0.8288,1.074,0.9661,0.6448,0.868,0.971,0.6694,0.5026,1.1255,0.5884,0.6154,0.6939,0.7282,0.4805,0.738,0.4855,0.6841,0.6498,0.5884,0.7601,0.4658,0.5762,0.407,0.4953,0.841,0.4364,0.7037,0.5762,0.4021,0.353,0.4168,0.4879,0.4634,0.5934,0.5002,0.6228,1.5324,1.6431,0.6816,0.4241,0.5934,0.5835,0.6963,0.716,0.4511,0.6645
5/9/2020,29.4334,0.4432,0.7411,0.4817,0.8375,0.8997,0.6489,0.6296,0.6296,0.6061,0.4432,1.0069,0.7389,0.5546,0.5182,0.516,0.6296,0.5096,0.4453,0.6146,0.6446,0.4796,0.546,0.6275,0.486,0.5225,0.5503,0.8268,0.4346,0.471,0.5482,0.411,0.4132,0.4882,0.4003,0.4603,0.5182,0.576,0.4303,1.7239,1.8502,0.4667,0.4282,0.3789,0.6146,0.441,0.6425,0.5675,0.591
5/8/2020,26.2536,0.6157,0.5482,0.4441,0.9169,0.8767,0.738,0.5281,0.7636,0.5883,0.5117,0.7964,0.4003,0.4916,0.3875,0.4313,0.592,0.4514,0.4277,0.4496,0.5463,0.5336,0.5719,0.6102,0.4003,0.4788,0.5372,0.7453,0.4222,0.7855,0.5445,0.2817,0.435,0.3821,0.435,0.4569,0.4386,0.4003,0.4259,1.0052,1.0732,0.6157,0.5044,0.3948,0.4295,0.4551,0.3821,0.4313,0.5719
5/7/2020,27.9802,0.6322,0.5663,0.7141,0.864,0.9279,0.7621,0.7081,0.9259,0.7681,0.7421,0.6602,0.7081,0.5443,0.4644,0.5223,0.5203,0.4164,0.6402,0.5203,0.4804,0.4304,0.6502,0.6961,0.3785,0.4624,0.4304,0.5463,0.3944,0.6981,0.4704,0.3785,0.4004,0.3465,0.3565,0.3805,0.4424,0.6062,0.5683,0.9894,1.0562,0.6202,0.6042,0.5243,0.5463,0.4504,0.4164,0.4604,0.5882
5/6/2020,25.7997,0.5227,0.6063,0.4372,0.868,0.706,0.512,0.7736,0.7167,0.8057,0.6455,0.4461,0.6508,0.439,0.4301,0.5725,0.3981,0.4105,0.4283,0.4764,0.4461,0.4052,0.4141,0.6028,0.3642,0.5013,0.4888,0.4248,0.3518,0.7096,0.4443,0.455,0.3447,0.3981,0.3304,0.3927,0.4212,0.3838,0.382,1.1622,1.243,0.4888,0.3358,0.5796,0.5476,0.5583,0.6562,0.56,0.5618
5/5/2020,30.5233,0.5338,0.4865,0.5743,0.8063,0.8964,0.7816,0.8626,0.8649,0.8919,0.6374,0.9708,0.7117,0.6081,0.4865,0.4662,0.6532,0.6194,0.6036,0.6374,0.6937,0.5158,0.6622,0.6622,0.7545,0.5135,0.518,0.7365,0.4662,0.6802,0.5361,0.5,0.4572,0.5045,0.4212,0.3649,0.5563,0.7117,0.5293,0.8799,0.9377,0.4527,0.6487,0.7095,0.6216,0.7095,0.6307,0.5924,0.464
5/4/2020,26.9804,0.4001,0.421,0.3811,0.7513,1.0303,0.5216,0.5064,0.7361,0.3963,0.571,0.7778,0.6867,0.4647,0.4836,0.5178,0.5045,0.6222,0.607,0.4988,0.5311,0.4742,0.4039,0.459,0.626,0.3546,0.5216,0.6867,0.3774,0.5007,0.5045,0.4172,0.4836,0.4153,0.3356,0.347,0.4457,0.4305,0.4552,1.3487,1.4445,0.6734,0.6697,0.5045,0.552,0.552,0.4001,0.6013,0.5861
5/3/2020,27.6165,0.5806,0.6728,0.6669,0.8984,0.7787,0.5551,0.5276,0.7728,0.7944,0.6728,0.6924,0.4452,0.4393,0.4629,0.4413,0.4374,0.4629,0.5668,0.6237,0.6335,0.404,0.4197,0.714,0.6669,0.5492,0.4276,0.6708,0.4374,0.7375,0.5825,0.4079,0.3923,0.4668,0.4276,0.3334,0.4766,0.5433,0.5433,1.2884,1.3793,0.3844,0.559,0.4393,0.3785,0.5453,0.3903,0.4099,0.5158
5/2/2020,24.1642,0.6144,0.5966,0.5223,0.6564,0.7049,0.5562,0.4819,0.726,0.6564,0.5805,0.8003,0.3817,0.4253,0.5045,0.4657,0.5142,0.4625,0.5126,0.5191,0.498,0.4431,0.49,0.4318,0.574,0.4011,0.4673,0.6435,0.3348,0.3817,0.4463,0.2927,0.3089,0.4107,0.338,0.4188,0.4301,0.574,0.4673,0.7438,0.7906,0.5578,0.3655,0.38,0.553,0.4883,0.4107,0.3962,0.4447
5/1/2020,29.1606,0.7042,0.5433,0.6068,0.7422,0.7126,0.81,1.0808,0.6237,0.4227,0.6999,0.9052,0.6491,0.5137,0.5687,0.6512,0.4629,0.4968,0.6999,0.5454,0.5983,0.5201,0.611,0.4248,0.3889,0.4142,0.5052,0.7253,0.3952,0.5878,0.537,0.4989,0.4523,0.4439,0.446,0.4227,0.4545,0.6576,0.4862,1.5465,1.6584,0.6809,0.5285,0.3804,0.3846,0.4629,0.628,0.4862,0.3952
4/30/2020,36.7008,0.8899,0.5484,0.7751,1.1712,1.5615,1.3405,0.8182,1.1798,1.1482,0.5398,1.0076,0.5685,0.6345,0.6546,0.5886,0.5025,0.5111,0.7378,0.6029,0.6546,0.7866,0.7091,0.5139,0.7636,0.4393,0.7321,0.4881,0.5484,0.5513,0.6087,0.4422,0.6115,0.5455,0.4766,0.534,0.6288,0.623,0.5857,1.9044,2.0453,0.7206,0.8297,0.5455,0.7866,0.5484,0.8899,0.6689,0.7378
4/29/2020,42.424,1.041,0.6314,0.8448,1.1684,1.4404,1.251,0.9825,1.5574,0.7725,1.0032,1.3681,0.7312,0.6383,0.7966,0.9033,0.9068,0.7794,0.7243,0.8792,0.8689,0.7622,0.5453,0.9309,0.6314,0.6073,0.6796,0.807,0.5557,0.8104,0.6211,0.6486,0.714,0.5281,0.597,0.7106,0.6211,0.7519,0.9274,2.1913,2.3555,1.0617,0.683,0.8242,0.9756,0.6314,0.8138,0.5798,0.5694
4/28/2020,44.4228,0.6584,0.9206,0.8514,1.0663,1.4196,1.3285,1.2229,1.2958,1.0335,0.7276,1.5799,0.6256,0.8296,0.6511,1.0007,0.6438,0.9935,0.7604,0.7057,1.0554,0.8878,1.0044,0.7786,0.6912,0.7021,0.815,0.815,0.5673,1.1974,0.6802,0.7276,0.6584,0.662,0.7021,0.4872,0.6802,0.8551,0.6875,2.5049,2.6945,0.9971,0.7531,0.9971,0.7385,0.6219,0.6547,0.8551,0.6365
4/27/2020,33.7938,0.6232,0.5536,0.8089,0.8218,1.4641,0.8038,1.0256,0.9405,1.0952,0.9147,0.7264,0.5484,0.5639,0.68,0.7006,0.6026,0.6361,0.7806,0.729,0.6387,0.5071,0.4246,0.6206,0.7883,0.5691,0.7341,0.6825,0.5355,0.5381,0.5794,0.355,0.3782,0.4375,0.4246,0.5071,0.5897,0.649,0.5149,1.7507,1.8791,0.5355,0.4194,0.6645,0.5845,0.6877,0.7857,0.5252,0.4685
4/26/2020,32.8853,0.6718,0.5051,0.7291,0.7988,1.0352,1.0526,1.0377,0.6345,0.5997,0.637,0.9481,0.4578,0.5001,0.6619,0.7291,0.4603,0.5798,0.7166,0.7689,0.7589,0.5001,0.4056,0.8261,0.7216,0.6743,0.4504,0.423,0.4827,0.5748,0.647,0.5698,0.4553,0.413,0.535,0.4976,0.5151,0.7888,0.6967,1.3971,1.4969,0.632,0.6917,0.6494,0.7664,0.637,0.7963,0.627,0.7316
4/25/2020,35.7922,0.8976,0.6503,0.7058,1.0977,0.9004,0.6753,0.792,0.7114,1.0143,0.6808,0.6753,0.4835,0.4946,0.4696,0.5307,0.7753,0.6086,0.5669,0.8031,0.8031,0.6141,0.6113,0.6419,0.6225,0.6697,0.7281,0.4557,0.5502,1.0755,0.6864,0.3445,0.4251,0.5808,0.4668,0.4891,0.6252,0.578,0.7614,2.5785,2.7741,0.5002,0.4613,0.6002,0.8198,0.7225,0.6864,0.7086,0.678
4/24/2020,37.0643,0.5561,0.6143,0.8526,1.0153,1.0182,1.0618,0.8206,1.1229,0.9805,0.6404,0.9572,0.6433,0.7567,0.6869,0.8468,0.8729,0.8439,0.6404,0.6782,0.6549,0.7799,0.6201,0.8468,0.5416,0.7189,0.6549,0.8148,0.4922,1.0066,0.7654,0.3992,0.6375,0.373,0.5242,0.4922,0.6172,0.7799,0.7625,1.7197,1.8456,0.7509,0.8846,0.5183,0.5794,0.8787,0.7683,0.5329,0.4951
4/23/2020,44.3315,1.1694,0.8642,0.9732,1.2167,1.7798,1.6526,1.1404,1.6672,1.0677,0.7988,0.7516,0.6426,0.7225,0.9115,0.8352,0.9442,0.9878,0.995,0.8679,1.0241,0.7625,1.0495,0.6462,0.9405,0.6317,0.6862,1.1949,0.6826,0.6426,0.7407,0.5118,0.5046,0.668,0.5336,0.5699,0.7407,1.035,0.7371,2.1045,2.2616,0.8279,0.5373,0.6462,0.5554,0.6753,0.9514,0.6826,0.7988
4/22/2020,49.7824,0.7307,0.9355,0.9772,1.1026,2.2349,1.8672,1.3616,1.3616,1.1778,0.8268,1.1277,0.9564,0.7642,0.7558,0.6848,0.6722,1.0399,1.1109,1.1068,0.8895,1.0984,1.1235,0.6722,0.6472,0.6848,0.7767,0.9605,0.7349,1.5037,0.9981,0.6346,0.6555,0.6137,0.714,0.76,0.8394,1.0316,0.9355,2.345,2.5217,1.1862,1.3575,0.8644,0.6472,0.9522,0.9772,0.8018,1.0608
4/21/2020,48.2376,0.8628,0.73,1.2531,1.1646,1.4301,1.4382,0.9513,1.7842,1.3134,0.7702,1.6796,1.0801,0.6616,0.7139,0.9714,0.891,0.6455,0.9915,0.8547,1.0318,1.0398,0.8547,1.064,0.6535,0.7139,1.0036,0.8467,0.6898,0.6938,0.8869,0.7944,0.6656,0.5328,0.5006,0.4886,0.7501,1.072,1.1082,2.6648,2.8673,1.0076,1.068,0.9553,0.8829,0.738,0.6978,0.7904,0.9875
4/20/2020,44.9676,0.9356,0.7988,0.6214,1.1463,1.4716,1.6121,0.9393,1.0576,1.3533,1.2535,1.0169,0.7545,0.8321,0.5955,0.784,0.9245,0.7397,0.9873,0.7471,1.0761,0.5918,0.9541,1.1167,0.6362,0.6879,0.7286,1.0169,0.6731,0.9282,0.7286,0.418,0.6103,0.6288,0.5474,0.7175,0.8173,0.5881,0.7212,2.5683,2.763,0.736,1.0021,0.9652,1.0021,0.6435,0.7138,0.8173,0.9984
4/19/2020,36.5192,0.9395,0.8426,0.7313,0.9681,1.3816,1.1934,1.3302,0.8369,1.1278,0.6315,0.8369,0.5859,0.6002,0.777,0.7941,0.6372,0.6715,0.5517,0.6486,0.5745,0.4946,0.8369,0.5602,0.8796,0.5517,0.7969,0.8739,0.5431,0.7827,0.7456,0.4005,0.4062,0.3863,0.5574,0.4347,0.6429,0.5403,0.603,1.522,1.6319,0.8597,0.7713,0.7485,0.6458,0.7,0.8454,0.5716,0.526
4/18/2020,33.7029,0.6422,0.673,0.745,1.1537,1.4338,0.8992,0.8067,0.8992,0.5394,0.8118,0.6679,0.7398,0.5625,0.6653,0.5188,0.4802,0.7501,0.655,0.7681,0.7578,0.5651,0.7733,0.7347,0.673,0.6807,0.7064,0.5162,0.4648,0.9043,0.5085,0.4494,0.5651,0.5548,0.416,0.5085,0.5548,0.6756,0.4571,1.377,1.4752,0.7578,0.4186,0.7861,0.4365,0.8041,0.4571,0.5574,0.7553
4/17/2020,34.6113,0.7707,0.635,0.7175,0.8453,1.3216,0.8053,0.816,1.2045,1.0555,0.8905,0.9597,0.5579,0.7042,0.5445,0.502,0.7228,0.7468,0.7388,0.5685,0.7947,0.6058,0.5712,0.7228,0.8825,0.4541,0.651,0.4434,0.5259,0.5259,0.6297,0.5951,0.5525,0.4807,0.5499,0.5818,0.6137,0.6856,0.6616,1.0797,1.1537,0.7175,0.9251,0.7894,0.6031,0.6803,0.7867,0.6563,0.5845
4/16/2020,37.4278,0.8876,0.8818,0.6816,1.1525,1.1937,1.3379,1.2202,0.9936,0.4963,0.6375,0.7081,0.7846,0.6875,0.6905,0.6405,0.5492,0.5816,0.8317,0.8464,0.8023,0.8141,0.7935,0.5581,0.458,0.6346,0.767,0.9318,0.5757,0.9171,0.7052,0.4521,0.5198,0.511,0.614,0.4227,0.5904,0.7611,0.7199,1.5199,1.6296,0.9171,0.817,0.6346,0.7758,0.7582,0.5728,0.7611,0.6905
4/15/2020,33.7936,0.8167,0.8425,0.698,0.9482,1.0746,0.7393,0.8321,0.7006,0.5716,0.6,0.9663,0.471,0.52,0.6026,0.7135,0.6851,0.5768,0.6645,0.7109,0.6696,0.6361,0.4194,0.5149,0.5794,0.4736,0.5123,0.6619,0.4323,0.7161,0.5278,0.5562,0.4504,0.4917,0.4194,0.3885,0.5381,0.7109,0.7264,2.1523,2.3132,0.7006,0.6567,0.7728,0.4478,0.502,0.7573,0.6155,0.7161
4/14/2020,36.1557,0.803,0.7326,0.7636,1.2197,0.9804,0.7467,1.3013,0.7439,0.6341,0.5721,0.7945,0.8114,0.5383,0.4848,0.6059,0.5918,0.7354,0.5045,0.8199,0.6509,0.7692,0.8002,0.589,0.7382,0.5806,0.4651,0.6341,0.5271,0.7748,0.6875,0.451,0.5834,0.5496,0.4088,0.5186,0.5608,0.6087,0.558,2.3287,2.504,0.62,0.4679,0.5214,0.7073,0.6453,0.8734,0.834,0.8142
4/13/2020,29.1608,0.6237,0.5772,0.5835,0.7063,1.2543,0.6893,0.9475,0.7084,0.8883,0.5899,0.4798,0.5327,0.6005,0.5222,0.4798,0.592,0.4735,0.6068,0.5497,0.537,0.4354,0.592,0.6703,0.4672,0.4142,0.5306,0.446,0.4058,0.8777,0.6132,0.4883,0.4439,0.4269,0.4481,0.5052,0.5179,0.5941,0.5349,1.3513,1.4473,0.4079,0.683,0.4545,0.5264,0.4756,0.4777,0.5793,0.4037
4/12/2020,35.2475,0.6762,0.8206,0.7007,0.8288,1.262,0.8887,1.3301,0.8506,0.5182,0.9568,0.5672,0.4855,0.5808,0.5427,0.51,0.5672,0.7607,0.6108,0.7034,0.5536,0.728,0.638,0.6789,0.6871,0.51,0.7607,0.9868,0.4473,0.935,0.6353,0.4664,0.4555,0.4827,0.3683,0.3928,0.5672,0.7062,0.7825,2.1699,2.3323,0.5781,0.5345,0.6244,0.7361,0.5863,0.5727,0.619,0.5509
4/11/2020,32.704,0.7176,0.6336,0.7966,0.8979,1.0165,1.098,0.9572,0.7991,0.8608,0.5249,0.8658,0.683,0.5817,0.6015,0.7423,0.5397,0.599,0.594,0.762,0.636,0.5496,0.4755,0.7324,0.7645,0.5743,0.515,0.5422,0.51,0.9769,0.6459,0.5026,0.5026,0.4063,0.5175,0.3643,0.5545,0.7423,0.7373,0.9418,1.0047,0.7225,0.7274,0.557,0.767,0.641,0.6311,0.5422,0.6484
4/10/2020,33.5212,0.4806,0.5138,0.5699,1.0012,1.4478,1.0446,1.0778,0.9629,0.575,0.7715,0.4984,0.5622,0.5597,0.4984,0.7588,0.575,0.6363,0.7179,0.5418,0.7332,0.4602,0.4678,0.7996,0.5035,0.5674,0.6745,0.9859,0.4984,0.9298,0.7128,0.524,0.575,0.3708,0.478,0.3862,0.501,0.5342,0.6873,1.5488,1.6608,0.6082,0.5393,0.7537,0.6388,0.6592,0.7026,0.6235,0.6031
4/9/2020,39.7893,0.7834,0.7707,0.6308,1.2316,0.9996,0.8565,0.8025,0.9455,0.812,0.5831,1.327,0.7039,0.5958,0.6817,0.7675,0.6149,0.6944,0.6435,0.6085,0.8342,0.6626,0.7834,1.025,0.8692,0.4973,0.4941,1.1235,0.5132,1.1712,0.7198,0.4687,0.5386,0.653,0.5799,0.5958,0.7166,0.6467,0.6022,2.9376,3.1623,0.7452,0.7897,0.4877,0.5831,0.6785,0.6403,0.6689,0.5481
4/8/2020,38.6992,0.6364,0.7223,0.71,1.2596,1.5481,1.0723,1.1398,1.0201,0.621,0.7899,0.8175,0.6087,0.7223,0.7929,0.7714,0.6149,0.5473,0.8175,0.6732,0.6087,0.7469,0.4952,0.8421,0.9925,0.4767,0.8021,0.5811,0.532,1.1521,0.664,0.4153,0.4092,0.6333,0.6333,0.5535,0.6517,0.9219,0.6364,2.2053,2.3706,0.796,0.7377,0.6579,0.7438,0.707,0.5044,0.7653,0.578
4/7/2020,46.4213,0.8237,0.8775,1.0119,1.3347,1.0004,1.5806,1.765,0.9236,0.6623,1.2309,1.1733,0.6546,0.9236,0.9505,0.985,0.7353,0.7929,1.1157,0.9505,0.7584,0.8659,0.5394,0.62,1.2002,0.5278,0.8121,0.7161,0.5893,1.1234,0.766,0.6162,0.4664,0.7545,0.5624,0.7776,0.7468,1.0888,0.8621,2.6517,2.8531,1.204,0.9505,0.8659,0.6392,0.7276,1.0158,0.9312,0.6969
4/6/2020,32.5219,0.7699,0.5124,0.559,0.8288,1.0053,0.9023,0.9293,0.7209,0.6963,0.5394,1.0911,0.7209,0.5002,0.5345,0.5983,0.5811,0.5541,0.5419,0.6743,0.5688,0.4879,0.5566,0.7748,0.7429,0.4119,0.6007,0.5124,0.4119,0.8533,0.6203,0.3212,0.5664,0.5271,0.4119,0.3751,0.5271,0.4707,0.5639,1.854,1.9909,0.6767,0.868,0.5296,0.4658,0.7748,0.4609,0.7307,0.6056
4/5/2020,29.5241,0.6337,0.6208,0.4874,1.0319,0.7672,0.6036,0.8877,1.0599,0.7586,0.7198,0.9372,0.6036,0.4336,0.5261,0.4465,0.6294,0.4271,0.7005,0.5885,0.5412,0.5842,0.4594,0.6058,0.3798,0.4852,0.4486,0.8705,0.4056,0.7112,0.6122,0.3518,0.44,0.3389,0.4572,0.3798,0.4788,0.4723,0.4637,1.2589,1.3474,0.4357,0.5175,0.5498,0.6596,0.5563,0.595,0.5972,0.6574
4/4/2020,35.974,0.5667,0.8884,0.88,1.2968,1.2185,0.9919,1.1262,0.9164,0.6394,0.9751,0.5639,0.6394,0.6618,0.4912,0.5359,0.617,0.5919,0.6394,0.6003,0.6394,0.5275,0.4464,0.5499,0.687,0.466,0.6143,0.4996,0.5443,0.8352,0.5555,0.3905,0.3821,0.5919,0.4212,0.5303,0.5919,0.852,0.5499,2.9089,3.1312,0.6394,0.5359,0.4968,0.5359,0.5471,0.5555,0.5107,0.5975
4/3/2020,43.2415,0.7517,0.6741,0.6777,1.2345,1.0371,1.0512,1.3191,1.6468,0.9067,1.1534,0.9173,0.8186,0.7693,0.6037,0.7023,0.7482,0.66,0.9913,0.7164,0.9279,0.6001,0.8116,0.9067,1.0089,0.579,0.5367,1.1393,0.5261,0.7059,0.8645,0.6319,0.6777,0.5191,0.727,0.5896,0.7164,0.9279,1.016,2.3495,2.5265,0.727,0.7411,0.9385,0.8574,0.8856,0.8363,0.6142,0.9737
4/2/2020,39.426,0.9743,0.8423,0.6412,1.4331,1.5588,1.122,1.2257,1.1534,0.9869,0.7103,1.056,0.8738,0.5626,0.7983,0.792,0.7638,0.5595,0.6223,0.6601,0.9335,0.8266,0.6695,0.8298,0.4998,0.4998,0.6318,0.5721,0.4935,1.1534,0.8109,0.6223,0.5878,0.5846,0.5312,0.6255,0.6192,0.8203,0.8738,1.4185,1.52,0.6601,0.6978,0.8172,0.5249,0.6978,0.8455,0.9178,0.8046
4/1/2020,40.3346,0.9136,0.9427,0.7649,0.878,1.4892,1.1011,0.7293,0.8683,1.3242,1.0235,0.6646,0.6388,0.6743,0.6323,0.7131,0.6646,0.6097,0.7713,0.6711,0.9168,0.587,0.6776,0.8813,0.642,0.5062,0.5611,0.6873,0.5579,1.1011,0.836,0.4092,0.5579,0.4059,0.4447,0.4512,0.6873,0.7099,0.836,2.6884,2.8928,0.9233,0.5159,0.9298,0.6905,0.8845,0.739,0.8263,0.7131
3/31/2020,48.6924,1.2572,0.7242,0.6224,1.3915,1.5217,1.7252,1.4647,1.7415,0.7119,0.8991,1.4729,0.7079,0.6957,0.8869,0.8055,1.066,0.6713,0.9439,1.1107,0.9846,0.7852,0.9602,0.9968,0.8788,0.9154,0.7323,1.1067,0.6672,0.7526,0.7689,0.6997,0.4963,0.6672,0.6346,0.6428,0.8706,0.773,0.8828,2.7575,2.9676,0.7933,0.7974,1.0741,1.0334,1.1555,0.7445,0.7893,0.9439
3/30/2020,46.2392,1.0576,1.0653,0.7747,1.0882,2.1092,1.2565,1.6657,1.7154,0.5949,1.1227,1.0844,0.8703,0.6255,0.9276,0.7326,1.0079,0.6179,0.725,0.7632,0.8053,0.6867,0.572,1.0921,0.7708,0.5452,0.6867,0.7861,0.6141,0.8856,0.7976,0.5032,0.5261,0.6294,0.5682,0.7211,0.7708,1.1035,1.0385,2.7575,2.9676,1.0041,0.7708,0.9085,0.5949,0.8091,0.6829,0.9315,0.9047
3/29/2020,34.9748,0.841,0.6522,0.5524,1.2295,1.4588,0.8599,0.6711,1.2645,0.5254,0.8087,0.6927,0.52,0.4715,0.6441,0.6954,0.4958,0.52,0.5605,0.7547,0.6873,0.6468,0.5119,0.5983,0.7439,0.7008,0.6252,0.9948,0.4688,0.7493,0.7385,0.5659,0.4634,0.4823,0.3771,0.4904,0.5227,0.6981,0.7116,1.7908,1.9225,0.6441,0.7008,0.5767,0.4931,0.725,0.7412,0.7493,0.636
3/28/2020,39.6987,0.7943,0.7753,1.0225,1.1335,1.6058,1.4378,1.0067,1.2825,0.8006,1.1588,1.2349,0.8514,0.6136,0.658,0.7182,0.7277,0.7753,0.9274,0.7689,0.7499,0.7943,0.5375,0.9338,0.9338,0.5914,0.5978,0.6263,0.5312,1.1969,0.5946,0.6738,0.6834,0.3981,0.6231,0.4615,0.5851,0.5122,0.6136,1.274,1.3638,0.5724,0.9433,0.8514,0.8514,0.9116,0.7055,0.6897,0.6041
3/27/2020,43.2415,0.6777,1.0689,1.0618,1.3931,1.2733,1.4459,0.9032,1.2697,0.8116,1.1711,1.3261,0.5966,0.6037,0.6354,0.727,0.7129,0.586,0.9349,1.0195,0.9807,0.8645,0.6988,1.0089,0.9596,0.5543,0.7904,0.7763,0.579,1.2697,0.8433,0.5896,0.6847,0.7094,0.6882,0.4909,0.6918,0.794,0.9526,1.5536,1.666,0.9173,0.9878,0.9138,0.7517,1.0477,0.9138,0.6283,0.7164
3/26/2020,42.6964,1.0757,0.7496,0.9126,0.982,1.7731,0.812,1.2041,1.3915,0.76,0.8155,0.8467,0.5518,0.6281,0.59,0.6871,0.989,0.6108,0.7634,0.7843,0.7045,0.8363,0.9716,0.7183,0.7461,0.6836,0.6247,0.9855,0.5657,0.8086,0.8432,0.5171,0.4789,0.4651,0.4755,0.6524,0.76,0.7183,0.5796,3.4711,3.7391,0.8432,0.6108,0.8224,0.701,0.753,0.5726,0.6073,0.5136
3/25/2020,38.8808,0.9047,0.6577,0.5434,0.8955,1.2104,1.1579,1.3371,0.9572,1.2722,0.6515,1.3309,0.6916,0.6268,0.5681,0.8028,0.7441,0.6639,0.7966,0.8461,0.7781,0.6978,0.7194,0.5928,0.9974,0.7133,0.8152,0.8553,0.5527,0.7256,0.5866,0.6299,0.4137,0.5372,0.528,0.6577,0.6237,0.8769,0.5866,1.8405,1.9762,0.528,1.0159,0.5187,0.5527,0.8769,0.6422,0.6175,0.7658
3/24/2020,34.1575,0.6663,0.7029,0.7474,0.7395,1.3124,0.6898,0.9775,0.7474,0.4832,0.7343,0.6793,0.6977,0.5329,0.4962,0.7395,0.7421,0.7264,0.5093,0.5904,0.7395,0.5198,0.6689,0.627,0.784,0.5904,0.6166,0.9462,0.4806,0.8572,0.5486,0.4989,0.5459,0.4021,0.5826,0.3785,0.6113,0.5093,0.6637,2.0885,2.2443,0.6192,0.7631,0.7997,0.4596,0.5695,0.4649,0.559,0.5041
3/23/2020,37.7913,0.8459,0.7953,0.5778,0.9263,1.4656,1.2391,0.9621,1.403,0.9621,0.9174,0.5957,0.8906,0.5539,0.5927,0.5301,0.7148,0.6344,0.7476,0.834,0.694,0.5867,0.7089,0.8399,0.4884,0.5361,0.7327,0.7327,0.4944,0.9055,0.7476,0.3931,0.6195,0.551,0.6135,0.5271,0.5629,0.4944,0.4944,1.9317,2.0748,0.691,0.9621,0.7804,0.691,0.5629,0.6106,0.7863,0.7893
3/22/2020,39.4263,0.7512,1.0277,0.7449,0.8675,1.7128,1.3546,1.4237,1.4614,1.1786,1.1566,0.7229,1.0529,0.6789,0.7638,0.8549,0.6726,0.9178,0.8675,0.7481,0.8203,0.5909,0.7103,0.8989,0.8078,0.7763,0.7858,0.946,0.5815,0.9617,0.7952,0.6066,0.4935,0.6381,0.5469,0.6098,0.5752,0.8863,0.7041,0.2784,0.2875,0.9775,0.5626,0.7795,0.7481,0.6915,0.6601,0.9083,0.8392
3/21/2020,38.0637,0.801,0.8702,0.8281,1.3121,1.4444,1.0926,0.7018,0.9002,1.2249,0.5996,0.8281,0.7649,0.5605,0.777,0.8581,0.7409,0.5605,0.8221,0.6958,0.8281,0.6627,0.7108,0.7258,0.8611,0.5876,0.8311,0.7198,0.5485,0.6777,0.5815,0.4072,0.4102,0.5274,0.4042,0.5845,0.5725,0.792,0.5304,2.0736,2.2282,0.6928,0.6357,0.5996,0.5124,0.9152,0.9333,0.6116,0.5154
3/20/2020,42.7874,1.0468,1.092,0.678,1.3703,1.6382,1.2973,1.5895,0.8868,1.1442,1.0607,0.8972,1.0224,0.8311,0.7581,0.8276,0.5737,0.8207,0.9737,0.9981,0.8068,0.6954,0.7337,0.8868,0.7267,0.5354,0.8729,0.6328,0.598,0.6815,0.8241,0.3928,0.4867,0.5319,0.5702,0.7267,0.6328,0.9216,0.925,1.7915,1.9232,0.7233,0.7302,0.9529,0.8659,0.8763,0.5667,0.7998,0.8694
3/19/2020,45.2401,0.878,0.8631,1.1833,1.7047,1.2876,0.9152,1.7605,1.269,1.4142,0.8407,1.2653,0.9897,0.7997,0.8035,0.7104,0.6545,0.9934,1.0083,1.0455,0.9189,0.7178,0.7215,0.6694,0.7029,0.8333,0.8146,0.6992,0.6955,0.9077,0.662,0.7476,0.7066,0.4944,0.6135,0.7402,0.7104,0.5726,0.8705,2.2639,2.434,0.7886,0.7215,0.6471,0.5204,1.0828,0.8333,0.9673,0.796
3/18/2020,49.1464,1.3064,0.7221,1.0266,1.5451,2.2857,0.9773,1.9195,1.2077,1.0801,0.9608,1.6644,0.8291,0.6728,0.7057,1.0883,0.9937,1.0637,1.0349,0.9526,0.9196,0.6522,0.6522,1.0431,1.1418,0.6604,0.6851,0.718,0.6892,1.578,0.825,0.5329,0.6316,0.611,0.6275,0.7509,0.8127,0.8538,0.7592,2.4938,2.6825,1.0595,0.7263,0.6234,0.7592,1.1007,1.1213,0.788,0.611
3/17/2020,53.8708,1.1804,1.185,0.9327,1.5703,1.6575,1.5107,1.5336,1.6162,0.8547,1.3501,1.3364,1.1116,0.763,0.6667,0.951,0.9923,1.0749,0.7767,1.0887,0.8685,0.9969,0.7263,1.2263,0.7217,0.6988,0.6988,0.9648,0.7905,0.8639,0.9465,0.7355,0.6437,0.5657,0.8272,0.6575,0.8043,0.9098,0.9786,4.0813,4.3986,1.1437,1.1116,0.6575,0.8089,0.896,1.1116,1.2217,0.6621
3/16/2020,50.8725,1.0884,1.3328,1.1013,1.6501,2.2074,1.8344,0.9169,1.6672,1.6072,0.8955,1.4571,0.6726,0.8569,0.6726,0.8998,0.6683,0.9898,1.0284,0.9469,0.8441,0.8655,0.8912,1.0627,0.8398,0.6726,1.0155,1.127,0.6768,1.6286,1.0456,0.7326,0.8483,0.7026,0.5782,0.6854,0.9084,1.217,0.9855,1.7385,1.866,0.7883,0.9427,1.0627,1.0241,1.2385,1.0541,0.664,0.6726
3/15/2020,43.605,0.804,0.804,1.0176,1.0283,0.9998,1.0283,1.0995,1.0354,0.8147,1.0782,1.2597,1.1244,0.893,0.6188,0.7648,1.0034,1.0034,0.6153,0.7435,0.804,0.8111,0.537,0.7898,0.6153,0.5476,0.5797,0.5868,0.6723,1.0532,0.9215,0.5014,0.512,0.5476,0.5263,0.6936,0.7898,0.8788,0.7399,2.9742,3.2019,0.7755,0.6367,1.0497,0.6829,0.9179,0.747,0.8325,0.9429
3/14/2020,44.4223,0.8514,0.8368,1.0007,1.2521,1.5325,1.66,1.0481,1.1027,0.8805,1.3868,0.8004,0.9935,0.7494,0.7676,0.8259,0.7713,0.9206,1.0226,0.8769,1.0153,0.5928,0.52,1.1355,0.7713,0.713,0.7094,0.7458,0.571,0.8223,0.9097,0.4799,0.5127,0.6766,0.56,0.4872,0.6984,0.906,0.8988,2.4436,2.6283,0.5928,0.7312,0.56,0.5345,0.9534,1.0954,1.0007,0.8769
3/13/2020,48.8735,1.119,1.2049,0.8901,1.7689,1.4297,1.2662,1.5686,1.07,1.6381,1.3111,1.0168,1.0168,0.6858,0.7471,1.1231,0.9269,0.7757,0.6653,0.8656,0.8125,0.7226,1.0495,1.2417,1.2008,0.9678,0.5999,1.4419,0.7471,1.1803,0.931,0.5672,0.7348,0.7103,0.7716,0.8002,0.6939,1.1476,1.0046,2.009,2.1583,0.7226,0.5958,0.6122,0.7593,0.9555,0.9964,1.0209,0.6285
3/12/2020,46.8752,0.8548,0.742,1.0841,1.6089,1.2163,1.6789,0.882,1.6945,1.5273,0.7887,0.9403,0.6837,0.6137,0.8081,0.9792,0.9208,0.8275,0.6448,1.1152,0.9558,0.9792,0.6837,0.8275,0.672,0.9675,0.7187,1.0491,0.6798,1.4418,0.8159,0.6876,0.5399,0.5749,0.6137,0.5049,0.6876,0.7809,0.6565,2.6418,2.8425,1.158,0.8975,0.6526,0.8781,0.8003,0.9403,0.8548,0.7615
3/11/2020,53.5976,1.2291,1.1881,1.3385,1.7991,1.7033,1.3203,0.9965,1.5939,1.1014,1.2063,0.9418,1.1561,1.0695,1.0786,0.7047,1.2291,0.9281,1.0467,1.0421,0.9601,0.7002,1.2565,1.2929,1.2473,1.0285,1.147,1.0786,0.6546,1.3203,1.0421,0.7138,0.7366,0.8461,0.805,0.7822,0.7458,0.919,0.6865,2.1496,2.3104,1.1607,1.2565,1.1379,0.919,0.764,1.2929,1.1698,0.8005
3/10/2020,60.9562,0.9239,1.3476,1.2787,1.6706,2.5338,2.232,2.4438,1.4111,1.7924,1.9089,1.8771,1.3582,0.8127,1.0351,0.9186,0.8339,0.8922,1.2734,1.2576,1.0669,0.8498,1.1464,1.0775,0.8021,1.2311,1.1252,1.6018,0.8816,1.0934,1.0193,0.8763,0.6539,0.548,0.9451,0.7704,0.8392,0.7492,1.2205,2.9225,3.146,0.8657,0.9028,1.39,1.2946,1.3794,0.8922,0.9398,0.9239
3/9/2020,52.4166,0.8551,0.9662,0.7396,1.5836,1.286,1.9478,0.9884,1.6013,1.0728,1.3659,1.2193,0.8551,0.7086,1.1216,1.1838,1.1039,0.9484,0.9218,1.0772,1.1438,0.7796,0.7263,1.206,0.9129,0.8551,0.9262,1.286,0.633,1.6591,1.0639,0.4598,0.7041,0.8685,0.6863,0.633,0.753,0.6863,1.1127,2.7342,2.9424,1.3437,1.3482,0.7086,0.8995,0.9306,0.7619,1.0594,1.0461
3/8/2020,41.4248,0.9789,0.9354,0.7382,1.5371,1.3733,1.4168,1.3633,0.8051,0.5277,0.6012,1.4301,0.9288,0.7315,0.7015,0.6212,0.8385,0.9354,0.6446,0.8285,0.7616,0.8786,0.7984,0.7215,0.5912,0.765,0.5477,0.7215,0.6146,1.0324,0.8318,0.668,0.5109,0.4809,0.6079,0.4675,0.658,0.8318,0.5444,2.2514,2.4204,0.8886,0.7817,0.765,0.6346,0.6413,0.8753,0.5644,0.6313
3/7/2020,45.9669,0.888,0.9146,0.8729,1.5676,1.2221,1.0855,1.0019,1.0513,0.8615,1.4234,1.0285,0.926,0.5919,0.7248,0.7096,0.9222,0.7552,0.8273,0.8501,1.0969,0.9184,0.5843,1.0095,0.9488,0.7362,0.7779,1.131,0.5729,0.983,0.9754,0.5539,0.6678,0.5084,0.5691,0.5463,0.7703,0.9943,0.926,2.6788,2.8825,1.0817,0.8007,1.0589,0.8615,1.0627,0.7552,0.6337,0.6564
3/6/2020,50.5095,1.3442,1.2932,1.1699,1.5355,1.7438,1.4844,1.6672,1.1486,0.715,1.4589,1.6672,0.8511,0.7916,0.8426,1.0509,1.0976,0.8086,1.0764,0.8426,0.8001,0.8638,1.0679,1.2932,0.6385,0.7745,0.6895,1.1911,0.6385,1.0594,0.9063,0.5535,0.8383,0.7916,0.7023,0.6513,0.732,0.9871,1.0679,1.9703,2.1166,1.1869,0.8511,1.1359,0.7533,1.1104,0.7618,0.9318,0.8553
3/5/2020,47.42,0.7816,0.9038,0.8999,1.093,2.0904,1.7829,1.3532,1.6489,0.9906,0.963,1.503,0.6515,0.6397,1.0024,0.7737,0.8408,0.8605,0.8447,1.0181,0.754,0.6318,0.7816,1.1206,0.5648,0.8132,0.8959,1.0063,0.7225,0.8841,0.7461,0.7422,0.4899,0.5648,0.5806,0.7816,0.8289,1.1049,0.6318,2.4795,2.667,0.9196,0.5451,1.03,0.9235,1.0852,0.7895,1.0221,0.6712
3/4/2020,55.2331,0.9035,1.1586,1.1916,1.7584,1.3617,1.0499,1.2058,1.3239,0.7618,0.8657,1.1019,0.7004,0.9035,0.946,1.2294,1.1444,0.9271,0.8941,1.2672,1.0688,0.7524,1.0121,1.0074,1.1727,1.0594,1.2105,0.9413,0.7665,1.6167,0.7949,0.6815,0.7712,0.8185,0.5304,0.8232,0.998,1.2294,1.22,4.0341,4.3477,0.7524,1.2152,0.7665,0.8563,1.1538,1.4231,0.7193,0.7949
3/3/2020,66.8608,1.132,1.65,0.9024,2.0384,2.6506,2.6094,2.0384,2.1797,2.1797,1.338,1.4322,1.2438,1.3674,1.185,1.2791,1.4793,1.0849,1.5911,1.4969,1.4322,1.338,0.9024,1.0084,1.4322,1.3851,0.9672,1.6617,0.8553,2.1032,1.3557,0.8141,0.8553,0.7376,0.667,0.7494,1.185,1.5676,1.391,1.875,2.0135,1.65,1.3027,1.3262,1.1202,0.9789,0.8553,1.491,0.9613
3/2/2020,61.1379,1.6014,1.4845,1.2188,1.8511,2.3241,1.9043,1.7183,1.2666,1.8671,0.9637,1.6333,1.4792,1.2188,1.2454,1.3623,1.3516,0.8203,1.2294,1.4632,1.1816,1.2772,1.07,1.0806,0.9903,1.2454,0.9478,0.9053,0.9265,1.1391,1.2719,0.5705,1.0222,0.7193,0.799,0.8203,0.9903,1.1922,0.7459,2.3421,2.5185,1.2029,1.3091,1.0275,1.4048,1.2985,0.7671,1.1657,1.2029
3/1/2020,45.7852,0.843,1.0924,0.6579,1.697,2.105,1.7007,1.1793,1.27,1.1944,1.0584,1.0508,0.877,0.6125,0.9224,0.7334,1.0055,0.6428,0.8846,0.8544,0.9413,0.8921,0.6654,0.7637,1.0471,0.6428,0.8808,1.3909,0.6881,1.1302,0.7977,0.5974,0.6465,0.5256,0.6352,0.6768,0.7977,1.0433,0.8317,1.463,1.5682,0.7637,0.7297,0.7675,0.9979,1.0017,0.7901,0.7334,0.9942
2/29/2020,44.5135,0.7691,0.7947,1.1598,1.5177,1.5761,1.6491,0.8166,1.514,0.8057,0.8969,1.4702,1.1197,0.875,0.813,0.6486,0.6815,0.729,1.043,0.9444,0.9408,0.7034,1.0393,0.6231,0.5428,0.7655,0.8714,1.1817,0.6158,0.9298,0.9079,0.5281,0.4405,0.6048,0.5756,0.6888,0.7801,0.7144,0.7472,1.7966,1.9288,0.8568,0.5939,1.0357,1.0393,0.9955,0.6998,0.7144,0.8276
2/28/2020,46.5118,0.6519,1.2103,0.9215,1.4992,1.6032,0.9947,0.8175,1.4376,0.9408,1.1372,1.0101,0.6981,0.752,0.8984,0.9099,0.9639,0.883,0.7944,0.8984,0.8907,0.7482,0.6481,1.0601,0.7289,0.6134,0.9562,1.2334,0.7135,1.3836,0.7251,0.5133,0.6673,0.4786,0.5903,0.779,0.7251,1.0409,1.0024,2.7852,2.9975,0.6596,0.8252,0.7058,0.9523,0.9331,0.7251,0.6673,0.7405
2/27/2020,60.1385,1.2981,1.5171,0.7975,1.4023,1.8872,1.4232,2.2366,1.9029,1.345,1.1573,1.9029,1.6109,1.0895,0.8445,1.3711,1.2094,0.881,1.2929,1.2251,1.3137,1.1417,1.3346,0.954,0.9279,1.0843,1.0478,1.3085,0.7193,1.0999,1.2824,0.8601,0.5525,0.7819,0.6098,0.7767,1.027,0.9905,1.3189,2.3538,2.5312,1.4858,1.1729,1.2094,1.0947,1.1312,1.3763,0.9122,1.345
2/26/2020,60.7746,1.581,1.3488,1.1588,1.8502,2.1985,1.8132,1.0691,1.2697,1.5177,1.4807,1.9188,1.6444,1.0058,0.8316,1.1483,0.9794,1.3541,1.3541,1.2697,0.9161,0.9952,1.296,0.8316,1.4913,0.9794,0.8633,1.2116,0.9055,1.9716,1.238,0.6786,0.7525,0.6364,0.5783,0.9213,0.9213,0.8686,0.8158,3.1286,3.3688,0.8422,0.8527,1.0005,1.3171,1.238,1.1219,1.0427,1.1958
2/25/2020,52.962,1.3986,0.922,1.1378,1.8707,1.3312,1.0075,1.6864,1.1738,0.94,1.6819,0.7737,1.0704,0.8726,1.1109,1.1199,1.2233,0.7152,0.7152,0.9535,0.8861,0.8411,1.2368,0.7916,0.7737,0.6343,0.8636,0.895,0.7107,0.9175,0.7871,0.8051,0.7916,0.8366,0.6568,0.7017,0.8006,0.8231,0.7737,3.9238,4.2284,1.0659,1.0389,1.1423,0.8051,0.7557,0.9445,0.7332,1.0929
2/24/2020,52.235,0.8213,1.2725,0.6798,1.7636,1.476,1.9184,1.6662,1.1177,0.9717,1.5733,1.1708,0.6533,0.7594,1.0027,0.8346,1.0558,1.1354,0.7285,0.9939,1.2062,1.1089,1.0691,1.1089,0.7594,0.5736,0.7594,1.0425,0.7196,1.5203,0.9142,0.6134,0.7506,0.5294,0.6533,0.5957,0.9452,1.246,0.7373,3.3402,3.5975,1.3124,0.8125,0.9142,0.5913,0.8125,1.016,0.7019,0.6886
2/23/2020,53.5068,0.8356,0.8083,1.136,1.8368,1.5455,1.1314,1.5956,1.855,1.4818,1.0814,1.5683,0.7082,1.0859,0.8538,0.8766,1.2042,1.2133,0.9266,1.1587,1.1269,1.004,1.0586,1.3134,1.2042,1.1087,0.6809,0.6263,0.7127,0.9858,0.8311,0.7264,0.8993,0.8265,0.731,0.6217,0.8493,0.9903,1.1405,2.5545,2.7481,1.0632,1.4454,0.8356,0.9084,1.2406,0.6991,0.7401,0.9312
2/22/2020,62.2281,1.4573,1.4736,1.2458,1.8369,2.775,2.0863,1.2187,1.8152,1.0994,0.8933,0.8987,1.3163,1.0452,1.2187,0.8771,1.2838,1.1102,0.8337,1.3434,1.0777,0.9259,1.3,1.1699,1.5386,0.9692,1.1211,0.812,0.9367,1.4193,0.9747,0.7361,1.0235,0.9042,0.8282,1.018,0.9313,1.4085,1.3488,3.317,3.5725,1.1265,0.8825,0.9855,1.4139,1.1482,1.1265,1.4302,0.953
2/21/2020,60.9562,1.1146,1.0775,1.2523,1.39,1.9831,1.7818,1.5859,1.6177,0.8233,1.7342,1.3688,0.9398,1.1887,1.1887,1.3529,1.2946,1.2682,1.4535,1.0034,1.2258,1.3264,1.4323,1.4853,1.48,1.1728,0.8445,1.7236,0.7968,0.9928,1.2893,0.7968,0.585,0.7068,1.0087,0.8074,1.0351,0.7704,1.4111,2.6655,2.8681,0.7545,1.4959,1.4588,1.014,1.1622,1.3264,0.8922,1.0087
2/20/2020,58.6849,1.0942,1.4997,0.7698,1.5048,2.2143,1.0942,1.7278,1.5301,0.9219,1.6467,1.1601,0.8104,1.0182,0.8458,0.9067,0.8661,0.7647,1.4186,0.9421,0.9016,1.0537,0.7495,0.8864,1.2665,0.7394,1.1956,0.9776,0.8864,1.3932,0.8661,0.5519,0.6532,0.6735,0.8256,0.9269,0.8408,1.0689,1.373,4.609,4.9692,1.5301,1.2209,1.0689,0.8458,1.1854,1.1449,0.7597,0.785
2/19/2020,71.7669,1.8246,1.2061,1.4292,1.9139,2.5069,2.7747,2.5962,1.7353,1.5632,1.2571,1.3719,0.8745,1.3527,0.9255,1.3272,1.2571,1.2443,1.493,1.1806,1.3145,0.9574,1.0466,1.1678,1.544,1.3974,1.1742,2.0669,1.0849,1.8692,1.4739,0.849,0.8872,0.798,0.9319,0.7916,1.2635,1.3719,1.3655,3.7026,3.9893,1.5632,0.8171,1.7481,1.5759,1.3655,1.0466,1.3336,1.4356
2/18/2020,74.8551,1.2297,1.6843,1.7511,1.9049,3.1016,1.7378,2.6537,2.9211,0.8753,1.4369,2.7406,1.0759,1.5105,1.0893,1.5171,1.1561,1.7846,0.9756,1.6642,1.2163,1.5907,1.4436,1.5907,1.3567,1.5439,1.3901,1.1896,0.9823,1.5907,1.2765,0.6948,1.0625,0.8686,0.7817,0.7817,1.3433,1.1428,1.1962,3.5591,3.8341,1.4436,2.0453,1.3166,1.116,1.3901,1.2564,1.7578,1.2831
2/17/2020,61.1379,1.0328,0.9265,0.8468,1.6492,1.8405,1.3835,2.2178,1.8352,1.6545,1.6705,1.4685,1.0913,0.8203,0.8575,1.2879,1.0541,0.9478,1.3782,0.9956,1.3357,1.2294,1.0647,1.256,1.2188,0.7831,1.086,1.1657,0.698,0.8628,0.9212,0.7034,0.7193,0.6768,0.8575,0.9797,1.0806,0.9637,1.4154,3.8027,4.0975,1.3144,1.6439,1.2719,0.6874,0.9903,1.4739,0.8893,0.9903
2/16/2020,44.5134,0.9115,1.0759,0.7764,1.3534,0.9882,1.1781,1.2402,1.1379,0.6559,1.3278,0.9809,0.791,0.6925,0.7399,0.9371,0.6231,0.8714,0.8093,1.0503,0.886,0.7363,0.9444,0.9006,0.9846,0.4989,0.8896,0.8568,0.6194,0.7983,0.7545,0.477,0.7363,0.7217,0.6267,0.5829,0.7363,0.6194,0.729,2.4792,2.6666,1.0832,0.7801,0.6012,0.7837,0.8641,1.1562,0.9882,0.8714
2/15/2020,41.9698,0.7272,0.8664,0.9242,1.556,1.6138,1.2027,0.8019,1.5085,1.1722,0.9106,1.4168,1.0227,0.8087,0.8325,0.8189,0.7475,0.7679,0.7,0.897,0.9785,0.8155,0.9242,0.7204,0.7577,0.4894,0.9174,0.6117,0.5573,0.7068,0.6253,0.6185,0.4894,0.5064,0.418,0.683,0.6456,0.9582,0.863,1.5851,1.7002,0.683,1.0193,0.6864,0.8257,0.8087,0.6932,0.7577,0.6287
2/14/2020,37.2456,0.9768,0.9651,0.7545,0.9768,1.5295,0.9973,0.8656,1.3657,1.0236,0.8452,0.7106,0.8569,0.5235,0.541,0.8042,0.6755,0.5849,0.6551,0.8013,0.8656,0.7516,0.7457,0.6171,0.8744,0.5907,0.5673,0.5176,0.5556,0.8364,0.62,0.4387,0.4737,0.62,0.6317,0.5644,0.5673,0.5878,0.7223,1.5551,1.6677,0.6872,0.4416,0.6141,0.8773,0.8656,0.6317,0.696,0.6083
2/13/2020,60.2294,1.3209,1.5925,1.5455,2.1305,2.2611,1.932,1.3941,1.2426,1.7597,1.9686,1.9738,1.509,1.1747,0.7621,1.1381,0.9971,1.2583,1.0493,1.3418,0.924,1.0807,1.4411,0.9814,0.7307,0.7673,1.159,1.3314,0.8091,1.3836,1.065,0.9606,0.9397,0.8979,0.6106,0.7778,0.971,0.8718,1.1277,1.8532,1.9899,1.4933,1.6865,1.1068,0.6994,1.3627,0.9449,1.0023,0.9083
2/12/2020,59.3206,1.3265,1.5164,1.3932,1.2957,1.6242,2.1066,1.3214,1.696,0.8852,1.4189,1.5164,1.4907,0.9262,0.9211,0.7671,1.0289,1.2033,0.8954,1.188,1.1828,0.8133,0.7825,1.0699,1.4189,0.9981,0.957,1.5934,0.7517,1.7217,0.9365,0.7312,0.7979,0.803,0.6234,0.9057,0.8749,1.306,0.762,3.449,3.7151,1.0853,1.2341,0.9313,1.4035,0.9827,0.9108,0.9211,1.1366
2/11/2020,59.0482,1.1621,1.402,1.5041,1.8359,1.3153,1.8002,1.6011,1.4786,1.2234,1.4684,1.4174,1.0855,0.7844,0.7333,0.9988,0.9426,0.9834,0.9732,0.8813,0.9171,0.9783,1.2642,1.1009,1.4786,0.6618,1.2642,1.4582,0.7435,1.1876,1.254,0.6925,0.5393,0.7129,0.5853,0.8864,0.9885,1.4225,0.8354,3.6425,3.9244,1.0702,1.2183,1.06,1.254,1.1774,1.0549,0.8916,1.1927
2/10/2020,42.6054,0.9038,0.8138,0.8311,1.5267,1.9419,1.4817,1.5059,1.409,1.0283,1.1425,0.6338,1.011,0.6511,0.5854,0.6719,0.5716,0.8968,0.6062,0.9799,0.883,0.6062,0.883,0.6442,0.5958,0.6338,0.8726,0.7826,0.6096,1.1183,0.8034,0.7134,0.6858,0.4643,0.6892,0.6754,0.7411,0.9903,0.9522,1.2392,1.3262,0.8173,0.8276,0.9799,0.8795,0.8934,0.7653,0.6996,0.6408
2/9/2020,47.6928,0.8692,1.1828,1.1153,1.29,1.9211,1.3654,0.8811,1.3654,1.3575,1.5162,0.9566,1.0359,0.9764,0.9327,0.9248,1.1312,1.0399,0.9407,0.8176,1.1153,0.7502,0.5676,1.0478,0.6787,0.7859,0.9446,1.1233,0.6231,1.4686,0.8414,0.5001,0.5755,0.6112,0.6271,0.5676,0.6946,1.028,0.6112,1.8051,1.9379,1.163,0.635,1.0995,1.0439,0.8494,0.6787,1.0121,0.6866
2/8/2020,63.6813,1.709,1.0743,1.6756,2.277,2.3215,2.0209,2.0821,1.1801,1.1411,1.5086,1.787,1.1244,0.974,1.1912,1.1856,1.0019,0.9017,1.3805,1.4529,1.0409,1.1522,0.7736,1.0965,0.8181,0.8348,1.2469,1.5698,0.9406,1.8037,1.2859,1.0743,1.0019,0.9963,0.7736,0.9351,0.9351,1.258,1.297,3.0242,3.2559,1.542,0.8905,0.7402,1.0464,1.091,1.1745,1.297,0.7959
2/7/2020,57.5042,1.429,1.0082,1.0082,1.533,2.4686,1.9785,1.6716,1.3003,0.9835,0.9736,1.3845,1.4092,0.7657,0.7112,0.8647,0.8399,1.033,0.8696,0.9637,0.9241,1.1419,1.3251,1.5478,1.0478,0.9092,0.9092,1.434,0.6667,1.2954,0.8795,0.6518,0.6518,0.8449,0.7904,0.8548,0.9785,1.2558,1.0627,3.4613,3.7284,1.1518,0.8201,1.3449,1.127,1.2162,0.8003,0.7508,0.736
2/6/2020,63.227,1.1552,1.6412,1.2823,1.7241,2.3923,1.5308,1.4921,2.2929,1.0724,1.829,2.2708,1.2491,0.8349,0.8791,1.3485,1.4756,0.9564,0.8404,0.9398,0.9343,0.8681,0.741,1.3982,1.2491,0.7466,0.9398,0.9398,0.8736,2.0554,1.2657,0.5974,0.6195,0.6637,0.6416,1.0337,1.0393,0.9951,1.0393,4.0173,4.3295,1.2933,1.7462,0.7134,1.3541,0.9012,1.0393,0.8183,1.1663
2/5/2020,70.0405,1.7363,1.06,1.7859,1.7549,3.1322,1.9969,1.5129,2.7103,1.1469,1.8231,2.456,1.6308,1.1903,1.3703,1.0725,1.0538,1.5688,1.4323,1.4261,1.3951,1.2276,1.0973,1.7983,1.7983,1.3765,1.4447,1.7673,0.7871,1.4819,1.2648,0.9112,1.1097,1.0166,1.0663,1.0352,1.0476,1.6246,1.2648,1.5678,1.6814,1.0414,1.879,1.2462,0.8677,1.575,0.9608,1.6184,1.2276
2/4/2020,51.418,0.9048,1.035,1.0133,1.187,2.3766,1.0394,0.8831,1.4735,1.1913,1.1957,0.9786,1.1262,0.9352,0.9265,1.0003,1.1826,0.7745,0.7919,0.8831,0.9873,1.0003,0.9352,0.7311,0.7485,0.6443,0.9091,1.3606,0.6095,0.9221,0.9048,0.7962,0.8266,0.7485,0.7094,0.692,0.9221,0.6399,0.6226,4.0201,4.3325,0.8744,0.7224,0.7615,0.8049,0.8223,0.7485,0.9742,0.7485
2/3/2020,38.1544,0.622,0.8874,0.7517,1.0894,0.9838,1.3638,1.1829,1.1497,1.0954,1.0924,1.21,0.8693,0.5979,0.7728,0.7577,0.5587,0.8934,0.5406,0.628,0.7999,0.7667,0.4803,0.7185,0.5225,0.4561,0.5647,0.8451,0.4833,0.7758,0.6823,0.5677,0.4863,0.4773,0.4169,0.5104,0.6039,0.7667,0.8512,2.0301,2.1811,0.6341,0.7848,0.4622,0.7486,0.625,0.5044,0.7547,0.6069
2/2/2020,40.7887,0.7897,0.9241,0.5962,1.3635,1.8323,1.3831,0.8487,1.4061,0.6782,0.5929,0.8224,1.0192,0.5306,0.5667,0.9143,0.9438,0.6815,0.8224,0.8847,0.6847,0.7437,0.5175,0.77,0.9077,0.4978,0.7864,0.6355,0.5929,0.9995,0.8651,0.6519,0.4159,0.6257,0.547,0.5142,0.6355,0.7601,0.7634,1.5201,1.6298,1.0618,1.0651,0.9143,0.7864,0.77,0.8159,0.9306,0.7798
2/1/2020,44.8768,1.0406,0.9816,0.9485,1.6602,1.9441,0.8821,1.6122,1.0923,1.3762,1.048,1.509,1.0812,0.6682,0.6018,0.6682,0.9632,0.8009,1.0038,0.7235,0.7161,0.7714,0.9706,0.7088,0.9669,0.6203,0.8673,0.9153,0.5576,0.8784,0.7936,0.4469,0.5576,0.6239,0.6682,0.7604,0.6829,0.7124,0.753,1.8129,1.9463,0.6018,1.1513,1.0038,0.6534,0.6977,0.7936,0.9153,0.7235
1/31/2020,41.5157,1.0783,0.6962,0.7063,1.0046,1.2492,0.847,1.1487,1.5006,0.8169,0.9442,0.6325,0.8135,0.7398,0.7498,0.656,0.5923,0.8068,0.713,0.6761,0.6828,0.8236,0.9208,0.9141,0.9543,0.6225,0.7599,0.7331,0.6024,0.9811,0.7163,0.6895,0.7264,0.5387,0.5487,0.542,0.7498,1.0079,0.8403,2.0928,2.249,0.9174,1.0079,0.5454,0.894,0.9409,0.6728,0.5923,0.8772
1/30/2020,54.9603,1.3031,1.0167,1.1481,1.7586,1.444,1.4863,1.9371,1.6506,1.3876,1.4487,1.66,1.0448,1.0401,0.7208,1.1951,1.0824,0.7443,1.0495,1.2984,1.0167,0.7255,1.1434,0.7396,0.6738,1.0213,1.1247,1.0824,0.6691,1.0026,1.1294,0.4813,0.6738,0.6269,0.7161,0.6222,0.8992,1.1857,0.9274,3.283,3.5356,1.026,1.1481,0.6738,0.9368,0.9885,0.965,0.7678,0.7584
1/29/2020,64.7716,1.2056,1.6654,1.1431,1.6143,2.9087,1.8414,1.7222,2.5,1.9039,1.813,1.6427,1.6314,0.8139,1.2624,1.2851,1.4327,0.9842,1.5349,1.0126,1.5235,1.0296,1.3135,1.6541,1.4213,0.8536,1.2907,0.8082,0.8195,0.9671,0.9501,0.882,1.0069,0.9955,0.9842,0.9558,1.1772,1.0182,0.7912,2.8483,3.0657,0.865,1.1318,1.0693,0.8195,1.2113,1.5462,0.9558,0.899
1/28/2020,64.2263,1.5892,1.0213,1.4486,2.3258,1.5892,1.7241,2.1458,2.2414,1.9209,1.533,2.3258,0.8414,1.0719,1.2743,1.4261,1.0607,0.937,1.3249,1.2462,1.0775,1.1956,1.2462,1.1394,1.0213,0.7121,1.0494,1.6061,0.847,1.2237,1.0157,0.6333,0.7064,1.0494,0.6896,0.8414,0.9988,1.1956,0.9538,3.3305,3.587,1.2181,1.7185,0.9089,1.0888,1.145,0.8583,1.3755,0.7458
1/27/2020,72.4935,1.721,1.8693,1.147,1.7274,3.2623,1.4049,1.6242,2.7915,2.0628,1.9467,2.2111,1.5404,1.392,1.4243,1.592,1.2115,1.2566,1.2502,1.392,1.4501,1.2566,0.8696,0.9277,1.205,0.947,1.5275,1.7468,1.0051,1.1212,1.1147,1.0115,0.7084,1.076,0.7149,1.147,0.9857,1.2631,1.1341,3.8297,4.1267,1.7274,1.1212,1.3017,1.7081,1.147,1.4436,1.147,0.9019
1/26/2020,65.2258,1.7518,1.5115,1.0251,2.1696,3.0852,1.7633,2.6159,2.3241,1.7118,2.0494,1.294,1.3226,1.2025,1.0365,1.2425,1.1166,1.0651,1.4027,1.0136,1.3398,1.0193,0.8305,1.4428,1.4256,1.2311,1.2711,0.985,0.8419,2.1238,1.0479,1.0994,0.8992,0.7904,0.676,0.9278,0.9621,0.922,1.4085,1.7753,1.9057,1.2826,0.985,1.5286,1.5573,1.4027,0.8534,1.1853,0.8019
1/25/2020,62.2276,0.9421,1.2946,1.5332,1.9887,2.7479,1.197,2.3358,1.9616,1.2675,1.7989,1.8694,1.3976,1.2133,0.8228,1.159,1.3543,1.1428,0.8174,1.0994,1.4898,0.9584,1.2946,1.5061,1.441,1.1536,1.1807,1.1807,0.9313,1.7881,0.9204,0.6493,1.018,0.5625,0.6168,0.7794,0.915,0.8499,1.4736,2.7594,2.9696,0.8716,0.9259,0.7794,0.8391,1.441,1.0723,0.8771,1.0397
1/24/2020,67.1337,1.0359,1.6036,0.8704,1.5386,1.8461,1.2429,1.7396,1.7219,1.0182,1.3434,1.4558,1.1365,1.3198,1.2784,1.1069,1.2784,0.9236,1.2961,1.4794,1.302,1.0891,0.965,0.9295,1.7514,1.2488,0.9058,1.6273,0.9295,0.9295,1.2606,1.0537,0.9768,0.965,1.0359,0.7521,1.0182,1.4617,1.2961,4.8977,5.2813,1.6864,1.03,1.1897,1.2252,1.3612,1.5563,1.2133,0.9591
1/23/2020,73.4926,1.8957,1.9284,1.7778,1.7843,2.865,2.4393,2.8126,1.7319,1.4241,1.8498,1.7778,1.7319,1.3193,1.1687,1.3324,1.5224,1.5289,1.6141,1.3062,1.2669,1.5748,0.9853,1.0639,1.2407,1.3324,1.601,1.0312,0.9133,1.8171,1.4307,0.7692,0.7168,1.0705,1.0705,0.7954,1.1884,1.7712,1.3717,3.3578,3.6165,1.9022,0.9984,0.9198,0.9198,1.2211,1.005,1.7254,1.005
1/22/2020,81.1236,1.6291,2.1702,1.5487,2.7187,3.9179,2.8503,1.3805,2.8284,2.3823,1.9143,1.8485,1.8704,1.5268,1.556,1.439,1.9143,1.3001,1.8193,1.8558,1.2343,1.5633,1.9289,1.2123,1.344,1.2855,1.5853,1.9582,1.0222,1.4536,1.5926,0.9272,1.1758,0.9637,1.0807,1.0441,1.2928,1.8485,1.3659,2.173,2.3357,1.5414,2.2653,1.2489,1.1758,1.7681,1.2928,1.4098,1.5633
1/21/2020,9.6291,0.2103,0.2053,0.2061,0.2213,0.2483,0.2204,0.1997,0.2087,0.2248,0.2121,0.1877,0.2095,0.1922,0.2019,0.196,0.1862,0.1929,0.2058,0.1978,0.194,0.2015,0.1921,0.1856,0.1918,0.1996,0.1955,0.1934,0.1838,0.2017,0.1999,0.1892,0.1862,0.187,0.1821,0.1883,0.1929,0.2035,0.2012,0.2337,0.2391,0.2108,0.2019,0.1953,0.1852,0.19,0.1896,0.1966,0.1906
1/20/2020,9.4474,0.1937,0.1975,0.2046,0.2049,0.2104,0.2184,0.2063,0.2201,0.2115,0.1978,0.2189,0.1966,0.1853,0.1959,0.1914,0.1904,0.1924,0.2004,0.1971,0.1966,0.183,0.1985,0.1921,0.1924,0.1809,0.1861,0.2043,0.1842,0.2091,0.1858,0.1842,0.1848,0.1838,0.1811,0.1843,0.1903,0.2001,0.1845,0.2357,0.2413,0.2031,0.1898,0.1908,0.189,0.1878,0.1923,0.1879,0.19
1/19/2020,62.4098,1.6738,1.1787,0.825,1.5487,2.5607,1.6194,1.3202,2.0166,0.8141,1.3909,1.2168,1.6085,1.1406,0.9502,0.9828,0.8522,1.1352,0.874,1.1787,1.4834,0.9883,1.3419,1.3963,1.5759,1.0807,0.9665,1.01,0.8577,1.5922,1.2168,0.6944,0.5639,0.7706,0.9066,0.6074,0.8794,0.8794,1.0427,4.1067,4.4262,1.2821,0.7488,1.3528,0.8359,0.8686,1.5269,1.2766,1.244
1/18/2020,57.7767,1.3364,1.0328,0.7889,1.431,2.3668,1.9437,1.7247,1.7247,1.8889,1.6301,1.7645,1.5106,0.993,0.7491,1.0776,1.0527,0.759,0.8785,1.0577,0.8884,0.8635,1.0527,1.5305,1.4907,1.0826,0.9979,0.8038,0.7341,1.1722,1.1124,0.6843,0.9233,0.6047,0.6545,0.9282,0.9034,0.7092,1.197,3.0871,3.3239,0.9233,0.6545,1.2568,0.9482,0.8984,0.7988,0.993,0.8486
1/17/2020,49.3279,0.8155,1.2412,0.9684,1.8239,2.2331,1.1999,1.0428,1.3115,1.5181,1.5594,1.3693,1.3073,0.7618,0.6833,0.923,0.9312,0.7163,0.8362,1.1751,0.8197,0.9023,0.6171,0.923,0.9436,0.8403,0.7535,1.0883,0.7205,1.0015,0.861,0.6502,0.7535,0.4725,0.7039,0.6254,0.7701,1.1957,0.7163,1.7673,1.8971,0.6791,1.3363,0.9808,1.1337,1.1461,1.1585,0.6998,0.7535
1/16/2020,47.6025,1.2478,0.9429,0.6062,1.7706,1.7032,1.6795,1.7706,1.5844,1.1171,0.6775,0.7528,1.03,0.6617,0.6934,0.7805,1.0538,0.9825,0.9904,0.8439,0.8439,0.9944,0.6419,1.1528,0.9072,0.7053,0.7884,0.6973,0.6934,0.7528,0.8122,0.5864,0.5706,0.634,0.6775,0.6142,0.8637,0.9785,0.9508,2.2238,2.3906,1.0062,1.0062,0.9983,1.125,0.6894,0.6459,0.7013,1.0617
1/15/2020,49.2374,1.2223,0.9955,1.2636,1.4821,1.643,1.0409,1.5852,1.2677,0.777,1.0491,0.7687,0.9131,0.9419,0.6615,0.9296,1.1564,0.9955,0.6904,1.1399,1.0945,1.0739,0.9296,0.7028,1.1399,0.7811,0.8801,0.8141,0.6574,0.9461,0.8636,0.5749,0.5007,0.744,0.4924,0.7893,0.8306,0.9172,1.0491,2.9111,3.1336,1.2677,0.6162,0.6203,0.5667,0.7522,1.2388,0.9914,0.8347
1/14/2020,59.0486,0.7946,1.402,0.7741,1.5552,2.178,2.2392,2.0504,1.9125,0.8864,1.0447,1.6777,1.3255,0.9324,0.963,0.8048,1.1978,1.0345,1.4174,1.305,1.3663,0.9222,0.672,1.0906,0.7792,0.9579,1.1978,1.6318,0.8252,1.4531,0.9937,0.7639,0.7844,0.7384,0.8507,0.8558,0.9375,0.8099,0.815,3.6205,3.9005,0.7844,1.0447,0.8201,0.6925,0.8048,1.5246,1.1213,0.7946
1/13/2020,64.9532,1.4367,0.9868,0.7932,1.4538,1.3969,2.1202,1.431,2.0974,1.6873,1.8411,1.9835,0.9868,0.8672,1.1633,0.9697,1.3342,1.2488,1.4766,1.3399,1.3627,0.9071,1.3,0.9811,0.759,1.1975,0.9412,0.9811,0.9298,1.562,1.0779,1.021,0.6792,1.0153,0.7077,0.9241,1.0608,1.3969,1.1349,4.0747,4.3916,0.9754,1.0494,1.0437,1.4937,1.3855,1.5677,1.226,1.1918
1/12/2020,61.3196,0.9185,1.0518,1.5796,1.345,2.2835,1.6063,1.6063,1.4623,0.7372,1.3077,1.473,1.6703,0.9025,1.1851,1.0731,0.9558,1.4197,1.2917,1.2331,1.4677,1.3024,1.3024,1.0091,1.4303,1.2331,1.2064,0.9611,0.8705,1.6756,1.1104,1.0304,0.8332,0.5452,0.6359,0.8278,1.0944,0.8172,0.9185,3.5077,3.7785,0.9291,0.7478,1.2917,1.0784,1.0784,1.5476,1.1851,0.8012
1/11/2020,58.8666,1.0619,0.8534,1.4332,1.6164,2.6235,2.0335,2.1199,1.6774,2.008,1.8656,1.128,1.0314,0.9398,1.128,0.833,1.3824,1.1484,1.3976,0.9958,1.1433,1.301,1.1891,1.4078,0.6855,0.8127,1.2349,1.3875,0.8279,1.1789,1.1738,0.6601,0.9297,0.8381,0.7516,0.8941,0.8127,0.9856,1.2349,1.9094,2.0507,0.9551,1.0212,0.8941,0.833,1.418,0.9653,1.3112,0.7822
1/10/2020,50.3275,1.1233,0.81,0.7466,1.4026,1.1825,1.3053,1.9952,0.9794,0.8481,1.119,1.737,1.1106,0.9074,0.7085,1.0725,1.1952,0.7127,0.9455,0.8989,1.0259,1.0174,0.9286,0.7508,1.2672,0.7212,0.9159,1.1063,0.6915,1.2037,0.7804,0.755,0.5434,0.755,0.7593,0.8143,0.755,1.2206,0.8227,2.0846,2.2402,1.0979,1.3518,0.6069,1.1783,1.009,0.9794,1.1444,1.0005
1/9/2020,49.51,1.0342,1.138,0.9761,1.6942,2.1342,0.9387,0.835,1.192,1.1089,1.4037,1.7939,1.2667,0.8433,0.6316,0.8682,1.1671,0.9761,1.1588,0.9927,1.001,0.7478,0.9844,0.7935,0.7935,0.7187,0.7644,1.2127,0.6316,1.138,0.9055,0.6357,0.6606,0.6772,0.4904,0.752,0.9014,1.2003,1.1463,1.8701,2.0082,0.9554,0.7561,1.0716,0.7852,0.8391,1.1546,0.9595,0.8018
1/8/2020,48.2382,1.2772,1.2008,0.8547,1.6112,1.1968,1.1807,1.8285,0.899,0.6817,0.7461,1.6273,1.2974,0.899,0.8467,0.738,0.7501,0.9151,0.8024,0.9755,0.73,0.8749,0.8708,1.1485,0.8588,0.7944,0.6334,0.7059,0.7018,1.3175,0.8628,0.7783,0.7099,0.5932,0.7863,0.5248,0.8869,0.8708,0.7059,2.2607,2.4304,0.6978,1.2571,1.0278,0.7541,1.0439,1.2289,0.891,0.9634
1/7/2020,53.5979,0.878,1.2975,1.1379,1.1881,1.9541,2.0043,1.53,1.8127,1.2245,0.9692,1.8994,1.0193,1.0102,0.7914,0.7686,0.7275,0.7093,1.3021,0.8506,0.8826,0.9099,0.878,0.7138,0.6409,0.6318,1.0649,1.3021,0.6363,1.0193,1.0513,0.7275,0.7093,0.577,0.8461,0.5953,0.9099,0.9054,0.8643,3.4905,3.76,0.9418,0.8324,0.9646,0.7093,1.0376,1.1653,0.7549,1.0011
1/6/2020,56.5955,1.1094,1.3281,1.0705,1.7169,1.712,1.9355,1.9015,1.3621,0.9685,1.78,1.0219,1.2406,1.0317,1.1386,0.7741,0.9782,1.2989,0.8081,0.9539,1.1191,1.0414,1.333,1.3621,1.4545,1.09,1.2358,0.7304,0.7984,1.5759,1.0803,0.7984,0.9588,0.7207,0.6721,0.8227,1.0025,1.1434,0.9491,1.946,2.0903,1.0997,0.6526,1.3087,1.3038,1.0414,1.2115,1.1823,0.7401
1/5/2020,53.6889,0.884,1.286,1.0485,1.9028,1.2906,1.4459,1.0028,1.4277,0.8292,1.551,1.3317,0.756,0.8703,0.6784,0.7698,0.8931,1.149,0.8292,1.1764,0.9023,1.1444,0.9434,1.2495,0.7698,0.6921,0.8657,1.4368,0.6692,1.117,1.0622,0.5185,0.7104,0.6373,0.5185,0.6784,0.9708,1.1718,1.2586,3.3698,3.6295,1.1718,1.3043,1.0119,1.1718,0.7743,1.2129,0.7378,0.8657
1/4/2020,51.3265,1.3018,0.7992,1.1762,1.3452,1.0765,1.4015,1.1155,1.5228,1.6831,0.9292,1.1978,1.2932,0.6953,0.9682,1.0202,1.1329,0.9335,0.6953,1.0072,0.9725,0.9422,1.1155,0.8339,0.6259,0.5739,0.8729,0.9076,0.6649,1.4708,0.9552,0.4656,0.6476,0.5306,0.8036,0.7602,0.7646,0.8166,1.1675,2.9148,3.1376,1.1502,1.2802,0.9682,0.7559,1.0072,0.7429,1.1458,1.0375
1/3/2020,54.779,1.3361,1.0742,1.0835,1.6776,2.0565,2.0004,1.818,1.2519,0.9432,1.7665,1.9817,1.1631,1.1069,0.9245,1.004,1.2379,0.8777,0.9058,0.9806,1.2847,1.2052,0.7374,0.7701,1.3034,0.9947,0.9292,1.6075,0.7795,1.542,1.0882,0.8356,0.7654,0.4988,0.7701,0.7046,0.9385,0.8543,0.8543,1.666,1.7875,0.9011,0.6672,0.7701,1.0695,1.2192,0.8824,1.2239,0.9385
1/2/2020,54.506,1.3758,1.3386,1.4409,1.2456,1.6874,1.7618,1.9106,1.3154,1.0224,1.2549,1.5339,0.8503,0.8689,0.7108,1.1759,1.041,0.7759,0.9759,0.9154,1.1061,0.7992,1.0177,0.9991,1.2503,0.5806,0.8736,1.427,0.6689,1.3572,1.0596,0.9154,0.6875,0.5945,0.6689,0.6131,0.948,0.7666,0.6922,3.1053,3.3436,0.8968,1.2224,0.6457,1.2456,1.32,0.7573,0.734,1.0084
1/1/2020,48.8741,1.1599,1.2539,1.1763,1.4828,1.8875,1.3479,0.8411,0.9801,1.3357,0.8615,1.2866,1.2294,0.9555,0.9882,0.9964,1.1395,0.8084,0.9474,0.8411,1.1395,0.8697,0.9474,0.9964,1.2539,0.8125,0.9678,1.5155,0.6776,1.1763,0.9474,0.7512,0.6939,0.5958,0.7307,0.7307,0.8206,1.0005,0.9801,1.3333,1.4279,1.0455,0.5672,1.1681,0.698,0.9392,0.9678,0.6449,0.9555
