date,,1,2,3,4,5,6,7,8,9,10,11,12,13,14,15,16,17,18,19,20,21,22,23,24,25,26,27,28,29,30,31,32,33,34,35,36,37,38,39,40,41,42,43,44,45,46,47,48
,,0:00,0:30,1:00,1:30,2:00,2:30,3:00,3:30,4:00,4:30,5:00,5:30,6:00,6:30,7:00,7:30,8:00,8:30,9:00,9:30,10:00,10:30,11:00,11:30,12:00,12:30,13:00,13:30,14:00,14:30,15:00,15:30,16:00,16:30,17:00,17:30,18:00,18:30,19:00,19:30,20:00,20:30,21:00,21:30,22:00,22:30,23:00,23:30
12/14/2022,38.1249,0.7481,0.8053,0.5131,1.0945,1.6759,0.7782,0.8204,1.4048,0.6969,0.9831,1.0524,0.5282,0.7842,0.6396,0.6155,0.5312,0.7993,0.7421,0.6306,0.8174,0.736,0.5131,0.7692,0.9529,0.6637,0.5131,0.5161,0.5161,0.7149,0.6216,0.489,0.6185,0.4288,0.5282,0.6336,0.6276,0.5703,0.7059,1.0784,2.8669,0.8083,0.8927,0.8294,0.6155,0.8987,0.9288,0.8595,0.5673
12/13/2022,55.3242,0.8055,0.9002,1.4066,1.2693,1.4539,1.4302,1.0422,1.4539,1.7946,0.8245,1.2457,0.9002,1.0043,0.9996,0.7961,1.1747,1.0232,1.1131,1.2267,0.8387,1.1131,0.8481,1.4255,0.8055,1.0611,0.7913,0.8671,0.7535,1.5911,0.9901,0.8103,0.9097,0.7251,0.5453,0.8055,0.8718,1.1131,0.6825,2.0648,5.7883,0.9996,1.0658,1.2173,1.0895,0.9617,1.0138,0.7677,0.9428
12/12/2022,74.1326,1.906,1.9258,1.7935,1.6811,3.4336,1.7671,1.4364,2.4813,2.025,1.8266,1.6811,1.152,1.3438,1.3108,0.9867,1.1785,1.443,1.4893,1.734,1.6282,1.3769,1.5224,1.9919,1.3108,0.8941,1.1124,0.9272,0.9933,1.3041,1.1983,0.8941,0.8743,0.7156,0.7751,1.2248,1.1587,1.4695,1.615,1.9929,5.5753,1.41,1.8663,1.4496,1.324,1.443,1.3108,1.033,1.1454
12/11/2022,9.0655,0.1808,0.1857,0.1829,0.1962,0.2125,0.1867,0.2068,0.2008,0.2042,0.1953,0.2004,0.1856,0.1861,0.1784,0.1878,0.1806,0.1854,0.1837,0.1879,0.1816,0.1804,0.1814,0.1857,0.1894,0.1803,0.1792,0.1777,0.1802,0.1807,0.1884,0.1826,0.183,0.1786,0.1798,0.1837,0.1848,0.1792,0.1783,0.21,0.2951,0.1861,0.1804,0.1854,0.1878,0.1815,0.1861,0.183,0.1873
12/10/2022,45.7502,0.7782,1.1671,0.5857,1.1822,1.8956,1.6276,1.4691,1.5106,0.7631,1.2124,1.3332,0.8235,0.7593,0.5857,0.7669,0.8009,0.9594,0.9632,0.8726,0.8462,0.9821,1.0236,0.7367,0.6838,0.5064,0.9103,0.8424,0.6083,1.0802,0.8952,0.4234,0.7669,0.5895,0.5479,0.7707,0.8235,0.6574,0.6536,1.4798,4.0556,0.7895,0.5744,0.5706,0.7744,1.0009,0.631,0.7858,0.6838
12/9/2022,45.581,1.1137,1.0912,0.8882,1.5384,2.0194,1.1099,0.768,1.3091,0.9033,0.6477,1.6474,0.9333,0.8168,0.768,0.8243,0.6778,0.798,1.0536,0.9972,1.001,0.6402,1.0836,1.0649,0.9408,0.6853,0.8394,1.2189,0.689,1.3279,0.8769,0.441,0.441,0.6665,0.6026,0.6778,0.7792,0.7604,0.8018,1.0783,2.8666,0.6778,0.9934,1.0348,0.5162,0.7191,0.9859,0.6966,0.5688
12/8/2022,60.8311,1.0172,1.4874,0.9274,1.4346,2.4543,1.5086,1.5878,1.1969,1.6776,1.4029,1.8837,0.8006,0.7637,1.2444,1.3606,1.0912,1.2286,1.4927,1.0859,1.3554,0.9855,1.0014,0.9222,1.1969,1.0648,0.8165,0.9222,0.7795,1.7991,1.0912,0.8905,0.695,0.7425,0.8218,1.0067,1.1018,0.9803,0.9591,1.9216,5.3643,0.9803,1.5244,1.2391,0.8059,1.0965,0.8535,1.2339,1.0331
12/7/2022,45.4961,0.8079,0.9728,0.5829,1.4978,1.3028,1.4378,0.9691,1.2503,0.6954,1.0628,0.7966,0.6691,0.8453,0.8154,0.9428,1.0103,0.8303,0.6129,0.9128,0.8303,1.0066,0.7554,0.7554,0.9316,0.8753,0.5716,1.1078,0.5866,1.3965,0.7516,0.4291,0.7891,0.4891,0.6691,0.6579,0.6429,0.7104,0.6279,1.6432,4.5396,1.1041,1.0516,0.5791,0.6841,0.7216,0.8641,0.9053,0.8041
12/6/2022,45.1576,1.1662,1.0919,0.6274,1.3817,1.0399,1.1588,1.103,1.43,1.4486,1.1513,0.9321,1.1662,0.8206,0.9247,1.0176,0.6832,0.7723,0.8764,0.9618,0.9878,0.9098,0.568,0.9395,1.0807,0.6014,0.6423,0.6869,0.698,0.6423,0.75,0.6869,0.5197,0.6609,0.4714,0.7538,0.672,0.6906,0.8578,1.4845,4.0695,0.6683,0.7315,0.6906,0.6683,0.9916,0.7166,0.9804,0.5828
12/5/2022,49.0543,0.8728,1.2505,0.9344,1.271,1.1232,1.1438,1.3531,0.9467,1.0247,1.4845,1.5666,0.9056,0.8769,1.0452,0.7496,0.7045,0.7045,0.8235,1.0945,0.8359,0.9303,0.6347,1.1356,0.6347,0.8605,0.8359,0.6963,0.7414,0.9385,0.9467,0.5279,0.7579,0.5279,0.5115,0.5813,0.7661,1.1068,0.6716,1.8527,5.1602,0.6429,1.3531,0.7784,0.6757,0.8728,1.2628,0.8728,1.0658
12/4/2022,47.5295,0.7438,0.9454,1.1035,1.4435,1.8704,1.483,0.8624,1.4751,0.6687,1.1272,0.807,0.9889,0.7675,1.0126,0.8663,0.6766,1.0917,0.7201,0.8584,1.1035,0.894,0.8663,1.2458,0.8189,0.8189,0.8624,1.4118,0.6529,1.2498,0.6924,0.5817,0.7319,0.5106,0.7557,0.4987,0.8466,0.9533,0.8624,1.2593,3.4026,1.064,0.9691,0.7794,0.5778,1.06,0.641,0.9019,1.0047
12/3/2022,68.371,1.7846,1.4526,1.3499,2.1106,3.1007,1.8691,2.0563,2.3883,1.0602,1.4767,1.5914,1.2835,1.2352,0.8368,1.0843,1.2473,1.3922,1.6518,1.5431,1.356,0.9938,1.0421,1.0239,1.4707,1.1266,1.3137,1.9718,1.03,1.8269,0.9696,0.8066,0.7764,0.9575,0.6979,0.8609,1.1688,1.2594,1.3982,1.8384,5.1177,1.6699,0.9334,0.8972,0.8066,1.1205,1.3922,1.0903,0.9394
12/2/2022,59.6451,1.3287,1.3803,1.1996,1.5301,1.4836,1.9794,1.2151,1.8348,1.6644,0.9568,1.5559,0.7864,0.9258,1.2564,1.1014,1.1737,1.401,1.4268,0.9258,1.0446,0.9982,1.0343,1.2409,1.5249,0.8794,1.1996,1.6954,0.7916,1.1273,1.1169,0.8019,0.7451,0.6831,0.7244,0.9465,0.962,0.9052,1.2667,1.864,5.1935,0.7761,0.7296,1.2874,0.9,1.0963,0.8949,1.3855,0.7038
12/1/2022,70.6591,1.4386,1.7394,1.7206,2.4913,2.7733,2.5352,1.1692,2.4036,1.5702,2.0026,2.2156,1.3447,1.1629,1.2256,0.8935,1.1755,0.9374,1.2193,1.2444,1.4136,1.3509,1.6893,1.3948,1.3572,0.9938,1.4324,1.4136,0.9311,1.2507,1,0.8058,0.8183,1.0564,0.7181,0.8622,1.1943,1.4574,1.0878,1.6945,4.6917,1.5264,1.1379,1.495,1.5765,1.7331,1.1003,1.3635,0.8496
11/30/2022,53.3755,1.419,1.36,0.9698,1.6731,2.0316,1.1196,1.3011,1.0696,1.7049,1.1876,1.0333,0.7838,0.8019,0.9653,0.7112,0.8065,0.752,0.8564,0.8246,1.0515,1.0969,1.1332,1.0515,1.1014,0.7066,1.0878,1.5143,0.7157,1.5597,1.0061,0.5251,0.811,0.4934,0.7611,0.8881,0.752,0.7021,1.2466,1.4575,3.9896,1.0061,1.1559,1.0833,0.988,0.8836,1.36,0.8155,1.0606
11/29/2022,44.7335,1.0409,0.9932,0.6773,1.0373,1.2099,0.9564,1.3311,1.6176,1.096,0.6479,0.703,0.6222,0.8315,0.7948,0.5928,0.703,0.7764,1.0042,0.8022,0.8426,0.8315,0.9417,0.9564,0.8022,0.6148,0.9234,1.0299,0.6626,0.9454,0.6846,0.4128,0.6773,0.6956,0.6662,0.6846,0.7581,0.9711,0.703,1.7254,4.7829,0.6185,1.0813,0.5854,0.7911,1.0005,0.6332,0.6001,0.6736
11/28/2022,48.1224,0.8768,0.921,0.6241,1.3944,1.1015,1.7595,1.7916,1.4225,1.3944,1.4265,0.7765,1.0895,0.6401,0.9731,0.9771,0.8608,1.0734,0.6802,0.937,1.1015,0.8849,0.921,0.6682,0.8929,0.8407,0.8287,1.1898,0.6923,1.4666,0.7605,0.4676,0.7364,0.4596,0.5278,0.7404,0.8768,0.933,0.9932,1.1045,2.9442,0.612,1.2099,1.0413,0.8207,0.8407,0.929,0.9009,1.0173
11/27/2022,65.5757,1.2145,1.3527,0.8,2.1876,2.5215,1.7558,2.4582,1.393,1.7442,1.2664,2.343,1.7442,1.0706,1.3009,1.3067,1.3297,0.8576,0.9842,1.1339,1.5715,0.8576,1.3527,1.727,0.8461,1.3585,1.3067,1.5888,0.8,1.8076,0.9785,0.8345,1.0015,0.9727,0.6848,0.7079,0.9267,0.99,1.3873,1.5415,4.2385,0.8576,1.5427,1.2088,1.1512,1.1627,0.8576,1.5427,1.0073
11/26/2022,43.8018,0.6715,1.076,0.9579,1.2837,1.7777,1.2837,1.5952,1.0044,1.3947,0.7789,1.3302,1.0796,0.8004,0.5641,0.8648,0.5963,0.9149,1.0116,0.9794,0.829,0.7538,0.6357,0.7646,1.0689,0.5533,0.5748,0.6428,0.5855,0.8934,0.8576,0.6178,0.4244,0.5569,0.7109,0.6715,0.6751,0.8541,0.9328,1.083,2.8806,0.7252,0.6106,1.0259,0.5139,0.897,0.8612,0.9686,0.6679
11/25/2022,37.9562,0.634,0.607,0.8107,1.3319,0.9066,1.3649,0.9036,1.1462,0.7658,1.0144,0.8916,0.613,0.631,0.5112,0.6669,0.8826,0.6549,0.5801,0.6969,0.8467,0.589,0.64,0.637,0.8616,0.6819,0.5711,1.1642,0.5681,0.9126,0.7688,0.628,0.5351,0.5411,0.631,0.4213,0.604,0.7119,0.5411,0.9962,2.6233,0.7029,0.5082,0.8317,0.8377,0.7808,0.9126,0.5771,0.7179
11/24/2022,41.8532,0.8539,1.057,1.1044,1.0705,1.5479,1.1755,1.4836,1.3177,1.3346,0.7726,1.3414,0.7896,0.7422,0.5695,0.8471,0.6237,0.6101,0.6914,0.881,0.7083,0.8877,0.7726,1.0672,0.5932,0.7049,0.6034,0.6846,0.5966,1.3143,0.7726,0.5187,0.5187,0.4713,0.6305,0.6237,0.6169,0.8031,0.556,0.8785,2.2748,0.6034,0.837,0.5763,0.7286,1.013,1.0875,0.7117,0.8844
11/23/2022,36.0925,0.7538,0.6948,0.8409,0.8381,1.1499,1.0544,1.1218,1.1246,0.8577,0.8212,0.7004,0.6274,0.6246,0.5571,0.7341,0.5768,0.5768,0.6527,0.7847,0.6021,0.6976,0.5909,0.5291,0.81,0.5628,0.6751,0.751,0.4757,0.6442,0.7566,0.4813,0.5291,0.3914,0.4673,0.515,0.6246,0.5965,0.6555,1.0353,2.7393,0.8353,0.6892,0.6358,0.8381,0.6161,0.8072,0.7173,0.7313
11/22/2022,55.1545,0.7561,0.8315,0.7089,1.7511,2.3122,1.2229,1.4351,1.2041,0.6901,1.5059,0.8127,0.8033,0.7137,0.9023,1.0862,0.9683,0.8646,1.2041,1.2371,1.1286,1.1663,0.8787,1.4115,0.6618,0.7844,0.94,1.2276,0.7231,0.775,0.7891,0.7089,0.7042,0.5062,0.8551,0.8221,0.8787,0.7608,0.7372,2.5115,7.1113,0.8268,1.2701,0.8504,0.8551,1.2842,1.4304,0.7372,0.808
11/21/2022,48.8008,0.7787,1.1173,0.6726,1.5784,1.8191,1.0194,1.917,1.8272,1.3703,0.8236,1.4192,0.8032,0.946,0.6155,0.9949,0.7705,1.0153,0.8276,0.8154,0.9174,0.8032,0.6971,0.9419,0.6848,0.9541,1.0602,1.456,0.5828,1.2683,0.7787,0.4686,0.6726,0.5828,0.6114,0.693,0.7624,0.644,0.9908,1.1636,3.1192,1.2112,1.0439,0.9378,1.0969,0.7828,1.0072,1.0031,0.7338
11/20/2022,34.3126,0.7166,0.5693,0.7034,1.1639,1.285,0.8745,1.006,1.0797,0.9718,0.6903,0.8482,0.6903,0.5614,0.4535,0.6587,0.5403,0.8034,0.6429,0.6587,0.5535,0.6324,0.5377,0.7008,0.6587,0.6008,0.6719,0.9613,0.4824,0.835,0.5824,0.3745,0.5377,0.5824,0.4508,0.5587,0.5666,0.5272,0.7745,0.6522,1.6046,0.5587,0.7508,0.7719,0.6903,0.7692,0.6482,0.7666,0.5929
11/19/2022,19.9098,0.4025,0.3322,0.437,0.499,0.4596,0.6061,0.5942,0.5406,0.487,0.3406,0.5942,0.4263,0.3251,0.4096,0.3477,0.4144,0.3632,0.3537,0.4037,0.4454,0.3715,0.4513,0.3834,0.4882,0.3679,0.4287,0.3036,0.3298,0.5275,0.3668,0.3465,0.3644,0.3513,0.3012,0.3215,0.3191,0.4263,0.3465,0.403,0.8665,0.3251,0.5025,0.2977,0.3953,0.3263,0.4918,0.3763,0.3477
11/18/2022,34.9059,0.6967,0.807,0.7505,0.8097,1.1326,1.2025,1.3398,1.0384,0.9389,0.9308,1.0815,0.5837,0.5703,0.6644,0.5649,0.538,0.6994,0.8124,0.7828,0.5568,0.538,0.6483,0.7182,0.5595,0.7021,0.4519,1.0626,0.5191,0.6348,0.6348,0.4438,0.3658,0.5111,0.4734,0.4976,0.5164,0.6187,0.7102,0.7114,1.7798,0.6025,0.7909,0.5353,0.807,0.5326,0.8447,0.616,0.5783
11/17/2022,34.8214,0.7272,0.7567,0.8667,0.9123,0.7836,1.2878,0.7192,0.6629,0.6843,0.9981,1.0571,0.5422,0.5663,0.4805,0.7594,0.7004,0.7862,0.7567,0.8077,0.6146,0.6682,0.5556,0.5422,0.7782,0.4081,0.5341,0.4912,0.4805,0.7514,0.7245,0.4,0.5127,0.51,0.5288,0.4268,0.6307,0.8238,0.7058,1.0292,2.7212,0.6173,0.8747,0.6548,0.4402,0.5663,0.6414,0.687,0.6468
11/16/2022,28.0436,0.6277,0.6096,0.5335,0.9864,1.1007,0.8141,0.5755,0.9263,0.6497,0.5816,0.8501,0.6698,0.5595,0.5174,0.5976,0.4272,0.6337,0.5916,0.4713,0.6557,0.4352,0.3932,0.4232,0.4212,0.4934,0.5836,0.7359,0.4252,0.7159,0.4954,0.315,0.337,0.3691,0.4834,0.3511,0.4834,0.3972,0.3871,0.6428,1.5767,0.6698,0.3591,0.3651,0.4413,0.6657,0.5896,0.5154,0.5936
11/15/2022,38.9727,0.91,0.6034,0.5693,1.0835,0.8759,0.9781,1.5016,0.8512,0.8481,0.7582,0.9286,0.6096,0.5786,0.7366,0.6653,0.7582,0.7273,0.8326,0.8512,0.7273,0.7087,0.9131,0.5786,0.749,0.5755,0.7118,0.6127,0.4826,0.9905,0.7273,0.5569,0.6684,0.4361,0.5693,0.4299,0.6034,0.6932,0.8016,1.3652,3.7162,0.7459,0.8914,0.9348,0.4609,0.718,0.7923,0.5786,0.5662
11/14/2022,47.1059,0.8471,0.9722,1.2421,1.1169,1.5315,0.8862,1.0309,1.6801,1.0544,1.5158,1.551,0.7767,0.851,0.6711,0.6985,0.6946,0.8315,0.7806,0.8549,0.7415,0.8784,0.9449,1.0857,1.0387,0.6868,0.8041,0.8745,0.5929,0.6829,0.8862,0.7533,0.4795,0.5577,0.5812,0.5929,0.7924,0.9566,0.8471,1.5763,4.3414,0.6985,1.1052,0.5734,1.1248,0.9918,0.7415,0.6711,0.9175
11/13/2022,22.6209,0.4108,0.4167,0.519,0.5921,0.4927,0.7617,0.674,0.7749,0.5731,0.4708,0.4021,0.4986,0.3363,0.4284,0.4372,0.3465,0.4825,0.443,0.4547,0.5249,0.4503,0.3319,0.3597,0.5614,0.4167,0.4649,0.5263,0.3436,0.4342,0.4415,0.3699,0.3787,0.288,0.3655,0.2851,0.3904,0.4898,0.3977,0.5634,1.3417,0.5483,0.3655,0.3801,0.3655,0.4269,0.3816,0.4181,0.4942
11/12/2022,17.7072,0.4171,0.3569,0.356,0.4375,0.4821,0.4016,0.4792,0.4656,0.4113,0.4084,0.4249,0.3977,0.3647,0.3094,0.322,0.321,0.4006,0.4025,0.3705,0.3734,0.386,0.3783,0.4113,0.2608,0.3443,0.2657,0.4453,0.2725,0.3404,0.3026,0.2317,0.2434,0.2773,0.2754,0.2909,0.3385,0.3064,0.2832,0.3904,0.8292,0.3919,0.389,0.3492,0.4016,0.3705,0.4103,0.2909,0.3278
11/11/2022,31.7712,0.8061,0.7776,0.8109,0.8323,0.9178,0.6041,0.9987,0.9559,0.6326,0.7609,0.6468,0.4281,0.5066,0.5732,0.4804,0.5589,0.7277,0.6564,0.5993,0.6088,0.585,0.4804,0.7871,0.4186,0.5042,0.4115,0.8299,0.5042,0.6136,0.6587,0.5375,0.4947,0.3996,0.4638,0.4139,0.49,0.5256,0.6468,0.8423,2.1677,0.5446,0.8418,0.4686,0.5613,0.6231,0.6777,0.6825,0.7134
11/10/2022,28.5518,0.4873,0.6435,0.701,1.0031,0.9332,0.9024,0.6003,0.775,0.5387,0.516,0.8613,0.5983,0.5921,0.5304,0.5222,0.4112,0.553,0.5222,0.664,0.5592,0.4503,0.477,0.6209,0.6065,0.4606,0.4893,0.775,0.4544,0.8716,0.553,0.2961,0.3455,0.4421,0.4359,0.3907,0.4606,0.6044,0.3927,0.6585,1.6232,0.5263,0.4051,0.3866,0.59,0.6147,0.6805,0.4133,0.6126
11/9/2022,24.5693,0.4069,0.4235,0.5627,0.7416,0.6074,0.6836,0.8692,0.4749,0.6604,0.5942,0.5892,0.3887,0.397,0.3837,0.4831,0.5378,0.4202,0.4318,0.5063,0.4152,0.445,0.3241,0.3622,0.445,0.4517,0.3489,0.6091,0.3721,0.6091,0.5113,0.4152,0.2926,0.329,0.4202,0.3788,0.4036,0.4185,0.45,0.7652,1.9393,0.3605,0.3539,0.5014,0.4235,0.5295,0.5527,0.503,0.4765
11/8/2022,27.111,0.4724,0.4533,0.5508,0.7171,0.6769,0.7859,0.9063,0.9579,0.6292,0.6693,0.9005,0.5871,0.4151,0.3845,0.5928,0.4858,0.4782,0.4973,0.4724,0.5508,0.5011,0.5011,0.5584,0.5317,0.5183,0.4495,0.5642,0.4323,0.7381,0.4916,0.3119,0.3578,0.3597,0.4648,0.3941,0.4591,0.4667,0.5145,0.5878,1.4139,0.5928,0.7209,0.417,0.4705,0.482,0.6158,0.5814,0.4304
11/7/2022,20.164,0.5024,0.4209,0.3662,0.4391,0.5729,0.5827,0.4501,0.6435,0.3722,0.5608,0.4039,0.3503,0.3795,0.3686,0.4404,0.3856,0.416,0.4221,0.4051,0.3576,0.3589,0.3491,0.4209,0.3357,0.3564,0.2932,0.4039,0.3236,0.4951,0.3272,0.2749,0.3248,0.3224,0.3163,0.2688,0.3406,0.2993,0.3151,0.6076,1.4725,0.3418,0.3759,0.4331,0.3795,0.3309,0.4245,0.4185,0.4136
11/6/2022,32.11,0.7646,0.5862,0.82,0.7091,0.7646,0.8562,0.8851,0.8827,0.7308,0.6609,0.8972,0.7091,0.497,0.5862,0.4512,0.5211,0.6537,0.7357,0.6344,0.6778,0.6706,0.5042,0.7501,0.4295,0.4367,0.4922,0.8297,0.4126,0.9647,0.6513,0.4922,0.4656,0.5355,0.3499,0.3933,0.4801,0.6609,0.591,0.911,2.371,0.6006,0.4319,0.5018,0.6223,0.7646,0.7622,0.4922,0.5187
11/5/2022,44.1407,0.7449,0.7919,0.7883,0.9979,2.0279,1.1316,1.4063,0.8642,0.8317,1.3665,1.0955,0.6257,0.8606,0.922,0.9618,0.81,0.9256,0.9726,0.7052,0.9943,0.7521,0.5498,0.7738,1.0738,0.9075,0.8027,1.1533,0.5606,0.6401,0.6654,0.5208,0.4341,0.7124,0.4992,0.5461,0.81,0.6762,0.8895,1.2687,3.4304,1.1461,0.5751,0.7738,0.7666,0.7196,1.016,0.716,0.9365
11/4/2022,31.5169,0.4794,0.6793,0.6041,0.8181,0.7711,0.9827,0.811,1.0979,0.9521,0.9521,0.7193,0.5806,0.4512,0.4912,0.6041,0.5923,0.5147,0.4747,0.717,0.6958,0.6958,0.6958,0.7993,0.4183,0.597,0.4865,0.7452,0.4254,0.9169,0.5547,0.4112,0.5053,0.4112,0.343,0.4254,0.5429,0.7005,0.5853,0.6968,1.7366,0.7052,0.4206,0.7029,0.6229,0.7029,0.6746,0.5806,0.4254
11/3/2022,29.8226,0.6402,0.4722,0.6031,1.0243,0.6315,0.9828,0.8628,0.7166,0.5115,0.6228,0.8803,0.7471,0.4765,0.4525,0.6228,0.5006,0.6293,0.6904,0.6446,0.6904,0.5115,0.6948,0.7493,0.3805,0.4176,0.4133,0.4373,0.4067,0.697,0.5704,0.494,0.4613,0.4067,0.35,0.374,0.5115,0.686,0.4438,0.9423,2.4637,0.4896,0.3849,0.6249,0.4023,0.4525,0.5289,0.6271,0.4984
11/2/2022,28.8059,0.4267,0.6182,0.6931,0.9781,0.6431,0.7555,0.9219,0.7222,0.7097,0.8553,0.9365,0.4392,0.5703,0.4267,0.6077,0.5516,0.6161,0.433,0.6036,0.6036,0.4455,0.5932,0.6785,0.5537,0.5745,0.4746,0.8533,0.3872,0.5204,0.4663,0.3227,0.3206,0.4892,0.4288,0.4288,0.4413,0.408,0.6015,0.6593,1.6256,0.6868,0.4767,0.4579,0.4933,0.589,0.6015,0.5058,0.6098
11/1/2022,18.5544,0.3588,0.3229,0.4474,0.5508,0.5128,0.4738,0.4696,0.5107,0.4411,0.4432,0.3514,0.4601,0.2859,0.3841,0.3545,0.3883,0.3461,0.3535,0.3271,0.4062,0.2965,0.3113,0.4126,0.382,0.3514,0.2986,0.2933,0.2859,0.421,0.3704,0.2574,0.2648,0.2659,0.2638,0.3376,0.3493,0.402,0.2785,0.509,1.1806,0.3493,0.3851,0.2807,0.3345,0.3746,0.3503,0.4094,0.3503
10/31/2022,7.7099,0.159,0.16,0.1623,0.1558,0.1578,0.1569,0.1582,0.1568,0.1603,0.1626,0.1586,0.16,0.1619,0.1612,0.163,0.1601,0.1614,0.1631,0.16,0.162,0.1606,0.1601,0.1587,0.1613,0.1636,0.1611,0.1612,0.1632,0.1622,0.1613,0.1622,0.1632,0.1624,0.1624,0.1625,0.1615,0.1623,0.1608,0.1597,0.146,0.1631,0.1621,0.1596,0.1617,0.1628,0.1593,0.1612,0.1628
10/30/2022,8.3028,0.174,0.1735,0.1736,0.1744,0.1758,0.176,0.1774,0.1788,0.1755,0.1707,0.1737,0.1749,0.172,0.171,0.1718,0.173,0.1721,0.1712,0.171,0.1721,0.1722,0.1708,0.1729,0.173,0.1716,0.1704,0.1758,0.1697,0.1725,0.1716,0.1707,0.1696,0.1712,0.1709,0.1703,0.172,0.1715,0.1737,0.1736,0.1873,0.1726,0.1735,0.1696,0.1725,0.1734,0.1749,0.1727,0.1698
10/29/2022,23.6378,0.531,0.4857,0.37,0.6217,0.5326,0.6796,0.703,0.5873,0.6389,0.3825,0.3965,0.4763,0.3715,0.4435,0.4169,0.4356,0.359,0.3997,0.4263,0.5201,0.4872,0.3449,0.5201,0.4935,0.395,0.3825,0.6639,0.3449,0.4951,0.4966,0.2918,0.3574,0.2902,0.3825,0.3043,0.4309,0.4106,0.3559,0.8069,2.0629,0.5623,0.4075,0.3559,0.4935,0.4638,0.3606,0.3887,0.5107
10/28/2022,30.0765,0.5486,0.542,0.6722,1.0608,0.8753,0.9592,0.5773,0.734,0.7716,0.5287,0.968,0.5376,0.4934,0.5729,0.5994,0.4978,0.6435,0.6722,0.5022,0.4713,0.5839,0.5353,0.5089,0.4183,0.4095,0.5685,0.8466,0.4426,0.5177,0.595,0.5,0.447,0.5133,0.4978,0.5089,0.4912,0.5707,0.425,0.9078,2.3617,0.4757,0.5133,0.4426,0.5331,0.4691,0.7451,0.6281,0.3918
10/27/2022,29.3986,0.7145,0.5005,0.4791,0.6952,0.7573,0.6139,0.8193,1.0483,0.6845,0.4406,0.4577,0.5818,0.5946,0.5989,0.5497,0.5668,0.6674,0.5818,0.5454,0.5112,0.4149,0.5711,0.524,0.5069,0.3807,0.5454,0.6995,0.4598,0.5112,0.5839,0.4406,0.3421,0.3892,0.3785,0.4235,0.5219,0.6717,0.5711,1.0574,2.8046,0.7166,0.5304,0.4406,0.432,0.5133,0.432,0.5347,0.5925
10/26/2022,30.2461,0.5604,0.7384,0.5671,0.7184,0.6806,0.7918,0.834,1.0587,0.8385,0.8741,0.665,0.5916,0.4403,0.5449,0.4781,0.4269,0.596,0.596,0.6761,0.5827,0.5738,0.4047,0.5382,0.5404,0.556,0.576,0.5159,0.4003,0.6628,0.5204,0.3068,0.418,0.3513,0.4625,0.4447,0.5337,0.6272,0.4692,1.0281,2.7178,0.4848,0.6427,0.4981,0.5604,0.5649,0.4292,0.5715,0.5871
10/25/2022,32.0253,0.5559,0.5559,0.4382,0.9187,1.3944,0.7889,0.9787,1.0172,0.7913,0.6496,1.046,0.6808,0.5727,0.5511,0.5679,0.4622,0.4742,0.5823,0.64,0.7553,0.6712,0.7192,0.7673,0.6784,0.4189,0.6904,0.4333,0.4574,0.515,0.5439,0.4117,0.5006,0.4814,0.3805,0.5054,0.5006,0.5823,0.7481,0.7992,2.04,0.4333,0.5943,0.7168,0.6856,0.4862,0.6688,0.5823,0.5919
10/24/2022,27.1958,0.6312,0.5467,0.4373,0.5871,0.6658,0.9096,0.7195,0.6715,0.7387,0.6005,0.7406,0.5467,0.3855,0.5314,0.5621,0.4853,0.4354,0.5467,0.5621,0.5333,0.422,0.5122,0.6216,0.564,0.564,0.5717,0.5717,0.4066,0.541,0.4546,0.4373,0.4853,0.4181,0.4719,0.4258,0.445,0.4181,0.4393,0.7147,1.7897,0.5583,0.5775,0.5372,0.4776,0.5276,0.6139,0.4258,0.3663
10/23/2022,21.096,0.3343,0.3972,0.3775,0.5111,0.5857,0.4666,0.6709,0.5255,0.4993,0.4757,0.6761,0.4417,0.3356,0.3291,0.3841,0.3723,0.4456,0.3723,0.4312,0.4653,0.3186,0.4391,0.3552,0.4522,0.4364,0.4063,0.5923,0.3382,0.5857,0.4378,0.295,0.3408,0.261,0.2636,0.2885,0.3945,0.405,0.426,0.5521,1.3082,0.4299,0.5045,0.3002,0.3539,0.3526,0.4495,0.3539,0.3579
10/22/2022,13.1314,0.2873,0.2503,0.2354,0.2939,0.3545,0.2929,0.375,0.3073,0.2354,0.2549,0.2647,0.2996,0.2508,0.2657,0.2303,0.259,0.239,0.2621,0.2395,0.2729,0.2806,0.219,0.2934,0.2903,0.2616,0.2637,0.3329,0.218,0.2785,0.2411,0.2503,0.2185,0.2113,0.2421,0.2241,0.2339,0.2447,0.2431,0.3755,0.7851,0.2616,0.237,0.22,0.2472,0.2416,0.2488,0.2621,0.2349
10/21/2022,14.996,0.3164,0.3535,0.3164,0.4374,0.4535,0.3584,0.4381,0.4031,0.3087,0.2569,0.2905,0.3577,0.3031,0.2842,0.2625,0.3122,0.2569,0.2618,0.3171,0.3206,0.315,0.2429,0.2534,0.2534,0.273,0.2933,0.3423,0.2464,0.2863,0.2674,0.2114,0.2184,0.2177,0.259,0.2548,0.2646,0.2646,0.3206,0.4038,0.8691,0.2674,0.2793,0.2667,0.2933,0.2709,0.3234,0.3353,0.2933
10/20/2022,27.2811,0.5504,0.4327,0.425,0.7451,0.7065,0.8319,0.722,0.5388,0.6911,0.5735,0.5156,0.6294,0.4115,0.4674,0.5735,0.4597,0.506,0.4925,0.5407,0.479,0.4347,0.4617,0.6892,0.427,0.454,0.5465,0.4771,0.3788,0.4405,0.4771,0.4135,0.3614,0.3903,0.3286,0.454,0.4694,0.5195,0.3903,1.0116,2.6689,0.427,0.5041,0.5504,0.5176,0.4115,0.668,0.506,0.6101
10/19/2022,26.1795,0.4739,0.5066,0.6448,0.8157,1.0611,0.7775,0.5339,0.7157,0.7284,0.5484,0.7048,0.6066,0.4212,0.4194,0.4684,0.4684,0.6048,0.4684,0.4303,0.583,0.4484,0.4212,0.5048,0.3921,0.543,0.4866,0.6939,0.3503,0.5521,0.5175,0.4139,0.3939,0.4321,0.4303,0.3376,0.4921,0.4484,0.4375,0.6334,1.5488,0.5121,0.3939,0.3576,0.4666,0.4884,0.5812,0.4212,0.4993
10/18/2022,23.7223,0.4811,0.5031,0.5063,0.7044,0.9119,0.8176,0.5267,0.4843,0.456,0.3726,0.3726,0.445,0.4056,0.4229,0.4685,0.3632,0.5157,0.3773,0.4402,0.4512,0.4025,0.4528,0.3852,0.4056,0.4041,0.4308,0.5141,0.3821,0.5393,0.4622,0.3585,0.3915,0.3459,0.338,0.4025,0.3805,0.5173,0.3899,0.6453,1.5842,0.5707,0.5865,0.489,0.4198,0.4937,0.5676,0.4261,0.4104
10/17/2022,17.1989,0.4031,0.3562,0.3065,0.5236,0.4702,0.5061,0.5098,0.5236,0.4564,0.3755,0.3589,0.3249,0.3322,0.2697,0.3129,0.3092,0.3194,0.3313,0.2954,0.3516,0.369,0.2945,0.4086,0.3359,0.3424,0.2642,0.4049,0.2734,0.3709,0.3157,0.3074,0.243,0.2522,0.2789,0.2715,0.2991,0.2918,0.3654,0.3861,0.8165,0.3286,0.278,0.3286,0.3893,0.3479,0.3203,0.3166,0.3617
10/16/2022,22.9597,0.5347,0.5706,0.5631,0.5676,0.804,0.5511,0.6813,0.59,0.5137,0.6484,0.6663,0.4285,0.3462,0.3537,0.4883,0.418,0.5287,0.4389,0.4015,0.4494,0.4793,0.4,0.418,0.5212,0.4584,0.4913,0.4644,0.3372,0.4913,0.4464,0.4015,0.3342,0.2729,0.3806,0.3133,0.3596,0.397,0.3582,0.4756,1.0815,0.4494,0.5691,0.3701,0.3252,0.4674,0.4763,0.3985,0.4778
10/15/2022,20.2489,0.4055,0.4227,0.3455,0.4937,0.7056,0.4092,0.6615,0.5868,0.5072,0.4092,0.5354,0.3467,0.4104,0.4116,0.3859,0.4631,0.4496,0.4582,0.4092,0.37,0.4276,0.4276,0.4251,0.4459,0.4055,0.3749,0.5121,0.299,0.5047,0.4129,0.2818,0.3284,0.3577,0.3149,0.2757,0.3602,0.3994,0.381,0.3679,0.7628,0.3161,0.3039,0.3651,0.3492,0.4116,0.4925,0.4423,0.3161
10/14/2022,16.9446,0.3053,0.3912,0.2973,0.3733,0.5897,0.3974,0.3277,0.3563,0.3026,0.3948,0.3286,0.3831,0.3044,0.333,0.3295,0.3491,0.3062,0.3143,0.3312,0.291,0.2686,0.3536,0.3885,0.3196,0.299,0.2803,0.393,0.2928,0.2946,0.3348,0.3089,0.274,0.2507,0.2982,0.2463,0.3205,0.3232,0.3339,0.5351,1.2579,0.3125,0.3384,0.2615,0.3312,0.325,0.4046,0.3107,0.2812
10/13/2022,21.4349,0.524,0.4313,0.4555,0.5361,0.7336,0.5496,0.7229,0.5281,0.524,0.5294,0.4837,0.3467,0.3951,0.3212,0.4206,0.3601,0.4542,0.4407,0.3628,0.4434,0.4649,0.3185,0.4972,0.5173,0.3171,0.4367,0.6073,0.3171,0.5617,0.3574,0.3064,0.3037,0.3682,0.3145,0.3615,0.3991,0.3507,0.4152,0.4085,0.8828,0.4098,0.4475,0.4475,0.4206,0.4904,0.4179,0.3521,0.3803
10/12/2022,17.1986,0.3157,0.3267,0.2715,0.4941,0.5475,0.3479,0.3194,0.3865,0.2807,0.3019,0.4546,0.3801,0.3516,0.3175,0.3506,0.3874,0.3479,0.3019,0.3782,0.3065,0.358,0.3626,0.3276,0.3957,0.2706,0.3589,0.2623,0.2706,0.4794,0.3433,0.2761,0.3194,0.2706,0.301,0.2458,0.3,0.3571,0.3322,0.4511,1.0091,0.4123,0.4178,0.2817,0.3543,0.3966,0.3028,0.2964,0.2771
10/11/2022,21.7735,0.5,0.5,0.4229,0.5813,0.6777,0.6556,0.697,0.5606,0.5275,0.4518,0.4614,0.5124,0.3802,0.3774,0.4697,0.4614,0.4463,0.3857,0.4366,0.3884,0.4366,0.4132,0.4876,0.3939,0.438,0.3443,0.3719,0.3457,0.4449,0.4559,0.387,0.3416,0.3361,0.2961,0.3581,0.3567,0.4366,0.4545,0.433,0.9554,0.5014,0.4573,0.3416,0.3402,0.4284,0.5303,0.3264,0.4669
10/10/2022,18.3849,0.3609,0.3982,0.4533,0.4429,0.5976,0.3702,0.3515,0.4429,0.4201,0.4865,0.5603,0.2809,0.3546,0.3671,0.2996,0.3785,0.3297,0.3401,0.3837,0.3806,0.3993,0.3058,0.3692,0.3671,0.3505,0.3609,0.284,0.3027,0.3224,0.31,0.2643,0.3224,0.2446,0.284,0.2497,0.3526,0.4201,0.3505,0.4959,1.1418,0.3754,0.3702,0.3214,0.3328,0.3889,0.4086,0.3858,0.3048
10/9/2022,17.453,0.3463,0.42,0.3378,0.3775,0.6147,0.559,0.4947,0.4191,0.4484,0.3453,0.3935,0.4219,0.3094,0.2725,0.2962,0.2773,0.3056,0.2867,0.3945,0.3661,0.3179,0.2914,0.2801,0.3132,0.2508,0.2839,0.3018,0.2631,0.4881,0.3605,0.2499,0.2858,0.3132,0.3094,0.3009,0.3321,0.3935,0.3463,0.454,1.0175,0.2763,0.2801,0.3784,0.2725,0.3708,0.3482,0.3141,0.3727
10/8/2022,34.7362,0.787,0.8324,0.7495,0.8672,1.2147,0.8698,0.696,0.8484,1.073,0.6559,1.0516,0.5731,0.7067,0.5116,0.7201,0.6105,0.6292,0.8324,0.5918,0.5704,0.6586,0.6452,0.5811,0.8618,0.4902,0.6827,0.7468,0.5249,0.7522,0.6586,0.3405,0.4955,0.3913,0.549,0.5463,0.6292,0.7067,0.7816,0.8112,2.0755,0.6479,0.8752,0.4474,0.5918,0.8351,0.8003,0.68,0.5383
10/7/2022,18.385,0.3183,0.3391,0.2851,0.5208,0.58,0.4252,0.6132,0.3879,0.4336,0.5156,0.5343,0.3723,0.2819,0.3899,0.3307,0.3297,0.3764,0.3463,0.3121,0.3889,0.2944,0.4014,0.4221,0.3588,0.3266,0.3079,0.5063,0.3037,0.3152,0.3775,0.2996,0.338,0.257,0.3204,0.2736,0.3172,0.3474,0.3744,0.4351,0.9617,0.3474,0.3266,0.3214,0.2726,0.3577,0.4159,0.3224,0.4014
10/6/2022,21.6892,0.372,0.4322,0.372,0.732,0.6253,0.7183,0.5349,0.654,0.3419,0.5787,0.5404,0.5335,0.4117,0.4541,0.3775,0.3939,0.4706,0.4966,0.461,0.4076,0.4624,0.372,0.4637,0.524,0.3241,0.4569,0.3446,0.3624,0.576,0.4254,0.2543,0.346,0.3364,0.335,0.2953,0.3515,0.4144,0.435,0.459,1.0324,0.3775,0.4076,0.3556,0.4678,0.4049,0.5308,0.3378,0.3282
10/5/2022,32.9574,0.6433,0.8205,0.561,1.1225,1.0052,0.7457,1.2473,0.9803,0.7507,0.9478,0.5261,0.7107,0.4512,0.4562,0.531,0.6034,0.5585,0.7157,0.6284,0.6583,0.7082,0.7756,0.853,0.833,0.3913,0.4662,0.7282,0.4462,0.6034,0.556,0.4686,0.581,0.4612,0.5136,0.4537,0.5061,0.4662,0.4986,0.7866,2.0026,0.7706,0.7856,0.7532,0.6259,0.4986,0.5061,0.6708,0.5835
10/4/2022,18.6393,0.3986,0.4114,0.3901,0.4975,0.4656,0.5486,0.4965,0.3646,0.5444,0.305,0.4082,0.3071,0.3699,0.3167,0.3688,0.3518,0.4177,0.305,0.3688,0.3646,0.3135,0.2784,0.306,0.3752,0.3092,0.3337,0.3699,0.2954,0.5167,0.3326,0.288,0.2592,0.2965,0.2869,0.3071,0.3273,0.2901,0.2911,0.5762,1.3796,0.4518,0.3433,0.4209,0.3156,0.3358,0.3816,0.322,0.3348
10/3/2022,19.4018,0.3423,0.3924,0.3958,0.5156,0.5475,0.5623,0.5224,0.4791,0.4392,0.511,0.5338,0.3137,0.3423,0.3092,0.4027,0.3936,0.348,0.4289,0.4038,0.4289,0.4232,0.3537,0.4038,0.3502,0.3183,0.348,0.4722,0.316,0.4266,0.3377,0.3468,0.3525,0.2852,0.3263,0.2636,0.3628,0.3958,0.4175,0.3952,0.8434,0.4517,0.3708,0.2784,0.3058,0.4517,0.3685,0.4209,0.4027
10/2/2022,19.9949,0.379,0.4761,0.3166,0.6536,0.5277,0.6692,0.3886,0.6153,0.3994,0.3526,0.4533,0.301,0.3058,0.349,0.3982,0.3694,0.4293,0.3598,0.3526,0.391,0.3238,0.3046,0.3502,0.337,0.409,0.3166,0.4593,0.3142,0.5241,0.361,0.3226,0.2662,0.283,0.283,0.2974,0.3778,0.3178,0.3826,0.6605,1.6292,0.373,0.295,0.3154,0.3946,0.4641,0.3238,0.3982,0.4234
10/1/2022,49.2239,0.9664,1.0777,1.3086,1.4281,1.9517,1.5312,1.5848,1.2385,1.6178,1.0365,1.4735,0.987,0.7232,0.616,0.7026,1.086,0.8922,1.189,0.7397,1.0983,0.682,0.7644,1.0365,0.6531,0.8056,0.954,0.9623,0.6572,0.8139,0.8015,0.4676,0.6696,0.6036,0.5954,0.5748,0.7438,1.02,1.0777,1.2166,3.2762,1.2756,0.7273,0.8427,1.0736,1.189,1.0612,0.6531,0.7768
9/30/2022,26.3489,0.3979,0.4419,0.3685,0.741,0.5722,0.7997,0.8713,0.7869,0.6566,0.5465,0.8125,0.3795,0.4437,0.508,0.53,0.541,0.5355,0.5263,0.5391,0.4914,0.4236,0.4437,0.6786,0.6034,0.4236,0.4547,0.6125,0.3777,0.5098,0.5483,0.3226,0.3575,0.4107,0.4584,0.3593,0.4878,0.5025,0.4291,0.6766,1.6769,0.6217,0.3575,0.5832,0.5887,0.5942,0.4602,0.4327,0.4639
9/29/2022,22.5363,0.4007,0.4414,0.3905,0.7132,0.5824,0.6013,0.5795,0.4923,0.3745,0.36,0.4516,0.5359,0.4516,0.3585,0.392,0.4109,0.4661,0.4385,0.4981,0.4821,0.453,0.4414,0.3687,0.3876,0.3106,0.4022,0.4036,0.3673,0.4865,0.4603,0.2989,0.3498,0.3396,0.376,0.312,0.3789,0.517,0.3789,0.6939,1.7283,0.3934,0.4647,0.4792,0.4356,0.4618,0.4923,0.4763,0.4574
9/28/2022,20.7568,0.4512,0.395,0.3784,0.6578,0.7446,0.5621,0.5137,0.4269,0.529,0.3453,0.5073,0.4244,0.321,0.3861,0.3198,0.4307,0.4384,0.3912,0.3542,0.3682,0.358,0.4231,0.4116,0.3567,0.3134,0.4269,0.3223,0.3478,0.4996,0.432,0.3478,0.3287,0.2942,0.3044,0.27,0.3287,0.4677,0.3567,0.5962,1.4389,0.4996,0.446,0.4358,0.3363,0.3912,0.3287,0.3555,0.3937
9/27/2022,16.521,0.3132,0.3413,0.2647,0.3763,0.4598,0.3439,0.4453,0.5194,0.4666,0.3473,0.4964,0.2783,0.2808,0.303,0.3644,0.3413,0.3482,0.3788,0.2962,0.2953,0.3124,0.2706,0.2672,0.3175,0.3039,0.3422,0.2894,0.2885,0.3081,0.2894,0.2468,0.2297,0.2843,0.2962,0.2493,0.2953,0.286,0.3388,0.4856,1.1114,0.2655,0.3891,0.2808,0.3039,0.3004,0.309,0.3473,0.2519
9/26/2022,50.5797,1.2226,1.2354,1.1673,1.4909,2.0402,1.9082,1.0864,1.6527,1.4142,1.261,0.8777,0.7245,0.9757,0.7883,0.6947,0.7372,0.8054,1.2056,0.7926,1.2141,0.8522,0.8948,0.9033,1.0736,0.5754,0.7457,1.3078,0.6393,0.8863,0.8607,0.601,0.8096,0.5414,0.5882,0.5073,0.7543,0.882,1.0055,1.4317,3.9132,0.7926,1.0183,1.1247,0.8863,0.997,0.9203,1.0736,0.6989
9/25/2022,38.21,0.7346,0.9672,0.6742,1.0458,0.9008,1.3811,0.7588,1.218,0.7165,0.8434,1.2693,0.9431,0.7678,0.508,0.8675,0.6228,0.7678,0.6379,0.8524,0.7407,0.6198,0.5413,0.8192,0.5685,0.4355,0.6077,1.073,0.4748,0.792,0.5987,0.6561,0.6108,0.3902,0.499,0.508,0.6953,0.7165,0.795,1.0787,2.8678,0.937,0.6379,0.8796,0.5383,0.641,0.7588,0.7135,0.5383
9/24/2022,39.0571,0.5611,0.9617,0.7257,0.9245,1.5705,1.1419,1.3158,1.0735,0.6077,1.0953,1.1574,0.9214,0.5176,0.7754,0.5735,0.5425,0.676,0.6418,0.8841,0.8779,0.7723,0.8064,0.8437,0.8033,0.7257,0.5735,0.8748,0.5859,0.9773,0.6449,0.4027,0.4182,0.4524,0.5735,0.5362,0.6387,0.8499,0.6108,1.0745,2.8553,0.7692,0.7102,0.912,0.6387,0.7909,0.5176,0.5331,0.6201
9/23/2022,37.7864,0.7832,0.9262,0.9441,0.8786,1.4624,0.7237,0.8458,0.9769,1.1526,0.9739,0.9054,0.8994,0.7475,0.7952,0.6313,0.6611,0.533,0.8875,0.6522,0.8935,0.5181,0.8637,0.6939,0.4824,0.6701,0.6164,0.5211,0.5926,0.953,0.682,0.5718,0.6254,0.4586,0.5628,0.6432,0.6522,0.6045,0.5479,1.0862,2.89,0.6045,0.5033,0.7832,0.8369,0.6522,0.7564,0.533,0.6075
9/22/2022,22.1973,0.496,0.3555,0.4336,0.6267,0.523,0.6011,0.5046,0.5131,0.4109,0.5628,0.418,0.4989,0.3938,0.391,0.4634,0.4719,0.408,0.3853,0.3952,0.5117,0.3484,0.3413,0.3612,0.4662,0.4023,0.4151,0.5159,0.3399,0.3938,0.3967,0.2632,0.3299,0.2916,0.3484,0.3711,0.408,0.4549,0.337,0.6784,1.6823,0.4066,0.5344,0.4364,0.4591,0.4889,0.5273,0.4265,0.408
9/21/2022,17.8764,0.4373,0.4106,0.382,0.5232,0.5795,0.4867,0.4501,0.5449,0.5104,0.4857,0.376,0.3454,0.3612,0.2763,0.3593,0.3059,0.2931,0.3711,0.3751,0.3988,0.3504,0.3968,0.3296,0.4017,0.3365,0.3385,0.3346,0.2654,0.3474,0.3158,0.2575,0.301,0.2931,0.3148,0.3059,0.3286,0.3642,0.3938,0.3364,0.6695,0.3257,0.2901,0.2753,0.2951,0.3652,0.4077,0.297,0.3662
9/20/2022,15.504,0.3145,0.2912,0.259,0.3408,0.4631,0.346,0.3325,0.3077,0.361,0.3385,0.2687,0.2552,0.2792,0.325,0.31,0.337,0.3002,0.2987,0.289,0.3385,0.3153,0.2807,0.337,0.3025,0.2777,0.289,0.319,0.259,0.316,0.2837,0.2875,0.28,0.244,0.274,0.2462,0.2897,0.2777,0.25,0.4737,1.0761,0.349,0.28,0.3175,0.301,0.2957,0.322,0.3205,0.2837
9/19/2022,23.638,0.5795,0.4216,0.5467,0.7484,0.9501,0.7797,0.47,0.7281,0.6702,0.6593,0.6671,0.3762,0.3637,0.4607,0.3668,0.4263,0.4372,0.4059,0.3934,0.4278,0.359,0.5029,0.395,0.3309,0.3731,0.3496,0.3887,0.3746,0.5123,0.4857,0.2808,0.3606,0.3637,0.3809,0.3262,0.4419,0.445,0.3918,0.6624,1.635,0.4607,0.481,0.3293,0.37,0.5138,0.3574,0.4263,0.4607
9/18/2022,52.867,1.1448,1.1851,0.8801,1.2883,1.9838,1.9569,1.4992,1.1717,1.1448,1.239,1.3108,0.7589,1.073,1.0999,0.7499,1.0012,0.9922,1.1851,0.9967,0.8801,1.0595,0.9115,1.3601,1.1268,1.0775,1.0999,1.6293,0.7185,0.8352,1.0954,0.723,0.5032,0.5256,0.7589,0.8128,0.8711,1.1672,0.7948,0.7918,2.0182,1.3108,1.2973,0.714,1.2345,1.2525,1.3242,1.1178,1.1941
9/17/2022,20.2487,0.3957,0.3798,0.408,0.637,0.6419,0.6052,0.4876,0.5464,0.3957,0.3528,0.4631,0.4606,0.3884,0.3908,0.4276,0.4447,0.3798,0.4386,0.4227,0.3969,0.3749,0.3333,0.3749,0.4423,0.2745,0.3835,0.4851,0.3308,0.4398,0.4104,0.3296,0.3528,0.3063,0.2708,0.343,0.3773,0.4557,0.4116,0.4304,0.9478,0.4582,0.299,0.4508,0.419,0.3381,0.3688,0.3565,0.4202
9/16/2022,23.8917,0.4193,0.4464,0.5846,0.8103,0.9184,0.4845,0.7642,0.7213,0.7324,0.386,0.7547,0.4909,0.3892,0.3907,0.4988,0.494,0.4575,0.4972,0.4432,0.4209,0.4257,0.5083,0.359,0.4352,0.4654,0.4686,0.4448,0.3717,0.6482,0.3812,0.413,0.3288,0.3701,0.3907,0.2938,0.4209,0.3653,0.3335,0.4262,0.9353,0.5433,0.5671,0.3828,0.4527,0.529,0.6021,0.4527,0.4718
9/15/2022,15.6738,0.3432,0.2917,0.2787,0.3785,0.3785,0.4567,0.4207,0.3639,0.3056,0.3201,0.3884,0.3125,0.2703,0.2526,0.3439,0.3094,0.2979,0.2772,0.3493,0.2987,0.2956,0.2756,0.3293,0.3102,0.2787,0.2887,0.3493,0.2518,0.3017,0.2925,0.2764,0.2825,0.248,0.2511,0.2864,0.2687,0.2641,0.2733,0.4826,1.1023,0.2802,0.2657,0.3409,0.2572,0.2902,0.2795,0.2818,0.3317
9/14/2022,15.3353,0.2598,0.3405,0.2701,0.3515,0.3918,0.408,0.4483,0.4681,0.4315,0.386,0.3735,0.251,0.254,0.2958,0.317,0.2958,0.3266,0.317,0.2686,0.2789,0.2745,0.298,0.3522,0.3148,0.3068,0.3244,0.3075,0.2679,0.2701,0.2826,0.2151,0.2481,0.2451,0.254,0.2606,0.2789,0.2481,0.2459,0.4187,0.913,0.2518,0.2906,0.3031,0.2584,0.3449,0.2774,0.2826,0.2664
9/13/2022,14.5726,0.2607,0.3073,0.2764,0.3836,0.3974,0.377,0.4466,0.3067,0.3901,0.2883,0.3349,0.3113,0.2495,0.2521,0.3073,0.2791,0.3073,0.283,0.3251,0.2823,0.3073,0.2383,0.2495,0.2429,0.2554,0.2488,0.2475,0.2337,0.306,0.2574,0.2344,0.2357,0.2258,0.2705,0.2554,0.2561,0.3132,0.3093,0.3981,0.8521,0.2468,0.2948,0.26,0.2311,0.3132,0.3237,0.3021,0.2975
9/12/2022,42.5312,1.0576,0.8469,1.0679,1.5099,1.2337,0.9022,1.0852,1.3718,0.6156,1.2924,1.0127,1.1232,0.7364,0.6881,0.8953,1.0058,0.6087,0.7123,0.8815,1.0127,0.6812,0.7571,0.5845,0.8228,0.5431,0.5948,0.7192,0.6018,0.6121,0.7675,0.7295,0.5085,0.5396,0.4636,0.5361,0.7848,0.6121,0.6052,1.4026,3.8272,0.7744,0.84,0.8607,0.7848,0.6397,1.0576,0.6225,0.5983
9/11/2022,37.9554,0.9515,0.601,0.604,1.299,1.4008,0.7418,1.0623,0.7808,0.8856,0.7089,1.0893,0.5771,0.598,0.7149,0.5201,0.5501,0.598,0.8077,0.589,0.7748,0.6789,0.5471,0.6609,0.5112,0.589,0.7149,1.1312,0.4812,0.8646,0.631,0.5201,0.5291,0.4692,0.4842,0.4722,0.6759,0.7238,0.7298,1.4355,3.9244,0.5112,0.9455,0.4872,0.595,0.7149,0.7568,0.8107,0.5052
9/10/2022,35.2446,0.7143,0.875,0.7579,1.0903,1.5534,1.1529,1.33,1.172,0.5181,0.7225,0.9077,0.8423,0.6189,0.668,0.6244,0.5045,0.7061,0.7851,0.6543,0.6026,0.6434,0.6271,0.7443,0.608,0.5535,0.5399,0.6217,0.5563,0.5535,0.7197,0.5535,0.3765,0.3656,0.4909,0.589,0.5426,0.8096,0.7334,0.7237,1.8164,0.6189,0.8069,0.6108,0.4446,0.7497,0.6244,0.7252,0.6952
9/9/2022,37.1935,0.6133,0.6162,0.8148,1.1213,0.952,1.2964,0.8673,0.8294,0.9199,0.8118,1.0308,0.9257,0.5958,0.7155,0.5608,0.8673,0.5491,0.8907,0.7739,0.879,0.4995,0.4615,0.9374,0.4703,0.5199,0.7359,1.025,0.5403,0.7593,0.7651,0.3856,0.4119,0.4382,0.3885,0.4148,0.6513,0.8556,0.8235,1.0451,2.7681,0.7622,0.5608,0.7067,0.5958,0.6805,0.8907,0.7389,0.7301
9/8/2022,22.4513,0.3531,0.395,0.5366,0.7418,0.6522,0.5756,0.4976,0.6609,0.4745,0.4716,0.5034,0.3589,0.4109,0.408,0.4673,0.3675,0.3647,0.3805,0.5048,0.4355,0.4803,0.4196,0.4181,0.317,0.3141,0.3502,0.5395,0.3242,0.3964,0.3907,0.3632,0.2736,0.3473,0.3401,0.3068,0.4037,0.3415,0.4716,0.7022,1.7526,0.5366,0.4947,0.4571,0.3386,0.5106,0.5308,0.3358,0.434
9/7/2022,15.0807,0.2623,0.3189,0.309,0.3578,0.3614,0.3578,0.3076,0.3224,0.2892,0.3295,0.3833,0.2693,0.275,0.292,0.3019,0.2566,0.3012,0.3359,0.2821,0.2828,0.2962,0.2446,0.3267,0.2516,0.2743,0.3083,0.27,0.2679,0.3925,0.2743,0.2785,0.2764,0.2736,0.2375,0.2396,0.2587,0.3253,0.2722,0.4664,1.0544,0.3508,0.3019,0.2531,0.2325,0.2729,0.3161,0.2955,0.2729
9/6/2022,14.3184,0.2494,0.3031,0.2975,0.3651,0.3688,0.3764,0.3278,0.3063,0.3417,0.2558,0.3884,0.257,0.2697,0.2791,0.2558,0.2475,0.2627,0.312,0.312,0.2728,0.3069,0.2709,0.2475,0.2558,0.2665,0.2374,0.2956,0.2419,0.2659,0.2975,0.2109,0.2122,0.2267,0.2166,0.2684,0.2583,0.2545,0.2962,0.4246,0.9304,0.3069,0.2551,0.2842,0.2362,0.3227,0.3246,0.2501,0.305
9/5/2022,23.4679,0.4544,0.524,0.4312,0.5982,0.592,0.7065,0.4745,0.459,0.5828,0.5456,0.4389,0.3925,0.4389,0.4714,0.5255,0.4729,0.4621,0.493,0.5085,0.5472,0.3925,0.3476,0.4637,0.4466,0.3028,0.4234,0.3523,0.3399,0.6895,0.442,0.2796,0.278,0.3894,0.3012,0.4018,0.4389,0.4374,0.5054,0.7972,2.0342,0.3476,0.394,0.4714,0.4374,0.408,0.4528,0.3678,0.4064
9/4/2022,39.9895,0.8224,0.9696,1.0464,1.4622,1.667,1.3951,0.6881,0.9408,0.7297,1.0272,0.864,0.864,0.5441,0.6945,0.6913,0.9376,0.7681,0.7809,0.7777,0.6625,0.5985,0.7425,0.976,1.0304,0.6465,0.7425,0.9312,0.5601,0.912,0.6753,0.6497,0.5921,0.4386,0.5026,0.4802,0.7361,0.9152,0.8672,0.6956,1.7331,0.7745,0.9344,0.7425,0.5857,0.7649,0.8288,0.9056,0.6945
9/3/2022,44.6488,1.1708,0.6944,0.8154,0.9839,1.1195,1.6729,1.3028,1.1452,1.1085,1.2808,0.9583,0.6431,0.7787,0.7237,1.0096,0.7164,0.6284,0.8703,0.6871,0.9436,0.951,0.8483,1.0682,0.9949,0.5881,0.7494,0.7824,0.6541,0.7274,0.8667,0.7054,0.5955,0.6065,0.7054,0.4965,0.808,0.6907,0.5551,1.4128,3.8572,0.9693,0.8777,0.9326,0.6065,0.9876,0.9619,0.7311,0.6651
9/2/2022,16.2668,0.2791,0.3378,0.289,0.4916,0.4907,0.4329,0.5197,0.3874,0.4395,0.2807,0.2774,0.2617,0.3204,0.2931,0.2832,0.3345,0.3064,0.3444,0.3667,0.2849,0.2659,0.2543,0.3973,0.2717,0.2907,0.3427,0.2733,0.2692,0.4386,0.3386,0.2824,0.2477,0.2898,0.2675,0.2576,0.3014,0.2965,0.265,0.4196,0.9157,0.3064,0.3444,0.3568,0.2717,0.2849,0.3378,0.3328,0.3254
9/1/2022,13.7251,0.2772,0.2943,0.2989,0.3962,0.4615,0.3075,0.3945,0.3018,0.3149,0.2915,0.3756,0.2399,0.252,0.26,0.2691,0.2726,0.2394,0.2926,0.2875,0.2566,0.2462,0.2354,0.2365,0.2732,0.2583,0.2789,0.2291,0.2405,0.2983,0.2686,0.2108,0.2428,0.2205,0.2371,0.2359,0.2686,0.2915,0.2285,0.356,0.7273,0.2388,0.2256,0.2474,0.2491,0.284,0.2938,0.2737,0.2451
8/31/2022,23.6376,0.5576,0.5607,0.4935,0.6452,0.5388,0.8219,0.4685,0.6561,0.3856,0.481,0.7062,0.4763,0.3574,0.4137,0.4294,0.4607,0.3528,0.4919,0.4904,0.4169,0.3481,0.4481,0.3496,0.4779,0.3684,0.3309,0.6608,0.3746,0.4247,0.4012,0.3574,0.37,0.3887,0.3981,0.3199,0.4184,0.3621,0.3371,0.7651,1.9389,0.567,0.4997,0.4669,0.3387,0.384,0.4044,0.5248,0.4075
8/30/2022,49.9864,1.0694,1.0274,0.8636,1.3927,1.695,1.4221,1.1533,1.4976,0.6117,1.2163,1.6152,1.0736,0.6327,0.7335,0.6537,1.1366,0.9518,0.8426,0.9308,1.1827,0.9854,1.1785,1.2457,0.6537,0.8804,0.8175,0.8175,0.6789,1.4808,0.8301,0.4354,0.5068,0.6453,0.7797,0.6453,0.8468,0.8007,0.6327,1.5349,4.2189,0.8175,1.3717,1.082,0.5697,0.914,1.2793,0.7377,0.8972
8/29/2022,20.2485,0.4202,0.3896,0.4741,0.6064,0.7852,0.3933,0.6603,0.4521,0.5182,0.3737,0.3602,0.3933,0.343,0.3847,0.3896,0.4312,0.4606,0.3467,0.3381,0.4631,0.3994,0.4325,0.4606,0.3357,0.359,0.4165,0.49,0.3088,0.4643,0.3467,0.3528,0.2818,0.2855,0.3345,0.359,0.3577,0.4704,0.37,0.4536,1.0164,0.3871,0.3149,0.3394,0.3969,0.3847,0.3798,0.3565,0.4104
8/28/2022,48.0381,1.0435,0.8633,1.0395,1.1116,1.7722,1.6921,1.7201,1.2197,1.2277,0.6992,1.2477,1.0155,0.9314,0.9194,0.9314,0.8713,1.1116,1.0875,0.8673,1.1156,0.9474,0.9114,1.1836,1.0275,0.6832,0.5791,1.2877,0.5791,1.0075,0.7112,0.527,0.7592,0.7993,0.515,0.5871,0.7432,1.0075,0.8793,1.1207,2.9922,0.7272,0.9754,0.7592,0.9114,0.6952,0.9914,0.8713,0.7712
8/27/2022,21.2654,0.4161,0.424,0.3895,0.5315,0.68,0.55,0.4638,0.6734,0.6044,0.428,0.3643,0.4598,0.3789,0.4466,0.4373,0.4174,0.367,0.4399,0.4028,0.4041,0.3988,0.3524,0.3497,0.3948,0.3909,0.4413,0.3338,0.3325,0.3484,0.3789,0.2927,0.3683,0.302,0.2715,0.367,0.3816,0.4837,0.3869,0.6227,1.5174,0.4704,0.4373,0.3325,0.3351,0.4054,0.4691,0.4147,0.4068
8/26/2022,7.286,0.1508,0.1488,0.1473,0.1453,0.1431,0.1385,0.1423,0.149,0.1427,0.154,0.153,0.1582,0.1526,0.1536,0.1529,0.1563,0.1505,0.149,0.1542,0.1522,0.1537,0.1517,0.1564,0.1516,0.1527,0.1551,0.1468,0.1595,0.1527,0.1518,0.1553,0.1561,0.1555,0.1597,0.1582,0.156,0.15,0.1527,0.1569,0.1378,0.149,0.1549,0.1492,0.1572,0.1512,0.1496,0.1519,0.1585
8/25/2022,8.3875,0.1726,0.1767,0.1738,0.1803,0.179,0.1825,0.182,0.1821,0.1745,0.1729,0.179,0.1733,0.1723,0.1712,0.1735,0.1726,0.1714,0.1714,0.1742,0.1747,0.1722,0.1754,0.1767,0.1726,0.171,0.1745,0.1742,0.171,0.1751,0.1739,0.1729,0.1729,0.1724,0.1703,0.1723,0.1729,0.1724,0.1719,0.1741,0.1887,0.1727,0.1771,0.1726,0.176,0.1756,0.1772,0.1742,0.1747
8/24/2022,7.4559,0.1556,0.1549,0.1537,0.154,0.147,0.1509,0.1502,0.1561,0.1545,0.1548,0.147,0.1554,0.16,0.1574,0.1603,0.1574,0.1594,0.1561,0.155,0.1559,0.1586,0.1598,0.1526,0.1598,0.1561,0.1581,0.1569,0.1588,0.1549,0.1553,0.1591,0.1581,0.1608,0.1593,0.16,0.158,0.1544,0.1565,0.1476,0.1103,0.1592,0.1569,0.154,0.1599,0.1588,0.1588,0.1577,0.16
8/23/2022,8.4724,0.1793,0.1729,0.1729,0.181,0.1824,0.1857,0.1798,0.178,0.1827,0.1758,0.1789,0.1785,0.1737,0.1763,0.1764,0.1732,0.1767,0.1724,0.1748,0.1739,0.1768,0.1735,0.1787,0.1747,0.1716,0.1715,0.1816,0.1723,0.1772,0.1735,0.1734,0.1721,0.1727,0.1717,0.1721,0.174,0.1778,0.1779,0.1802,0.2069,0.1737,0.1752,0.1734,0.1712,0.1778,0.174,0.1767,0.1749
8/22/2022,8.3875,0.1729,0.1762,0.1759,0.1774,0.1851,0.1762,0.1808,0.1761,0.1797,0.1716,0.1748,0.1746,0.174,0.1737,0.1723,0.1736,0.1757,0.1725,0.1725,0.1761,0.1722,0.1734,0.1743,0.1747,0.1731,0.1748,0.1725,0.172,0.1728,0.1721,0.1728,0.1716,0.1711,0.1721,0.1704,0.172,0.1734,0.174,0.1757,0.1935,0.1769,0.1744,0.1717,0.1749,0.1749,0.1767,0.1731,0.1747
8/21/2022,8.3877,0.1722,0.1727,0.1745,0.1817,0.1825,0.1821,0.1734,0.1795,0.1788,0.1727,0.1766,0.1733,0.174,0.1748,0.1727,0.1753,0.1739,0.1729,0.1728,0.1726,0.1736,0.1726,0.1738,0.1727,0.1741,0.1744,0.1786,0.1717,0.1732,0.1736,0.17,0.1721,0.1711,0.1717,0.1722,0.1734,0.1721,0.1727,0.1772,0.1977,0.1721,0.1779,0.1714,0.1746,0.1729,0.1763,0.1714,0.1736
8/20/2022,8.3875,0.1769,0.1732,0.1771,0.1795,0.184,0.1819,0.18,0.1785,0.1744,0.1781,0.1779,0.1743,0.1715,0.1719,0.1726,0.1723,0.1751,0.174,0.1742,0.1743,0.1752,0.1712,0.1715,0.1743,0.1727,0.1724,0.1749,0.1709,0.1717,0.1725,0.1713,0.1711,0.1696,0.17,0.1711,0.1729,0.1739,0.1746,0.1776,0.1991,0.1734,0.1737,0.1719,0.1738,0.1739,0.1724,0.173,0.1752
8/19/2022,7.7944,0.1632,0.1631,0.1629,0.1586,0.1614,0.1596,0.1584,0.1599,0.1636,0.161,0.1607,0.161,0.1633,0.1628,0.1635,0.1628,0.1634,0.162,0.1627,0.162,0.1622,0.1642,0.1616,0.1639,0.163,0.1636,0.1641,0.1645,0.1627,0.1631,0.1644,0.1646,0.1652,0.1635,0.1641,0.1635,0.162,0.162,0.161,0.1498,0.1628,0.1616,0.1633,0.1647,0.1635,0.1641,0.1633,0.1622
8/18/2022,9.4044,0.2026,0.1983,0.198,0.2116,0.23,0.208,0.1984,0.2167,0.1914,0.2119,0.2095,0.1894,0.1933,0.1971,0.1848,0.1865,0.1904,0.1964,0.2009,0.2005,0.1903,0.198,0.1848,0.1858,0.1831,0.1853,0.2085,0.1818,0.1981,0.1856,0.182,0.1887,0.1846,0.1845,0.181,0.1903,0.1917,0.1907,0.2058,0.2826,0.19,0.1928,0.1964,0.1867,0.1904,0.1821,0.1855,0.1816
8/17/2022,11.0989,0.2317,0.2367,0.2011,0.2364,0.2615,0.2556,0.2547,0.2503,0.2206,0.2714,0.2209,0.2193,0.211,0.2293,0.2376,0.2398,0.2135,0.2197,0.2107,0.2407,0.2076,0.2342,0.2104,0.2488,0.228,0.2187,0.2575,0.2066,0.2686,0.2082,0.2035,0.2125,0.1899,0.2141,0.2153,0.2144,0.2432,0.2355,0.2385,0.3793,0.2228,0.2367,0.2265,0.2407,0.224,0.2271,0.2252,0.1986
8/16/2022,10.421,0.209,0.2233,0.2267,0.2301,0.2533,0.2591,0.264,0.2466,0.2134,0.2345,0.2226,0.2161,0.2023,0.2013,0.2001,0.2049,0.1967,0.2037,0.2199,0.2192,0.1977,0.1911,0.2301,0.2306,0.2151,0.1945,0.2296,0.1943,0.2357,0.217,0.1889,0.2013,0.1877,0.2018,0.1923,0.2056,0.2071,0.1926,0.2392,0.3815,0.2148,0.2112,0.202,0.1996,0.218,0.1957,0.2008,0.1984
8/15/2022,9.3192,0.2006,0.2023,0.1931,0.1979,0.2173,0.2074,0.2122,0.2045,0.184,0.1994,0.1969,0.1946,0.192,0.1888,0.1912,0.1887,0.1904,0.1846,0.1978,0.1863,0.1855,0.1907,0.1956,0.1843,0.1809,0.1946,0.2099,0.1838,0.1875,0.1883,0.1867,0.1861,0.1772,0.178,0.178,0.1865,0.1921,0.1887,0.2145,0.3082,0.1855,0.1841,0.1854,0.1927,0.1915,0.1888,0.1838,0.1803
8/14/2022,9.8277,0.1981,0.1965,0.2116,0.2396,0.2352,0.2127,0.2008,0.2178,0.2327,0.2297,0.2361,0.1988,0.2021,0.2019,0.2078,0.2041,0.2107,0.1998,0.2051,0.1919,0.2052,0.2005,0.1959,0.1888,0.195,0.2007,0.1955,0.1875,0.2136,0.1932,0.1857,0.1913,0.18,0.1851,0.1884,0.193,0.1945,0.1963,0.2053,0.2812,0.1939,0.1959,0.1954,0.208,0.2122,0.2135,0.1919,0.2072
8/13/2022,8.3875,0.1773,0.1762,0.1762,0.1796,0.1813,0.1807,0.1731,0.1773,0.1764,0.179,0.1764,0.1752,0.174,0.1741,0.1755,0.1757,0.1718,0.1752,0.175,0.174,0.1753,0.1715,0.1734,0.1765,0.174,0.1706,0.1758,0.1709,0.179,0.1727,0.1713,0.1724,0.1716,0.1719,0.17,0.1734,0.1738,0.1716,0.1742,0.1889,0.1714,0.1748,0.1706,0.1738,0.1731,0.1749,0.1737,0.1724
8/12/2022,12.1151,0.2724,0.2556,0.2634,0.2942,0.3568,0.3004,0.2375,0.2502,0.2514,0.2589,0.3247,0.2642,0.2514,0.2177,0.2358,0.2288,0.2346,0.251,0.2239,0.2383,0.2259,0.2379,0.2268,0.2152,0.2185,0.2383,0.263,0.221,0.3033,0.2337,0.1947,0.1975,0.2099,0.2136,0.2086,0.2259,0.2654,0.223,0.2758,0.49,0.2778,0.2749,0.2296,0.2193,0.237,0.2761,0.2642,0.237
8/11/2022,10.082,0.1981,0.1964,0.2189,0.2291,0.2245,0.2146,0.2506,0.2356,0.2279,0.2262,0.2462,0.1933,0.1898,0.1975,0.1966,0.1989,0.2019,0.2185,0.2123,0.21,0.2046,0.1919,0.2193,0.1927,0.1885,0.2071,0.2243,0.1954,0.1994,0.2052,0.1854,0.1898,0.1885,0.1952,0.1998,0.1954,0.2058,0.1906,0.2346,0.3679,0.1941,0.2052,0.1983,0.186,0.2077,0.2204,0.2029,0.1991
8/10/2022,9.5736,0.2093,0.2044,0.1958,0.2184,0.2143,0.2139,0.1923,0.2052,0.2093,0.1956,0.2228,0.209,0.1857,0.1978,0.198,0.1868,0.189,0.195,0.1892,0.194,0.1974,0.1986,0.1931,0.2011,0.1851,0.1936,0.2052,0.187,0.2095,0.1893,0.1892,0.1878,0.186,0.1901,0.1903,0.189,0.2057,0.1983,0.2077,0.2883,0.1917,0.1925,0.1907,0.1972,0.1892,0.2081,0.2005,0.1856
8/9/2022,11.4376,0.2395,0.2578,0.2516,0.2712,0.2643,0.2588,0.3014,0.2708,0.2915,0.2557,0.221,0.2375,0.2114,0.2385,0.2258,0.2447,0.2409,0.2155,0.221,0.2234,0.2358,0.2206,0.2227,0.2299,0.2368,0.2038,0.2701,0.2021,0.2444,0.2144,0.2004,0.21,0.201,0.1921,0.201,0.2182,0.2199,0.2478,0.2426,0.3915,0.234,0.2664,0.2505,0.2217,0.2172,0.2347,0.2265,0.2392
8/8/2022,23.9765,0.491,0.4734,0.5293,0.5869,0.5229,0.5821,0.6236,0.5102,0.4303,0.3935,0.5309,0.3696,0.3855,0.3424,0.5229,0.5245,0.3999,0.4207,0.507,0.4926,0.4111,0.5229,0.4015,0.5693,0.3248,0.4798,0.4558,0.3408,0.3712,0.5006,0.2945,0.2833,0.344,0.3903,0.4255,0.4351,0.5565,0.4766,0.918,2.3918,0.4431,0.3552,0.5086,0.3344,0.467,0.4862,0.4111,0.4383
8/7/2022,49.2239,1.255,0.9788,1.0695,1.8569,1.2055,1.6796,1.8651,1.3663,0.8551,1.5312,1.2055,0.818,0.9788,0.8345,0.8427,0.6943,0.9293,1.0035,0.7768,1.0695,1.053,0.6201,0.7479,0.6614,0.9128,0.9499,0.9169,0.649,0.7809,0.8427,0.8098,0.5748,0.7356,0.4965,0.7438,0.6902,1.0365,1.1025,1.0917,2.9064,1.2302,1.2756,1.156,0.8427,1.1354,0.8427,0.8056,0.7974
8/6/2022,26.7724,0.5158,0.6228,0.6679,0.8481,0.6116,0.8218,0.8481,0.5083,0.7749,0.7618,0.6454,0.4107,0.4914,0.5027,0.5947,0.4407,0.6059,0.5815,0.4783,0.5778,0.4989,0.3919,0.5027,0.5083,0.5008,0.5703,0.7036,0.3544,0.6172,0.4633,0.3694,0.4145,0.452,0.3187,0.4126,0.4708,0.4051,0.437,0.568,1.3553,0.6604,0.3431,0.4877,0.4727,0.6228,0.6735,0.5215,0.3657
8/5/2022,13.5553,0.2939,0.295,0.2606,0.3739,0.3944,0.3306,0.3578,0.3094,0.3389,0.3383,0.2944,0.2683,0.2556,0.2439,0.2522,0.2356,0.2933,0.2967,0.2722,0.265,0.2294,0.2994,0.2911,0.3044,0.2644,0.2339,0.3289,0.2406,0.305,0.2633,0.215,0.2233,0.2344,0.2506,0.2128,0.2417,0.2694,0.2344,0.2797,0.5014,0.2333,0.2272,0.2883,0.2594,0.2717,0.2906,0.3006,0.2911
8/4/2022,12.8777,0.2437,0.233,0.2291,0.3369,0.2793,0.3076,0.2613,0.3164,0.2208,0.2793,0.2832,0.2467,0.2554,0.2569,0.2491,0.2754,0.2476,0.2569,0.2545,0.2457,0.254,0.2681,0.2472,0.2291,0.2213,0.2623,0.2472,0.2257,0.2335,0.2423,0.2179,0.232,0.2286,0.2359,0.2267,0.2345,0.2515,0.2652,0.3696,0.7676,0.235,0.2954,0.2506,0.2832,0.2642,0.2511,0.2813,0.2779
8/3/2022,13.5556,0.2872,0.2533,0.2694,0.3928,0.3928,0.3206,0.375,0.3394,0.3356,0.2761,0.2744,0.3028,0.2728,0.265,0.2467,0.2894,0.2433,0.2356,0.2994,0.2506,0.2328,0.2244,0.2628,0.2467,0.2483,0.2367,0.2556,0.2411,0.245,0.2644,0.2511,0.2511,0.2106,0.2411,0.2422,0.2489,0.2356,0.2261,0.3724,0.776,0.2561,0.3239,0.2467,0.2994,0.2633,0.2367,0.2594,0.235
8/2/2022,14.149,0.2853,0.3149,0.321,0.3997,0.3339,0.3296,0.4102,0.2878,0.3075,0.3007,0.3093,0.3007,0.2675,0.2841,0.2841,0.2472,0.3087,0.2521,0.2884,0.2952,0.2368,0.2995,0.2663,0.2571,0.2786,0.2823,0.2743,0.2361,0.3474,0.2761,0.2583,0.2238,0.2109,0.2214,0.2238,0.2743,0.3118,0.2534,0.3591,0.7367,0.2448,0.3155,0.254,0.2669,0.2835,0.2552,0.2872,0.286
8/1/2022,18.3004,0.4314,0.3531,0.3243,0.4685,0.5055,0.4128,0.3335,0.3758,0.417,0.3387,0.3037,0.3325,0.3304,0.2831,0.3356,0.3953,0.2882,0.3603,0.3727,0.4015,0.3438,0.4128,0.3964,0.3212,0.315,0.3819,0.3912,0.3006,0.5086,0.3541,0.3119,0.3057,0.2995,0.281,0.3212,0.3078,0.417,0.349,0.5554,1.3178,0.3459,0.315,0.2903,0.28,0.4139,0.4417,0.3428,0.315
7/31/2022,40.0737,0.7889,0.9685,1.0359,0.8755,1.363,1.2347,1.0968,0.9621,0.7793,1.1481,1.084,0.667,0.7729,0.6734,0.6895,0.7472,0.667,0.6927,0.6542,0.7793,0.6349,0.7183,0.5419,0.9813,0.6478,0.59,0.6766,0.5163,0.8178,0.8242,0.6638,0.5419,0.5259,0.5355,0.6606,0.6606,0.6317,0.7568,1.305,3.5379,0.8627,0.9589,0.4778,0.9108,0.6061,0.6863,0.5387,0.5836
7/30/2022,39.7351,0.6681,0.722,0.6839,1.4012,1.4742,0.7506,1.2361,1.2615,0.8204,0.6935,1.3631,0.9727,0.6014,0.7823,0.6776,0.6586,0.6268,0.7601,0.8172,0.6427,0.7601,0.4681,0.7252,0.8458,0.5983,0.6078,0.7792,0.5729,1.1029,0.6014,0.6395,0.4935,0.5824,0.4047,0.6014,0.5856,0.8871,0.5316,1.1199,2.9899,1.0172,0.5697,0.8744,0.6966,0.776,0.7538,0.7125,0.8236
7/29/2022,19.4864,0.3114,0.3332,0.4056,0.6169,0.5124,0.5158,0.5974,0.4848,0.4688,0.4044,0.61,0.37,0.3504,0.2942,0.4194,0.424,0.3562,0.3447,0.44,0.4102,0.3746,0.3436,0.486,0.293,0.3034,0.3079,0.4745,0.3068,0.4274,0.3654,0.3171,0.3045,0.293,0.2942,0.3275,0.3688,0.2988,0.432,0.4862,1.1129,0.3952,0.3114,0.3746,0.3275,0.3355,0.3769,0.3769,0.401
7/28/2022,12.8778,0.2798,0.2603,0.2369,0.2754,0.2915,0.3237,0.3506,0.3413,0.2579,0.2691,0.3106,0.2589,0.2437,0.2208,0.2457,0.2701,0.2735,0.2584,0.2593,0.2618,0.2335,0.2325,0.2574,0.2564,0.2252,0.2379,0.2798,0.235,0.2701,0.254,0.2354,0.2218,0.2428,0.2379,0.2389,0.2311,0.2237,0.2608,0.3315,0.6549,0.2657,0.2564,0.2359,0.2262,0.2491,0.2979,0.2525,0.2442
7/27/2022,14.3177,0.3031,0.3259,0.2475,0.3903,0.3297,0.36,0.3935,0.372,0.3771,0.2501,0.3271,0.305,0.2817,0.2437,0.2949,0.3069,0.3132,0.3126,0.3139,0.2798,0.2412,0.2437,0.2715,0.305,0.2678,0.2627,0.2614,0.245,0.3575,0.2823,0.2576,0.2526,0.2204,0.2501,0.2286,0.264,0.2475,0.2652,0.3017,0.5667,0.3379,0.3379,0.2475,0.3101,0.3069,0.3309,0.2633,0.2627
7/26/2022,13.8946,0.2692,0.2993,0.2345,0.3824,0.3518,0.3647,0.3795,0.3388,0.347,0.2851,0.3547,0.2403,0.2433,0.2645,0.2698,0.2816,0.248,0.3146,0.2846,0.2881,0.2333,0.228,0.2451,0.2987,0.2622,0.2321,0.3028,0.2451,0.284,0.2681,0.2533,0.2168,0.2586,0.2138,0.2545,0.2462,0.2851,0.2698,0.3851,0.8136,0.2987,0.2533,0.2374,0.2745,0.2557,0.2339,0.2651,0.238
7/25/2022,19.7412,0.3475,0.4367,0.3205,0.4273,0.506,0.5506,0.3698,0.5471,0.466,0.3651,0.4109,0.371,0.3815,0.3029,0.4203,0.3475,0.4144,0.3228,0.3627,0.3533,0.3393,0.3991,0.3334,0.398,0.371,0.3522,0.425,0.2876,0.4473,0.3886,0.3029,0.3381,0.2535,0.2653,0.331,0.3616,0.4379,0.3639,0.6687,1.6535,0.4555,0.4156,0.3604,0.3381,0.3369,0.4109,0.3827,0.2993
7/24/2022,19.1474,0.4654,0.3328,0.2982,0.549,0.5657,0.4754,0.4833,0.4487,0.51,0.3774,0.4554,0.3316,0.3294,0.3896,0.4153,0.3562,0.3305,0.4454,0.3718,0.4309,0.3729,0.4297,0.4008,0.3595,0.306,0.4108,0.3517,0.3261,0.4041,0.3952,0.2871,0.2971,0.3406,0.3049,0.3383,0.3328,0.3584,0.3461,0.4863,1.1134,0.3361,0.2915,0.3216,0.3762,0.4431,0.3662,0.3963,0.2926
7/23/2022,44.7341,0.9234,0.9013,1.1034,1.2944,1.1842,1.5479,0.9968,1.4413,0.6883,1.2026,0.9197,0.9234,0.5818,0.8903,0.6295,0.736,0.9564,0.6369,1.0556,0.7287,0.8683,0.703,0.7691,1.0483,0.7728,0.9087,1.3164,0.5377,0.9858,0.6956,0.4679,0.7618,0.7287,0.4495,0.6479,0.7287,0.9381,1.0373,1.2441,3.3577,0.6773,1.2136,0.5267,0.8352,1.074,0.5818,0.6222,0.894
7/22/2022,41.0908,0.7094,1.0568,0.984,1.5168,1.3414,1.3745,1.4671,1.262,0.7557,0.9575,1.1561,0.673,0.5803,0.6862,0.706,0.716,0.6862,0.898,0.6531,0.9244,0.845,0.7458,0.663,0.6994,0.6002,0.5274,1.1627,0.6332,1.2884,0.8351,0.6564,0.5737,0.6035,0.4777,0.5803,0.6465,0.7226,0.9476,0.6586,1.6237,0.6961,0.7524,0.9178,0.9774,0.8417,0.8616,0.8781,0.5704
7/21/2022,19.9951,0.3958,0.4689,0.4258,0.6584,0.7556,0.6285,0.6321,0.4162,0.3706,0.4006,0.4365,0.349,0.3322,0.3742,0.3994,0.4305,0.3586,0.3202,0.3886,0.4437,0.4186,0.289,0.367,0.325,0.3766,0.2926,0.4102,0.3358,0.5337,0.4222,0.3466,0.3586,0.2842,0.2698,0.3058,0.3262,0.3178,0.3478,0.4628,1.0436,0.4653,0.4689,0.343,0.3514,0.3502,0.4126,0.3646,0.4198
7/20/2022,16.1821,0.3221,0.2853,0.2771,0.4956,0.444,0.4416,0.4432,0.3573,0.4359,0.2845,0.2935,0.2927,0.2632,0.2673,0.2861,0.2788,0.3197,0.3712,0.2853,0.2837,0.3107,0.3,0.3835,0.3426,0.2755,0.2755,0.2992,0.264,0.3819,0.336,0.2689,0.2853,0.2837,0.2599,0.2714,0.2935,0.3123,0.3058,0.4564,1.0248,0.3704,0.2722,0.3058,0.3197,0.3295,0.2829,0.336,0.3066
7/19/2022,11.7765,0.2599,0.2486,0.2127,0.2992,0.3313,0.3162,0.2913,0.303,0.2592,0.2207,0.3053,0.2596,0.229,0.2426,0.2139,0.2377,0.2271,0.2214,0.2577,0.2309,0.2324,0.2392,0.2728,0.263,0.2384,0.2452,0.2312,0.2199,0.249,0.2324,0.2041,0.2294,0.1946,0.2101,0.2267,0.2184,0.2354,0.2486,0.2306,0.3561,0.2139,0.2407,0.2093,0.2176,0.2535,0.2244,0.2524,0.2199
7/18/2022,13.979,0.2522,0.2767,0.3114,0.3167,0.3,0.352,0.2665,0.2946,0.3353,0.3472,0.3329,0.2863,0.2892,0.233,0.2994,0.2922,0.2564,0.2934,0.2689,0.2707,0.2414,0.245,0.3245,0.2408,0.2803,0.2904,0.352,0.2283,0.2623,0.2558,0.2552,0.233,0.2599,0.2599,0.2175,0.2605,0.2324,0.2312,0.4379,0.9699,0.2719,0.2253,0.2564,0.2253,0.2623,0.2516,0.2456,0.2874
7/17/2022,29.738,0.5362,0.4884,0.6688,0.6427,1.2601,0.8362,0.7666,0.8471,0.5862,0.871,0.8731,0.6471,0.5884,0.4058,0.5101,0.4927,0.6036,0.4275,0.6362,0.5493,0.5753,0.4906,0.5884,0.6471,0.5623,0.5884,0.8688,0.3927,0.8036,0.6188,0.4297,0.4427,0.3927,0.4536,0.4406,0.4819,0.5406,0.5493,0.5628,1.34,0.458,0.7927,0.4623,0.4797,0.5819,0.6405,0.6536,0.6623
7/16/2022,14.2335,0.2502,0.2496,0.2471,0.3911,0.3954,0.3256,0.3599,0.406,0.368,0.3038,0.3948,0.2384,0.2957,0.2895,0.2521,0.2795,0.2764,0.315,0.2976,0.2689,0.2421,0.2377,0.244,0.2888,0.2452,0.2508,0.3132,0.2402,0.2913,0.3001,0.2153,0.2115,0.2477,0.2458,0.2296,0.2471,0.2446,0.2427,0.4209,0.9197,0.2652,0.3075,0.2595,0.2857,0.2608,0.2359,0.2814,0.2546
7/15/2022,7.7946,0.1612,0.1634,0.1633,0.1593,0.1597,0.159,0.1578,0.1595,0.1631,0.1624,0.1601,0.1638,0.1638,0.1644,0.1642,0.162,0.1634,0.162,0.1624,0.1637,0.1642,0.1633,0.1623,0.1645,0.1636,0.1637,0.16,0.1643,0.1617,0.1635,0.1644,0.1652,0.1648,0.1641,0.1641,0.1637,0.1642,0.1631,0.1601,0.1472,0.1618,0.1609,0.1644,0.1636,0.163,0.1641,0.1623,0.164
7/14/2022,28.2975,0.4447,0.6477,0.4001,0.9806,1.1937,0.6802,0.7309,0.7512,0.6782,0.804,0.6437,0.4366,0.4001,0.5259,0.4184,0.5056,0.6437,0.6396,0.6173,0.6274,0.5604,0.5746,0.6092,0.4143,0.5584,0.532,0.3798,0.3778,0.666,0.528,0.3737,0.4711,0.3981,0.4732,0.4163,0.4569,0.4447,0.6112,0.6585,1.6234,0.7005,0.4508,0.5198,0.5138,0.5198,0.5077,0.599,0.5889
7/13/2022,17.6224,0.3822,0.3072,0.3466,0.5506,0.5901,0.4043,0.5294,0.5246,0.4967,0.3014,0.463,0.2918,0.3543,0.3582,0.3466,0.2812,0.3947,0.3245,0.3716,0.3399,0.3014,0.3764,0.3485,0.3139,0.2821,0.2879,0.4034,0.2677,0.4111,0.3033,0.3004,0.2475,0.2446,0.2629,0.2783,0.336,0.3312,0.3341,0.344,0.6918,0.3764,0.4303,0.2889,0.3687,0.4015,0.4053,0.3918,0.3341
7/12/2022,14.4027,0.2979,0.271,0.2512,0.3716,0.4887,0.3472,0.3107,0.3863,0.3235,0.3831,0.3568,0.3472,0.273,0.2403,0.2595,0.3184,0.2601,0.296,0.303,0.3005,0.2537,0.3107,0.3235,0.289,0.2653,0.2909,0.2973,0.2569,0.3703,0.2672,0.2205,0.2237,0.2569,0.2537,0.2358,0.2601,0.2838,0.2557,0.3007,0.5635,0.2858,0.3165,0.2435,0.2397,0.3255,0.2986,0.2838,0.2441
7/11/2022,16.8597,0.4094,0.3368,0.4094,0.5113,0.537,0.4971,0.4608,0.4209,0.2641,0.3953,0.4794,0.3447,0.2721,0.2801,0.3634,0.3403,0.3341,0.3323,0.3642,0.2916,0.2765,0.3518,0.3837,0.3775,0.3412,0.3173,0.4041,0.2606,0.2942,0.3536,0.2703,0.2624,0.2925,0.2429,0.2491,0.2916,0.2774,0.3129,0.3503,0.7105,0.2942,0.3439,0.3297,0.3412,0.3049,0.3377,0.3412,0.3022
7/10/2022,33.8046,0.7163,0.7602,0.8376,0.9305,1.0982,0.7318,0.7679,0.7447,1.0492,0.5873,0.835,0.4763,0.6853,0.7034,0.5641,0.6311,0.4789,0.5821,0.6028,0.6002,0.6182,0.4454,0.5073,0.6234,0.6905,0.5331,0.5357,0.5228,0.7189,0.5666,0.337,0.4454,0.4712,0.5305,0.3731,0.5615,0.5124,0.5408,1.2251,3.3014,0.6234,0.8376,0.435,0.6028,0.6879,0.8402,0.6466,0.6879
7/9/2022,43.6324,0.7867,0.8472,0.8508,1.3889,1.3283,1.3425,1.0646,1.0432,0.7546,1.0361,1.029,0.8579,0.5943,0.5907,0.6513,0.9363,0.6726,0.719,0.7475,1.0076,0.6655,0.6085,0.5871,0.8615,0.6406,0.5943,1.0397,0.6655,0.9898,0.6905,0.7225,0.6441,0.466,0.7332,0.7332,0.7475,0.9898,0.637,1.5419,4.2396,1.0503,0.5657,0.5515,0.9435,1.0468,1.0931,0.808,0.5266
7/8/2022,17.1144,0.3152,0.3763,0.3043,0.5403,0.5267,0.3954,0.338,0.3945,0.3198,0.4292,0.4182,0.2706,0.3289,0.3517,0.2879,0.307,0.3663,0.3535,0.3107,0.3335,0.3389,0.3754,0.3207,0.3918,0.3517,0.3325,0.2797,0.2624,0.2888,0.3562,0.2988,0.2478,0.256,0.2824,0.3016,0.3225,0.2888,0.3499,0.4738,1.0763,0.2861,0.3909,0.2888,0.2851,0.3881,0.3909,0.2861,0.3344
7/7/2022,13.7251,0.3115,0.2949,0.3018,0.3046,0.3665,0.2749,0.2594,0.3424,0.2657,0.3184,0.3493,0.256,0.2749,0.2462,0.284,0.2571,0.2537,0.2817,0.2909,0.3046,0.2783,0.2256,0.3012,0.2485,0.2571,0.2646,0.2337,0.2485,0.2394,0.288,0.2045,0.2308,0.2188,0.2102,0.2359,0.248,0.2594,0.2543,0.3975,0.8502,0.3001,0.2571,0.3052,0.2319,0.3001,0.2777,0.2354,0.2846
7/6/2022,12.5391,0.2584,0.2851,0.2302,0.2856,0.3469,0.3405,0.2702,0.3051,0.2783,0.3047,0.2475,0.2801,0.2552,0.2357,0.2343,0.232,0.2692,0.2742,0.2525,0.2729,0.2248,0.2257,0.2466,0.2234,0.2193,0.2225,0.2697,0.2134,0.2529,0.2275,0.218,0.2393,0.2216,0.2093,0.2352,0.2352,0.2261,0.2579,0.3243,0.6336,0.2556,0.2647,0.2284,0.2574,0.272,0.2388,0.2225,0.2148
7/5/2022,13.7251,0.2766,0.3207,0.2405,0.3253,0.3522,0.3081,0.2646,0.3573,0.3167,0.3052,0.3607,0.3253,0.2628,0.2548,0.2886,0.2966,0.2566,0.248,0.2938,0.2823,0.2342,0.2737,0.2508,0.2943,0.2531,0.2503,0.2846,0.2428,0.2989,0.2606,0.248,0.2468,0.256,0.2308,0.2274,0.2417,0.2468,0.2382,0.3305,0.652,0.2405,0.3012,0.2434,0.284,0.2857,0.3052,0.276,0.2909
7/4/2022,25.8404,0.4896,0.5556,0.5841,0.8071,0.8785,0.8928,0.6038,0.6145,0.7661,0.6448,0.6519,0.42,0.511,0.5021,0.5128,0.5966,0.5806,0.3825,0.5377,0.47,0.4325,0.5931,0.4289,0.486,0.354,0.3611,0.5199,0.4164,0.7322,0.4254,0.4343,0.4182,0.2951,0.3326,0.3593,0.4753,0.5039,0.5841,0.4787,1.0909,0.4254,0.4164,0.5948,0.4307,0.4967,0.6484,0.5877,0.5163
7/3/2022,27.1962,0.493,0.4719,0.6427,0.7925,1.1073,0.7848,0.4776,0.8616,0.7195,0.5544,0.5467,0.5448,0.4393,0.4911,0.6024,0.518,0.5755,0.4412,0.4354,0.4604,0.5928,0.5967,0.6255,0.6197,0.4738,0.4028,0.6984,0.4373,0.468,0.4796,0.47,0.4719,0.4297,0.4354,0.4316,0.4988,0.564,0.3682,0.6086,1.4754,0.5583,0.5256,0.5755,0.4162,0.589,0.6178,0.4162,0.3893
7/2/2022,9.8277,0.2104,0.1959,0.212,0.2274,0.2226,0.2327,0.2248,0.2228,0.2314,0.2235,0.1974,0.212,0.1948,0.1966,0.2045,0.2111,0.2005,0.2008,0.1924,0.2023,0.2067,0.2085,0.2003,0.2065,0.1868,0.1924,0.2036,0.1875,0.1957,0.201,0.1963,0.1846,0.1957,0.1813,0.1882,0.1985,0.2122,0.1873,0.2026,0.2731,0.2096,0.2107,0.2023,0.1915,0.199,0.1888,0.2087,0.1924
7/1/2022,15.5892,0.3298,0.3147,0.3215,0.4012,0.5423,0.4323,0.3344,0.389,0.2699,0.2797,0.4497,0.3071,0.263,0.2623,0.323,0.2904,0.3025,0.2851,0.3147,0.3253,0.3154,0.2668,0.3336,0.3154,0.2479,0.2926,0.3534,0.2623,0.3959,0.2995,0.2221,0.2372,0.2297,0.241,0.2752,0.282,0.2851,0.3101,0.3778,0.7919,0.2668,0.3382,0.3556,0.3488,0.2926,0.3716,0.2782,0.2646
6/30/2022,13.5553,0.2856,0.2494,0.2794,0.3739,0.3372,0.3978,0.3467,0.3094,0.3028,0.3206,0.3794,0.2917,0.2533,0.2411,0.2394,0.2411,0.2833,0.2894,0.2622,0.265,0.2444,0.2672,0.2539,0.2617,0.235,0.2283,0.3478,0.2428,0.31,0.2461,0.2033,0.2261,0.2472,0.2083,0.2444,0.2544,0.2806,0.28,0.3033,0.5712,0.28,0.3017,0.2489,0.2844,0.2556,0.265,0.24,0.275
6/29/2022,12.1996,0.2675,0.2284,0.2523,0.2906,0.349,0.2876,0.2364,0.2704,0.2641,0.3044,0.3212,0.2708,0.2154,0.2351,0.2234,0.2486,0.2628,0.2397,0.2297,0.2649,0.2301,0.2687,0.2553,0.2582,0.2364,0.2418,0.2523,0.2196,0.2859,0.2519,0.1998,0.2217,0.2171,0.2095,0.2137,0.2313,0.2683,0.2439,0.2712,0.4763,0.2708,0.2431,0.2313,0.212,0.2448,0.2187,0.2528,0.2108
6/28/2022,19.4865,0.4274,0.4412,0.4228,0.5354,0.7387,0.4779,0.4665,0.4492,0.3723,0.4331,0.3459,0.4136,0.3815,0.3987,0.3838,0.3516,0.3884,0.3769,0.3688,0.3252,0.3941,0.4263,0.3861,0.3723,0.3838,0.3367,0.3929,0.3079,0.5308,0.3711,0.2528,0.3125,0.3286,0.3263,0.2632,0.339,0.3516,0.409,0.4728,1.0734,0.3447,0.4929,0.324,0.2758,0.3562,0.4458,0.3562,0.3608
6/27/2022,19.6553,0.4254,0.4173,0.3928,0.6422,0.7623,0.5443,0.4604,0.4464,0.3438,0.3322,0.5548,0.3007,0.3159,0.4079,0.3683,0.4161,0.4266,0.4044,0.4219,0.4278,0.4126,0.3811,0.3881,0.3042,0.31,0.359,0.5501,0.2925,0.528,0.4091,0.2995,0.3333,0.2657,0.2622,0.3135,0.3252,0.4487,0.3403,0.4159,0.9047,0.4546,0.3578,0.4452,0.4313,0.3473,0.338,0.3357,0.2902
6/26/2022,34.7363,0.8966,0.8324,0.4795,0.7789,1.4527,1.2682,0.6666,0.803,0.9661,0.7843,1.0463,0.8725,0.6854,0.7014,0.7789,0.803,0.696,0.7067,0.7094,0.6292,0.6559,0.811,0.7656,0.8003,0.4634,0.7335,0.9126,0.5142,0.9795,0.6239,0.4073,0.4314,0.549,0.541,0.5971,0.5677,0.7682,0.7014,0.3624,0.7463,0.6426,0.8805,0.6078,0.4314,0.5944,0.6426,0.7281,0.7201
6/25/2022,40.3281,0.8973,0.8165,0.7518,1.2755,1.5471,1.3014,0.894,1.0977,0.7518,0.6968,1.3725,0.6742,0.629,0.8359,0.8165,0.8617,0.6031,0.7389,0.81,0.865,0.6031,0.5093,0.6225,0.9231,0.4544,0.768,1.0848,0.5578,0.7583,0.7777,0.5805,0.5514,0.6322,0.4835,0.6871,0.6484,0.9813,0.755,0.9443,2.4699,0.7356,0.9522,0.894,0.6968,0.7421,0.9749,0.7971,0.5061
6/24/2022,42.8698,1.0524,0.8362,0.9617,1.4185,1.4394,1.2686,1.2581,1.0035,0.7211,1.3209,0.9233,1.0872,0.885,0.7664,0.7978,0.6583,0.7804,0.6514,0.7595,0.8989,0.6862,0.9931,0.7211,0.6479,0.4944,0.7629,0.62,0.6339,1.0593,0.7978,0.4665,0.4631,0.5607,0.5433,0.6514,0.6374,0.6444,0.8083,1.1683,3.1332,0.7629,0.9199,0.8954,0.6967,0.9547,0.9373,0.9338,0.7873
6/23/2022,16.6902,0.3196,0.3665,0.2796,0.3909,0.4248,0.4535,0.5091,0.337,0.3231,0.4448,0.4378,0.2883,0.3109,0.2979,0.344,0.2814,0.3127,0.3387,0.3361,0.3457,0.2744,0.2657,0.3761,0.3361,0.2918,0.2979,0.2562,0.2675,0.317,0.3474,0.2692,0.2892,0.2492,0.2779,0.3057,0.3092,0.3179,0.2579,0.5266,1.2328,0.2675,0.4204,0.3092,0.2779,0.3196,0.3022,0.2944,0.2909
6/22/2022,13.9792,0.2869,0.294,0.2671,0.3431,0.306,0.416,0.4226,0.373,0.3556,0.2552,0.3783,0.2773,0.2593,0.2534,0.242,0.2934,0.2576,0.3114,0.257,0.2916,0.2964,0.2587,0.3084,0.2659,0.239,0.2611,0.3634,0.23,0.3556,0.2928,0.2611,0.2366,0.254,0.2474,0.2157,0.2587,0.2988,0.2456,0.2842,0.5149,0.294,0.2731,0.3132,0.2271,0.2791,0.2378,0.288,0.2378
6/21/2022,14.8263,0.2943,0.2609,0.2513,0.3462,0.4718,0.2998,0.3114,0.4452,0.3052,0.2643,0.4302,0.3175,0.2609,0.2923,0.2977,0.3168,0.2493,0.2622,0.2725,0.3134,0.267,0.3216,0.2814,0.2691,0.2943,0.2909,0.308,0.2459,0.3366,0.2711,0.2704,0.2281,0.2677,0.2568,0.2575,0.2609,0.3011,0.3148,0.3819,0.8041,0.3298,0.2609,0.2895,0.2424,0.3373,0.2779,0.31,0.2861
6/20/2022,24.6543,0.4248,0.5347,0.4181,0.8495,0.5997,0.618,0.8412,0.5231,0.6929,0.6297,0.5131,0.3632,0.4381,0.4648,0.5547,0.563,0.4198,0.5364,0.5697,0.568,0.4598,0.4914,0.563,0.5381,0.4581,0.3765,0.3948,0.3715,0.3898,0.4015,0.4265,0.3582,0.3782,0.3549,0.3549,0.4415,0.5097,0.4198,0.6417,1.5736,0.4498,0.5031,0.4914,0.4431,0.5414,0.3965,0.4165,0.3865
6/19/2022,17.1142,0.3243,0.3654,0.317,0.4538,0.5722,0.462,0.4492,0.5349,0.4456,0.3234,0.4492,0.3754,0.2797,0.2988,0.3745,0.2961,0.2888,0.2769,0.3134,0.3243,0.3371,0.3745,0.2833,0.39,0.2769,0.3052,0.3335,0.2633,0.2924,0.359,0.2706,0.2988,0.2742,0.2724,0.2934,0.2952,0.3371,0.3207,0.4133,0.8971,0.4009,0.3681,0.2897,0.3571,0.3088,0.3289,0.3116,0.3362
6/18/2022,45.0727,0.9415,1.1787,0.9823,1.2492,1.8535,1.2826,1.4457,0.9637,1.1417,0.8748,0.8377,1.0712,0.8191,0.6746,1.0045,0.7487,0.6264,0.8117,0.8154,1.0564,0.7969,0.8006,0.9452,0.9452,0.7487,0.5559,0.9526,0.619,0.9378,0.7709,0.4151,0.6968,0.7265,0.6004,0.4707,0.7709,0.96,0.986,1.0426,2.7608,0.6412,0.7709,0.7413,1.0675,1.0305,1.1083,0.871,0.96
6/17/2022,41.4294,1.0091,0.6447,0.9188,1.1395,0.9957,1.086,1.2765,0.8319,1.1896,1.1027,0.6882,1.0793,0.8286,0.7049,0.8419,0.7851,0.5611,0.9589,0.862,0.7316,0.9155,0.618,0.638,0.8486,0.8587,0.6848,0.9021,0.5544,1.1662,0.7851,0.4241,0.6882,0.5745,0.6949,0.6982,0.6949,0.9556,0.5277,0.9767,2.5658,0.862,1.0425,0.9523,0.8152,0.6313,0.9322,0.618,0.5678
6/16/2022,17.3682,0.3924,0.295,0.3606,0.5545,0.4786,0.5451,0.3859,0.3503,0.4805,0.369,0.3016,0.281,0.3194,0.3184,0.3362,0.3147,0.3737,0.3531,0.3175,0.3503,0.3737,0.3597,0.2772,0.2735,0.3334,0.3006,0.4074,0.281,0.4627,0.3447,0.2819,0.2669,0.265,0.2772,0.3156,0.3034,0.3137,0.37,0.4242,0.9293,0.2725,0.37,0.3269,0.3016,0.369,0.4234,0.3587,0.3072
6/15/2022,16.3519,0.2761,0.3504,0.3287,0.474,0.4373,0.4665,0.3755,0.3596,0.3646,0.4139,0.3454,0.297,0.3387,0.2769,0.2944,0.3579,0.3654,0.3003,0.3262,0.3521,0.3404,0.3053,0.3253,0.2544,0.2719,0.3362,0.4239,0.2619,0.3646,0.2794,0.3011,0.302,0.2527,0.2961,0.2944,0.3086,0.3137,0.3162,0.391,0.831,0.3304,0.2669,0.307,0.2585,0.2978,0.3922,0.3554,0.2727
6/14/2022,17.2834,0.3895,0.3505,0.2976,0.3923,0.5482,0.3523,0.5612,0.4563,0.409,0.4461,0.3486,0.3811,0.2892,0.3393,0.3273,0.3746,0.3282,0.3616,0.3087,0.3124,0.2836,0.3468,0.3393,0.3579,0.2874,0.2679,0.3885,0.2892,0.3263,0.3236,0.2586,0.2335,0.3003,0.2484,0.2669,0.2864,0.2688,0.3347,0.5327,1.2507,0.3431,0.3003,0.2864,0.2595,0.37,0.292,0.3393,0.3273
6/13/2022,13.5558,0.2856,0.2933,0.2428,0.3756,0.3261,0.3267,0.3189,0.3706,0.2506,0.3111,0.3367,0.3172,0.2533,0.2344,0.2861,0.2889,0.2911,0.2994,0.2878,0.2961,0.2594,0.2439,0.2972,0.2239,0.24,0.2489,0.3144,0.2417,0.3328,0.2678,0.2022,0.2294,0.2456,0.2378,0.255,0.2444,0.2806,0.2878,0.2947,0.5459,0.2978,0.2578,0.2533,0.225,0.275,0.2506,0.2689,0.2417
6/12/2022,38.8031,0.8135,1.0014,0.7458,0.8659,1.2417,1.2971,0.8474,1.1616,0.715,1.063,0.832,0.9675,0.6195,0.832,0.5517,0.909,0.5425,0.8259,0.715,0.7581,0.638,0.7827,1.0138,0.5301,0.4593,0.5178,0.8905,0.5579,0.564,0.7396,0.6318,0.6041,0.3854,0.5702,0.6195,0.6041,0.5517,0.8936,1.2156,3.2731,0.6441,0.7796,0.5055,0.7704,0.601,0.7458,0.7642,0.6441
6/11/2022,49.7321,0.801,0.7885,0.9763,1.8026,1.5856,0.9554,1.6523,1.235,0.609,1.5104,1.4604,1.2141,0.6716,0.7259,1.0305,0.6549,1.114,0.7426,1.0138,0.7634,0.6925,0.8344,0.8344,0.7467,0.801,0.7008,1.427,0.7175,1.5104,0.9012,0.7509,0.705,0.7175,0.6591,0.8344,0.8553,0.993,0.6675,1.6119,4.4471,1.1682,1.0723,0.7843,0.7092,0.826,0.6967,0.8886,0.8719
6/10/2022,17.7071,0.3142,0.3472,0.2958,0.521,0.5695,0.5084,0.453,0.5346,0.3064,0.4569,0.5054,0.3899,0.3618,0.3647,0.386,0.3346,0.3404,0.2997,0.3327,0.3569,0.2958,0.3637,0.4084,0.3725,0.2967,0.3666,0.3647,0.2754,0.4938,0.3016,0.2705,0.2967,0.2744,0.2599,0.2802,0.2987,0.3822,0.2754,0.3659,0.7566,0.3132,0.2851,0.3424,0.3608,0.3715,0.3278,0.3385,0.389
6/9/2022,16.1822,0.3041,0.3835,0.2681,0.3802,0.4408,0.503,0.2976,0.3238,0.4056,0.309,0.336,0.3041,0.3213,0.309,0.282,0.3598,0.3557,0.3238,0.3213,0.3254,0.3197,0.3033,0.3131,0.2559,0.2706,0.2681,0.2943,0.2518,0.3843,0.2788,0.2395,0.2763,0.2902,0.2796,0.291,0.2837,0.3508,0.3565,0.4476,0.9985,0.336,0.3115,0.2951,0.2976,0.3647,0.3115,0.3049,0.3532
6/8/2022,14.9963,0.3535,0.2814,0.3136,0.45,0.3339,0.3835,0.4598,0.3521,0.3521,0.3479,0.3066,0.3269,0.28,0.2779,0.3269,0.3108,0.2905,0.3374,0.3178,0.3136,0.322,0.3255,0.3549,0.3465,0.2415,0.2702,0.3989,0.2366,0.315,0.2863,0.2723,0.2457,0.224,0.2737,0.2387,0.2912,0.2534,0.3241,0.2599,0.4428,0.2954,0.3647,0.2576,0.3115,0.2562,0.2639,0.3318,0.2758
6/7/2022,27.1113,0.6922,0.503,0.5795,0.9139,0.7457,0.9464,0.9254,0.7859,0.7113,0.633,0.5718,0.4017,0.5221,0.4056,0.4667,0.5355,0.6196,0.4648,0.5145,0.5871,0.5298,0.4017,0.44,0.6292,0.3712,0.4896,0.7113,0.4361,0.7343,0.4228,0.3922,0.3903,0.3731,0.3463,0.4744,0.4266,0.6311,0.375,0.5299,1.2425,0.4801,0.61,0.5737,0.526,0.5718,0.5508,0.4075,0.5183
6/6/2022,16.6903,0.3891,0.3822,0.3778,0.4543,0.5039,0.4248,0.3935,0.496,0.4013,0.2935,0.4291,0.2875,0.2779,0.297,0.3552,0.3526,0.277,0.3492,0.3674,0.3605,0.3014,0.2562,0.3231,0.2579,0.2597,0.2962,0.3874,0.2597,0.3874,0.2866,0.3075,0.2405,0.2883,0.2371,0.2544,0.2909,0.37,0.3161,0.4084,0.8826,0.344,0.35,0.2883,0.3361,0.3631,0.271,0.3457,0.3109
6/5/2022,8.0491,0.1674,0.1678,0.1677,0.1684,0.1685,0.1679,0.1675,0.1682,0.1681,0.1677,0.1678,0.1675,0.1674,0.1674,0.1673,0.1675,0.1678,0.1676,0.1675,0.1676,0.1675,0.1677,0.1676,0.1675,0.1677,0.1675,0.1677,0.1672,0.1677,0.1674,0.1671,0.1672,0.1674,0.1671,0.1672,0.1674,0.1677,0.1677,0.1686,0.1723,0.1676,0.1675,0.1671,0.1672,0.1674,0.1676,0.1675,0.1674
6/4/2022,9.8277,0.2063,0.2094,0.1961,0.2308,0.2341,0.223,0.2376,0.216,0.2305,0.2224,0.2052,0.2063,0.1893,0.1954,0.1937,0.1915,0.1882,0.2032,0.2045,0.1977,0.1912,0.1879,0.2049,0.208,0.1899,0.1912,0.2111,0.1913,0.2116,0.195,0.1818,0.1871,0.1884,0.1934,0.1908,0.1955,0.212,0.1983,0.207,0.2861,0.1901,0.2034,0.212,0.2093,0.2111,0.2067,0.2065,0.1849
6/3/2022,16.4362,0.386,0.3615,0.262,0.4088,0.4881,0.4501,0.4915,0.4046,0.3,0.3514,0.4408,0.359,0.278,0.2704,0.3329,0.3118,0.3573,0.2831,0.2941,0.3649,0.2907,0.3674,0.3067,0.343,0.3295,0.3464,0.3995,0.2873,0.3016,0.3236,0.3016,0.2814,0.2856,0.2477,0.2367,0.305,0.3059,0.3143,0.349,0.7065,0.3607,0.3624,0.3033,0.3236,0.3421,0.3818,0.2839,0.2527
6/2/2022,14.7418,0.342,0.2907,0.2651,0.3851,0.3864,0.3062,0.3366,0.3379,0.4033,0.2846,0.257,0.3379,0.2624,0.2948,0.3049,0.2718,0.286,0.2988,0.2752,0.2631,0.286,0.2503,0.3042,0.2894,0.2732,0.3109,0.2927,0.2496,0.2671,0.2597,0.2557,0.2327,0.2395,0.2375,0.2496,0.2846,0.3096,0.29,0.3957,0.8451,0.2705,0.348,0.29,0.3312,0.3204,0.2664,0.313,0.2894
6/1/2022,17.3679,0.4093,0.3437,0.369,0.4355,0.6276,0.3625,0.5367,0.429,0.5002,0.4533,0.4468,0.3756,0.355,0.3034,0.2763,0.2828,0.3072,0.3625,0.3531,0.3081,0.2828,0.3643,0.3793,0.399,0.3409,0.3025,0.2791,0.265,0.3915,0.355,0.2294,0.3081,0.2931,0.2678,0.2425,0.3137,0.295,0.3756,0.354,0.7213,0.3053,0.37,0.3746,0.3456,0.3531,0.3831,0.3287,0.31
5/31/2022,11.6917,0.2143,0.2486,0.2675,0.2638,0.3483,0.2597,0.2508,0.3147,0.2479,0.2793,0.2667,0.2497,0.2375,0.2158,0.2172,0.239,0.2512,0.2268,0.2217,0.2457,0.2091,0.2516,0.2305,0.2198,0.2316,0.2438,0.2379,0.2095,0.2896,0.2331,0.2014,0.2032,0.2102,0.2213,0.2139,0.2206,0.2132,0.2531,0.2449,0.3982,0.2313,0.246,0.2302,0.2309,0.2549,0.2335,0.2224,0.2398
5/30/2022,28.8056,0.743,0.5537,0.5016,0.666,0.9843,0.5724,0.6702,0.9261,0.6098,0.7326,0.6785,0.4704,0.562,0.3976,0.5641,0.6556,0.5661,0.4434,0.51,0.6514,0.5495,0.6161,0.6764,0.6514,0.5266,0.4163,0.8574,0.4413,0.5287,0.4559,0.3602,0.3955,0.3685,0.3185,0.4059,0.4725,0.6327,0.562,0.7034,1.7563,0.5037,0.7596,0.6764,0.641,0.4517,0.7263,0.4725,0.4205
5/29/2022,24.3155,0.5974,0.5827,0.3559,0.7948,0.834,0.5811,0.7149,0.6186,0.5207,0.723,0.7034,0.3608,0.4245,0.4979,0.5191,0.5321,0.4049,0.4408,0.5582,0.5305,0.4522,0.4016,0.6007,0.5011,0.4913,0.3983,0.6659,0.351,0.6202,0.4848,0.2907,0.3086,0.4,0.3217,0.3527,0.4147,0.413,0.4506,0.4274,0.9387,0.6023,0.3755,0.4603,0.4979,0.4799,0.4424,0.4816,0.3951
5/28/2022,17.1141,0.3207,0.3945,0.2997,0.3954,0.4857,0.4446,0.3827,0.3663,0.3389,0.2879,0.4875,0.4182,0.2997,0.2769,0.369,0.3836,0.2915,0.3034,0.297,0.3371,0.3462,0.2879,0.3407,0.256,0.3444,0.3417,0.2578,0.2669,0.3854,0.2952,0.2943,0.3161,0.2642,0.307,0.246,0.3088,0.2824,0.2751,0.5046,1.1676,0.3945,0.3253,0.39,0.3799,0.359,0.4064,0.3189,0.2715
5/27/2022,48.7157,0.8833,0.8548,1.0828,1.7057,1.1846,1.6894,1.7586,1.0176,0.7163,1.2497,0.9403,0.9932,0.7123,0.9199,0.9036,0.924,0.9728,0.7082,0.8751,1.0461,0.6512,0.5575,0.7937,0.6919,0.8629,0.9647,1.3352,0.7408,0.9118,0.8059,0.5453,0.6105,0.5127,0.643,0.4924,0.7285,0.6268,0.7733,1.8522,5.1585,0.9403,1.1561,1.0583,0.5942,0.7693,0.8914,0.928,0.981
5/26/2022,45.7504,0.816,0.9934,1.1482,1.5068,1.5899,1.605,1.1746,1.0991,1.2501,0.6952,1.6276,0.7669,0.8877,0.9254,0.7178,0.6838,0.8839,0.8197,0.7254,1.0651,0.9821,0.5291,0.967,0.9066,0.9141,0.8613,0.5442,0.6876,1.2577,0.8839,0.714,0.4573,0.7669,0.7254,0.4762,0.8386,0.8084,1.0689,1.0967,2.9211,0.6612,0.5555,0.6272,0.9292,1.0312,0.9179,0.7669,0.8726
5/25/2022,14.1491,0.2952,0.2669,0.3026,0.3972,0.3948,0.3444,0.4163,0.4022,0.3351,0.3001,0.3524,0.2405,0.2509,0.2694,0.2675,0.2515,0.2847,0.2454,0.2626,0.2903,0.2614,0.2712,0.2829,0.3315,0.2552,0.2343,0.3671,0.2423,0.361,0.2478,0.2146,0.2251,0.2152,0.2202,0.2226,0.2515,0.2601,0.2687,0.3487,0.7059,0.2577,0.2454,0.2589,0.2847,0.3136,0.3001,0.2411,0.2903
5/24/2022,15.3348,0.3354,0.3024,0.2554,0.4234,0.3962,0.4322,0.452,0.4432,0.3236,0.2884,0.3823,0.3097,0.2598,0.2576,0.2804,0.2892,0.3031,0.2818,0.295,0.2789,0.2547,0.3427,0.3361,0.3552,0.3134,0.2642,0.2613,0.2584,0.3332,0.3192,0.265,0.2664,0.2297,0.2701,0.2547,0.2862,0.3163,0.2914,0.375,0.7835,0.3478,0.2752,0.3434,0.2356,0.2972,0.3647,0.2642,0.24
5/23/2022,17.5376,0.365,0.3155,0.3164,0.4766,0.4414,0.4146,0.3679,0.47,0.3059,0.2887,0.3059,0.2802,0.3603,0.345,0.3031,0.2849,0.3498,0.3479,0.3345,0.3965,0.3212,0.3698,0.4347,0.3307,0.2935,0.366,0.4814,0.262,0.4805,0.3221,0.2802,0.2506,0.3107,0.2411,0.2449,0.3221,0.3422,0.3946,0.4652,1.0508,0.3412,0.3527,0.3946,0.3431,0.3593,0.3431,0.3841,0.3851
5/22/2022,28.9751,0.5316,0.6617,0.54,0.9805,0.8945,0.6952,0.517,0.7099,0.8043,0.7183,0.8316,0.603,0.582,0.4414,0.475,0.5379,0.647,0.5358,0.4939,0.603,0.561,0.4687,0.6827,0.6533,0.4226,0.3827,0.3848,0.4603,0.6323,0.454,0.3806,0.4372,0.496,0.3554,0.3722,0.5044,0.4729,0.6554,0.8285,2.1267,0.7267,0.6218,0.5065,0.368,0.6764,0.4603,0.5149,0.5652
5/21/2022,49.0546,1.2834,0.7579,0.7004,1.2012,2.2358,1.6569,0.8605,1.4804,0.6265,0.7989,1.2669,0.8235,0.7414,0.7332,0.7989,0.9549,1.0001,0.6798,1.152,1.1602,0.9139,1.0042,1.0083,1.1397,0.5649,0.9508,0.8892,0.6265,1.4845,0.881,0.647,0.8441,0.6963,0.5772,0.6798,0.6922,1.1479,0.7209,1.5937,4.3929,0.9837,0.7045,0.8112,0.7537,0.8441,0.6634,0.9754,0.9508
5/20/2022,30.3308,0.7651,0.6758,0.6244,1.0175,0.9773,0.9415,0.8612,0.8902,0.9482,0.8991,0.4994,0.4726,0.4145,0.5932,0.4972,0.7071,0.4302,0.5173,0.6713,0.5083,0.6468,0.4927,0.7629,0.5731,0.6021,0.5128,0.7495,0.4235,0.7986,0.5798,0.5173,0.4436,0.4525,0.4078,0.5083,0.4547,0.4235,0.6311,0.4744,1.0782,0.7741,0.6892,0.5351,0.5485,0.687,0.754,0.4748,0.4235
5/19/2022,48.5464,1.0749,0.714,0.6248,1.2574,1.4358,1.0141,0.856,1.0952,1.0181,1.302,1.6263,1.1884,0.8114,0.9857,0.8438,0.7627,0.9087,0.8235,0.8154,0.9087,0.8438,0.8114,1.0749,1.083,0.6938,0.7951,0.9695,0.7262,1.3749,1.01,0.4383,0.7384,0.5316,0.6735,0.7951,0.783,0.637,0.6735,1.6425,4.5376,1.1884,1.0465,0.9452,1.0506,1.0749,0.8114,0.7586,0.7708
5/18/2022,23.8918,0.5115,0.4543,0.5099,0.6228,0.9247,0.6355,0.5354,0.5957,0.7388,0.4114,0.7849,0.4654,0.3415,0.3462,0.405,0.3733,0.386,0.5576,0.4273,0.556,0.5211,0.4368,0.4098,0.3685,0.4893,0.5004,0.6561,0.3431,0.378,0.5036,0.3844,0.3113,0.386,0.2954,0.405,0.3955,0.5671,0.5385,0.5281,1.2371,0.4178,0.6116,0.4718,0.405,0.4623,0.3764,0.5274,0.3812
5/17/2022,17.0296,0.35,0.4087,0.2904,0.4646,0.5125,0.4971,0.5423,0.3599,0.4014,0.3608,0.4502,0.3816,0.2804,0.3626,0.3644,0.3003,0.3734,0.3283,0.3626,0.3021,0.3184,0.3861,0.3102,0.2886,0.2705,0.3454,0.2651,0.2868,0.3879,0.2868,0.2443,0.2859,0.2958,0.2425,0.2822,0.3093,0.3599,0.3057,0.424,0.9288,0.3238,0.3482,0.2877,0.303,0.3265,0.3391,0.2967,0.2868
5/16/2022,24.0617,0.5441,0.5586,0.5891,0.5537,0.9424,0.8188,0.6405,0.6887,0.3546,0.6501,0.6453,0.3498,0.3819,0.4959,0.4204,0.4799,0.5505,0.5297,0.4365,0.3883,0.3514,0.3417,0.4092,0.5746,0.4734,0.5104,0.663,0.3305,0.5393,0.5088,0.3096,0.3209,0.3112,0.3578,0.3337,0.4542,0.3819,0.3899,0.4472,0.9976,0.5297,0.5457,0.3787,0.4879,0.5698,0.4895,0.5297,0.5056
5/15/2022,40.5821,0.9747,0.8867,0.9714,1.2354,0.8672,0.877,0.8379,1.0594,1.004,0.8476,0.7922,0.8737,0.8313,0.5805,0.6684,0.7922,0.6456,0.9486,0.6815,0.7336,0.6684,0.9095,0.9063,0.7206,0.6098,0.7466,0.7336,0.5837,0.675,0.6359,0.4762,0.5186,0.5544,0.5772,0.5316,0.6619,0.7499,0.6619,1.4431,3.947,0.7173,0.5674,0.8444,0.9226,0.6684,0.9747,0.7499,0.7173
5/14/2022,52.698,1.3288,1.3243,1.159,2.0127,1.1098,1.2439,1.9501,1.226,0.7299,1.0919,1.3914,1.2841,1.083,0.6941,1.0785,0.8327,0.6941,1.1232,1.0159,0.9757,0.9846,1.074,1.3243,1.1098,0.6315,0.7522,1.1545,0.7656,1.0338,1.007,0.5064,0.6852,0.6718,0.5958,0.8014,0.8282,0.7433,1.2305,1.5928,4.3903,0.7969,0.5913,1.0383,0.9891,1.0159,1.3065,0.9444,0.7835
5/13/2022,27.3652,0.5462,0.4513,0.6237,0.918,0.6508,0.6082,0.8677,0.7515,0.8406,0.7651,0.5346,0.6411,0.4223,0.5656,0.4552,0.6159,0.4804,0.4649,0.4455,0.5927,0.6024,0.3797,0.4668,0.6644,0.4804,0.4281,0.5017,0.4049,0.5365,0.4862,0.2925,0.3874,0.432,0.3506,0.3816,0.4726,0.4068,0.5559,0.7899,2.0125,0.4068,0.6159,0.4397,0.3991,0.463,0.7012,0.4978,0.5675
5/12/2022,25.4174,0.5342,0.4384,0.3617,0.8738,0.9992,0.8651,0.9069,0.7972,0.3826,0.7031,0.6979,0.5707,0.5185,0.4924,0.4088,0.3861,0.4314,0.5046,0.5202,0.414,0.5046,0.4871,0.3757,0.3565,0.3565,0.5185,0.4436,0.3652,0.4558,0.4349,0.3931,0.4401,0.3966,0.3722,0.3374,0.3879,0.3583,0.4262,0.6824,1.694,0.5516,0.63,0.3391,0.4453,0.5585,0.4924,0.414,0.3931
5/11/2022,23.045,0.5443,0.3773,0.4254,0.7444,0.7128,0.6782,0.7429,0.776,0.6331,0.5548,0.5007,0.3848,0.3382,0.3638,0.3427,0.3773,0.4149,0.3668,0.454,0.3984,0.4179,0.3592,0.3683,0.5443,0.3186,0.4375,0.454,0.3728,0.6285,0.3743,0.3472,0.3532,0.3276,0.3036,0.3743,0.4089,0.3352,0.3848,0.6577,1.6209,0.3502,0.5338,0.3216,0.5338,0.4916,0.4465,0.442,0.4059
5/10/2022,24.7391,0.5383,0.5316,0.5433,0.6939,0.7157,0.5918,0.4479,0.627,0.4881,0.5784,0.4395,0.5333,0.3692,0.5065,0.4445,0.55,0.473,0.4111,0.406,0.555,0.5249,0.3977,0.3843,0.4763,0.473,0.3592,0.6136,0.3575,0.4295,0.5014,0.4027,0.3943,0.4044,0.2889,0.4044,0.3993,0.5215,0.4763,0.746,1.8823,0.4479,0.6236,0.4797,0.3625,0.5667,0.3943,0.5634,0.4194
5/9/2022,41.4299,0.8687,0.7885,0.5879,1.4671,1.4804,1.2799,1.3902,0.8119,0.9389,0.979,0.6481,0.6247,0.7851,0.7985,0.6514,0.6347,0.7149,0.5712,0.8252,0.8219,0.8252,0.8353,0.852,0.9957,0.7517,0.8018,0.6514,0.5544,1.106,0.7049,0.4909,0.6113,0.4174,0.4308,0.6949,0.7049,0.5845,0.7885,1.316,3.5705,0.9422,0.5812,0.7283,0.5912,0.8252,0.872,0.6113,0.9222
5/8/2022,54.9856,1.2849,1.2332,0.7587,1.8487,2.1306,1.6044,1.1346,1.548,0.8667,1.7172,1.1534,0.9701,1.0359,1.1346,1.1628,1.2802,0.9983,1.1675,1.1299,1.1628,1.1721,1.1628,0.8151,1.3695,1.0077,0.8527,1.0641,0.7869,0.9043,0.7869,0.8292,0.8433,0.5238,0.8808,0.6459,0.9466,0.8339,1.299,1.2922,3.5,0.9936,1.0406,0.7352,1.1628,1.2849,1.3554,0.8527,0.7211
5/7/2022,27.0266,0.6652,0.5586,0.395,0.6271,0.6043,0.6423,0.5358,0.7926,0.8174,0.6005,0.9125,0.5034,0.5453,0.5681,0.3874,0.5282,0.4597,0.6461,0.532,0.5586,0.4977,0.5853,0.5263,0.5738,0.511,0.5053,0.7717,0.3722,0.7432,0.4349,0.3189,0.3303,0.4445,0.3341,0.3531,0.4825,0.376,0.5529,0.6393,1.5663,0.6747,0.5643,0.3626,0.454,0.5091,0.6385,0.5986,0.4254
5/6/2022,24.8236,0.4914,0.5822,0.6159,0.5351,0.7807,0.6293,0.7,0.5267,0.6966,0.6192,0.6495,0.4358,0.3635,0.3854,0.5603,0.4644,0.5671,0.5889,0.4358,0.52,0.3786,0.5284,0.6091,0.5166,0.3904,0.3972,0.345,0.3467,0.4577,0.5031,0.3534,0.3601,0.377,0.3618,0.3214,0.4426,0.4308,0.4813,0.7183,1.8004,0.3669,0.4712,0.4779,0.377,0.4813,0.4157,0.5351,0.4308
5/5/2022,24.4846,0.6217,0.4156,0.5161,0.6793,0.6068,0.5986,0.7651,0.7568,0.4271,0.6777,0.4898,0.4255,0.4106,0.5178,0.3777,0.4568,0.3661,0.4914,0.4881,0.4304,0.5392,0.4683,0.5557,0.3942,0.5013,0.4568,0.4337,0.3958,0.5903,0.4634,0.3447,0.2985,0.4288,0.3991,0.404,0.4156,0.5755,0.5013,0.5491,1.2992,0.4848,0.5969,0.4008,0.4881,0.5343,0.5705,0.4815,0.3942
5/4/2022,31.8555,0.8275,0.775,0.6008,0.9348,1.2569,0.7368,0.7726,1.0756,0.6533,0.5985,0.639,0.6724,0.5674,0.4744,0.7225,0.5531,0.6533,0.7106,0.6247,0.6128,0.5961,0.5722,0.4482,0.4911,0.5913,0.4625,0.4219,0.4052,0.5698,0.5698,0.4601,0.5126,0.4052,0.4887,0.5173,0.5412,0.5221,0.4339,0.9579,2.5101,0.6319,0.8346,0.6056,0.6509,0.7654,0.4911,0.4529,0.4839
5/3/2022,20.9266,0.38,0.517,0.4161,0.5286,0.5273,0.4265,0.495,0.6204,0.358,0.4536,0.6088,0.4601,0.336,0.3373,0.4691,0.4149,0.4071,0.3683,0.4472,0.3722,0.3451,0.4756,0.3515,0.5105,0.327,0.4355,0.4317,0.305,0.5713,0.3683,0.3463,0.2869,0.2856,0.3606,0.3593,0.3606,0.4394,0.3657,0.5964,1.4394,0.3657,0.4472,0.3166,0.3864,0.3528,0.3476,0.4032,0.4019
5/2/2022,22.1126,0.4475,0.504,0.3558,0.5929,0.5675,0.6888,0.6394,0.5703,0.5802,0.6521,0.7185,0.5392,0.4221,0.4362,0.3318,0.3374,0.4814,0.4941,0.4517,0.4814,0.3374,0.3078,0.3939,0.4673,0.2993,0.3939,0.4602,0.312,0.4588,0.4334,0.3854,0.2979,0.2669,0.3261,0.3431,0.3854,0.5152,0.4757,0.4584,1.0307,0.3501,0.5308,0.4193,0.4673,0.4701,0.5167,0.4052,0.312
5/1/2022,18.8931,0.3627,0.3824,0.4673,0.4553,0.4532,0.3791,0.3682,0.4085,0.366,0.5044,0.39,0.3725,0.2876,0.342,0.3932,0.3377,0.3072,0.4041,0.3671,0.4085,0.3878,0.3475,0.3845,0.4564,0.3606,0.3399,0.4956,0.2898,0.3094,0.3486,0.2375,0.2603,0.3268,0.2952,0.2963,0.342,0.305,0.3333,0.6116,1.4843,0.3976,0.3453,0.4379,0.2843,0.3911,0.3322,0.3203,0.415
4/30/2022,18.8932,0.3203,0.3595,0.3693,0.5784,0.4281,0.6035,0.4477,0.4793,0.5534,0.4553,0.3072,0.3617,0.3606,0.3595,0.3682,0.3932,0.4237,0.3856,0.3366,0.3333,0.4085,0.39,0.4096,0.4325,0.3845,0.3094,0.4052,0.3039,0.378,0.3932,0.2778,0.3377,0.3072,0.3061,0.3344,0.3279,0.3497,0.3083,0.4548,1.0201,0.3039,0.3399,0.4325,0.3083,0.4041,0.3834,0.3039,0.354
4/29/2022,18.3848,0.3256,0.4502,0.4159,0.3972,0.3951,0.4574,0.338,0.5509,0.4066,0.4761,0.4595,0.3401,0.311,0.3484,0.2996,0.3017,0.3442,0.4252,0.3993,0.365,0.3214,0.391,0.3152,0.3474,0.3204,0.3235,0.4741,0.3121,0.4865,0.3806,0.2996,0.2716,0.2435,0.31,0.3089,0.3214,0.3837,0.3245,0.4422,0.9826,0.4325,0.3847,0.3557,0.3193,0.4138,0.4439,0.3276,0.3401
4/28/2022,24.8239,0.6293,0.419,0.3601,0.7,0.8346,0.626,0.4644,0.5856,0.7723,0.4863,0.4173,0.626,0.4998,0.456,0.5587,0.4527,0.5486,0.4443,0.4005,0.5486,0.4224,0.3332,0.4325,0.4527,0.34,0.3534,0.6293,0.3736,0.7118,0.5149,0.2844,0.345,0.3551,0.3349,0.3585,0.4173,0.3517,0.5132,0.74,1.8646,0.6142,0.5099,0.4476,0.4157,0.4964,0.5721,0.4493,0.3601
4/27/2022,45.0726,0.719,0.9971,0.5967,1.4865,1.9684,1.3789,1.3901,1.5977,1.3345,0.9786,0.6634,0.9489,0.9081,0.7821,0.6671,0.7005,0.9823,0.986,1.049,0.871,0.6857,0.8896,0.6449,0.9007,0.9007,0.5856,1.2529,0.5893,1.1639,0.8414,0.4299,0.6227,0.5819,0.4521,0.719,0.7265,1.0972,0.7005,0.9153,2.3838,0.9897,0.7598,0.9081,0.6523,1.023,0.8859,1.0082,0.7561
4/26/2022,29.5682,0.5506,0.6045,0.5829,1.0553,0.997,0.8396,0.5463,0.7059,0.9086,0.6239,0.7749,0.4708,0.4514,0.529,0.5096,0.4212,0.6369,0.5333,0.5139,0.6196,0.5549,0.5355,0.4298,0.6908,0.3888,0.5139,0.7814,0.3931,0.8223,0.4751,0.4535,0.3996,0.4233,0.4298,0.5118,0.529,0.4902,0.5527,0.851,2.1935,0.7274,0.6433,0.5571,0.3996,0.529,0.4298,0.4427,0.5441
4/25/2022,61.9324,1.5042,1.5312,0.9487,1.639,2.6044,1.941,1.5312,1.5581,0.884,1.8494,0.9918,0.8354,0.9703,0.9271,0.9217,1.0997,1.1482,1.4557,1.461,1.159,1.2939,1.159,1.364,0.6952,1.0727,1.2777,1.1482,0.8678,1.3801,1.2669,0.6143,0.9972,0.7977,0.706,1.0026,1.0943,0.7923,1.1644,2.0113,5.6299,1.3478,1.3478,0.83,0.8139,1.1914,0.9541,0.9109,1.2399
4/24/2022,29.5681,0.7145,0.6692,0.4816,1.0121,0.8461,0.7361,0.8245,0.6433,0.7339,0.8008,0.8827,0.6347,0.5678,0.5592,0.4492,0.6498,0.5743,0.529,0.529,0.6865,0.4535,0.3996,0.542,0.7188,0.3673,0.6239,0.6972,0.4471,0.8331,0.5182,0.4535,0.4255,0.4816,0.35,0.4837,0.4665,0.708,0.4708,0.5897,1.4195,0.6239,0.5678,0.6347,0.6735,0.5527,0.5074,0.5355,0.4988
4/23/2022,18.5547,0.3978,0.4295,0.2954,0.5435,0.4221,0.5962,0.5128,0.4337,0.4179,0.3471,0.4337,0.4453,0.3514,0.3725,0.3081,0.3239,0.3894,0.4295,0.3165,0.3482,0.3229,0.3672,0.3408,0.3313,0.3018,0.3493,0.3493,0.3165,0.363,0.3303,0.3165,0.2648,0.2902,0.3102,0.2997,0.3176,0.306,0.2933,0.5245,1.2263,0.3725,0.269,0.3841,0.3989,0.3598,0.3672,0.3704,0.3968
4/22/2022,37.9559,0.7808,0.9485,0.7089,0.9036,1.4068,1.0174,1.0953,0.8137,0.5831,0.8017,1.2631,0.5201,0.5591,0.7298,0.6819,0.6699,0.8407,0.7388,0.8137,0.8766,0.643,0.8047,0.637,0.8497,0.7358,0.628,1.0893,0.5531,0.9785,0.598,0.3704,0.619,0.601,0.5411,0.5501,0.6879,0.5681,0.7598,0.9107,2.3703,0.7688,0.9755,0.601,0.6849,0.7658,0.8107,0.607,0.4932
4/21/2022,33.974,0.6628,0.5771,0.7822,1.0602,1.1615,1.1667,0.6186,0.642,0.6991,0.7199,1.1563,0.5589,0.6472,0.5329,0.7043,0.4861,0.5719,0.6965,0.6498,0.6991,0.5303,0.5978,0.59,0.8316,0.6212,0.6498,0.9251,0.5277,0.7459,0.6212,0.5537,0.5355,0.3822,0.4628,0.4186,0.5667,0.5615,0.6861,0.9856,2.5919,0.4576,0.6784,0.7225,0.4394,0.7822,0.6758,0.5095,0.5303
4/20/2022,30.4155,0.5119,0.55,0.7091,1.0117,1.0633,0.6867,0.6127,0.7741,0.8122,0.6957,0.6733,0.6239,0.5096,0.4536,0.6912,0.6464,0.615,0.6508,0.5545,0.6374,0.6598,0.55,0.6217,0.7629,0.4513,0.5141,0.819,0.3953,0.866,0.4693,0.3124,0.4043,0.4626,0.5029,0.5051,0.4603,0.4581,0.6755,0.7223,1.8122,0.7114,0.476,0.541,0.4962,0.6553,0.6015,0.5746,0.4513
4/19/2022,25.8408,0.5288,0.6055,0.5592,0.6466,0.9178,0.5788,0.618,0.6876,0.7964,0.5699,0.6519,0.5663,0.3647,0.3736,0.5592,0.4789,0.4896,0.4753,0.4182,0.4628,0.4289,0.486,0.4521,0.5895,0.4236,0.3576,0.4075,0.3683,0.7447,0.4022,0.3968,0.313,0.4325,0.354,0.329,0.4146,0.4949,0.4075,0.7742,1.9659,0.4307,0.3433,0.536,0.6038,0.4254,0.4557,0.5877,0.5663
4/18/2022,13.8944,0.2757,0.3134,0.238,0.347,0.3918,0.3954,0.3329,0.3871,0.2309,0.2739,0.3288,0.3081,0.2881,0.2775,0.2616,0.294,0.2963,0.2616,0.2916,0.2869,0.2787,0.2745,0.314,0.2474,0.2339,0.2804,0.3394,0.2309,0.3447,0.2457,0.2191,0.2433,0.2551,0.2297,0.2569,0.2451,0.281,0.2598,0.3004,0.5628,0.2557,0.2398,0.3093,0.2675,0.2498,0.2987,0.281,0.2692
4/17/2022,14.0643,0.2431,0.2916,0.2758,0.3516,0.3449,0.4201,0.2952,0.3747,0.3086,0.2631,0.3619,0.2382,0.2558,0.2685,0.2704,0.2958,0.3019,0.3061,0.2758,0.271,0.2716,0.271,0.251,0.2564,0.2807,0.2819,0.3522,0.2316,0.3183,0.2503,0.2631,0.2255,0.2522,0.2546,0.2364,0.2558,0.2916,0.271,0.3334,0.6603,0.3207,0.3292,0.3092,0.2413,0.2637,0.2601,0.2461,0.271
4/16/2022,13.3017,0.2494,0.2462,0.3125,0.3586,0.4121,0.2647,0.349,0.3368,0.3241,0.2987,0.3618,0.2759,0.2308,0.2695,0.234,0.2934,0.251,0.2923,0.2732,0.2531,0.2801,0.2282,0.2653,0.2918,0.2149,0.2213,0.251,0.2372,0.27,0.2472,0.2022,0.2382,0.2393,0.243,0.2213,0.2478,0.2748,0.2844,0.2981,0.5559,0.295,0.2313,0.2425,0.2791,0.2594,0.2955,0.2663,0.2335
4/15/2022,27.2808,0.5369,0.5581,0.6082,0.9398,0.9861,0.5696,0.668,0.5658,0.8164,0.5851,0.8839,0.4212,0.4578,0.5639,0.5561,0.4501,0.5658,0.5484,0.4655,0.6294,0.5214,0.5465,0.6487,0.3595,0.3903,0.3788,0.5272,0.4115,0.6255,0.4578,0.4482,0.4848,0.3267,0.3923,0.4192,0.4964,0.3807,0.6275,0.7351,1.8502,0.4192,0.4462,0.4482,0.3961,0.6294,0.4289,0.5137,0.5947
4/14/2022,33.8889,0.5084,0.5654,0.7828,1.065,0.7155,0.8993,1.0831,1.2333,0.6663,1.0573,1.0417,0.7466,0.6145,0.5731,0.5265,0.7181,0.6404,0.7647,0.6068,0.6068,0.7155,0.4359,0.7,0.5213,0.5058,0.6948,0.8191,0.467,0.7285,0.5291,0.5628,0.3893,0.4074,0.5058,0.4773,0.5369,0.7595,0.7207,0.7065,1.7653,0.7906,0.7336,0.7699,0.5809,0.555,0.8294,0.656,0.6094
4/13/2022,29.8227,0.6424,0.5791,0.542,0.6642,1.0068,0.5682,0.9457,0.5835,0.7886,0.5704,0.9479,0.4875,0.5071,0.6097,0.5529,0.4242,0.6729,0.6053,0.6817,0.6097,0.518,0.6773,0.5638,0.5442,0.5006,0.6097,0.4264,0.4547,0.8912,0.6075,0.374,0.422,0.326,0.3849,0.4307,0.4896,0.5115,0.6031,0.9114,2.3723,0.4875,0.7602,0.4067,0.5726,0.518,0.5224,0.5006,0.446
4/12/2022,33.2959,0.5891,0.6043,0.4601,0.7384,0.9003,0.751,0.7105,0.7864,0.6852,0.7763,0.5208,0.7662,0.4778,0.6144,0.6321,0.5866,0.7282,0.7662,0.5841,0.7864,0.5461,0.579,0.5916,0.8345,0.4196,0.4424,0.6776,0.4348,0.8699,0.5613,0.3614,0.5335,0.4854,0.4045,0.5638,0.5486,0.6245,0.5562,1.2509,3.3777,0.5537,0.8699,0.5132,0.6726,0.5486,0.8471,0.7308,0.4323
4/11/2022,28.2973,0.4975,0.7066,0.4224,0.875,0.873,0.5787,1.0435,0.7127,0.5381,0.7167,0.5848,0.4447,0.4914,0.597,0.5929,0.5158,0.5462,0.532,0.4772,0.5767,0.5077,0.394,0.735,0.5909,0.461,0.6132,0.7878,0.4285,0.8324,0.5706,0.3128,0.4244,0.4529,0.3473,0.4021,0.4285,0.5198,0.6335,0.6457,1.5854,0.4285,0.6051,0.5726,0.5686,0.4589,0.6376,0.4935,0.5361
4/10/2022,49.9016,0.9041,0.9293,0.7114,1.5578,2.0648,1.319,1.0089,1.0759,0.7742,0.7868,1.0466,1.1346,0.858,0.8539,1.0592,0.9209,1.0969,0.9544,1.1178,1.1723,0.8036,0.9041,1.2603,1.0466,0.7282,0.9628,1.0089,0.6066,1.5243,0.8161,0.6443,0.5899,0.8203,0.4809,0.8413,0.8413,0.7617,1.1765,1.3661,3.7189,1.1639,1.3902,0.5815,1.1262,1.1262,0.6402,0.6821,0.9418
4/9/2022,64.474,1.0759,1.6237,0.7879,1.7479,2.3183,1.3922,2.4934,1.2001,0.7992,2.019,0.9234,1.0477,0.9686,1.2849,1.0815,1.3583,1.3244,1.5051,1.3074,1.5051,0.9912,0.7427,1.2679,1.3639,0.9855,1.3809,1.1211,0.7427,1.2792,1.042,0.8557,1.0364,0.8613,0.7935,0.7314,0.9686,1.5898,1.3639,2.1453,6.0266,1.2736,1.5729,1.2453,0.7822,1.5559,0.8331,1.2453,0.9121
4/8/2022,37.1936,0.7943,0.6863,0.8264,1.0337,1.3461,0.987,1.2994,1.0308,0.6892,0.6688,0.7155,0.7535,0.7593,0.7476,0.7184,0.5871,0.7009,0.8002,0.8323,0.8002,0.6367,0.5929,0.7389,0.9286,0.4966,0.6513,1.0541,0.5287,1.0016,0.7359,0.6104,0.5374,0.4382,0.4323,0.4382,0.6834,0.7389,0.7885,0.8107,2.0741,0.5725,0.6221,0.8702,0.7622,0.6016,0.5462,0.8644,0.66
4/7/2022,42.0224,0.7757,0.6906,0.677,1.1091,1.9154,0.7859,0.711,1.1431,1.2894,1.0513,0.7689,0.711,0.7008,0.5919,0.7621,0.6906,0.8505,0.5749,0.905,0.7144,0.643,0.7178,0.9968,1.0853,0.7246,0.7451,0.7348,0.5307,1.3234,0.6498,0.4933,0.7246,0.6668,0.6906,0.677,0.7655,0.9866,0.5409,1.2582,3.3994,1.0819,1.0036,0.5035,0.7076,0.9424,0.7042,0.5954,0.711
4/6/2022,52.0197,0.7477,0.981,1.32,1.254,1.3684,1.6765,1.6105,1.3024,1.4961,1.2275,0.9898,0.6685,0.6597,1.0207,0.7037,1.1967,1.0999,0.6993,0.959,0.9502,1.0427,1.1923,0.8006,0.6553,0.8666,1.0999,1.0074,0.7301,1.1175,0.849,0.8226,0.488,0.5408,0.7697,0.5628,0.7301,0.7345,0.7081,1.9601,5.4781,0.7257,1.1615,0.9678,0.8798,1.0383,1.1835,1.0559,0.9194
4/5/2022,60.7463,1.4642,1.5592,1.3957,2.1183,1.6805,1.1425,2.229,2.0866,0.7522,1.9653,1.7965,1.6436,1.1794,1.2849,0.7996,1.0423,0.9579,1.2638,1.2216,1.3376,1.0897,1.0739,1.2532,0.7627,0.6994,0.8946,1.5222,0.8313,1.3007,1.153,0.6256,1.0317,0.6414,0.8365,0.9104,0.9631,1.0423,1.1319,1.4262,3.8969,0.8049,0.9473,1.4748,1.2058,0.8998,1.2216,0.8471,1.3376
4/4/2022,61.085,1.0638,1.0797,0.9683,2.083,2.7307,1.6637,1.9291,1.7168,2.0777,1.9981,1.7964,1.5097,1.2284,0.8302,1.3345,1.1806,1.016,1.4301,1.3292,0.9046,1.3664,0.7134,1.2868,1.3717,1.17,0.7825,0.7241,0.9152,0.8462,0.947,0.7081,0.7771,0.7188,0.8355,0.6497,0.9895,1.2124,0.7718,1.2373,3.3375,1.2921,1.4354,1.4513,0.8302,1.2018,1.0107,1.2549,1.377
4/3/2022,73.2006,1.0208,1.3859,1.8488,1.7641,2.7551,2.5008,1.262,2.5791,1.6728,1.073,1.7576,1.3859,1.3729,1.0273,1.4055,1.0078,1.1577,1.099,1.7054,1.5098,1.4316,1.6598,0.9426,1.6272,1.2946,1.425,2.2726,1.0664,1.5033,1.1056,0.6883,1.099,1.0078,0.8056,1.1251,1.0012,1.7967,0.936,2.2223,6.2546,1.5359,0.8969,1.5359,1.6858,1.6858,0.9882,1.3403,0.9752
4/2/2022,76.3352,1.6427,1.9912,1.5197,2.5721,2.4764,2.8454,1.383,1.7042,2.1347,1.4924,1.0755,1.4719,1.5129,1.2669,1.2532,1.6222,1.4377,1.1165,1.219,1.629,1.5539,1.2737,1.1029,0.9115,0.7954,1.0482,1.4787,0.8637,2.5106,1.5129,0.6723,0.7202,1.014,1.014,0.8295,1.301,1.5402,1.465,2.5712,7.2881,1.7794,2.1142,0.9935,1.0619,1.2327,1.301,1.7589,1.26
4/1/2022,51.8504,0.7674,0.8683,0.8288,1.7847,2.3636,1.7234,1.5611,1.8637,1.697,1.3199,1.1665,0.8814,0.8727,0.934,1.0612,0.8946,1.1928,0.8727,0.7893,0.9867,0.8157,0.8332,1.2147,0.8551,0.7937,0.649,1.5041,0.7718,0.8595,0.8157,0.842,0.8595,0.6008,0.8551,0.5613,0.8244,0.8858,0.9384,1.1341,3.0318,1.0831,0.9604,0.6183,0.7323,1.0656,1.0963,1.1752,1.0437
3/31/2022,52.7819,1.0757,1.0444,1.2997,1.8415,1.7475,1.6579,0.9235,0.9951,0.7085,1.2638,1.7475,1.228,0.8742,1.0354,0.919,1.2325,0.8563,0.7444,1.0757,1.0578,0.7488,0.7309,0.8115,1.3534,0.5876,0.7936,1.5101,0.722,1.2817,1.0757,0.7175,0.8653,0.6458,0.7981,0.6369,0.8787,0.7175,0.8071,1.2756,3.4509,1.3847,0.8384,1.1205,1.1205,1.1698,1.34,1.2146,0.8563
3/30/2022,39.9893,0.6657,0.7777,0.5345,1.0656,1.443,0.9184,0.9632,1.507,0.8096,0.9216,0.8896,1.0112,0.7105,0.6305,0.7777,0.6145,0.8992,0.7585,0.9408,0.7489,0.7681,0.7777,0.8352,0.9152,0.7905,0.5729,0.5313,0.6017,1.0816,0.7841,0.6881,0.4066,0.4674,0.4546,0.4386,0.6017,0.9632,0.5857,1.1292,3.0173,0.6881,0.5857,0.9248,0.5921,0.8001,0.9568,0.8192,0.6241
3/29/2022,38.0408,0.6683,0.5752,0.9688,1.3352,0.9237,0.9087,1.119,0.7645,1.0078,0.8306,0.6774,0.8276,0.7465,0.7014,0.5602,0.7434,0.7555,0.7705,0.8846,0.6293,0.6864,0.6323,0.6954,0.4731,0.4641,0.7825,0.5392,0.4941,1.1069,0.5812,0.5452,0.44,0.4671,0.5362,0.6413,0.7044,0.8876,0.7795,1.3564,3.6903,0.6653,0.7164,0.5812,0.5181,0.5482,0.8035,0.5272,0.7795
3/28/2022,46.0893,1.1227,0.8028,0.6047,1.0161,1.9416,1.7283,1.595,1.157,0.9132,0.8256,0.8256,1.1379,0.7494,0.6694,0.6542,0.6466,0.7075,1.0237,0.9018,0.8599,0.9399,0.7571,0.7837,0.8942,0.6961,0.658,1.3817,0.6085,1.2979,0.6961,0.4333,0.559,0.6733,0.6352,0.6923,0.8104,0.9285,1.0046,1.3416,3.6463,0.9361,1.1075,0.578,0.7913,0.7875,0.6275,0.9208,1.0199
3/27/2022,33.2959,0.7763,0.5309,0.4525,0.923,1.4517,0.9154,0.7459,1.1557,0.5689,0.8876,0.6574,0.7055,0.4829,0.5006,0.5967,0.6802,0.7611,0.6195,0.5385,0.7207,0.665,0.5056,0.7864,0.6751,0.4702,0.4272,0.6422,0.5056,0.8421,0.5815,0.455,0.579,0.4019,0.5031,0.5233,0.5613,0.7738,0.7561,0.6845,1.7003,0.7611,0.8244,0.7333,0.5714,0.7991,0.5512,0.6701,0.6751
3/26/2022,38.8883,0.6979,0.803,0.9821,0.9358,1.2786,1.1335,0.9883,1.396,1.013,0.7906,1.1798,0.6269,0.735,0.735,0.5898,0.5775,0.6331,0.8524,0.806,0.7134,0.7659,0.8431,0.7072,0.6362,0.7196,0.7721,0.6701,0.5528,0.7721,0.63,0.6393,0.6547,0.6516,0.4941,0.4261,0.6145,0.806,0.8246,1.0984,2.9261,0.7875,0.6918,0.6393,0.5991,0.5559,0.8153,0.5991,0.5281
3/25/2022,32.5335,0.7898,0.6819,0.7874,1.0327,1.1088,0.7579,1.1382,1.0425,0.6304,0.5886,0.8266,0.7113,0.4586,0.6156,0.6353,0.7457,0.6917,0.5028,0.6058,0.542,0.5518,0.4709,0.6794,0.5371,0.5371,0.4905,0.5936,0.4513,0.6205,0.5101,0.515,0.5298,0.439,0.466,0.4807,0.5837,0.52,0.4414,0.9104,2.3694,0.5028,0.8094,0.7015,0.542,0.5715,0.5739,0.6058,0.6353
3/24/2022,51.1726,0.8229,1.0906,1.164,1.5525,1.5568,1.3712,1.0301,1.4359,1.246,1.1942,0.9783,1.3625,0.6804,0.797,0.6675,1.1078,0.8876,0.715,1.1337,1.1812,1.0215,1.1251,0.8876,1.2805,1.0517,0.9438,1.2633,0.7409,1.2201,1.0776,0.6977,0.7581,0.5077,0.5034,0.6243,0.8531,1.1726,1.0474,1.1693,3.136,1.2201,0.9869,0.9395,0.6372,0.8488,1.2805,1.1165,1.0862
3/23/2022,37.7015,0.7756,0.9062,0.6241,0.9716,1.1052,1.1409,0.9805,0.9508,0.9983,0.7963,0.6211,0.8617,0.6419,0.5973,0.8468,0.8617,0.5855,0.5528,0.829,0.6181,0.7548,0.4548,0.6567,0.8854,0.4934,0.6864,1.1142,0.4696,1.0726,0.6627,0.4399,0.5201,0.434,0.4696,0.434,0.6657,0.7191,0.7726,1.2005,3.2286,0.728,0.4845,0.7013,0.6686,0.7072,0.6924,0.5231,0.7963
3/22/2022,42.3617,0.7268,0.9982,0.9261,0.9535,1.7851,1.5136,1.1357,0.8676,0.9329,0.7268,0.6546,0.6065,0.658,0.5962,0.9467,0.7302,0.9089,0.9742,0.7233,0.8436,0.6683,0.4965,1.0635,0.6787,0.8539,0.7439,0.8883,0.5893,0.8264,0.8264,0.4278,0.4278,0.6065,0.6993,0.4931,0.6615,0.6443,0.8127,1.4399,3.9377,0.8608,1.1597,0.6237,0.5172,1.0257,1.0326,0.6374,0.5103
3/21/2022,37.3629,0.5425,0.8861,0.6658,1.2883,1.35,1.0945,1.3206,1.2296,1.212,1.0769,0.8626,0.8919,0.6658,0.6805,0.7921,0.7833,0.5836,0.6893,0.704,0.6247,0.7451,0.8361,0.8861,0.7803,0.6658,0.6189,0.5719,0.5866,0.8772,0.7158,0.6277,0.6247,0.4955,0.4251,0.4985,0.5807,0.6218,0.5102,0.6796,1.6857,0.522,0.4985,0.4838,0.8126,0.8743,0.8802,0.8215,0.4926
3/20/2022,53.7989,0.9361,1.2017,1.1788,1.3208,1.5315,1.1513,0.9132,1.2475,1.4857,1.6048,1.275,1.2887,0.9682,0.8537,0.73,1.2429,0.7712,1.0872,1.1239,0.9315,1.0643,0.9086,0.9407,1.0048,0.9361,0.6796,1.1193,0.6979,1.3803,1.0689,0.5834,0.9224,0.7025,0.6155,0.7437,0.9727,1.1193,1.1834,1.6129,4.4499,1.3574,0.6613,1.1926,1.2063,0.9407,0.991,0.9132,0.9865
3/19/2022,33.2959,0.5436,0.6321,0.8041,0.88,0.9407,0.9837,0.7358,0.9736,0.9483,0.6549,1.0874,0.5967,0.4702,0.6524,0.6346,0.7763,0.6524,0.6599,0.5259,0.6726,0.5663,0.5006,0.7788,0.5916,0.5739,0.5588,0.8244,0.4601,0.7004,0.6397,0.4778,0.3488,0.5233,0.4955,0.5689,0.493,0.6296,0.45,0.8799,2.279,0.794,0.7586,0.7662,0.407,0.5638,0.6346,0.5436,0.6625
3/18/2022,39.3963,0.5968,0.8668,0.782,1.3566,0.9641,1.2561,1.4445,1.2718,0.9045,0.6564,1.3315,0.8605,0.7915,0.6125,0.7601,0.7067,0.6188,0.8637,0.7224,0.6596,0.6533,0.691,0.8291,0.7915,0.6094,0.6816,0.9233,0.5089,1.1431,0.8103,0.5277,0.6878,0.5874,0.4021,0.6376,0.6376,0.713,0.5246,0.9148,2.3823,0.6376,1.0269,0.5371,0.826,0.7004,0.6407,0.5591,0.7852
3/17/2022,29.1449,0.4923,0.6044,0.579,0.6932,0.9173,0.8687,0.5409,0.7545,0.782,0.543,0.6509,0.4712,0.4944,0.4521,0.5959,0.5029,0.5769,0.486,0.5494,0.5198,0.6107,0.4648,0.5853,0.7037,0.3591,0.4479,0.7122,0.4627,0.8539,0.4669,0.4035,0.4923,0.486,0.3337,0.4289,0.4585,0.4225,0.5261,1.0068,2.6547,0.5282,0.4648,0.4246,0.5261,0.4521,0.4923,0.6551,0.6467
3/16/2022,36.939,0.7426,0.566,0.8467,0.9538,1.3647,1.0725,1.1622,1.0435,1.1535,1.0869,0.5776,0.757,0.6065,0.7512,0.5255,0.7136,0.5863,0.6297,0.6239,0.8062,0.7889,0.7223,0.8409,0.5602,0.7281,0.7686,0.5429,0.4676,0.9885,0.6615,0.3606,0.3924,0.3953,0.4937,0.4618,0.6297,0.6152,0.5863,0.9702,2.5464,0.6644,0.7773,0.867,0.5545,0.6934,0.8236,0.6471,0.8207
3/15/2022,43.4627,0.9007,0.8972,0.6348,1.3972,1.1029,1.227,0.7908,1.3192,1.0674,0.7695,1.3121,0.7163,0.7447,0.8015,0.688,0.8653,0.6383,0.961,0.8334,0.6844,0.7873,0.7447,0.8617,0.8582,0.7554,0.7199,0.5426,0.6454,0.7092,0.7766,0.4397,0.6631,0.6809,0.461,0.5674,0.7128,0.7944,0.5461,1.5694,4.321,1.0355,0.7412,0.7731,0.7695,1.0142,1.11,0.9788,0.5319
3/14/2022,57.3571,1.3858,1.4796,0.8725,1.751,1.2525,2.2051,2.1262,2.2347,0.833,1.3512,0.9218,1.4697,0.7935,0.986,0.9613,1.0205,1.2575,1.2427,1.3611,1.3364,0.754,0.7886,1.4598,0.9613,0.9959,1.218,0.8873,0.6948,1.3759,0.9613,0.5368,0.6405,0.5911,0.601,0.9169,0.8675,1.3167,1.2328,1.5135,4.1554,1.3266,1.2476,0.6652,0.6553,1.0748,1.3068,0.833,0.9366
3/13/2022,63.373,1.252,1.3461,1.6396,2.0881,1.3904,1.5288,1.7559,2.2431,0.9696,1.6396,1.1025,1.2354,1.0249,0.809,1.0969,1.1855,1.3683,1.4458,1.1357,1.1191,0.881,1.0194,1.2852,1.2354,0.7149,0.9419,1.5122,0.9585,1.2187,1.2132,0.5709,0.7315,0.892,0.6318,0.6318,0.892,1.3406,0.8422,2.3821,6.7279,0.9696,1.4458,0.7647,1.0859,1.4956,1.5676,0.8256,1.2187
3/12/2022,64.8977,1.4013,1.2819,1.3217,1.8224,2.0102,2.289,1.9703,2.2207,1.2762,1.7484,1.6176,1.5379,0.9575,1.0998,1.3672,0.9234,1.0884,1.2079,1.0713,1.3843,1.4355,0.8437,1.1908,0.8381,0.8722,1.0657,0.8324,0.7584,1.7655,1.2363,0.6503,0.6389,0.7015,0.8722,0.9405,1.0998,1.3501,1.5265,2.0912,5.8664,0.9291,1.5379,1.2762,0.7356,0.912,1.4355,0.8722,1.0258
3/11/2022,44.4794,0.6737,0.8671,0.6555,1.5857,1.9286,1.4398,1.5346,0.889,1.3887,0.8269,1.2392,0.6117,0.889,0.681,0.6263,0.7321,0.9181,0.9072,1.013,0.7248,0.8269,0.6263,0.9036,0.8561,0.8306,0.6409,1.345,0.5643,1.1735,0.8452,0.692,0.5752,0.6044,0.4767,0.63,0.8014,0.951,0.557,1.0562,2.8011,0.8452,0.6883,0.9802,0.94,0.6774,0.743,1.0422,0.6737
3/10/2022,38.3796,0.8593,0.7256,0.8715,1.0143,1.5429,0.8775,0.9231,0.8502,1.0993,0.7621,1.3454,0.5586,0.7621,0.5677,0.5282,0.8715,0.6132,0.6163,0.8107,0.674,0.595,0.8198,0.7469,0.753,0.7469,0.5039,0.6345,0.5494,1.0568,0.6527,0.3824,0.5707,0.5586,0.4644,0.6406,0.7013,0.8624,0.674,0.9811,2.5786,0.8229,0.6497,0.8988,0.9049,0.8259,0.8563,0.5282,0.5464
3/9/2022,50.5797,1.1673,0.7883,0.6904,1.6186,1.4568,1.261,1.5931,1.5377,1.129,1.3078,1.0353,1.0949,0.7457,0.6648,1.0694,0.8224,1.0268,0.9076,0.7926,1.0736,0.8011,1.0821,1.2397,1.0608,1.0268,0.8096,0.8735,0.7628,1.4185,1.0779,0.4903,0.8777,0.7032,0.7457,0.6393,0.7415,0.6308,0.8905,1.3941,3.8018,1.2312,0.7245,0.9416,1.1928,1.1886,1.1843,0.6734,0.5925
3/8/2022,55.6629,1.4583,1.3678,1.1009,1.6538,1.3439,1.7681,1.444,1.4917,1.3535,1.3487,1.7157,0.8816,0.9817,1.1485,0.8816,0.8578,1.0389,0.7768,1.282,0.9579,1.0723,1.2724,0.8911,1.4345,0.5956,1.058,1.1914,0.6576,1.4774,1.1533,0.5432,0.5194,0.7768,0.6385,0.6671,0.8959,1.1152,1.1056,1.5394,4.2323,1.0675,0.6385,0.6957,0.6814,1.2963,1.1438,1.1914,1.2581
3/7/2022,66.3378,0.9309,0.9542,1.3276,2.121,2.1852,2.0918,1.2168,1.6718,1.911,1.9051,1.2109,0.8551,1.1292,1.1234,1.1584,0.8784,1.3976,1.5026,1.5843,1.4151,1.2284,1.1701,1.4559,1.0417,0.7325,1.1642,1.5376,0.9367,2.0393,1.3509,0.61,0.7267,0.8667,0.6859,1.0126,1.0359,0.9309,1.5259,1.8101,5.0338,1.3743,1.5843,1.3976,1.1234,1.2634,1.5609,1.3159,1.2518
3/6/2022,64.3048,1.0056,1.5968,0.9155,2.0979,2.4808,1.5123,1.9065,1.7432,1.8389,1.9234,1.5461,1.2533,1.0056,0.9437,0.9211,1.3491,1.0394,1.5687,1.3434,1.5236,1.0394,0.9549,1.4335,0.9324,0.7748,1.0788,1.1802,0.786,1.0225,1.2196,1.0619,0.589,0.6509,0.7072,0.786,1.0732,0.893,0.9662,2.3611,6.6657,1,1.6531,1.1407,1.1013,0.9437,1.152,0.848,0.7748
3/5/2022,53.1213,0.9608,1.0691,0.7532,1.791,1.4887,1.9129,1.791,1.0059,1.4436,1.1007,0.8976,1.3127,0.839,1.0375,0.9518,0.9112,1.2451,1.0465,0.9518,1.0104,0.8886,0.8345,1.4301,0.6856,0.645,1.0149,1.4346,0.6359,0.9879,1.1323,0.4735,0.5953,0.7623,0.6134,0.5547,0.8345,1.033,0.9067,1.4548,3.9817,1.2406,0.7532,0.9202,1.0556,1.2766,1.3127,0.9788,1.1638
3/4/2022,54.2228,1.1189,0.86,0.9293,2.0664,2.1681,1.6966,1.4933,1.8214,1.5533,1.0865,0.7861,1.2483,0.689,1.1281,0.8508,0.7722,0.8277,0.7167,1.105,0.8877,1.1142,0.897,1.1189,1.0079,0.9386,0.9432,1.484,0.7444,1.2298,1.0079,0.6012,0.7583,0.7861,0.5503,0.8092,0.7907,1.2067,0.7999,1.4256,3.8952,1.3546,0.7213,1.313,1.0588,0.9062,1.2575,0.934,0.7629
3/3/2022,53.6296,0.9059,1.2253,1.1066,1.6724,1.4671,1.4397,1.9325,1.604,1.6451,1.6588,0.769,1.0473,1.0701,1.1568,0.9789,0.842,0.9834,1.0975,0.9834,0.8785,0.8694,0.9424,0.9697,0.664,1.0793,0.8146,1.5447,0.7964,1.7226,1.0701,0.55,0.664,0.7644,0.5819,0.6367,0.8055,0.8648,0.9196,1.3288,3.6085,0.8876,1.2161,0.9469,1.0063,1.1477,1.0245,1.0063,0.7325
3/2/2022,51.5114,1.0935,0.7671,0.8498,1.8549,1.472,1.2806,1.3241,1.459,0.989,1.4633,1.6374,1.3328,1.0412,1.1022,0.9977,1.1544,1.2196,0.8063,0.9238,1.0804,1.1022,0.9107,0.8193,1.1457,1.0151,0.8977,0.8193,0.7628,1.1283,0.8411,0.6627,0.6583,0.5017,0.6496,0.7671,0.8237,1.0108,0.667,1.2463,3.3642,0.8933,1.2588,0.9107,1.2066,1.2022,0.6975,0.6801,1.0195
3/1/2022,51.1728,1.1035,1.0172,0.797,1.3107,1.1424,1.1337,1.4316,1.3798,1.1899,1.6259,1.6432,0.784,0.6847,0.9956,1.1251,1.1424,0.7711,1.2114,0.9351,1.1337,0.8704,1.1078,1.2417,0.8229,0.7538,0.6243,1.1208,0.7884,1.2892,1.0258,0.5466,0.6243,0.6372,0.6416,0.7581,0.7711,1.0172,0.8186,1.6444,4.5432,0.8143,0.5898,1.2417,0.9869,1.1035,0.8963,0.6804,0.6545
2/28/2022,63.034,1.2784,1.5975,1.0417,2.1314,2.3405,1.4214,2.1479,1.6966,1.1243,1.7737,1.9883,1.3554,0.9592,0.9702,0.9812,1.3554,1.3499,1.1518,0.9426,1.3389,1.1848,1.0637,1.6086,0.8491,0.728,0.75,0.761,0.7996,0.8711,1.2618,0.7115,0.6895,0.9261,0.6785,1.0472,1.0857,0.7996,0.783,2.2615,6.3709,0.9371,0.9096,0.8711,0.8381,1.4985,1.1298,1.2894,1.3829
2/27/2022,46.6825,0.8049,1.2188,0.6889,1.037,1.3117,1.3503,1.8107,1.0873,0.7508,1.42,1.4316,0.9558,0.6618,0.9597,0.7392,0.9906,0.716,0.716,0.7314,0.9635,0.9558,0.6038,0.8359,0.9171,0.89,0.7082,1.1647,0.5844,0.8978,0.7392,0.569,0.4761,0.7585,0.4839,0.6502,0.774,0.8049,0.7701,1.3735,3.7409,0.9132,1.2885,0.7778,1.0718,0.9713,0.8629,0.8939,0.8591
2/26/2022,48.8853,1.1316,1.0743,1.2379,1.381,1.1684,0.9885,1.3196,1.1643,1.0948,1.3728,0.8004,1.1479,0.6573,0.6655,0.9517,1.107,0.735,0.7554,1.1193,0.9598,0.8944,1.0048,0.8862,1.1193,0.8494,0.7759,0.9271,0.6655,1.2706,0.9026,0.7677,0.5755,0.4733,0.6041,0.7881,0.8167,0.9435,0.9394,1.5248,4.189,1.107,0.7309,0.6777,0.7595,1.1029,1.0539,0.9271,0.7759
2/25/2022,43.3782,0.8778,0.7539,1.1042,1.2882,1.2103,1.5641,1.0299,0.8459,1.2705,1.1608,1.136,0.6513,0.6761,0.6266,0.5806,0.669,0.6266,0.7539,0.8105,0.8318,0.7292,0.6513,0.9839,0.7186,0.57,0.5311,0.6832,0.5664,0.9202,0.9202,0.7327,0.7504,0.6266,0.4674,0.5275,0.6301,1.0405,0.5488,1.6616,4.5941,0.6973,0.6443,0.708,0.616,0.9025,0.899,0.9981,0.5912
2/24/2022,47.0213,0.9354,0.7247,1.1539,1.1773,1.3334,1.5519,1.2476,1.7392,1.3256,0.912,1.47,1.0798,0.8847,0.8144,0.8339,0.6466,0.8651,0.9627,0.7247,1.0212,0.9549,0.8847,1.2515,0.8612,0.752,0.7949,0.7325,0.5686,0.8495,0.7442,0.4398,0.6154,0.5101,0.592,0.5725,0.7442,0.6817,0.8261,1.588,4.3761,0.5998,0.631,0.6622,0.8144,0.9159,0.791,1.1032,0.7598
2/23/2022,54.8158,1.3511,1.4494,1.3417,1.8052,1.5618,2.1095,1.22,1.0562,1.1872,1.6648,1.1966,1.0843,0.7893,1.0281,0.8783,0.897,1.014,0.794,0.8408,0.8174,0.8221,1.0234,1.2153,0.8127,0.7285,1.0421,1.6507,0.6723,1.7069,1.0047,0.7846,0.7004,0.6676,0.7753,0.8408,0.8642,0.6957,0.794,1.6592,4.587,0.7706,0.911,0.9251,0.7472,0.9017,1.3324,1.2902,0.8034
2/22/2022,43.8017,0.6715,0.6822,1.051,1.0044,1.3732,1.255,1.6059,0.9006,0.9758,1.1512,1.3195,1.0187,0.8648,0.7359,0.7359,0.8541,0.9185,0.6285,1.0366,0.7109,0.8397,0.9149,1.0259,0.7574,0.7323,0.7216,0.7109,0.5641,0.6965,0.9113,0.471,0.5784,0.5318,0.5963,0.4638,0.7574,0.8684,0.693,1.2538,3.3865,0.9078,1.1655,0.6572,0.8648,1.0474,0.718,0.6034,0.8684
2/21/2022,44.649,0.6834,1.1012,0.7384,1.5923,1.8085,1.1269,1.6619,1.3907,0.6688,1.3504,0.7237,0.7091,0.6065,0.7347,0.9876,0.6578,0.6907,1.0609,0.7531,0.8227,0.9436,0.6981,0.6578,1.0682,0.8996,0.7824,0.874,0.5845,0.7127,0.6651,0.6651,0.5002,0.5332,0.4342,0.4709,0.7677,0.6138,0.5551,1.4794,4.0544,1.0609,0.6834,0.918,1.0609,0.8557,0.5845,0.797,0.8593
2/20/2022,55.8321,1.4821,1.2668,1.2381,1.7738,1.9986,1.396,1.4916,1.5873,0.6976,1.2429,0.8172,1.1042,0.7407,0.7167,1.2812,1.2716,1.1998,0.8555,1.3194,1.1233,1.2238,1.1185,0.7502,0.6976,0.7407,0.7981,1.4868,0.7167,1.4199,0.9129,0.8602,0.7167,0.7789,0.578,0.8985,0.8028,0.8076,0.7837,1.8932,5.2801,1.2907,0.8985,1.0611,0.6211,0.9416,1.085,1.3146,0.7502
2/19/2022,65.5756,1.2836,1.5254,1.6751,2.4006,1.583,2.4064,1.7845,2.2682,1.5139,1.7615,2.3603,1.6233,1.0476,1.0303,1.1339,1.1339,1.3642,1.0015,1.2318,1.5485,0.8864,0.7194,1.4391,0.9036,0.6964,1.1973,1.9285,0.9958,1.8364,1.3815,0.6848,0.99,0.8864,0.7309,0.9958,0.9324,1.1109,1.3355,0.9108,2.3704,1.6464,1.56,1.3297,1.0936,1.4794,1.7558,1.0879,1.013
2/18/2022,33.296,0.7434,0.8092,0.5132,1.2013,1.2392,0.8345,0.751,0.832,0.5588,0.5562,1.0773,0.7915,0.5233,0.4677,0.5132,0.4677,0.7712,0.5841,0.6802,0.6119,0.5132,0.455,0.8623,0.6448,0.5992,0.6346,0.5107,0.4323,0.7029,0.5537,0.3943,0.5689,0.4652,0.4829,0.4019,0.5183,0.6751,0.6751,0.9444,2.47,0.7839,0.7991,0.7004,0.536,0.7864,0.4955,0.5714,0.5916
2/17/2022,33.8045,0.5047,0.8118,0.7808,1.1266,0.9331,0.8608,0.9047,0.7808,0.8763,0.546,0.8866,0.5589,0.5099,0.6621,0.5795,0.7498,0.7473,0.6518,0.5692,0.7757,0.4737,0.6415,0.7163,0.8479,0.4144,0.4428,0.7318,0.4866,0.9743,0.5692,0.5563,0.4299,0.466,0.4634,0.4789,0.5744,0.804,0.7292,0.835,2.1459,0.6002,0.466,0.706,0.5305,0.6363,0.835,0.7498,0.6828
2/16/2022,47.1909,1.0837,0.6997,0.7624,1.5148,1.1504,1.3581,1.3267,1.6833,1.5854,1.1739,1.6873,1.1033,0.9387,0.637,1.0485,1.0485,0.8172,1.0641,0.7545,0.8094,0.6565,0.6879,1.0798,0.8447,0.6213,0.8799,1.4364,0.5821,1.2875,0.7036,0.5782,0.8212,0.6565,0.7193,0.6174,0.7349,0.9466,0.7075,0.9432,2.4666,1.2366,1.2483,0.9622,0.6605,0.829,0.6291,0.7428,0.6644
2/15/2022,62.6106,1.2589,1.2753,1.4937,1.7831,2.6569,1.6138,1.106,1.5538,0.8384,1.3954,2.0125,1.0404,0.9749,1.2916,1.3299,1.2425,0.8329,0.8329,0.9913,1.4719,1.3135,0.9094,0.9476,1.0841,0.8384,1.2043,0.7674,0.8766,1.5265,1.2862,0.5326,1.0623,0.8001,0.8384,0.7401,0.9421,1.2097,1.0022,2.4301,6.8702,1.1824,0.7401,0.7728,0.7838,1.4828,1.2479,0.9367,1.2862
2/14/2022,81.5882,1.4029,1.9254,2.0064,1.9475,1.9328,1.8371,1.7488,1.6826,1.4692,2.4921,3.0366,1.0792,1.5575,1.1895,1.2043,1.2558,1.815,1.3294,1.6605,1.9254,1.0056,1.9622,1.6826,1.528,1.3662,1.6531,1.6164,1.1969,2.0947,1.1895,1.0424,0.9688,0.9982,0.9025,0.9835,1.322,1.4324,1.5796,2.7393,7.786,1.6016,0.9467,1.1969,1.7635,1.8813,1.2631,1.7856,1.6016
2/13/2022,60.4924,1.1273,0.9121,0.7756,2.2611,2.723,2.0039,1.1168,2.3503,1.2113,1.2008,2.1089,1.1588,1.1955,0.8911,1.3005,0.8858,1.353,1.3897,1.248,1.0118,1.353,0.9908,1.2847,1.1693,1.2218,0.9383,1.0223,0.7388,1.7572,0.954,0.5919,0.7021,0.6811,0.8648,0.6338,0.9068,1.1535,0.7546,1.55,4.2635,1.0223,1.3635,0.9855,0.8333,0.9016,0.9593,1.4265,1.2428
2/12/2022,51.5962,1.2435,0.8337,1.1476,1.7405,1.335,1.4222,1.8495,1.4746,1.6489,0.9514,1.5356,0.8468,0.838,1.0255,0.7509,0.9209,0.8816,0.8773,1.1868,1.2261,1.0255,0.716,1.2653,0.8075,0.6375,0.6506,1.1999,0.6288,1.2173,1.0996,0.4457,0.6244,0.8337,0.5242,0.6462,0.8293,0.995,0.7509,1.2682,3.4291,0.8816,1.4353,1.0735,1.1345,0.8468,1.1432,0.8729,0.8773
2/11/2022,57.3574,0.9465,1.45,0.9909,1.7362,2.4519,1.7955,1.5191,1.8843,1.5734,1.3019,0.8182,1.3315,0.8675,1.1686,1.2032,1.297,0.7738,0.8774,0.9959,1.0304,0.8182,1.0205,0.9613,1.2377,1.1094,1.0057,1.3661,0.754,1.45,0.8725,0.6849,0.6208,0.8379,0.7293,0.9613,0.9811,1.2427,1.0354,1.3241,3.5945,1.4697,0.9317,0.7441,1.2476,1.06,1.1982,0.8478,1.2377
2/10/2022,48.0382,1.0635,1.1756,0.9354,1.1076,1.58,1.0555,1.7241,1.6921,1.0795,1.2477,0.7072,0.7993,0.9154,1.0355,0.8793,0.6792,0.7752,0.7592,0.7712,0.7953,0.8914,0.7833,1.1756,1.0195,0.6992,0.9394,1.2277,0.6031,0.9074,0.7512,0.6952,0.6231,0.6751,0.7993,0.7512,0.8153,1.1196,0.6952,1.149,3.076,1.2517,0.7913,0.8713,1.0195,1.1316,0.8193,1.0435,0.9354
2/9/2022,52.2739,0.8086,1.0256,1.4019,1.2691,2.221,1.1983,1.1983,1.2735,0.7467,0.937,0.8883,1.1496,0.8573,1.03,0.7245,0.9105,1.1584,0.9503,1.1186,1.03,0.7909,0.9149,0.7024,1.061,0.7289,1.1407,1.5303,0.698,0.9946,0.8263,0.574,0.5607,0.4943,0.7068,0.8618,0.8883,0.6891,1.0477,1.8229,5.0718,1.1805,1.2514,0.906,0.7821,1.1584,0.8706,1.03,1.092
2/8/2022,50.4947,1.2758,0.9188,1.3183,1.1271,1.1271,1.382,1.0548,1.5732,1.0931,0.8678,0.7913,1.3225,0.7021,0.7488,0.9401,1.0761,0.6766,0.7021,0.9273,1.0463,0.7191,0.8636,1.0081,1.2758,0.7361,1.0123,0.7658,0.7403,1.3098,0.8338,0.5194,0.6596,0.7021,0.7361,0.5874,0.8551,0.7828,0.7233,2.0427,5.7229,1.0038,0.5916,0.6469,1.1271,0.8593,1.1186,0.8338,1.0463
2/7/2022,64.0501,1.2316,1.3661,1.2653,2.4367,2.4872,1.3942,2.2966,1.9098,1.8033,1.7977,1.3269,1.467,1.3157,1.3437,1.0354,1.1251,1.0579,1.198,1.1307,1.3998,0.9738,0.8561,0.9738,1.4446,0.6599,0.8785,1.2933,0.8,1.5119,1.1307,0.6207,0.6711,0.8953,0.9458,1.0242,1.0186,1.226,1.0803,1.7286,4.7927,1.0971,0.7832,1.3213,1.411,1.1812,1.0298,1.3045,1.0074
2/6/2022,72.9461,1.8618,1.7579,1.9397,2.4138,2.9788,1.7903,2.4917,2.7321,1.6734,2.0241,1.7319,1.2902,1.024,1.4071,1.1928,1.7384,1.7319,1.602,1.5046,1.5825,0.9655,0.959,1.6474,1.8358,0.7642,1.1474,0.9395,0.8486,1.7254,1.4136,1.2058,0.9655,0.998,0.6927,0.8291,1.1798,1.4006,1.3552,1.388,3.7838,1.2643,1.7059,1.0564,1.1603,1.589,0.9395,1.1863,1.5305
2/5/2022,71.3368,1.104,1.028,0.8887,2.3644,1.6804,2.0098,1.2054,1.9781,2.3644,2.3138,1.7881,1.1864,1.009,1.0344,1.2814,1.5347,1.2117,1.3321,1.1611,1.5411,1.0027,1.0597,1.7754,1.0597,1.4144,0.9077,1.4461,0.9204,1.8578,1.1167,0.933,1.0217,1.066,0.7304,0.8697,1.1421,1.1611,1.5221,2.608,7.3969,1.5031,1.5347,0.9964,0.9584,1.5854,1.4651,1.3637,0.9014
2/4/2022,47.1905,0.6448,0.7075,0.7114,1.5423,1.993,0.9348,0.9544,0.8956,1.3855,0.7584,1.1621,1.166,0.6487,0.782,0.6957,0.9035,0.974,0.8212,0.9035,1.0524,0.7976,0.7153,1.2013,1.1699,0.5938,0.9583,1.3659,0.6252,1.0406,0.8956,0.5155,0.7545,0.5076,0.4645,0.7506,0.7702,0.6526,0.778,1.7327,4.8046,0.633,0.778,0.6487,0.7428,0.8016,0.9309,0.9622,0.9622
2/3/2022,66.3383,1.6893,1.4268,1.5376,1.6543,1.5843,1.7068,2.5177,2.1327,1.9576,2.1385,1.2518,1.0709,0.8901,1.1701,1.2401,1.0826,0.9892,1.0767,1.1876,1.3509,1.2459,1.3743,1.3743,0.9076,0.75,1.2168,0.8026,0.9542,1.3276,1.1001,0.6567,0.8084,0.8259,0.8259,1.0359,1.2109,1.4268,1.2984,1.9102,5.3304,1.4151,1.0534,1.0476,1.3859,1.5609,1.4909,1.2401,1.1059
2/2/2022,58.205,1.2862,1.1959,0.9047,1.3666,1.8134,1.1959,1.1758,1.4067,1.713,1.1908,1.1256,1.1356,1.0804,0.8494,1.0252,1.3716,0.8846,1.4268,1.1256,1.0101,0.8695,0.6838,1.0503,0.9047,0.8545,1.1959,1.6929,0.8394,1.4519,0.9398,0.5332,0.9097,0.6687,0.5633,0.6637,0.9499,1.2762,0.9649,2.06,5.7739,1.0151,1.6126,0.7641,1.0804,1.4268,1.2812,0.995,0.8997
2/1/2022,66.1688,1.5511,1.5336,1.4871,1.7314,1.4813,2.4527,1.3824,2.6214,1.6151,1.2602,2.1793,1.7954,1.2835,0.9403,1.2951,1.4813,1.0566,1.301,1.2312,1.173,1.4696,1.5045,1.6092,0.9229,1.2719,1.1963,1.0276,0.9985,1.5976,0.9578,0.632,1.1148,0.9868,0.6902,0.9054,1.0043,0.9112,1.2777,1.5571,4.2848,1.6791,0.9636,0.9112,1.0915,1.0974,1.6791,1.0625,0.9112
1/31/2022,9.1497,0.1813,0.1971,0.1966,0.1935,0.2249,0.2031,0.2011,0.2051,0.2009,0.2001,0.1982,0.182,0.1854,0.1907,0.1863,0.1831,0.1901,0.1858,0.19,0.1909,0.181,0.1823,0.1847,0.1836,0.1894,0.1853,0.1827,0.182,0.2009,0.1833,0.1822,0.1771,0.1791,0.1827,0.1778,0.1824,0.1856,0.1847,0.192,0.2417,0.1825,0.1946,0.1809,0.1923,0.1948,0.197,0.1925,0.1884
1/30/2022,66.3379,1.6835,1.7593,1.1467,1.7185,2.4302,1.5201,2.5702,1.4268,1.9751,1.9576,0.9892,1.1759,1.0126,1.2459,1.4443,0.8726,1.3626,1.5959,1.2751,1.3276,1.1701,1.1876,1.0942,1.5784,0.8901,0.8901,2.0043,1.0009,1.0534,1.2634,0.5459,0.6684,0.7092,0.785,0.9309,1.0767,1.1467,0.8376,1.7202,4.7678,1.701,0.7909,1.5434,0.7325,1.4734,1.4968,1.3509,1.4384
1/29/2022,63.0339,1.592,1.3059,1.2013,2.1754,2.3075,1.8342,2.335,1.7131,1.6031,1.8287,1.9167,1.4159,1.1408,0.9977,1.0637,0.9481,1.4104,1.2343,1.2343,1.1188,1.4049,0.9316,1.1793,1.1188,0.7115,1.2288,1.9443,0.7996,1.9993,1.0472,0.64,0.8051,0.8491,0.6895,0.8821,1.1022,1.4049,1.1188,0.9168,2.3883,1.4049,0.7941,1.3224,1.0857,1.1848,1.1958,1.2123,1.2949
1/28/2022,68.8798,0.9642,1.1773,1.0312,1.5425,2.6201,2.3157,1.4512,2.1513,1.6765,1.3356,1.7252,1.6156,1.1712,0.8485,1.3721,1.4756,1.0616,1.0068,1.0433,1.2869,1.0616,1.5425,1.6339,1.2442,0.7146,1.092,1.4634,0.9642,1.2564,1.2869,0.5685,1.0129,0.6476,1.0799,0.8424,1.2199,1.5365,0.812,2.3166,6.5339,1.6643,1.7008,1.3173,1.4573,1.2747,1.713,0.8972,1.1529
1/27/2022,64.2203,1.5328,1.5328,1.0437,1.8476,2.5841,1.9938,1.3136,1.5441,2.0107,2.0332,2.2918,1.1449,1.0493,1.01,1.381,1.2011,1.2686,1.4429,1.3923,1.218,1.0212,0.8244,1.2798,1.4316,1.0774,0.7795,1.9039,0.8357,1.8252,1.0943,0.6726,0.6333,0.7064,0.5996,0.7064,0.8919,1.2742,1.4035,1.6071,4.4326,0.8863,0.7289,1.0381,1.1393,1.4541,0.8919,1.01,1.2348
1/26/2022,64.4738,1.5559,0.963,1.7423,1.7423,1.6124,1.4882,2.0077,1.3187,2.0811,1.539,1.1324,0.9742,1.059,1.2453,1.3074,0.963,1.0081,1.5559,1.3865,1.4317,0.9573,1.5164,1.5729,1.5503,0.9968,1.3583,1.9738,0.8782,1.1888,1.3357,0.7992,1.0251,1.059,0.6467,0.6636,0.9686,1.5164,0.9742,1.6734,4.6292,0.8161,0.9686,1.426,0.7709,1.5559,1.0251,1.1154,1.3978
1/25/2022,66.3377,1.0067,1.4676,1.5084,2.1793,1.5259,1.2518,2.2785,2.261,1.5318,1.2401,2.3777,1.5959,1.2051,1.1467,1.4968,0.9192,1.1176,1.4093,1.4793,1.3393,1.3743,1.1292,1.1817,1.4501,0.9601,1.0301,1.3684,0.9659,1.2576,1.0767,0.5517,0.6975,0.9251,0.9367,0.715,0.9192,1.0767,1.5609,2.0147,5.64,0.8667,1.2343,1.1993,1.1292,1.5784,0.8142,1.2693,1.0767
1/24/2022,80.656,1.954,1.598,1.0022,2.5062,2.9639,3.0874,1.3946,1.6779,1.3146,2.5135,1.8741,1.5181,1.4963,1.0894,1.5035,1.2928,1.8087,1.5399,1.845,1.8305,1.6271,1.3728,2.0775,1.8232,1.3873,1.4454,0.9949,1.1693,1.845,1.6997,0.7842,0.8206,0.9804,1.024,1.0603,1.2783,1.9249,1.5399,2.4353,6.8856,1.0967,1.1766,0.9877,1.6852,1.4309,1.5689,1.8305,0.8932
1/23/2022,72.3533,0.9518,1.679,1.0226,2.5928,3.4165,2.67,2.773,2.0265,0.9389,1.9364,2.2646,1.0805,1.0612,1.2542,1.029,1.5567,1.5824,1.3572,1.2864,1.5631,1.2285,1.177,1.0033,0.881,1.1641,0.9775,1.1513,0.8166,1.5117,1.0354,0.778,0.7072,0.926,0.9904,1.0547,1.1641,1.5245,1.2735,2.2524,6.3439,1.0676,1.2929,1.7498,1.6146,1.2414,1.4602,1.0805,0.8424
1/22/2022,62.2714,1.4258,1.5886,0.8396,1.5235,1.9413,1.5669,2.3484,1.7731,0.8016,1.3172,2.0445,1.073,1.0676,0.7799,1.0784,1.2032,1.3986,1.0784,1.3226,1.0079,0.9862,1.2141,0.8451,1.4475,0.8505,0.7474,1.035,0.7637,1.6917,1.0459,0.8125,1.0513,0.7528,0.6822,1.0079,0.9102,1.4203,1.3769,1.89,5.2706,1.5723,0.6822,0.883,0.7691,1.5126,1.3118,1.187,1.3715
1/21/2022,63.4576,1.3035,1.3978,1.3701,2.2741,1.9857,2.3295,1.1594,1.3479,1.8359,0.9431,1.3701,1.4755,0.7822,1.2259,1.1427,1.4477,0.9431,1.4921,1.5143,1.1871,1.2869,1.4089,0.8654,1.4145,0.9209,1.1094,1.9247,0.9043,1.9358,1.1594,0.5937,0.7989,0.6658,0.6159,0.6935,0.932,1.0706,1.2259,1.3006,3.5248,1.5919,1.3923,0.9375,1.2314,1.3202,1.5087,1.3867,1.2093
1/20/2022,51.6812,1.2237,0.9835,1.2194,1.4203,2.1236,1.595,1.0578,1.8659,1.25,1.0447,1.5776,1.1888,0.9486,1.0927,1.0927,0.6821,0.8394,0.8306,1.1582,1.0272,1.0141,0.9573,1.0359,1.0927,0.7345,0.6341,1.6169,0.7826,1.6518,0.8743,0.586,0.7607,0.8525,0.5816,0.5685,0.8743,1.2237,0.8044,0.7885,2.0084,1.084,1.049,1.0709,0.6166,1.0578,1.3242,0.7869,1.0272
1/19/2022,66.0838,1.4503,1.096,1.2238,1.8395,2.2461,1.7001,1.1134,2.0486,1.5374,1.8743,0.9915,0.823,0.8985,1.1657,1.0147,0.9798,1.2006,1.4736,1.5316,1.4503,0.8346,0.7243,1.1599,1.0147,0.7127,1.3109,1.491,0.8404,0.9973,1.0553,0.8869,0.8172,0.974,1.0844,0.7765,1.0089,1.5026,1.1657,2.5594,7.2532,0.9915,1.5374,1.4271,1.5142,0.9798,1.5433,0.9218,1.34
1/18/2022,77.3517,1.3595,1.2139,1.949,2.0669,2.9754,2.4761,2.2195,3.017,1.3179,1.6023,2.0738,2.0738,1.1376,1.6369,1.1029,1.4219,1.1792,1.5676,1.3248,1.7895,1.3457,1.4844,1.3387,1.0128,0.8671,1.6092,1.6439,1.0682,2.3374,1.089,0.7908,1.1307,1.0058,0.9295,0.9018,1.0474,1.2208,1.2208,2.3251,6.5593,2.0184,1.6855,0.8463,1.3803,1.1237,1.4705,1.0058,1.3873
1/17/2022,64.3896,1.2663,1.1027,1.3678,2.0952,1.3678,1.6497,2.27,1.9486,0.8885,1.3001,2.27,1.7512,0.8151,1.1591,1.4411,1.3508,1.2155,1.2719,1.176,1.1535,1.1366,0.7757,1.2945,1.6102,0.9618,1.396,1.6441,0.7982,1.9937,1.0802,0.8997,1.0407,0.6629,0.9392,0.9843,0.9336,1.2437,1.0576,1.2613,3.4084,1.3621,0.849,1.3565,1.3339,1.4185,1.6102,1.114,1.3621
1/16/2022,66.5924,1.0397,1.3092,1.0983,2.2936,1.4909,2.4869,1.6725,2.6158,2.2057,2.0533,1.2741,0.8405,0.9401,1.2213,0.9577,1.4264,0.8932,1.4967,0.987,1.3151,1.3268,1.3151,1.8072,0.8522,1.3737,1.2448,1.901,0.776,1.0455,1.0631,1.069,0.9635,0.9166,0.7819,1.0397,1.2155,0.987,1.2682,1.3099,3.5526,1.1627,0.8229,1.5729,1.4381,1.6022,1.7487,1.4557,1.3619
1/15/2022,60.577,0.9133,1.4548,1.56,2.3328,2.6273,1.418,2.3171,1.397,1.1393,1.6441,1.1341,1.2024,0.8186,0.7398,1.3917,0.7976,1.3444,1.2077,1.3181,1.1446,0.8239,0.8817,0.9816,1.3181,0.6819,0.7871,1.4443,0.9185,0.9606,0.8975,0.5715,0.7608,0.8081,0.8449,0.9921,1.071,1.418,1.3286,1.7247,4.7811,1.05,1.3549,0.929,1.2918,1.3549,0.9921,0.9343,0.7713
1/14/2022,56.7646,1.1176,1.1468,1.3907,1.4102,2.4342,1.5272,1.0005,1.9758,1.2785,1.142,1.3955,1.1127,1.0786,1.1761,1.2395,1.3273,1.2053,0.8104,0.8835,1.2102,1.0493,0.8445,1.2639,1.2785,0.7031,0.6884,1.5223,0.747,1.6394,0.8201,0.9128,0.6494,0.6787,0.8006,0.708,1.0347,0.9713,1.0152,1.6031,4.421,1.3321,0.7713,0.8445,0.7177,0.7762,1.0688,1.3029,0.7372
1/13/2022,55.6626,1.0294,0.8006,1.2057,1.8825,1.3868,1.5203,1.4583,1.1247,1.2677,1.1771,0.9817,1.3725,0.6957,0.9769,1.1819,1.2391,0.8482,0.8387,1.0532,1.201,1.22,1.2057,1.3916,1.0008,1.0151,0.772,1.73,0.8292,1.73,1.0341,0.8482,0.9626,0.7243,0.6957,0.5527,0.8768,1.1533,1.2963,1.4552,3.9828,1.1533,0.8625,0.7196,1.2724,1.2963,0.8101,0.7482,1.0818
1/12/2022,58.0349,0.9822,0.9722,1.3275,1.4526,1.3575,1.4175,1.4576,1.2124,1.1223,1.8579,1.6677,1.3925,1.1073,0.8922,1.2424,1.3275,0.9472,1.3425,0.9722,0.9572,0.7671,1.3175,0.9422,1.1524,1.0273,0.9772,1.6477,0.7671,1.8378,0.8421,0.7921,0.577,0.5569,0.9072,0.9622,1.0423,1.3275,0.707,1.8768,5.2313,0.9672,0.692,1.3725,0.9622,0.8922,1.0623,1.0173,0.8021
1/11/2022,46.9367,1.2218,1.0388,1.2141,1.0583,1.0817,1.7747,1.7008,1.2024,1.0934,1.0544,1.2725,0.9104,0.739,0.9882,1.0233,0.7001,0.9454,0.8675,1.0427,0.7858,0.6923,0.5366,0.9454,0.9181,0.7624,0.6573,1.07,0.595,0.8675,0.9026,0.6689,0.6689,0.5989,0.7663,0.7118,0.7235,0.6028,1.0116,1.0709,2.8446,1.0466,1.2569,1.0155,0.7429,0.9882,0.595,0.9493,1.0116
1/10/2022,38.0403,0.9177,0.9447,0.6443,0.9507,1.173,1.3413,1.0439,0.7945,0.9928,1.0799,1.1159,0.6353,0.6443,0.7975,0.8666,0.7915,0.8125,0.8005,0.7705,0.8306,0.7284,0.7344,0.6834,0.5422,0.7855,0.6023,0.7525,0.4941,0.6804,0.6834,0.5782,0.5962,0.431,0.5932,0.6503,0.6533,0.6203,0.6143,0.8741,2.262,0.5151,0.9387,0.8185,0.7224,0.5932,0.6443,0.7344,0.5662
1/9/2022,38.5487,0.796,0.9793,0.8387,0.9701,1.5994,0.7532,1.2634,1.4436,0.5058,0.8937,0.7349,0.967,0.7043,0.7502,0.8723,0.8357,0.7532,0.909,0.6463,0.7776,0.8112,0.8876,0.6585,0.4813,0.7929,0.6127,0.7654,0.5485,0.5791,0.6768,0.4294,0.5791,0.518,0.628,0.5149,0.686,0.5607,0.8082,1.001,2.6377,0.6005,0.9854,0.6799,0.5882,0.7349,0.5485,0.6493,0.5913
1/8/2022,43.8021,0.6536,0.6965,0.8147,1.631,1.4484,0.965,1.3982,1.008,0.9758,0.7681,0.8004,0.9937,0.6572,0.7252,0.6106,0.9113,0.8004,0.65,0.7789,0.6822,0.6285,0.8934,0.7646,0.8934,0.8899,0.872,0.582,0.6572,0.7073,0.693,0.4423,0.5032,0.6751,0.6786,0.6357,0.786,0.6572,0.5605,1.6623,4.5962,0.8505,1.1799,0.786,0.9579,0.7968,0.94,0.9042,0.6392
1/7/2022,60.8312,1.6248,1.0225,1.255,2.0369,2.7977,2.2482,1.8361,1.2761,1.1123,1.6671,1.3976,1.3554,1.1652,1.2656,1.181,1.2761,1.0278,1.0278,1.3923,1.0701,0.7689,1.1757,0.8905,1.2391,0.6897,1.0965,0.7689,0.7954,1.0331,1.012,0.8059,0.7637,0.8905,0.5893,0.7214,1.0965,1.4135,1.0172,1.6016,4.4164,1.5931,1.0701,1.1388,1.3184,1.0331,0.9116,0.8112,1.1335
1/6/2022,50.0713,1.1049,0.8566,0.823,1.1469,2.0473,0.9913,1.5129,1.067,1.0754,1.0964,0.8398,0.8146,0.844,0.6631,1.0586,0.6715,0.8608,0.7683,0.945,0.9576,0.6757,0.7683,1.2479,0.5916,0.6084,0.6926,1.1259,0.5874,0.9618,1.0123,0.5032,0.6884,0.8356,0.7346,0.5117,0.8777,0.6799,0.6841,2.4287,6.8659,0.9492,0.6126,0.6463,0.865,1.0165,0.7851,0.9702,0.9997
1/5/2022,48.801,0.9174,0.8929,1.1214,1.2887,1.0847,1.5416,0.8521,0.9827,1.6355,1.0235,1.0765,1.3132,0.7868,0.6155,0.7787,1.0031,0.7787,1.0357,0.8032,0.9378,0.7664,1.0765,1.15,1.2642,0.5502,0.7175,0.9011,0.742,1.2438,0.9215,0.7297,0.5951,0.5747,0.7093,0.7624,0.693,0.6808,1.1092,1.5869,4.3728,0.7787,0.8603,1.0724,1.0765,0.7828,0.7093,0.8236,1.0806
1/4/2022,34.9905,0.6768,0.7011,0.6066,1.025,1.2139,0.9359,0.6228,1.0358,0.5148,0.612,1.0601,0.4771,0.5661,0.5202,0.7119,0.4879,0.5283,0.747,0.5445,0.6471,0.4852,0.531,0.6282,0.6444,0.693,0.5148,0.8954,0.5148,1.0897,0.6714,0.4285,0.4744,0.3772,0.4852,0.4582,0.5121,0.8306,0.7794,1.2172,3.278,0.8468,0.5148,0.6525,0.4339,0.809,0.7362,0.747,0.5067
1/3/2022,37.7016,0.9181,0.6508,0.9003,0.829,1.5032,1.2983,0.8023,1.2419,0.9033,1.1439,0.5676,0.5439,0.6954,0.7161,0.8587,0.8231,0.6092,0.7993,0.8142,0.8171,0.5528,0.4518,0.9597,0.627,0.4845,0.5795,0.5439,0.5558,0.7934,0.5647,0.5171,0.4251,0.5171,0.3894,0.6478,0.5498,0.6478,0.6122,1.1623,3.1154,0.5023,0.6419,0.835,0.627,0.8825,0.9062,0.6063,0.5676
1/2/2022,42.5308,1.0472,0.7261,0.8469,1.1853,1.8103,1.3718,0.8746,1.4892,1.4167,0.6363,0.9609,0.7226,0.5879,0.7848,0.9643,0.6984,0.6052,0.7917,0.9505,0.8918,0.5879,0.5603,1.1197,0.6674,0.4844,0.6225,1.0541,0.5948,0.9091,0.8055,0.6777,0.7157,0.436,0.5361,0.4774,0.6087,0.8366,0.8469,1.3233,3.5923,0.6363,0.9678,0.7744,0.5361,0.6294,0.7226,0.7641,0.6812
1/1/2022,41.0906,0.6465,0.9972,0.6299,1.0204,1.5863,1.3612,1.2951,0.8351,1.1461,1.0336,1.2289,0.9741,0.7259,0.5803,0.8483,0.7358,0.6994,0.6399,0.7325,0.8417,0.6928,0.8318,0.9642,0.6961,0.5174,0.6332,1.2322,0.5274,1.2256,0.8252,0.5042,0.716,0.4281,0.5174,0.6134,0.6663,0.9608,0.9211,0.5409,1.2749,0.9311,1.1296,0.9476,0.7987,0.9741,1.0469,0.7822,0.6332
12/31/2021,44.8851,1.1331,1.0077,0.7236,1.3433,1.347,1.6642,0.9671,1.2622,1.0445,1.0335,1.2585,0.5872,0.7384,0.9154,0.8859,0.6941,0.7827,0.7273,0.6904,0.9302,0.5908,1.063,0.6646,1.0851,0.565,0.7163,1.0556,0.5908,1.063,0.9449,0.4322,0.7827,0.5687,0.624,0.4913,0.6609,0.6609,0.6056,1.4916,4.0905,0.6277,0.9597,0.613,0.7827,0.8269,0.79,0.9781,0.8232
12/30/2021,28.5711,0.6439,0.6933,0.6727,0.6645,0.7612,0.9977,0.6192,0.7056,0.393,0.6933,0.4629,0.4917,0.4608,0.576,0.5781,0.6131,0.5863,0.4485,0.4588,0.5801,0.4361,0.3662,0.6028,0.5678,0.4505,0.4732,0.7015,0.4403,0.6172,0.5452,0.3045,0.395,0.4074,0.4176,0.4547,0.5184,0.6007,0.5164,0.8266,2.1213,0.6501,0.6974,0.648,0.5184,0.5575,0.5493,0.4979,0.5884
12/29/2021,27.4496,0.4137,0.4954,0.3923,0.6471,0.6237,0.6257,0.7871,0.6315,0.5907,0.4876,0.6237,0.4954,0.5498,0.5031,0.5304,0.4098,0.5537,0.474,0.577,0.6043,0.5673,0.5829,0.6004,0.6626,0.474,0.4565,0.7696,0.3806,0.7949,0.474,0.4526,0.4681,0.3884,0.367,0.474,0.5148,0.4234,0.4448,0.8771,2.2706,0.4467,0.6587,0.3767,0.4817,0.5265,0.474,0.4973,0.5284
12/28/2021,27.4493,0.4292,0.6607,0.5654,0.6101,0.8552,0.7618,0.7988,0.5323,0.4098,0.684,0.7015,0.4176,0.4817,0.4234,0.4545,0.4759,0.4545,0.5829,0.4798,0.579,0.3962,0.5887,0.4701,0.4934,0.3689,0.439,0.7774,0.4059,0.6296,0.4565,0.4603,0.4545,0.3845,0.3417,0.4779,0.5012,0.6062,0.5926,0.9296,2.4261,0.3923,0.6626,0.5576,0.4078,0.4779,0.4487,0.4895,0.4545
12/27/2021,38.3253,0.7641,0.9915,0.8096,0.9612,0.9854,0.9187,0.8308,1.0795,1.0886,0.5821,1.316,0.5033,0.6549,0.5427,0.8035,0.8369,0.6094,0.5275,0.758,0.6913,0.6913,0.7398,0.846,0.5882,0.6943,0.6064,0.8247,0.4881,1.1917,0.8035,0.4851,0.4608,0.4881,0.5973,0.5548,0.6246,0.8035,0.4942,1.2115,3.2612,0.7944,0.57,0.8035,0.6549,0.6367,0.8065,0.5184,0.8308
12/26/2021,45.2307,1.0379,1.0863,0.673,1.2464,1.2352,0.956,1.4511,1.3506,1.3432,0.9113,0.8964,0.7624,0.6246,0.9038,0.7698,0.7959,0.8331,0.9373,0.6953,1.0751,0.7624,0.6395,0.9485,1.0006,0.6469,0.9634,0.6134,0.6097,1.1607,0.6953,0.5688,0.6767,0.5204,0.6209,0.632,0.8219,0.9783,0.6209,1.4062,3.8378,0.9895,0.8666,0.6209,1.0751,1.0006,1.0714,0.714,0.5836
12/25/2021,37.8073,0.9476,0.7211,0.6674,1.347,0.7986,1.3828,0.6704,1.4216,0.9625,0.5959,0.7896,0.7241,0.5542,0.575,0.6466,0.7211,0.6078,0.6108,0.6913,0.885,0.5422,0.5393,0.6764,0.6883,0.4379,0.6227,0.9059,0.5929,0.6913,0.7181,0.5273,0.5691,0.5601,0.4469,0.4349,0.6495,0.5422,0.8493,1.3314,3.6161,0.7569,0.5601,0.6108,0.6257,0.5929,0.9148,0.6346,0.8493
12/24/2021,33.3186,0.4983,0.5642,0.7895,1.025,1.0123,1.0478,0.8072,1.2275,0.9313,0.8072,0.9237,0.5034,0.5439,0.4654,0.7186,0.6933,0.6427,0.5971,0.6654,0.673,0.7287,0.592,0.8123,0.4882,0.5667,0.5971,0.8224,0.5313,0.8832,0.511,0.4097,0.5819,0.5034,0.5186,0.4933,0.5895,0.6553,0.6275,0.63,1.5389,0.706,0.868,0.6123,0.7161,0.6578,0.4958,0.5009,0.5439
12/23/2021,37.3759,0.8159,0.9392,0.8071,1.0538,1.4915,1.0509,0.8394,1.3035,1.0656,0.8922,1.0421,0.9334,0.7013,0.5867,0.7512,0.6161,0.6279,0.6396,0.6102,0.6132,0.7483,0.8071,0.6426,0.9481,0.5456,0.7601,0.6484,0.5368,0.8864,0.7131,0.6073,0.5603,0.4134,0.5456,0.4545,0.5809,0.7248,0.6484,0.6924,1.7237,0.6102,0.7689,0.8864,0.8511,0.6631,0.5574,0.8511,0.6191
12/22/2021,36.6847,0.7719,0.5883,0.8666,1.1161,1.3342,1.1362,0.9813,1.1563,1.1706,0.6342,0.574,0.6027,0.531,0.64,0.683,0.7949,0.6285,0.7719,0.7662,0.7547,0.5281,0.7604,0.9727,0.5424,0.4822,0.531,1.0502,0.4879,0.5769,0.5797,0.3789,0.4535,0.4908,0.442,0.4191,0.5941,0.5969,0.5338,1.0573,2.8043,0.6342,0.7031,0.8006,0.7891,0.5883,0.8608,0.7375,0.7863
12/21/2021,47.7337,1.2037,0.8223,0.7746,1.2077,1.8275,1.6368,1.7163,1.4262,0.6673,1.3865,1.3865,1.0845,0.862,0.9852,0.6633,0.87,0.8342,0.8064,0.9057,0.866,0.7666,0.7706,0.8382,0.8024,0.9892,0.9494,1.3031,0.6117,1.3825,0.8262,0.6355,0.6792,0.6792,0.5998,0.711,0.7706,0.9415,0.6554,0.8577,2.2133,1.0368,1.2951,0.6633,0.9296,0.9216,1.1163,1.0051,0.8501
12/20/2021,56.0204,1.2087,0.8197,1.1223,1.4488,2.2748,1.1607,1.7946,1.9242,1.2807,1.5785,1.3768,1.3768,0.911,0.8774,1.0598,1.0791,0.9158,1.031,1.0358,1.1895,0.9206,1.0454,0.7813,0.7909,0.9014,0.6757,0.6757,0.7573,1.0646,1.0454,0.8197,0.6613,0.5796,0.9062,0.5604,0.8726,0.8822,0.8582,1.9485,5.4438,1.3432,0.7093,1.1319,1.2039,1.1415,0.6949,1.2663,0.8726
12/19/2021,52.2222,0.8212,1.2236,0.83,1.595,1.4403,1.3386,1.343,1.7764,0.8079,1.1351,0.945,0.8698,1.0776,0.6796,0.9096,0.7637,1.0909,1.2501,1.1086,0.9096,0.8521,0.6575,0.6885,0.8256,0.7018,1.0423,0.8565,0.6089,1.2899,1.0732,0.715,0.5558,0.6266,0.8654,0.6885,0.9582,1.0909,0.6708,2.0643,5.7868,1.1307,0.7327,1.0644,0.8786,0.7371,1.144,1.1661,0.8344
12/18/2021,59.4729,1.5307,1.2785,0.8976,1.4586,2.7352,1.752,1.4432,1.7778,1.9013,1.1704,1.3814,1.5925,1.1549,0.8667,1.088,1.2116,1.0108,1.3145,1.0057,0.8873,1.3145,0.8049,0.9851,0.9182,1.0108,0.7123,0.8101,0.7843,1.2579,0.8873,0.8101,0.6145,0.9851,0.7998,0.7329,0.9645,1.0983,1.3608,1.5218,4.1801,1.4278,1.577,0.8976,1.4123,1.3814,0.8307,1.0211,0.913
12/17/2021,55.3297,1.4777,1.3594,1.4446,1.3215,2.4101,1.0754,1.6481,1.2458,1.6386,1.2079,1.2221,1.5014,0.8529,1.1559,1.0754,0.9429,1.2836,0.9997,1.2742,1.1606,1.2127,0.9523,1.3925,0.6731,0.6778,0.9239,0.8293,0.64,0.8435,1.0707,0.7062,0.763,0.8435,0.7914,0.8955,1.0044,1.2316,1.047,1.1714,3.1424,1.2742,1.0612,0.692,1.2836,0.9949,1.3215,0.7536,0.8387
12/16/2021,49.8919,0.7071,0.7657,0.6484,1.7334,1.8675,1.2642,0.8621,1.2014,1.038,1.3899,0.9542,1.0967,0.64,1.0422,1.0841,0.8369,0.9459,1.0338,0.9123,0.7532,0.7113,0.8998,0.8621,1.1134,0.6065,0.8746,1.126,0.6191,1.2391,0.8202,0.7867,0.5521,0.6442,0.7783,0.7783,0.8411,0.8537,0.7867,1.904,5.3121,1.126,0.6987,0.8621,0.8495,0.7029,0.8244,0.8286,1.1134
12/15/2021,54.3806,0.9783,1.3957,0.7232,1.7158,2.1054,1.0572,1.3726,1.1453,1.2195,1.3818,1.0618,0.7279,1.0293,1.1546,0.8114,1.0525,1.252,0.816,0.8624,1.2149,0.7186,1.1035,1.2891,1.2334,0.8299,0.6676,0.9969,0.816,0.9505,1.0896,0.7696,0.6212,0.6815,0.8485,0.5423,0.8114,1.0015,0.7186,2.0094,5.6242,1.187,1.521,0.8624,1.0201,0.9459,0.7464,0.8902,0.8067
12/14/2021,54.5529,0.7439,1.0419,0.9441,1.3491,1.9822,1.1676,1.5912,1.0977,1.3445,0.8882,1.27,1.4329,0.865,0.6741,0.8696,1.0605,0.972,0.8277,1.121,0.9348,1.1024,1.0326,1.4329,1.0744,1.0512,1.1582,1.2746,0.6927,1.4934,1.1629,0.9022,0.6555,0.5344,0.8789,0.7067,0.8463,0.6927,0.73,1.8682,5.206,1.256,0.7719,0.7951,1.0838,1.1536,1.107,0.7253,0.986
12/13/2021,54.6394,1.4446,1.1088,1.0668,1.6498,2.3074,1.4866,1.0202,2.1255,0.8709,1.1881,1.3513,1.2394,0.6844,0.675,0.9968,0.9502,0.9316,0.9829,1.2254,1.1834,0.9549,0.9082,0.717,0.717,0.8196,0.8383,0.9595,0.7776,0.9082,0.8523,0.5258,0.9409,0.5724,0.5351,0.6797,0.8849,0.7543,1.0575,2.0315,5.6895,0.7357,0.8336,0.6191,1.1181,1.3,1.0202,1.1647,1.2347
12/12/2021,52.9998,0.8822,1.0262,0.7697,1.2601,2.2681,1.5571,2.1241,2.0431,1.3141,1.3816,0.9812,1.3726,1.0127,1.0487,1.1296,0.8102,0.8102,0.9452,1.1881,1.0127,0.8237,0.9002,1.0577,1.1611,0.8147,0.7742,1.4851,0.6482,1.0397,0.8552,0.5987,0.5267,0.6392,0.5492,0.6122,0.7787,0.8237,1.2106,1.4604,3.9983,0.6932,0.7022,1.1881,0.6842,0.8372,1.1611,1.1881,0.8507
12/11/2021,49.633,0.9702,1.2325,0.8453,1.4115,1.2075,1.7404,0.8703,1.2117,1.4989,1.1867,0.966,0.8411,0.9077,0.7787,0.7662,0.6663,0.9327,1.1242,0.8786,0.9785,0.8661,1.0118,1.0326,0.5872,0.8619,0.6371,0.9993,0.6663,1.245,1.0493,0.7995,0.5913,0.7079,0.5205,0.5913,0.7828,0.9577,1.0451,1.6747,4.6329,1.2866,0.5955,1.1409,0.7787,1.1076,0.8661,0.6621,0.9202
12/10/2021,56.3655,0.9067,1.429,0.926,1.6853,1.5354,1.8788,1.5935,1.3274,1.0372,1.7047,1.695,0.7277,0.7132,1.0808,0.955,1.1775,1.2597,1.0808,1.3274,1.1872,1.0372,0.7422,1.0131,0.9695,1.0759,1.163,1.5209,0.8438,1.0711,1.105,0.6068,0.5197,0.689,0.7519,0.6406,0.8003,0.7084,1.105,1.805,5.019,1.1195,1.2259,0.6987,0.6406,1.371,0.8196,1.0324,1.0421
12/9/2021,67.7596,1.3619,1.571,0.83,2.2343,2.9515,2.0551,1.1348,1.6487,0.824,1.1527,2.1865,1.2603,0.9376,1.2184,0.9077,1.2722,1.2483,1.2603,1.0093,1.5949,1.1407,1.4455,1.2603,1.4395,0.7583,1.3559,1.338,0.8957,1.9714,1.0392,0.7284,0.6627,0.8121,0.9615,1.0571,1.0511,0.9555,1.1945,2.1307,5.9834,1.081,1.7025,0.8001,1.571,1.4395,1.3439,1.5411,1.4395
12/8/2021,64.1343,1.3736,1.1939,1.4578,1.9068,2.311,2.4962,2.21,2.4569,1.497,0.9189,2.2156,1.396,1.0929,1.2332,1.1715,1.3792,1.0311,1.1715,1.1097,1.2669,1.0929,1.2388,1.3623,1.57,0.9189,0.8908,1.9293,0.8347,1.4353,1.0255,1.0817,0.7561,1.0592,0.728,0.8403,1.048,0.9301,1.1322,0.698,1.7403,1.6879,1.1883,1.3679,1.5195,1.3174,1.57,0.8459,1.4353
12/7/2021,58.2646,1.2474,1.3881,0.7899,2.2225,1.5892,1.4786,1.4283,1.7098,1.0111,1.1418,1.0513,0.7146,1.2021,1.0111,1.0513,1.1418,0.986,1.2373,1.378,1.3529,1.172,0.8855,0.9407,1.378,1.0865,1.2775,0.8452,0.805,1.0212,0.9005,0.6743,0.6643,0.604,0.5688,0.6492,0.981,1.2675,0.7648,2.0495,5.7431,0.8603,1.4735,1.3077,0.7246,1.1569,1.2725,1.1317,0.9257
12/6/2021,60.4227,1.0683,0.9635,1.5821,1.5559,2.1482,1.9281,1.2885,2.295,1.666,1.6083,1.126,1.2466,1.0998,1.2938,0.8062,0.8796,0.8219,0.8744,0.9058,1.0264,1.0212,1.2361,1.5663,1.5559,1.1679,1.0316,0.9687,0.7381,1.0526,1.0264,0.4969,0.7748,0.9006,0.5965,0.9216,0.8482,0.9582,1.4196,1.7109,4.7401,0.953,1.2938,0.8744,0.9897,1.4143,1.451,1.2099,1.32
12/5/2021,57.7467,1.5049,0.8532,0.8482,1.3755,2.6291,1.8083,1.4452,1.9028,1.4203,0.9825,1.0024,1.2412,1.0323,1.092,1.0522,1.1815,0.7984,1.3208,1.1069,1.0124,1.1417,0.883,0.9278,0.878,0.689,1.2561,1.5297,0.8432,1.1268,0.9974,0.7587,0.8681,0.9576,0.893,0.5895,0.9377,1.0969,0.7487,1.6045,4.4249,1.082,0.7935,1.3407,1.1715,1.3307,1.4203,0.8233,1.0223
12/4/2021,41.8643,0.9388,0.932,0.8236,1.3892,1.3011,0.9422,1.0675,1.2029,0.9523,0.9794,0.9692,0.9794,0.6035,0.5561,0.8033,0.9185,0.888,0.7051,0.844,0.9862,0.8304,0.5121,0.739,0.634,0.6374,0.8947,1.1216,0.6272,0.7356,0.7322,0.634,0.5121,0.4308,0.5426,0.441,0.678,0.6238,0.8236,1.0805,2.873,1.0099,1.0234,0.7728,0.5561,0.9151,1.0742,0.7999,0.827
12/3/2021,53.0002,0.9902,1.2421,0.6977,1.5121,1.1117,1.8406,1.7776,1.6966,1.1926,0.8642,1.1746,0.8687,1.0802,0.9992,0.7877,0.8822,0.9902,0.7652,1.1072,1.0757,0.8237,0.9227,0.8732,0.6122,0.6527,1.1161,1.5346,0.7922,1.3411,0.8237,0.5402,0.8372,0.6887,0.5042,0.7832,0.7652,0.8057,1.0937,1.8977,5.2935,1.3906,0.6302,0.9947,1.0577,1.1206,0.8597,0.9407,0.6482
12/2/2021,61.631,1.3358,1.014,0.88,2.3441,2.387,2.3387,1.9794,1.4324,1.9043,1.6898,1.2983,0.7995,1.0838,1.2071,0.9819,1.2715,1.2071,1.0033,1.0891,1.3519,0.9926,1.1642,1.2661,0.9604,1.25,1.2286,1.2071,0.8907,0.9014,0.9175,0.5957,0.7673,0.8424,1.0033,0.8263,0.8531,1.5182,0.8317,1.691,4.6812,1.5128,1.309,1.0301,0.7191,0.9443,1.3465,0.9443,0.8371
12/1/2021,57.0561,1.0153,1.1968,1.1085,1.6236,1.7021,2.0553,1.0448,1.3097,1.2165,1.3195,1.6138,1.0399,1.1331,1.1968,0.7799,1.3195,1.0497,1.1576,1.1919,1.3342,0.9712,1.241,1.1135,1.4372,1.0251,0.8878,1.3342,0.7063,0.9516,0.9221,0.9565,0.5885,0.927,0.8436,0.564,0.9663,1.241,1.3097,1.27,3.4343,1.4863,1.187,1.0301,0.7799,0.9221,1.4961,1.295,0.7602
11/30/2021,57.5742,0.9301,1.4705,0.9103,1.3217,1.9018,1.2424,1.1879,1.1234,0.7963,1.0689,1.1581,1.3515,0.9004,0.7269,1.1532,1.0342,1.1185,0.8409,1.0689,1.1036,0.8855,0.6723,1.2028,0.7269,0.9351,1.1284,1.2672,0.8508,1.5647,0.8904,0.8161,0.7417,0.7318,0.6475,0.9301,1.0441,1.1234,1.1532,2.3278,6.567,1.0838,1.2573,1.2375,0.821,0.9301,1.4804,1.1334,1.0144
11/29/2021,60.9402,1.1672,1.0561,0.8337,1.8766,2.0725,1.4214,1.109,1.2255,1.5643,1.2625,1.6119,1.289,0.9025,1.2572,1.2625,1.109,0.9767,1.3472,1.3737,1.1619,1.1514,1.1937,1.2149,1.2202,1.1619,1.3314,1.919,0.7437,1.5061,1.2202,0.9025,0.7914,0.569,0.8337,0.9449,1.0984,1.0772,0.9978,1.5431,4.2431,1.2943,1.3155,1.4531,0.6643,1.2255,1.1355,0.9978,1.3102
11/28/2021,53.3447,0.9965,1.06,0.8604,1.4544,2.0666,1.7492,1.8626,2.0077,1.1688,0.7879,1.2051,1.2096,0.7743,0.7471,1.0055,0.797,0.7743,0.9965,1.0101,1.0554,1.1552,0.8151,1.3728,1.3728,1.0872,0.9285,1.5633,0.6745,1.3728,0.9965,0.7153,0.7244,0.6292,0.8468,0.5385,0.8786,1.0146,1.069,0.9473,2.4785,1.2549,1.0282,0.7108,1.0237,1.2232,1.1098,1.2595,0.9647
11/27/2021,50.6683,0.8622,1.1267,1.259,1.259,2.3428,1.8435,1.7326,1.212,1.1395,0.9944,1.6814,0.9176,0.8408,0.8664,0.6872,1.0968,0.7683,0.9134,1.0414,1.1651,1.0456,1.0371,0.764,0.6104,0.7171,1.1096,1.1992,0.636,1.1523,0.8792,0.7598,0.875,0.7598,0.6446,0.5293,0.828,1.212,0.6403,0.87,2.2496,1.2761,1.2334,0.9688,1.1779,0.7854,1.0243,1.067,0.8664
11/26/2021,57.3151,1.3058,1.2319,1.296,2.0012,2.5141,1.7941,1.8138,1.4735,1.6954,1.5574,0.8423,0.8127,0.8324,0.8127,1.1826,0.9705,1.2417,0.9212,0.9557,1.0642,0.9261,0.9064,0.9557,0.7584,0.6154,1.2023,1.2713,0.8374,0.8176,0.9508,0.7387,0.9113,0.65,0.5957,0.5957,0.793,0.7535,0.9212,2.0961,5.881,1.4834,1.0593,0.6598,0.6943,0.8472,1.3404,0.9212,0.8127
11/25/2021,56.3656,1.0324,0.9405,1.0372,2.1158,1.5499,1.9368,1.0372,1.8208,1.4629,1.7627,1.7676,1.3226,0.9454,1.1146,1.2259,0.7471,0.8003,0.9018,1.1582,1.1146,0.8389,1.0421,0.897,1.2501,0.8873,1.2355,0.8438,0.8244,1.3613,0.9647,0.6793,0.8196,0.8535,0.5246,0.6261,1.0179,1.0759,0.8051,1.3839,3.7715,0.7906,1.0808,1.0034,1.163,1.1727,1.4242,1.1969,1.0372
11/24/2021,62.3218,1.5084,1.1227,0.8185,1.3726,2.8339,1.5519,2.0027,1.6279,1.1282,1.1499,0.9869,1.6768,1.2151,1.0847,0.7968,0.9326,1.4052,1.4704,0.9598,1.0684,0.8511,1.1336,1.0412,1.3943,1.2205,0.8674,1.4324,0.8891,1.5682,1.2966,0.7588,0.8783,1.0087,0.9761,0.9924,0.8674,0.7696,1.3454,1.9629,5.4865,1.3943,0.9435,1.2314,1.3998,1.0684,1.0087,0.8946,0.9272
11/23/2021,58.2648,1.2675,1.4484,1.4183,1.4032,2.7553,2.2476,1.7098,2.1119,1.7852,1.4937,1.5892,1.3831,1.0463,1.2373,1.1116,1.2976,0.9156,0.9759,1.2122,0.9206,1.2825,0.8754,0.7799,0.8804,0.8151,0.7397,1.8204,0.7849,1.6294,1.0312,0.8955,0.6492,0.7899,0.8,0.5788,0.9056,0.7849,0.7799,1.1195,2.9887,0.7497,1.3228,1.1217,1.2122,0.8402,1.0413,0.9056,0.8101
11/22/2021,52.8268,0.9601,1.0632,1.1842,1.8925,1.1932,1.5473,1.9866,1.8701,0.6463,1.2873,1.3411,1.1887,0.6867,1.1304,0.9915,0.7136,0.987,0.9422,1.126,1.238,1.0766,0.9691,0.7315,0.9601,1.0408,0.7136,1.4218,0.8077,0.7629,0.9466,0.6598,0.7898,0.5387,0.4984,0.8346,0.866,0.7987,0.8211,1.3763,3.749,1.3546,1.0273,1.256,0.7225,0.9735,1.0722,1.1618,0.9198
11/21/2021,37.5481,0.8965,0.7576,0.9674,1.2422,0.8551,1.3486,0.9586,0.9054,0.5833,1.0088,1.2156,0.5242,0.6779,0.6867,0.6513,0.8345,0.5803,0.7104,0.7754,0.6631,0.539,0.7842,0.7517,0.6542,0.4296,0.8108,0.7458,0.5212,0.7783,0.7281,0.3912,0.6306,0.536,0.5744,0.5449,0.5715,0.7754,0.5094,0.8685,2.2453,0.8285,0.997,0.8699,0.6808,0.9024,0.5922,0.7517,0.6926
11/20/2021,45.144,0.6978,0.9727,0.943,1.1064,0.9541,1.4481,1.1584,1.6636,1.4073,1.3181,1.3107,1.0804,0.6384,0.7461,0.8761,0.6978,0.7907,0.9764,0.9393,1.073,0.6867,0.6867,0.7238,0.7461,0.5195,0.5493,0.8055,0.6347,1.3887,0.813,0.4675,0.4935,0.6198,0.579,0.7238,0.6941,0.8761,0.6161,1.2796,3.4628,0.683,1.0433,0.9987,0.9578,0.7387,1.0656,0.7461,0.7461
11/19/2021,49.9783,0.9139,1.2581,0.6998,1.1825,1.4554,1.7157,1.7115,1.086,1.5939,0.9097,1.1783,0.7208,0.7712,0.8299,0.9433,0.9601,1.1322,0.8761,0.9181,0.9097,0.8887,0.5822,1.1196,0.8887,0.6368,0.7879,1.0692,0.6998,1.5813,0.9055,0.6578,0.4857,0.5403,0.6536,0.5948,0.7586,1.0692,0.8215,1.6024,4.4189,1.1951,0.5697,0.746,1.023,0.8173,0.8719,1.0986,1.128
11/18/2021,53.2582,0.7777,0.9044,1.1804,1.9363,2.3572,1.7145,1.6104,1.4384,1.6104,1.2031,1.71,1.2257,0.8365,0.6962,0.6962,1.1804,1.0266,1.013,0.8908,1.0854,0.8636,0.8727,0.927,0.7822,0.583,0.7279,1.4022,0.6192,0.9496,1.108,0.4971,0.9089,0.6192,0.8682,0.755,0.8139,1.1804,0.8048,1.5033,4.1253,0.7595,0.8727,0.918,0.918,1.2438,0.9723,0.7595,0.8093
11/17/2021,54.38,0.8206,1.3865,0.7371,1.4282,1.8688,1.1314,1.1824,1.6276,1.674,1.3818,1.9662,1.2844,0.9737,0.6768,0.867,1.2705,1.1035,1.034,1.0525,0.9922,0.765,1.1128,1.3772,0.7279,0.8856,0.7928,0.7511,0.7696,0.7696,1.1314,0.7047,0.5145,0.7696,0.7,0.6537,0.9134,0.8299,0.8856,1.7366,4.8163,1.1917,0.7974,0.6629,1.1638,0.918,1.2752,1.1314,1.1731
11/16/2021,53.3443,1.0055,1.0191,1.2368,1.8399,1.1733,1.137,1.06,1.8716,0.8423,0.8922,1.722,0.9466,0.67,1.0373,0.874,0.7244,0.9965,0.8559,0.9421,1.2323,1.06,1.0962,1.0327,1.0146,0.8332,0.6927,1.5678,0.7697,1.2413,0.806,0.6201,0.5793,0.806,0.8604,0.534,0.8559,0.8695,0.7788,1.8755,5.2277,0.9647,1.1144,1.1144,1.0327,0.9874,0.9829,1.0237,0.9239
11/15/2021,46.6113,0.8578,1.0856,1.1088,1.7189,1.3984,1.3636,0.9157,0.9582,1.4717,0.7265,1.1165,1.1204,0.881,0.8308,0.7767,0.9698,1.0238,0.8153,0.935,0.9659,0.7883,0.8076,1.1744,0.9775,0.9505,0.9157,1.0702,0.6725,0.7729,0.8424,0.5991,0.5566,0.6184,0.5798,0.6493,0.7381,0.8231,0.6956,1.3362,3.6305,0.9891,1.2671,0.5837,0.5566,0.6686,1.0316,0.6532,0.6223
11/14/2021,48.856,0.8857,0.8735,0.6896,1.184,1.1595,1.7355,0.8939,1.0696,1.1023,1.5762,0.8571,0.755,0.7223,0.6529,0.706,0.8081,0.996,0.7958,0.898,0.8204,0.9879,0.8326,0.6406,0.5834,0.5957,0.8367,0.8285,0.5793,1.5435,1.0124,0.5466,0.7999,0.7836,0.7386,0.6488,0.804,0.7591,1.0165,2.1684,6.0951,0.6733,0.7386,0.9184,0.7918,1.1799,0.7795,0.9552,0.8367
11/13/2021,40.4833,0.9658,0.943,0.9008,1.453,1.5927,0.8586,1.1704,0.9787,1.0697,0.9787,1.3978,0.6702,0.8033,0.5662,0.576,0.8618,0.9203,0.6377,0.9398,0.8228,0.8358,0.5889,0.5695,0.7286,0.5662,0.6149,1.1347,0.5987,1.2743,0.6442,0.6247,0.6214,0.6344,0.4525,0.6442,0.7124,0.7871,0.8033,0.7414,1.869,1.0502,0.563,0.6312,0.6604,0.6702,0.9658,0.6149,0.7741
11/12/2021,41.9504,0.771,0.866,0.5435,1.0969,1.8065,0.8457,1.4466,1.1309,0.8932,1.1037,0.9747,0.9407,0.7031,0.788,0.6114,0.6623,0.8627,0.8151,0.8593,0.8898,0.7812,0.7336,0.5639,0.9306,0.7099,0.6284,0.7404,0.5707,1.141,0.7031,0.642,0.7065,0.6589,0.5605,0.6623,0.754,0.8898,0.6725,0.9919,2.6108,0.9102,0.8932,0.9815,0.9747,1.0086,0.6759,0.6657,0.5775
11/11/2021,47.2161,1.1628,0.9549,0.8843,1.3863,1.5784,1.0137,1.551,1.4804,1.1628,0.7196,0.9627,0.9471,0.8333,0.6059,0.9392,0.8255,0.849,0.7078,0.8294,0.9157,0.9824,1.0843,1.1471,0.6804,0.9392,0.7902,1.002,0.5902,0.6726,0.8373,0.6216,0.5706,0.5824,0.7902,0.5706,0.7824,0.7157,0.9314,1.5198,4.1743,0.6882,1.0333,0.7431,1.1118,1.0255,0.9118,0.6412,0.7667
11/10/2021,50.4961,1.0591,0.9273,0.8424,1.2376,2.0535,1.0123,0.9826,1.0038,0.8679,1.62,1.671,1.0336,1.0378,0.8041,0.6681,1.0506,0.9741,0.9443,0.9018,1.1526,0.8084,1.1143,0.6851,0.7106,0.9188,0.8254,1.1228,0.7786,1.5818,0.7786,0.7149,0.6724,0.6171,0.5406,0.5959,0.7914,1.1568,1.1186,1.721,4.77,0.6724,0.8254,0.7871,0.8721,0.7404,0.8636,0.8594,1.0081
11/9/2021,52.5676,1.1338,0.8842,1.1561,1.3967,2.092,1.0892,1.4056,1.9895,0.7327,0.9154,1.2363,1.0045,0.6837,0.9154,0.8708,1.0758,0.8486,0.9199,1.0179,0.7862,0.7639,0.6614,0.9511,1.2274,1.058,1.0357,1.6062,0.746,1.1605,0.9421,0.5499,0.8396,0.7817,0.6614,0.8352,0.8486,0.8797,0.7772,1.5088,4.1415,1.3388,1.2719,1.1873,0.853,0.7416,1.1382,0.7238,1.1828
11/8/2021,50.8417,1.0363,1.0792,0.8093,1.4648,2.1374,1.9446,1.8803,1.5719,0.8221,1.5033,1.4391,0.9207,0.7236,0.7065,1.1649,0.8821,0.8179,0.8136,1.152,0.9635,1.0578,1.0149,1.3448,1.3191,0.6765,0.9507,0.9592,0.7022,0.865,0.9421,0.4751,0.4923,0.5051,0.8478,0.7536,0.7493,0.8136,0.9892,1.3346,3.6256,0.8993,0.9121,0.6251,0.7022,1.0792,1.0321,0.6722,0.6679
11/7/2021,56.97,0.9355,0.8963,1.3517,1.9296,1.7631,2.1206,1.8953,2.2185,1.7288,1.7729,1.9492,1.0579,0.8376,1.0383,1.0089,1.2391,0.9502,1.3224,0.9306,1.337,0.7788,1.2783,0.8473,1.102,0.769,1.0873,1.1559,0.6808,0.9796,0.8718,0.4948,0.6711,0.5878,0.5241,0.7886,0.8522,1.2979,1.0041,1.1284,3.0148,0.7445,1.2734,0.9453,0.769,1.1412,1.386,1.2293,1.2832
11/6/2021,43.5046,0.7809,1.0152,1.0294,1.3951,1.7537,0.9016,0.788,1.0472,1.175,1.2993,1.2815,0.614,0.7276,0.7525,0.6211,0.7738,0.9052,0.9833,0.9904,0.93,0.9655,0.7596,0.9016,0.7951,0.6886,0.6886,0.6176,0.6211,1.1146,0.8235,0.401,0.5359,0.5182,0.5182,0.5679,0.6744,0.8057,0.891,1.2708,3.4367,0.8235,0.8945,0.6034,0.717,0.7028,0.5856,0.962,0.8554
11/5/2021,43.0726,0.9453,1.0014,1.061,1.6152,1.061,0.9418,1.3942,1.0014,0.6822,0.6156,1.068,1.0505,0.8366,0.6577,0.6016,0.9207,0.6787,0.8962,0.7033,0.8927,0.7875,0.8857,0.798,0.6507,0.6261,0.7594,1.2644,0.6331,0.7348,0.8576,0.5735,0.5314,0.6226,0.6401,0.4578,0.7839,0.791,0.9137,1.0475,2.7755,0.9207,0.9032,0.9558,0.9768,0.805,0.8997,0.8962,0.9558
11/4/2021,34.4407,0.751,0.7695,0.751,0.7986,0.8383,0.7193,0.7193,0.6902,0.632,0.9202,1.1053,0.8726,0.484,0.6056,0.4919,0.7378,0.7669,0.7378,0.5844,0.5368,0.5448,0.5501,0.6664,0.6505,0.5871,0.6902,0.6426,0.521,1.0313,0.5791,0.365,0.4734,0.3835,0.5844,0.4311,0.5474,0.5844,0.4654,1.1731,3.1475,0.5606,0.9149,0.6955,0.6267,0.7457,0.5157,0.6056,0.6452
11/3/2021,32.2832,0.5236,0.6766,0.8442,1.1526,1.1526,0.8223,0.6936,0.7616,0.5552,0.9146,0.5528,0.7397,0.5625,0.6645,0.6499,0.4775,0.5649,0.5965,0.6402,0.5091,0.5285,0.4483,0.7567,0.798,0.5722,0.5406,0.5503,0.5115,0.8199,0.6548,0.4241,0.4095,0.4799,0.3561,0.5091,0.594,0.6936,0.6548,0.9139,2.3796,0.6013,0.5503,0.4168,0.7592,0.4823,0.7397,0.5091,0.5746
11/2/2021,25.1185,0.5724,0.4885,0.4628,0.5792,0.8908,0.8155,0.7179,0.6939,0.367,0.6135,0.7247,0.3943,0.5142,0.4508,0.4662,0.4594,0.4953,0.3995,0.4166,0.4234,0.4457,0.3498,0.5296,0.533,0.3978,0.5125,0.4971,0.3498,0.5587,0.4936,0.3413,0.3687,0.3053,0.3772,0.3242,0.4662,0.557,0.444,0.7841,1.9954,0.42,0.4782,0.4594,0.3652,0.5039,0.4029,0.4851,0.4269
11/1/2021,21.7522,0.4252,0.4018,0.3234,0.615,0.7401,0.6686,0.6026,0.7333,0.4665,0.5325,0.6494,0.4665,0.3757,0.4321,0.4706,0.4087,0.3812,0.4211,0.4335,0.3908,0.4775,0.3743,0.4403,0.4665,0.3138,0.4403,0.5256,0.3221,0.3798,0.3496,0.3289,0.3647,0.3702,0.3152,0.3276,0.4101,0.4101,0.4445,0.4235,0.9274,0.5105,0.3578,0.4266,0.5008,0.4431,0.4087,0.3523,0.4018
10/31/2021,20.4575,0.4681,0.4183,0.3398,0.4532,0.4893,0.6513,0.5254,0.6712,0.2987,0.4918,0.64,0.4731,0.3311,0.3049,0.4171,0.3423,0.4258,0.3772,0.4532,0.4731,0.4071,0.437,0.3959,0.3884,0.4208,0.4196,0.4557,0.3,0.437,0.3473,0.2925,0.3473,0.275,0.3261,0.275,0.3411,0.4283,0.3809,0.4887,1.1203,0.3959,0.3872,0.3697,0.4445,0.371,0.4557,0.3162,0.3884
10/30/2021,22.5292,0.4921,0.5299,0.5168,0.4921,0.8423,0.7086,0.5299,0.4384,0.5895,0.5023,0.6011,0.4558,0.4282,0.479,0.4907,0.3715,0.3817,0.511,0.5154,0.5125,0.4209,0.5008,0.3977,0.5081,0.3672,0.3454,0.357,0.3367,0.4761,0.4732,0.3483,0.2844,0.3018,0.3192,0.3657,0.3817,0.479,0.4602,0.3772,0.7901,0.4878,0.4921,0.5255,0.4587,0.4325,0.5604,0.4137,0.479
10/29/2021,24.6007,0.414,0.6082,0.4937,0.751,0.7576,0.6813,0.4721,0.8539,0.346,0.663,0.7792,0.4522,0.5086,0.4771,0.3775,0.4771,0.4373,0.5153,0.4041,0.5319,0.4373,0.429,0.4057,0.5983,0.3592,0.4821,0.6813,0.3609,0.4439,0.4655,0.409,0.3659,0.424,0.3775,0.3393,0.3891,0.5651,0.4439,0.5044,1.1669,0.4987,0.4821,0.5252,0.3443,0.5369,0.5518,0.4738,0.5385
10/28/2021,26.4133,0.6657,0.4134,0.3932,0.8774,1.0487,0.9087,0.7725,0.7596,0.6988,0.8001,0.5128,0.3913,0.3913,0.4668,0.5681,0.5257,0.6031,0.592,0.522,0.4502,0.43,0.4613,0.4355,0.6049,0.4097,0.5533,0.4981,0.3692,0.6252,0.5202,0.4226,0.3195,0.4539,0.3876,0.3563,0.4852,0.5165,0.5994,0.4995,1.1523,0.4318,0.4484,0.4779,0.4355,0.5791,0.4686,0.5368,0.5736
10/27/2021,29.9522,0.6057,0.5377,0.4103,1.0184,0.7989,0.6672,0.676,0.5947,0.4674,0.8582,0.7286,0.452,0.4147,0.4059,0.6167,0.5113,0.5267,0.4938,0.5333,0.5399,0.4147,0.4235,0.5442,0.7374,0.4455,0.5728,0.8143,0.474,0.7594,0.5552,0.3357,0.4279,0.4652,0.4981,0.3642,0.4872,0.4981,0.4586,1.2406,3.3471,0.4872,0.6233,0.6233,0.5442,0.496,0.5289,0.4586,0.4696
10/26/2021,27.6217,0.4806,0.4296,0.6513,0.9496,0.614,0.7671,0.7239,0.7906,0.5807,0.5297,0.8868,0.5826,0.4924,0.4806,0.5532,0.5454,0.5728,0.4669,0.6003,0.5885,0.4002,0.4787,0.7004,0.5081,0.4257,0.4708,0.4943,0.4414,0.6415,0.5689,0.3158,0.4433,0.3217,0.3099,0.3236,0.4708,0.4139,0.41,0.8006,2.0443,0.4747,0.669,0.459,0.4414,0.6101,0.5454,0.5336,0.618
10/25/2021,23.7373,0.3791,0.3807,0.3854,0.5695,0.749,0.7663,0.7474,0.5853,0.4452,0.4562,0.3728,0.365,0.4232,0.4515,0.5129,0.4436,0.461,0.5129,0.3917,0.5239,0.4232,0.4688,0.5176,0.5491,0.3146,0.42,0.3933,0.387,0.4405,0.4169,0.324,0.3665,0.3209,0.4027,0.3209,0.4326,0.5475,0.4751,0.6799,1.6867,0.5963,0.3838,0.3414,0.4972,0.4924,0.5617,0.5459,0.5082
10/24/2021,21.0615,0.373,0.4148,0.4684,0.663,0.569,0.4801,0.4436,0.6304,0.3156,0.4083,0.6304,0.4462,0.3939,0.4122,0.3639,0.4161,0.3691,0.3404,0.3992,0.3704,0.454,0.3143,0.4697,0.3339,0.3404,0.3234,0.4096,0.2999,0.5115,0.3417,0.2555,0.3404,0.2908,0.3182,0.2751,0.3848,0.3952,0.4775,0.6883,1.7114,0.4331,0.4592,0.3913,0.3743,0.4174,0.3939,0.3195,0.4292
10/23/2021,21.5795,0.4695,0.445,0.4844,0.661,0.5917,0.4953,0.6895,0.536,0.4206,0.3853,0.4084,0.46,0.388,0.3744,0.4152,0.4776,0.445,0.3486,0.4355,0.3541,0.3717,0.2984,0.498,0.5265,0.3025,0.4233,0.5415,0.3459,0.551,0.4288,0.316,0.3513,0.3323,0.3704,0.2835,0.3894,0.4627,0.3486,0.4841,1.1067,0.5048,0.3337,0.4505,0.4899,0.498,0.5143,0.4681,0.3025
10/22/2021,32.5416,0.7949,0.5912,0.7802,1.114,1.1606,1.0281,0.7262,1.0993,0.5152,0.8612,0.5765,0.7753,0.5078,0.4415,0.6771,0.6035,0.6845,0.6943,0.5225,0.6575,0.6673,0.5569,0.5839,0.5078,0.5299,0.4514,0.6035,0.4833,0.5912,0.5863,0.5593,0.4808,0.5299,0.3925,0.5103,0.5225,0.6011,0.7164,0.9001,2.3389,0.6673,0.4587,0.6133,0.3949,0.5446,0.6673,0.5544,0.7164
10/21/2021,22.4426,0.4945,0.4714,0.5104,0.7559,0.8614,0.7415,0.7891,0.6982,0.5494,0.5133,0.5855,0.4252,0.3414,0.4324,0.3876,0.3862,0.4512,0.4209,0.4411,0.4512,0.4873,0.509,0.4107,0.4627,0.3111,0.444,0.34,0.3385,0.4541,0.4627,0.3443,0.3501,0.3096,0.3385,0.301,0.4194,0.4844,0.3458,0.4375,0.9689,0.4469,0.4035,0.3674,0.4281,0.4483,0.3775,0.4151,0.3284
10/20/2021,20.6299,0.3574,0.4079,0.3233,0.4875,0.4471,0.5216,0.5986,0.5064,0.3637,0.4849,0.4976,0.3915,0.4193,0.3763,0.4344,0.413,0.418,0.4142,0.4079,0.4685,0.4104,0.3549,0.5077,0.3624,0.2841,0.4167,0.4256,0.3119,0.49,0.3422,0.2879,0.2829,0.3447,0.3321,0.3208,0.3511,0.3826,0.3346,0.6901,1.717,0.3233,0.3624,0.3081,0.4092,0.3965,0.4066,0.4357,0.2993
10/19/2021,20.8026,0.433,0.4662,0.4355,0.6173,0.7364,0.4983,0.7197,0.584,0.4816,0.5213,0.6544,0.3664,0.3472,0.3856,0.3651,0.351,0.3369,0.488,0.4125,0.4125,0.3728,0.3408,0.3229,0.3933,0.3792,0.4163,0.4381,0.3318,0.415,0.4163,0.3459,0.3357,0.3344,0.278,0.2909,0.351,0.4074,0.3203,0.4986,1.1496,0.3843,0.52,0.3331,0.3664,0.3715,0.3779,0.3753,0.3229
10/18/2021,26.2403,0.4749,0.4166,0.5661,0.8306,0.8762,0.9218,0.6355,0.6227,0.5862,0.7194,0.5862,0.3819,0.4457,0.4348,0.4968,0.3819,0.5351,0.4166,0.5898,0.5753,0.4439,0.4859,0.4457,0.5862,0.5224,0.422,0.6646,0.3691,0.4968,0.4658,0.3144,0.3564,0.3472,0.3655,0.3235,0.4658,0.4968,0.433,0.8504,2.1917,0.495,0.391,0.5734,0.4421,0.402,0.391,0.4804,0.5242
10/17/2021,27.0179,0.4025,0.6212,0.6935,0.6801,0.9559,0.7866,0.7011,0.7562,0.5927,0.6725,0.798,0.4843,0.5413,0.4025,0.6022,0.5318,0.3987,0.4462,0.5014,0.6307,0.4824,0.4881,0.4063,0.3816,0.5261,0.5432,0.7752,0.3778,0.4767,0.431,0.4595,0.3169,0.4652,0.3702,0.4044,0.4557,0.5717,0.6212,0.6309,1.5415,0.5927,0.6744,0.4957,0.4291,0.5851,0.4995,0.4348,0.3816
10/16/2021,23.9961,0.5714,0.5298,0.461,0.8209,0.9825,0.493,0.541,0.7361,0.469,0.6338,0.6082,0.4098,0.477,0.3762,0.4098,0.4338,0.4242,0.397,0.4338,0.5058,0.4338,0.4914,0.4082,0.5666,0.4786,0.3458,0.3714,0.3842,0.4194,0.3986,0.309,0.3138,0.3074,0.365,0.3554,0.4434,0.4002,0.3362,0.6972,1.738,0.5474,0.6194,0.4818,0.3298,0.3794,0.501,0.3826,0.477
10/15/2021,25.2049,0.4179,0.3972,0.5641,0.583,0.7843,0.774,0.7361,0.7534,0.5658,0.5004,0.7895,0.5211,0.4299,0.3628,0.3697,0.5469,0.5658,0.4299,0.423,0.528,0.3869,0.4144,0.626,0.5555,0.3284,0.5349,0.6398,0.411,0.4695,0.4437,0.4093,0.3766,0.349,0.3525,0.4299,0.4419,0.4368,0.5176,0.6717,1.6625,0.54,0.528,0.4144,0.4626,0.4574,0.4454,0.4007,0.4557
10/14/2021,27.8805,0.5166,0.5106,0.4629,0.938,0.61,0.5881,0.9579,0.9301,0.7333,0.8426,0.5762,0.4152,0.4152,0.5345,0.439,0.443,0.4927,0.5046,0.5881,0.6199,0.4669,0.3854,0.7154,0.4987,0.4609,0.3794,0.5921,0.3893,0.7174,0.5543,0.4569,0.3118,0.3277,0.4609,0.4549,0.445,0.439,0.5384,0.8426,2.1686,0.5404,0.6359,0.5524,0.6199,0.4907,0.4728,0.4351,0.4092
10/13/2021,27.0173,0.4519,0.5356,0.4291,0.9521,0.5736,0.7752,0.8323,0.5508,0.7885,0.5451,0.5242,0.6003,0.5166,0.5546,0.5071,0.5204,0.5299,0.4234,0.5204,0.5736,0.4044,0.3911,0.5774,0.5432,0.4843,0.5717,0.4386,0.4291,0.4215,0.5698,0.3492,0.4006,0.3055,0.3378,0.3245,0.4862,0.5375,0.4519,0.9199,2.3973,0.5223,0.4025,0.4253,0.4786,0.5109,0.625,0.4386,0.5679
10/12/2021,33.5778,0.7626,0.7191,0.6987,0.9826,1.0542,0.8777,1.0414,0.7754,0.4787,0.934,0.9084,0.4583,0.6731,0.5299,0.7447,0.4762,0.755,0.8112,0.6885,0.6092,0.6271,0.6219,0.7243,0.6296,0.3994,0.7038,0.9263,0.5171,0.755,0.5836,0.535,0.4838,0.5171,0.3636,0.425,0.5682,0.801,0.5171,0.7284,1.8302,0.7959,0.6475,0.6399,0.4173,0.7115,0.6987,0.691,0.7396
10/11/2021,26.7585,0.4987,0.5756,0.4105,0.6731,0.6938,0.8757,0.7913,0.6675,0.5812,0.7501,0.8983,0.6675,0.3805,0.5362,0.5268,0.5118,0.4368,0.4949,0.4781,0.6019,0.4499,0.6169,0.6675,0.6338,0.4949,0.4837,0.6581,0.3936,0.4162,0.4949,0.4237,0.3936,0.4218,0.3355,0.4462,0.4856,0.5212,0.4818,0.5886,1.4162,0.4312,0.4743,0.3561,0.6169,0.5043,0.5775,0.4424,0.4818
10/10/2021,21.9252,0.4619,0.4145,0.3463,0.5566,0.849,0.441,0.6791,0.5761,0.5538,0.5176,0.3811,0.331,0.3714,0.4479,0.3491,0.3658,0.4855,0.4605,0.4995,0.3867,0.4786,0.3157,0.3519,0.5217,0.3811,0.3714,0.4981,0.3365,0.4647,0.4326,0.3477,0.3157,0.3338,0.3268,0.3115,0.3783,0.512,0.4466,0.5793,1.3888,0.3672,0.5245,0.3171,0.3714,0.4382,0.3839,0.4883,0.4674
10/9/2021,27.6217,0.6356,0.5591,0.5748,0.7769,0.7004,0.9084,0.7004,0.7161,0.5728,0.6768,0.5199,0.408,0.5002,0.4669,0.5748,0.5356,0.5964,0.4512,0.6435,0.5002,0.5807,0.4237,0.4257,0.6533,0.3766,0.4453,0.4649,0.3825,0.4669,0.4806,0.4728,0.3472,0.3295,0.3884,0.3707,0.4355,0.4551,0.4335,0.9943,2.6178,0.5159,0.5709,0.4041,0.355,0.4669,0.5787,0.5983,0.5689
10/8/2021,22.9607,0.4389,0.5751,0.5751,0.7531,0.5871,0.7875,0.7067,0.7486,0.3716,0.6589,0.6873,0.3462,0.3806,0.3567,0.3716,0.4434,0.4524,0.5392,0.4255,0.4375,0.4644,0.3447,0.4823,0.403,0.3462,0.4569,0.6035,0.3522,0.4988,0.4644,0.3552,0.4045,0.3567,0.2849,0.3776,0.3806,0.436,0.3716,0.4189,0.9138,0.5437,0.3582,0.4719,0.4345,0.4225,0.5482,0.421,0.4015
10/7/2021,25.5503,0.63,0.6037,0.3773,0.7406,1.0442,0.5633,0.7248,0.8178,0.372,0.4106,0.5615,0.3983,0.4545,0.4861,0.3878,0.5001,0.5633,0.4089,0.5844,0.4352,0.5036,0.3983,0.5545,0.3913,0.4527,0.5317,0.4457,0.4159,0.3913,0.4106,0.3036,0.3702,0.2913,0.3158,0.3422,0.4317,0.4492,0.4738,1.0155,2.6805,0.3632,0.3492,0.3527,0.5756,0.4176,0.4247,0.3843,0.4492
10/6/2021,28.4853,0.4698,0.7198,0.6849,0.7034,0.603,0.6645,0.5907,0.6317,0.5149,0.5149,0.9553,0.4268,0.4207,0.5682,0.5231,0.6522,0.4309,0.4924,0.5313,0.6255,0.6255,0.4719,0.4576,0.4637,0.5538,0.4002,0.644,0.4494,0.7546,0.5846,0.2998,0.4043,0.4883,0.3818,0.4883,0.5313,0.4268,0.4166,0.8813,2.2831,0.5989,0.7321,0.5313,0.6071,0.5989,0.5088,0.5682,0.6091
10/5/2021,27.2762,0.5483,0.6447,0.6582,0.6235,1.1324,0.8625,0.7141,0.7295,0.4173,0.6312,0.7373,0.6621,0.5387,0.4712,0.5156,0.5483,0.5599,0.558,0.6023,0.5368,0.4558,0.5059,0.691,0.5406,0.3614,0.5214,0.4192,0.4308,0.4963,0.5233,0.4096,0.398,0.4038,0.3671,0.3864,0.4404,0.5695,0.5676,0.6143,1.4924,0.4558,0.5117,0.4693,0.4809,0.5059,0.5888,0.5695,0.4076
10/4/2021,23.0466,0.442,0.4781,0.3472,0.7445,0.6858,0.7084,0.5127,0.5805,0.6421,0.4014,0.6662,0.4601,0.4706,0.4781,0.5112,0.442,0.4074,0.4887,0.5323,0.3894,0.3472,0.4902,0.5744,0.445,0.4706,0.3307,0.5458,0.3442,0.3848,0.3653,0.3367,0.2765,0.3442,0.3593,0.3262,0.3803,0.424,0.4164,0.6597,1.6268,0.3683,0.4044,0.3909,0.3367,0.4751,0.4179,0.3427,0.4736
10/3/2021,25.1185,0.3892,0.6169,0.4988,0.6374,0.9233,0.6254,0.658,0.7401,0.6956,0.5707,0.557,0.4628,0.5073,0.5364,0.4423,0.5775,0.4457,0.557,0.4628,0.545,0.533,0.3447,0.5621,0.5467,0.4234,0.408,0.6785,0.4046,0.7333,0.4149,0.4406,0.444,0.2899,0.3224,0.3259,0.4714,0.3738,0.4115,0.5448,1.2864,0.5244,0.4594,0.3618,0.4697,0.4252,0.5159,0.42,0.533
10/2/2021,23.0468,0.427,0.5383,0.3668,0.5594,0.594,0.6617,0.4405,0.7099,0.6121,0.5082,0.749,0.4676,0.3608,0.3608,0.3608,0.3668,0.3788,0.4766,0.4375,0.4345,0.4917,0.3442,0.5323,0.5052,0.3924,0.3788,0.3698,0.3292,0.5398,0.3713,0.3683,0.3773,0.3051,0.3382,0.3427,0.4134,0.5067,0.5052,0.5924,1.4276,0.4691,0.5278,0.3954,0.4526,0.4691,0.5579,0.4736,0.4586
10/1/2021,22.7879,0.4388,0.3693,0.489,0.6635,0.8632,0.7123,0.6369,0.631,0.4935,0.6029,0.6488,0.3412,0.4728,0.4536,0.4876,0.3397,0.4195,0.4343,0.3914,0.384,0.353,0.4609,0.4062,0.458,0.3486,0.4447,0.3471,0.316,0.6547,0.4757,0.3234,0.3397,0.3145,0.3678,0.3619,0.3707,0.3397,0.3633,0.5497,1.3009,0.56,0.5009,0.4299,0.4018,0.4669,0.4373,0.5068,0.3145
9/30/2021,22.1834,0.544,0.4092,0.5198,0.6886,0.5127,0.7298,0.4674,0.4886,0.6347,0.5227,0.5255,0.534,0.3383,0.3979,0.4276,0.4177,0.4943,0.3737,0.4475,0.4475,0.4418,0.361,0.3411,0.4404,0.3383,0.4092,0.5411,0.3142,0.4503,0.3908,0.3766,0.2872,0.3156,0.2787,0.2858,0.3652,0.4915,0.3468,0.6722,1.6639,0.4021,0.3808,0.3922,0.4347,0.4007,0.3482,0.4135,0.378
9/29/2021,17.6091,0.2897,0.356,0.2829,0.3973,0.4665,0.5049,0.5731,0.3963,0.4857,0.3031,0.4636,0.3656,0.2829,0.2858,0.3031,0.2791,0.3483,0.3569,0.3002,0.3002,0.3704,0.2829,0.3329,0.3108,0.3627,0.2945,0.3031,0.2743,0.3752,0.3339,0.2349,0.307,0.2493,0.2887,0.2493,0.3108,0.3646,0.3771,0.5868,1.4108,0.3646,0.2714,0.3329,0.3781,0.306,0.331,0.3675,0.2964
9/28/2021,21.5799,0.3568,0.479,0.3975,0.6936,0.4559,0.5673,0.6012,0.536,0.6392,0.4383,0.4559,0.4491,0.3595,0.4125,0.4681,0.3568,0.4016,0.4926,0.388,0.4885,0.3215,0.2984,0.5469,0.4573,0.2862,0.3283,0.4817,0.3609,0.551,0.3894,0.3323,0.2943,0.2767,0.3093,0.3405,0.3554,0.3867,0.3323,0.7233,1.8153,0.3188,0.5618,0.3215,0.3106,0.3405,0.3962,0.3581,0.3473
9/27/2021,24.4279,0.5084,0.5133,0.6135,0.6037,0.9404,0.6086,0.5429,0.8501,0.7548,0.6381,0.4755,0.3638,0.3769,0.3737,0.3589,0.5182,0.4032,0.4689,0.5379,0.4328,0.3638,0.5133,0.4131,0.3999,0.4262,0.3359,0.4065,0.3622,0.4344,0.4755,0.2784,0.303,0.3112,0.4164,0.4229,0.3917,0.3835,0.5445,0.7547,1.9081,0.6086,0.5314,0.3392,0.5692,0.4459,0.4328,0.3983,0.3737
9/26/2021,21.234,0.4525,0.3744,0.4472,0.4737,0.7768,0.5465,0.5147,0.6921,0.3162,0.614,0.6206,0.3374,0.3361,0.3427,0.4525,0.4724,0.475,0.3334,0.4155,0.3612,0.4049,0.4472,0.3784,0.4605,0.3969,0.348,0.5385,0.3281,0.3969,0.3983,0.3056,0.3824,0.2672,0.2646,0.3493,0.3996,0.3652,0.4644,0.494,1.1362,0.3136,0.4922,0.4922,0.4499,0.3414,0.3652,0.479,0.4194
9/25/2021,19.5945,0.3441,0.3754,0.4299,0.4414,0.5597,0.3846,0.5296,0.489,0.409,0.547,0.3754,0.4264,0.3614,0.3,0.3116,0.4009,0.3522,0.307,0.3278,0.4357,0.3336,0.3638,0.4785,0.2988,0.3661,0.3545,0.3986,0.2942,0.3278,0.3243,0.3348,0.3557,0.2548,0.3417,0.3186,0.3649,0.2942,0.3441,0.6569,1.6185,0.373,0.3116,0.38,0.3452,0.4496,0.4681,0.4357,0.2988
9/24/2021,17.9543,0.31,0.3578,0.4145,0.5499,0.4404,0.4344,0.5409,0.5479,0.308,0.3727,0.519,0.3717,0.3349,0.301,0.3439,0.3528,0.3389,0.3807,0.318,0.3369,0.3389,0.3628,0.4145,0.2772,0.2622,0.2742,0.321,0.2881,0.309,0.3289,0.2563,0.2513,0.2672,0.2911,0.2513,0.2941,0.3857,0.3518,0.5405,1.274,0.2931,0.4384,0.3876,0.2682,0.3608,0.2871,0.3419,0.3628
9/23/2021,20.6301,0.4887,0.3536,0.3574,0.6883,0.5456,0.4281,0.466,0.4155,0.5696,0.4609,0.5822,0.3991,0.4231,0.3435,0.4508,0.3473,0.4142,0.346,0.3637,0.3662,0.4369,0.3182,0.4092,0.4534,0.3751,0.4231,0.4268,0.2968,0.4761,0.3877,0.2942,0.3498,0.3106,0.2664,0.2677,0.3713,0.3144,0.3877,0.5556,1.3186,0.3915,0.4622,0.4685,0.4256,0.4559,0.4382,0.3435,0.3953
9/22/2021,20.5437,0.4464,0.3548,0.4941,0.6019,0.7349,0.6044,0.4414,0.6797,0.3787,0.5091,0.3498,0.5053,0.3423,0.3699,0.3272,0.3147,0.4539,0.3423,0.4527,0.4439,0.4075,0.4012,0.3373,0.3235,0.3046,0.3686,0.3147,0.336,0.5668,0.3448,0.3222,0.3536,0.2959,0.3536,0.3385,0.3423,0.4288,0.3297,0.4871,1.1157,0.3573,0.5279,0.405,0.4727,0.4376,0.3335,0.3799,0.41
9/21/2021,24.083,0.6105,0.5559,0.4722,0.5929,0.6958,0.6813,0.7762,0.6604,0.3902,0.4465,0.781,0.3532,0.3484,0.3999,0.5237,0.4835,0.5366,0.4803,0.535,0.424,0.3838,0.3806,0.5832,0.4401,0.3886,0.3629,0.4722,0.3693,0.6315,0.4272,0.3934,0.3999,0.3388,0.2889,0.3564,0.3774,0.4079,0.3516,0.6871,1.708,0.5173,0.6154,0.3436,0.3259,0.3677,0.4401,0.5382,0.4385
9/20/2021,22.7879,0.5512,0.4979,0.4402,0.6133,0.7685,0.563,0.4609,0.5497,0.4343,0.4506,0.5689,0.387,0.35,0.4033,0.5053,0.4136,0.4772,0.5009,0.4964,0.4713,0.3707,0.4595,0.455,0.35,0.3959,0.4373,0.4669,0.3382,0.6428,0.4358,0.356,0.3663,0.2909,0.3397,0.3855,0.3574,0.4462,0.4299,0.606,1.4679,0.5423,0.4491,0.4861,0.4003,0.3988,0.424,0.4595,0.3264
9/19/2021,24.6868,0.4854,0.6222,0.6222,0.8208,1.021,0.6706,0.8391,0.6222,0.4136,0.5922,0.6756,0.4554,0.4754,0.3853,0.4453,0.5471,0.4086,0.4403,0.4537,0.4704,0.3803,0.3352,0.5271,0.5655,0.3152,0.412,0.5488,0.3719,0.5838,0.5221,0.3636,0.3068,0.3302,0.422,0.3135,0.3936,0.5722,0.5405,0.5129,1.1921,0.472,0.4837,0.5104,0.5288,0.5421,0.3702,0.4053,0.3986
9/18/2021,20.8888,0.4451,0.3639,0.378,0.6732,0.5198,0.5198,0.5585,0.69,0.6294,0.3639,0.5301,0.4373,0.3793,0.4219,0.418,0.4128,0.3716,0.3755,0.4103,0.4154,0.3987,0.4154,0.5121,0.4335,0.3007,0.3329,0.3252,0.3355,0.5997,0.3935,0.3574,0.3252,0.3291,0.3252,0.3471,0.3793,0.3239,0.4683,0.4816,1.0994,0.3922,0.3548,0.3355,0.3252,0.4541,0.4863,0.4154,0.3278
9/17/2021,18.9902,0.3128,0.3733,0.4601,0.4986,0.4139,0.4876,0.5436,0.4491,0.292,0.4997,0.537,0.3755,0.3392,0.3337,0.3304,0.3249,0.3293,0.3964,0.3755,0.3502,0.3117,0.348,0.4656,0.359,0.3755,0.348,0.2996,0.304,0.4008,0.3854,0.3205,0.2843,0.3161,0.2601,0.2854,0.3293,0.403,0.3865,0.5709,1.3637,0.392,0.3909,0.2952,0.3777,0.4183,0.3711,0.3282,0.2766
9/16/2021,20.1985,0.3167,0.3789,0.4838,0.496,0.4753,0.4436,0.4789,0.4045,0.3411,0.5265,0.4375,0.4448,0.3411,0.4106,0.4375,0.4143,0.4204,0.3155,0.3814,0.3533,0.3826,0.4484,0.3399,0.3069,0.3496,0.3252,0.3289,0.3301,0.4863,0.3875,0.3521,0.2972,0.3045,0.313,0.285,0.346,0.3887,0.4241,0.6535,1.6084,0.4424,0.4619,0.3728,0.4119,0.3875,0.4082,0.446,0.3082
9/15/2021,20.2843,0.319,0.4676,0.4418,0.4541,0.7576,0.6052,0.4148,0.4406,0.5524,0.3976,0.4541,0.4394,0.4013,0.3079,0.3448,0.4504,0.3202,0.3976,0.4332,0.4578,0.3571,0.3964,0.3141,0.3362,0.4038,0.4357,0.2993,0.2944,0.4222,0.3522,0.3595,0.3325,0.2858,0.2772,0.3043,0.3325,0.475,0.3325,0.611,1.4827,0.4062,0.346,0.4541,0.2871,0.3399,0.4775,0.3485,0.3632
9/14/2021,18.2992,0.4252,0.3809,0.4118,0.4787,0.4612,0.5951,0.4653,0.4993,0.3644,0.4355,0.3407,0.4252,0.2851,0.3871,0.3984,0.3016,0.3624,0.3067,0.3881,0.3273,0.3448,0.386,0.4025,0.4386,0.3026,0.3788,0.3232,0.3016,0.3418,0.3294,0.3242,0.3273,0.2995,0.2522,0.2573,0.3376,0.2903,0.3212,0.409,0.8843,0.3634,0.4643,0.3284,0.3191,0.3603,0.4437,0.3799,0.3479
9/13/2021,20.6298,0.37,0.4231,0.3687,0.5898,0.5595,0.5039,0.5582,0.6618,0.4976,0.5342,0.5481,0.4938,0.418,0.418,0.4458,0.3814,0.4609,0.471,0.4483,0.37,0.3637,0.4483,0.3296,0.3991,0.4003,0.442,0.4256,0.2968,0.5127,0.4218,0.3258,0.3346,0.3549,0.3346,0.3296,0.3384,0.3864,0.3826,0.3726,0.7766,0.4445,0.4483,0.3359,0.4104,0.3687,0.3422,0.3346,0.4471
9/12/2021,24.428,0.5412,0.4772,0.5248,0.6004,0.8189,0.6119,0.7121,0.786,0.5379,0.6792,0.5018,0.6069,0.4312,0.3671,0.5182,0.3884,0.3605,0.5692,0.5034,0.5182,0.4525,0.5363,0.6053,0.3934,0.3244,0.4574,0.4295,0.3819,0.7071,0.4032,0.3424,0.3112,0.3901,0.3441,0.3638,0.4016,0.4804,0.4197,0.5353,1.2585,0.3967,0.5839,0.4919,0.5692,0.4427,0.487,0.3934,0.4706
9/11/2021,21.0618,0.4253,0.3757,0.3169,0.4801,0.6251,0.5507,0.7205,0.4553,0.3156,0.5572,0.3861,0.3286,0.3561,0.3613,0.3273,0.4488,0.4331,0.4253,0.4436,0.3639,0.4096,0.2934,0.3939,0.4579,0.3352,0.4096,0.5938,0.2999,0.5611,0.4057,0.3443,0.296,0.3639,0.3417,0.3626,0.373,0.4828,0.4749,0.5798,1.3902,0.373,0.4292,0.4606,0.313,0.3443,0.4828,0.4109,0.3822
9/10/2021,18.1268,0.354,0.4411,0.4036,0.4138,0.4573,0.5363,0.5768,0.5717,0.4877,0.4806,0.5403,0.4239,0.354,0.3854,0.3307,0.2933,0.352,0.4138,0.351,0.4067,0.3327,0.3601,0.3267,0.35,0.351,0.2781,0.4624,0.2811,0.3034,0.3753,0.3165,0.3307,0.277,0.3277,0.3084,0.3287,0.2922,0.2953,0.3367,0.6701,0.3145,0.2912,0.3317,0.2608,0.3814,0.3317,0.4097,0.3277
9/9/2021,20.5439,0.3799,0.3837,0.4627,0.6095,0.6132,0.4426,0.3874,0.5254,0.3435,0.4527,0.4276,0.4464,0.3887,0.3975,0.3874,0.3272,0.3473,0.3711,0.4238,0.4226,0.3373,0.41,0.4276,0.3398,0.4125,0.3072,0.3586,0.346,0.4188,0.3536,0.2633,0.3147,0.3084,0.2846,0.3084,0.3862,0.4627,0.4677,0.5932,1.4298,0.4251,0.5166,0.326,0.4113,0.4815,0.489,0.4326,0.3912
9/8/2021,21.4071,0.5099,0.5139,0.4375,0.5059,0.8223,0.4831,0.597,0.4737,0.6078,0.5126,0.5943,0.4174,0.353,0.3986,0.4107,0.4187,0.4563,0.4187,0.4066,0.353,0.3718,0.3021,0.5394,0.416,0.4013,0.4496,0.6131,0.3356,0.3611,0.4066,0.2994,0.2954,0.3503,0.2994,0.2887,0.3597,0.4308,0.416,0.479,1.0918,0.4455,0.3678,0.3892,0.4509,0.4522,0.4107,0.3477,0.345
9/7/2021,22.011,0.4161,0.531,0.5576,0.6809,0.5618,0.6514,0.6486,0.6276,0.4735,0.4735,0.5996,0.3292,0.3936,0.4567,0.395,0.4735,0.4889,0.4021,0.5043,0.3908,0.3306,0.367,0.4763,0.4063,0.4469,0.3096,0.6248,0.3502,0.4525,0.4203,0.2802,0.3194,0.2886,0.3642,0.3936,0.395,0.4455,0.4805,0.3994,0.8559,0.36,0.5492,0.4609,0.4427,0.4385,0.346,0.5015,0.4497
9/6/2021,20.2848,0.3387,0.4898,0.378,0.491,0.5291,0.6421,0.4934,0.5008,0.3104,0.4013,0.4394,0.5008,0.3534,0.405,0.4345,0.4504,0.3841,0.3681,0.3387,0.4111,0.4001,0.4062,0.4984,0.3902,0.3276,0.3092,0.545,0.319,0.3583,0.3681,0.3043,0.2563,0.3276,0.3608,0.276,0.3325,0.3104,0.3239,0.6042,1.4625,0.4099,0.3681,0.448,0.4087,0.4001,0.4922,0.3116,0.3055
9/5/2021,16.9185,0.3968,0.3281,0.3611,0.5163,0.5528,0.4173,0.3985,0.3932,0.2906,0.4021,0.3513,0.3959,0.3085,0.3441,0.2906,0.3504,0.37,0.3531,0.354,0.329,0.3129,0.3655,0.3932,0.3218,0.345,0.2666,0.2666,0.2755,0.3887,0.2853,0.2862,0.3147,0.2505,0.2336,0.2416,0.3263,0.2924,0.3709,0.41,0.8874,0.3201,0.3147,0.3673,0.2648,0.3548,0.3994,0.2755,0.2835
9/4/2021,16.1417,0.3539,0.3279,0.3637,0.5013,0.45,0.4182,0.3344,0.4093,0.3197,0.3743,0.4386,0.2717,0.3165,0.2709,0.3116,0.349,0.3482,0.3523,0.323,0.3116,0.2749,0.3124,0.2619,0.2798,0.3108,0.3271,0.3393,0.2481,0.4199,0.2904,0.2326,0.2269,0.2749,0.2513,0.2465,0.2912,0.3498,0.292,0.379,0.7954,0.2766,0.3979,0.2929,0.3328,0.3523,0.3051,0.2986,0.3352
9/3/2021,18.2992,0.3727,0.3685,0.3315,0.5838,0.4314,0.4798,0.6044,0.3572,0.5292,0.3006,0.4169,0.419,0.3057,0.3685,0.3294,0.3469,0.3098,0.2892,0.3727,0.3366,0.2851,0.3397,0.3026,0.3067,0.3757,0.315,0.4283,0.2758,0.3376,0.3665,0.2522,0.2645,0.2563,0.2419,0.3232,0.316,0.3345,0.3819,0.6016,1.4548,0.385,0.3036,0.3263,0.3366,0.2995,0.351,0.3387,0.3448
9/2/2021,13.2927,0.2535,0.2529,0.2582,0.3408,0.4345,0.3345,0.318,0.3831,0.2667,0.2418,0.317,0.2434,0.2503,0.2598,0.2619,0.2328,0.2762,0.2582,0.2757,0.2588,0.2588,0.2572,0.2672,0.2995,0.2455,0.2429,0.2836,0.2286,0.3292,0.2381,0.2069,0.2535,0.2159,0.2233,0.2344,0.2498,0.2805,0.2826,0.3258,0.6379,0.2524,0.2503,0.2503,0.2307,0.2566,0.2455,0.2498,0.2778
9/1/2021,20.2847,0.4873,0.4517,0.459,0.4566,0.6482,0.4406,0.6716,0.4234,0.6101,0.3411,0.5094,0.3632,0.3018,0.3657,0.3215,0.4038,0.4099,0.4492,0.346,0.4013,0.4197,0.3448,0.491,0.3804,0.3325,0.2993,0.534,0.3104,0.534,0.3448,0.3141,0.3608,0.3215,0.3509,0.3251,0.3239,0.4578,0.3841,0.4213,0.9207,0.4443,0.3804,0.3546,0.4136,0.4185,0.4455,0.4259,0.3694
8/31/2021,16.5728,0.3999,0.3158,0.2618,0.4727,0.471,0.4933,0.3973,0.3793,0.2935,0.453,0.2875,0.3236,0.315,0.2987,0.2661,0.3596,0.2935,0.2755,0.3527,0.3501,0.357,0.2987,0.3861,0.2987,0.321,0.2653,0.285,0.2901,0.3158,0.2995,0.303,0.2953,0.2413,0.3013,0.2935,0.3184,0.3218,0.3596,0.4015,0.862,0.3398,0.3133,0.3518,0.3604,0.3304,0.393,0.3098,0.2995
8/30/2021,19.4213,0.3734,0.4077,0.3768,0.5344,0.5813,0.5002,0.3608,0.4488,0.3837,0.4511,0.4476,0.4237,0.3711,0.4008,0.4305,0.4168,0.3209,0.4179,0.3882,0.4134,0.3471,0.3437,0.3368,0.3311,0.3665,0.3323,0.5093,0.3311,0.3426,0.4111,0.2992,0.3414,0.346,0.2992,0.3014,0.3243,0.314,0.3414,0.551,1.3048,0.3094,0.3882,0.2877,0.3654,0.4054,0.4088,0.3962,0.3368
8/29/2021,14.8466,0.255,0.2714,0.3152,0.3392,0.3543,0.3775,0.4241,0.3474,0.2701,0.3447,0.2899,0.2523,0.3022,0.2776,0.2577,0.3241,0.3146,0.2879,0.2926,0.2694,0.3091,0.2748,0.2564,0.2454,0.2933,0.2454,0.3282,0.2564,0.2721,0.2865,0.2194,0.2283,0.2516,0.2283,0.2714,0.2824,0.2837,0.2618,0.4532,1.0153,0.3337,0.3481,0.2577,0.2344,0.3057,0.3125,0.3111,0.3132
8/28/2021,19.3357,0.4784,0.4534,0.3288,0.4693,0.4342,0.4818,0.5713,0.5317,0.543,0.4398,0.5645,0.3798,0.3231,0.3322,0.4002,0.4138,0.3401,0.3106,0.3424,0.3809,0.4013,0.3832,0.3276,0.407,0.3367,0.373,0.4115,0.3231,0.4773,0.3911,0.3084,0.2948,0.2846,0.3299,0.2732,0.3684,0.4013,0.3968,0.4505,1.0073,0.3877,0.3356,0.407,0.314,0.4206,0.3265,0.3288,0.3492
8/27/2021,9.1495,0.1902,0.1836,0.1822,0.2031,0.2028,0.1997,0.2163,0.2132,0.1791,0.1972,0.1972,0.1823,0.184,0.1914,0.1825,0.1872,0.187,0.1813,0.1913,0.1863,0.1867,0.1883,0.1844,0.1933,0.1792,0.179,0.1926,0.1802,0.1991,0.1855,0.1801,0.1824,0.1822,0.1786,0.1805,0.1825,0.1828,0.1852,0.2013,0.2693,0.1948,0.1879,0.1941,0.182,0.189,0.1977,0.193,0.1799
8/26/2021,7.6822,0.1618,0.1583,0.1595,0.1553,0.152,0.1581,0.1548,0.1598,0.1556,0.1621,0.1567,0.1614,0.1617,0.1617,0.1592,0.1594,0.1596,0.1617,0.1611,0.1623,0.1612,0.1629,0.1611,0.1603,0.162,0.1622,0.1632,0.1621,0.1608,0.1599,0.1622,0.164,0.1622,0.1632,0.1622,0.1611,0.1629,0.1626,0.1593,0.1448,0.1603,0.1576,0.1617,0.1601,0.1604,0.1592,0.1608,0.1598
8/25/2021,9.9265,0.2025,0.2189,0.1923,0.243,0.2451,0.2391,0.2457,0.222,0.1902,0.2198,0.1917,0.2123,0.196,0.1944,0.1911,0.2044,0.194,0.1906,0.2092,0.2019,0.1958,0.1917,0.2169,0.2046,0.2044,0.2067,0.196,0.1898,0.2177,0.2021,0.1792,0.19,0.1936,0.1846,0.1907,0.1973,0.1971,0.19,0.2271,0.3455,0.2089,0.1944,0.1907,0.206,0.2048,0.1927,0.1965,0.2075
8/24/2021,7.5961,0.1596,0.1559,0.159,0.1545,0.146,0.1573,0.1562,0.1583,0.1535,0.1586,0.1535,0.1592,0.1594,0.159,0.1617,0.1602,0.1591,0.1582,0.1601,0.1582,0.1621,0.1603,0.1576,0.1606,0.1592,0.1583,0.1613,0.1622,0.1611,0.1595,0.1607,0.1608,0.1616,0.162,0.1608,0.1595,0.1618,0.1575,0.1533,0.127,0.1615,0.161,0.1578,0.1625,0.1613,0.1574,0.1597,0.1602
8/23/2021,7.6823,0.1585,0.1583,0.1596,0.158,0.1538,0.1538,0.1616,0.1604,0.1571,0.162,0.1573,0.1593,0.1622,0.1609,0.1621,0.1599,0.1628,0.1604,0.1618,0.1609,0.1618,0.1628,0.1601,0.1595,0.162,0.1632,0.1586,0.1629,0.1599,0.1624,0.1632,0.1639,0.1639,0.1636,0.1616,0.1617,0.1615,0.1609,0.1572,0.1387,0.1594,0.1629,0.1592,0.1616,0.1591,0.1606,0.1598,0.1596
8/22/2021,7.5959,0.161,0.1611,0.1596,0.1503,0.1564,0.1535,0.1507,0.156,0.1561,0.1576,0.1545,0.159,0.16,0.1622,0.1594,0.1603,0.1601,0.1581,0.1579,0.1583,0.1576,0.1608,0.1585,0.1562,0.1619,0.1598,0.1536,0.1617,0.1545,0.1613,0.1615,0.1633,0.1605,0.1625,0.1607,0.1595,0.1621,0.1613,0.1576,0.1398,0.1616,0.1565,0.1602,0.1579,0.1601,0.1566,0.1571,0.1591
8/21/2021,7.5961,0.1579,0.161,0.1571,0.1564,0.1499,0.155,0.1493,0.1504,0.1612,0.1611,0.1512,0.16,0.1618,0.1601,0.1608,0.1603,0.1587,0.1617,0.1604,0.1571,0.1597,0.1581,0.162,0.1576,0.1628,0.1594,0.162,0.1608,0.161,0.161,0.1604,0.1608,0.1622,0.163,0.1616,0.1602,0.1571,0.158,0.1508,0.1196,0.1604,0.1617,0.1613,0.16,0.1613,0.1621,0.1592,0.1606
8/20/2021,7.8548,0.1641,0.1628,0.1637,0.162,0.1635,0.1608,0.1627,0.1629,0.1644,0.1648,0.1636,0.1645,0.1639,0.1637,0.1635,0.1633,0.1649,0.1642,0.1644,0.1636,0.1637,0.1638,0.1636,0.1639,0.1639,0.1648,0.1645,0.1651,0.1629,0.1638,0.1651,0.1654,0.1645,0.1653,0.1649,0.1641,0.165,0.1642,0.1612,0.1506,0.1649,0.1631,0.1633,0.164,0.1639,0.1648,0.1641,0.1651
8/19/2021,7.682,0.1583,0.1582,0.1602,0.1558,0.1534,0.1548,0.1596,0.1545,0.1558,0.1597,0.1619,0.1622,0.1613,0.1625,0.1629,0.1619,0.1607,0.1598,0.1599,0.1597,0.1626,0.1619,0.1578,0.1596,0.1604,0.1613,0.1632,0.1629,0.157,0.1614,0.1634,0.1618,0.1631,0.1643,0.1639,0.1617,0.1597,0.1603,0.1594,0.1451,0.1622,0.1594,0.1612,0.1599,0.1608,0.1621,0.1623,0.1602
8/18/2021,8.5455,0.1802,0.1742,0.1758,0.1819,0.1873,0.1866,0.1823,0.1865,0.1822,0.1759,0.1801,0.1802,0.1774,0.1772,0.1784,0.1739,0.1752,0.1784,0.1746,0.1775,0.1728,0.1793,0.1742,0.1762,0.1745,0.1762,0.1815,0.1739,0.1754,0.1746,0.1716,0.1742,0.1711,0.174,0.1716,0.1759,0.1793,0.178,0.1807,0.2081,0.18,0.1776,0.1728,0.1763,0.176,0.1782,0.1792,0.1765
8/17/2021,7.5959,0.1592,0.1564,0.1577,0.1562,0.1571,0.1514,0.1538,0.1532,0.1562,0.1552,0.157,0.1616,0.1601,0.1583,0.1587,0.1612,0.1612,0.1618,0.1582,0.1608,0.1602,0.1616,0.1619,0.1615,0.1628,0.1625,0.1575,0.1623,0.1586,0.1613,0.1619,0.1604,0.1603,0.161,0.1627,0.1615,0.1578,0.1593,0.1515,0.1218,0.1564,0.1619,0.1589,0.159,0.1575,0.1589,0.1607,0.1589
8/16/2021,7.8552,0.1642,0.1636,0.1633,0.1615,0.1612,0.1621,0.1643,0.1613,0.1638,0.1629,0.1631,0.1627,0.1643,0.1642,0.1649,0.1643,0.1638,0.1646,0.1635,0.1632,0.1636,0.1643,0.164,0.1634,0.1647,0.1638,0.1643,0.1647,0.1636,0.1642,0.1648,0.1655,0.1649,0.1647,0.1644,0.1647,0.165,0.1645,0.1628,0.1552,0.1639,0.1641,0.1649,0.1638,0.163,0.1639,0.1643,0.1634
8/15/2021,6.7328,0.146,0.1408,0.146,0.1388,0.1368,0.135,0.1439,0.1247,0.1416,0.1395,0.1209,0.1437,0.1445,0.1478,0.1393,0.1384,0.1426,0.1366,0.144,0.1393,0.148,0.146,0.1501,0.139,0.1537,0.1388,0.1281,0.1484,0.1455,0.1449,0.1582,0.1516,0.1497,0.1554,0.1463,0.1483,0.1385,0.1513,0.1191,0.0259,0.1369,0.1477,0.1436,0.1482,0.143,0.1468,0.1366,0.153
8/14/2021,8.459,0.1739,0.174,0.1749,0.1776,0.1827,0.1769,0.1809,0.1788,0.1784,0.175,0.1802,0.1773,0.1745,0.1749,0.1729,0.1774,0.1747,0.1763,0.1759,0.1753,0.1751,0.1761,0.1723,0.1737,0.1754,0.1714,0.1801,0.1729,0.1818,0.1735,0.1736,0.1738,0.1707,0.1735,0.1708,0.1735,0.1782,0.1751,0.1787,0.2024,0.1772,0.1753,0.1754,0.1754,0.1725,0.1736,0.1776,0.1769
8/13/2021,7.5956,0.1581,0.1598,0.1601,0.1522,0.1547,0.1543,0.1541,0.1537,0.1548,0.1602,0.1525,0.1584,0.1602,0.1605,0.1588,0.1577,0.1581,0.1573,0.1596,0.1567,0.1589,0.1593,0.1563,0.1603,0.1595,0.1594,0.1554,0.1624,0.1612,0.1601,0.1633,0.1612,0.1632,0.1603,0.162,0.1599,0.1588,0.1606,0.1597,0.146,0.156,0.158,0.1604,0.1602,0.1573,0.1567,0.1571,0.1603
8/12/2021,7.6823,0.1624,0.1618,0.1629,0.1551,0.1524,0.1562,0.1553,0.1556,0.1575,0.1612,0.1565,0.1601,0.1609,0.1602,0.1601,0.1608,0.1615,0.1624,0.1595,0.1595,0.1598,0.1598,0.161,0.1621,0.161,0.1596,0.161,0.1629,0.1603,0.1622,0.1626,0.1626,0.1644,0.1618,0.1617,0.1619,0.1607,0.1611,0.1596,0.1457,0.1616,0.1585,0.1605,0.1598,0.1609,0.1623,0.1619,0.1631
8/11/2021,17.1775,0.342,0.3603,0.42,0.4319,0.4227,0.3915,0.3649,0.4374,0.319,0.3823,0.3557,0.3401,0.2933,0.2759,0.3438,0.3291,0.2979,0.2915,0.3291,0.3438,0.286,0.2933,0.3034,0.3842,0.3383,0.3144,0.4209,0.2594,0.4346,0.3135,0.2309,0.3025,0.2456,0.3052,0.3153,0.2924,0.3374,0.3208,0.4794,1.0929,0.3943,0.2851,0.3741,0.3089,0.3732,0.4154,0.3814,0.3025
8/10/2021,14.2428,0.2871,0.2803,0.3277,0.422,0.3134,0.3752,0.3664,0.4239,0.3914,0.3489,0.2628,0.2803,0.2822,0.2509,0.2896,0.2572,0.2591,0.2478,0.2541,0.309,0.2697,0.2946,0.2921,0.2772,0.2678,0.2491,0.3146,0.2522,0.3221,0.2591,0.231,0.2166,0.2472,0.2141,0.236,0.264,0.3109,0.3109,0.3121,0.5974,0.3134,0.3427,0.2628,0.2322,0.2703,0.2753,0.2828,0.2953
8/9/2021,8.5452,0.1802,0.1771,0.1753,0.181,0.1931,0.1778,0.1802,0.1831,0.1824,0.1757,0.176,0.1765,0.177,0.1727,0.1794,0.1777,0.1772,0.1768,0.1752,0.1742,0.1782,0.1799,0.1782,0.1811,0.1769,0.1724,0.1742,0.1738,0.1852,0.1781,0.172,0.1718,0.175,0.1717,0.1745,0.1749,0.1728,0.1779,0.1794,0.2044,0.1784,0.1818,0.1781,0.1769,0.1773,0.177,0.1757,0.179
8/8/2021,16.3142,0.3554,0.3554,0.298,0.4967,0.4626,0.3438,0.3438,0.3986,0.3803,0.3654,0.3887,0.3978,0.293,0.3172,0.2914,0.3213,0.3305,0.3363,0.3122,0.3654,0.3329,0.3379,0.3662,0.2731,0.3255,0.323,0.3762,0.2839,0.4244,0.3072,0.219,0.2523,0.2989,0.2806,0.2739,0.2797,0.3487,0.2972,0.3194,0.6192,0.3155,0.3928,0.3612,0.3205,0.3313,0.2872,0.3205,0.2922
8/7/2021,19.8532,0.3421,0.348,0.4784,0.5365,0.7321,0.4381,0.399,0.418,0.4298,0.5045,0.3397,0.3978,0.412,0.3729,0.4345,0.3445,0.4061,0.4132,0.4464,0.3456,0.3824,0.3824,0.4772,0.3421,0.4097,0.4286,0.3563,0.2899,0.5697,0.3492,0.284,0.3042,0.3468,0.2733,0.2793,0.3551,0.367,0.4227,0.4362,0.9651,0.4002,0.4357,0.4263,0.4559,0.3658,0.4796,0.3682,0.3611
8/6/2021,15.0196,0.3436,0.3141,0.326,0.4306,0.4825,0.4025,0.4418,0.3457,0.3892,0.2607,0.2853,0.3611,0.2649,0.3127,0.2965,0.2895,0.3351,0.3014,0.2909,0.2965,0.2797,0.3379,0.3106,0.3386,0.3106,0.3071,0.366,0.2509,0.3218,0.272,0.2369,0.2607,0.2713,0.2579,0.2474,0.2755,0.3028,0.3071,0.2305,0.3556,0.2755,0.3436,0.2951,0.2593,0.3169,0.3113,0.2853,0.3211
8/5/2021,14.9331,0.3525,0.3365,0.3178,0.3601,0.3552,0.3643,0.3109,0.3428,0.3039,0.3171,0.3365,0.2526,0.2707,0.2658,0.3032,0.2499,0.3116,0.27,0.3012,0.2804,0.3206,0.3234,0.3275,0.2443,0.2533,0.2859,0.3386,0.2381,0.3518,0.313,0.2277,0.245,0.2478,0.2575,0.2415,0.2755,0.3254,0.2623,0.4199,0.9166,0.2762,0.2526,0.2963,0.2915,0.2776,0.3227,0.3088,0.2887
8/4/2021,14.5877,0.2516,0.2563,0.2536,0.3801,0.4565,0.3775,0.4322,0.4071,0.3485,0.3439,0.3966,0.2767,0.2628,0.2793,0.253,0.2549,0.3195,0.2991,0.305,0.2708,0.2642,0.2885,0.3083,0.2681,0.2905,0.2451,0.2747,0.2365,0.3386,0.2971,0.2404,0.2628,0.2306,0.2516,0.2273,0.2681,0.2833,0.3149,0.3639,0.7508,0.2701,0.2286,0.2345,0.2635,0.309,0.3142,0.276,0.2615
8/3/2021,15.8826,0.2888,0.3598,0.3251,0.3598,0.4954,0.3133,0.4252,0.3283,0.3834,0.3432,0.4315,0.3314,0.3117,0.2747,0.3046,0.3078,0.2865,0.277,0.3472,0.2888,0.2715,0.3196,0.3361,0.3133,0.2423,0.3385,0.4236,0.2644,0.4118,0.3149,0.2597,0.2266,0.2471,0.2321,0.251,0.2818,0.3164,0.2794,0.4383,0.971,0.266,0.281,0.2479,0.2959,0.3424,0.3598,0.2991,0.2676
8/2/2021,17.0044,0.3729,0.3495,0.4116,0.489,0.4458,0.4638,0.4773,0.3981,0.3071,0.3477,0.4539,0.3134,0.3486,0.3053,0.3071,0.3729,0.3188,0.3909,0.3729,0.3369,0.3143,0.2846,0.2909,0.3855,0.2693,0.3134,0.3783,0.272,0.4026,0.2918,0.2405,0.2405,0.2675,0.2486,0.2927,0.3215,0.2711,0.3729,0.4367,0.9664,0.3513,0.3387,0.3837,0.2756,0.308,0.3053,0.336,0.2612
8/1/2021,12.8614,0.261,0.2722,0.2712,0.3402,0.3475,0.3465,0.3344,0.2892,0.2576,0.2654,0.2756,0.2751,0.2644,0.2551,0.2688,0.2522,0.2624,0.2595,0.2629,0.2459,0.2605,0.2853,0.2668,0.2804,0.2639,0.2279,0.2571,0.2153,0.2483,0.2459,0.2245,0.2372,0.2245,0.206,0.2221,0.2488,0.2746,0.2391,0.264,0.4549,0.296,0.2872,0.2338,0.2513,0.2765,0.2765,0.2692,0.2167
7/31/2021,17.5224,0.3981,0.3133,0.2809,0.4733,0.4219,0.5085,0.3352,0.3647,0.4914,0.4314,0.4942,0.3076,0.3476,0.279,0.3857,0.3819,0.2876,0.3009,0.3695,0.3257,0.379,0.3143,0.4228,0.3685,0.2705,0.28,0.3704,0.2771,0.419,0.3428,0.2762,0.3028,0.3143,0.3152,0.2505,0.3124,0.2895,0.3628,0.4517,1.011,0.3685,0.38,0.2905,0.3781,0.3352,0.3105,0.3276,0.3028
7/30/2021,9.9266,0.2046,0.1923,0.2023,0.231,0.2168,0.2198,0.2331,0.221,0.2121,0.2281,0.2104,0.1898,0.1904,0.1909,0.1977,0.1936,0.2008,0.1896,0.1963,0.196,0.1954,0.2021,0.1907,0.2168,0.2029,0.2002,0.2183,0.1886,0.2056,0.194,0.1896,0.1842,0.1846,0.1906,0.1948,0.2012,0.2033,0.2027,0.2477,0.4066,0.189,0.1888,0.2025,0.1857,0.2075,0.2106,0.2023,0.2037
7/29/2021,13.0341,0.2366,0.294,0.2381,0.3121,0.3841,0.3519,0.2653,0.3781,0.3308,0.3273,0.2487,0.2236,0.2568,0.2492,0.2734,0.2679,0.2734,0.2653,0.2422,0.2588,0.2281,0.2573,0.2578,0.2276,0.2533,0.2376,0.2905,0.2387,0.3006,0.2543,0.2422,0.2321,0.216,0.2462,0.2074,0.2371,0.2442,0.2759,0.2795,0.5008,0.2996,0.3026,0.2744,0.2266,0.2321,0.2397,0.2799,0.2744
7/28/2021,10.0991,0.2028,0.2166,0.2133,0.216,0.2282,0.2511,0.2105,0.2477,0.2349,0.2003,0.2395,0.2076,0.2091,0.199,0.2068,0.2177,0.1961,0.1998,0.2101,0.2156,0.2017,0.1931,0.191,0.2173,0.1933,0.1931,0.2183,0.1929,0.2003,0.1998,0.1931,0.1862,0.1979,0.1984,0.1956,0.1994,0.1895,0.1956,0.2337,0.3653,0.2164,0.1998,0.1916,0.2028,0.1942,0.2051,0.2036,0.2074
7/27/2021,11.049,0.2374,0.2496,0.2179,0.2517,0.2825,0.2487,0.2779,0.2243,0.2581,0.2081,0.2103,0.2298,0.2231,0.2002,0.2273,0.2185,0.2145,0.2337,0.2347,0.2331,0.2112,0.1987,0.2036,0.206,0.2243,0.2319,0.2243,0.2033,0.21,0.2084,0.2103,0.1926,0.2142,0.2121,0.2142,0.209,0.2115,0.21,0.2832,0.5117,0.202,0.2557,0.231,0.2097,0.2158,0.2283,0.2295,0.2051
7/26/2021,11.6528,0.2679,0.2291,0.2123,0.3135,0.2985,0.3113,0.3153,0.3007,0.2215,0.2737,0.2602,0.2445,0.2295,0.2105,0.2295,0.2353,0.2496,0.2357,0.2255,0.2496,0.2335,0.2028,0.2693,0.2244,0.2372,0.2331,0.2876,0.2036,0.2478,0.2302,0.1977,0.2215,0.2123,0.2233,0.2025,0.2185,0.2178,0.2543,0.194,0.2475,0.2565,0.2689,0.2554,0.2087,0.2448,0.2525,0.2445,0.2489
7/25/2021,13.8973,0.2681,0.2492,0.3282,0.3577,0.2976,0.4132,0.2988,0.3731,0.3571,0.356,0.376,0.3159,0.2363,0.2946,0.2834,0.2787,0.2475,0.2386,0.2722,0.2834,0.2994,0.2946,0.2522,0.2545,0.2451,0.2752,0.3035,0.241,0.3666,0.2616,0.2186,0.2156,0.2186,0.2575,0.2557,0.261,0.3058,0.2764,0.2573,0.4352,0.2722,0.3005,0.307,0.2357,0.3023,0.3247,0.264,0.2699
7/24/2021,11.0486,0.2255,0.2182,0.2048,0.2593,0.3188,0.2505,0.2374,0.2914,0.2404,0.2331,0.2517,0.2194,0.2289,0.2191,0.202,0.2078,0.2368,0.2029,0.2273,0.235,0.2252,0.2036,0.224,0.2283,0.2197,0.22,0.2468,0.2023,0.256,0.2212,0.2036,0.1962,0.1959,0.2026,0.2118,0.2142,0.2121,0.2243,0.2722,0.4791,0.2103,0.2054,0.206,0.1996,0.2176,0.238,0.2039,0.1984
7/23/2021,10.0131,0.214,0.2099,0.2192,0.2365,0.2615,0.2105,0.2518,0.2281,0.2234,0.2188,0.2289,0.1967,0.1969,0.1983,0.1979,0.1922,0.2001,0.2063,0.2045,0.2071,0.2045,0.2105,0.2196,0.2188,0.1886,0.1977,0.2283,0.1876,0.2144,0.1965,0.1874,0.1928,0.1822,0.1959,0.1946,0.1924,0.2114,0.1989,0.2072,0.2866,0.2009,0.2035,0.1874,0.2013,0.2083,0.2009,0.1936,0.1987
7/22/2021,12.6024,0.2647,0.2734,0.2205,0.3517,0.2854,0.2665,0.3287,0.3305,0.2988,0.3038,0.2652,0.2297,0.2279,0.261,0.2302,0.2343,0.2394,0.2518,0.2357,0.2619,0.2187,0.2247,0.2375,0.2449,0.2104,0.2219,0.2394,0.2297,0.2767,0.2288,0.2385,0.2412,0.2375,0.2242,0.2247,0.2348,0.2279,0.2265,0.3326,0.658,0.2366,0.267,0.273,0.2771,0.2288,0.2633,0.2665,0.2504
7/21/2021,13.1207,0.2896,0.2614,0.2798,0.2911,0.4222,0.2952,0.2829,0.3797,0.3269,0.2911,0.2768,0.2906,0.2629,0.2655,0.2819,0.2563,0.2506,0.2558,0.2732,0.2727,0.2256,0.2419,0.2865,0.2256,0.2332,0.2476,0.2327,0.2281,0.2455,0.2706,0.2271,0.2235,0.222,0.2138,0.224,0.2368,0.2409,0.2552,0.3386,0.6758,0.2952,0.222,0.2163,0.2732,0.2732,0.2261,0.2849,0.2286
7/20/2021,13.8974,0.2657,0.317,0.2693,0.3041,0.317,0.2999,0.3913,0.3955,0.3536,0.2663,0.3507,0.3117,0.2823,0.2746,0.2504,0.2793,0.3047,0.238,0.3053,0.2994,0.2504,0.287,0.2628,0.3035,0.2433,0.2292,0.2286,0.2445,0.2811,0.2758,0.241,0.2616,0.2439,0.2351,0.2469,0.2427,0.2752,0.3076,0.3146,0.6049,0.3153,0.2988,0.2799,0.2988,0.2433,0.2758,0.2539,0.2758
7/19/2021,14.2422,0.2553,0.3071,0.3202,0.4026,0.422,0.3733,0.4295,0.3115,0.3084,0.2684,0.4001,0.3402,0.2715,0.2385,0.3096,0.2759,0.2784,0.2628,0.3046,0.2896,0.3028,0.2628,0.2541,0.3159,0.2659,0.2859,0.3427,0.2522,0.2703,0.2578,0.2172,0.2147,0.2559,0.2653,0.2503,0.2597,0.2385,0.2478,0.3023,0.5685,0.3302,0.294,0.2559,0.269,0.2472,0.3159,0.2921,0.2378
7/18/2021,13.8109,0.2893,0.2724,0.2829,0.3416,0.3759,0.3997,0.3369,0.3567,0.2387,0.2957,0.3764,0.2968,0.2352,0.2806,0.2811,0.28,0.3015,0.2608,0.2562,0.2515,0.2445,0.2829,0.287,0.2625,0.2649,0.2707,0.3515,0.2312,0.2811,0.2474,0.2434,0.2503,0.2259,0.2259,0.2486,0.2643,0.2806,0.2881,0.2913,0.5359,0.3119,0.305,0.273,0.2341,0.284,0.28,0.2451,0.2899
7/17/2021,15.0191,0.272,0.3176,0.2944,0.392,0.4882,0.3197,0.4271,0.4369,0.2846,0.2923,0.2593,0.3464,0.2677,0.2509,0.2614,0.2621,0.2853,0.2825,0.3302,0.3028,0.2979,0.2867,0.3064,0.3372,0.2446,0.3134,0.3772,0.2523,0.3597,0.2607,0.2144,0.2677,0.2186,0.246,0.2565,0.2586,0.2965,0.2684,0.4165,0.9066,0.3035,0.2677,0.2523,0.2867,0.3393,0.2509,0.3176,0.2418
7/16/2021,17.4362,0.4063,0.4148,0.4262,0.479,0.4894,0.4828,0.396,0.3931,0.2705,0.4063,0.4535,0.3233,0.2865,0.279,0.3035,0.3544,0.3865,0.2799,0.3601,0.3054,0.3224,0.3346,0.3771,0.4016,0.2856,0.3733,0.4082,0.2799,0.3356,0.3148,0.262,0.312,0.2959,0.3158,0.312,0.328,0.3714,0.3592,0.4087,0.8834,0.3158,0.3224,0.3261,0.3044,0.3573,0.4271,0.3431,0.262
7/15/2021,15.7096,0.3062,0.2808,0.3186,0.3656,0.4172,0.455,0.391,0.4142,0.2654,0.4072,0.4504,0.3671,0.2538,0.3054,0.3178,0.3455,0.2607,0.3047,0.2808,0.28,0.3108,0.3178,0.327,0.3432,0.2923,0.2869,0.3679,0.2553,0.327,0.3301,0.2862,0.2445,0.2846,0.2422,0.2607,0.28,0.2869,0.3216,0.3397,0.6791,0.2877,0.3702,0.2754,0.3278,0.317,0.3201,0.3448,0.2954
7/14/2021,15.5371,0.3031,0.3016,0.3152,0.3566,0.3543,0.343,0.4576,0.4651,0.4033,0.3332,0.3875,0.2842,0.2903,0.3265,0.3121,0.2744,0.2858,0.3099,0.3174,0.3167,0.2993,0.3076,0.3551,0.3491,0.3227,0.2684,0.4086,0.2481,0.3634,0.2669,0.2488,0.2209,0.2729,0.23,0.2654,0.3001,0.3498,0.3159,0.3014,0.5656,0.3513,0.377,0.2518,0.2858,0.343,0.3461,0.34,0.2443
7/13/2021,16.4008,0.3666,0.3053,0.3994,0.454,0.4069,0.4573,0.4086,0.4632,0.3473,0.3095,0.438,0.3918,0.3103,0.3338,0.2918,0.3674,0.3372,0.3061,0.3137,0.2969,0.3271,0.2557,0.3288,0.3582,0.2591,0.2893,0.3767,0.2608,0.3809,0.3246,0.2784,0.2935,0.2389,0.2381,0.2339,0.2902,0.3439,0.3162,0.4059,0.875,0.3758,0.2776,0.2524,0.3473,0.3456,0.2658,0.2717,0.2843
7/12/2021,18.2992,0.419,0.4108,0.35,0.5179,0.5447,0.5817,0.4478,0.3644,0.4334,0.452,0.4036,0.3428,0.3026,0.3139,0.2913,0.3644,0.3871,0.3788,0.418,0.315,0.2995,0.2779,0.4334,0.2779,0.3232,0.386,0.4695,0.2872,0.4643,0.3469,0.2511,0.2933,0.2408,0.3273,0.3294,0.351,0.4108,0.3696,0.3741,0.7811,0.2882,0.3819,0.383,0.384,0.3335,0.42,0.4097,0.3654
7/11/2021,13.3795,0.2538,0.2382,0.2689,0.3878,0.2936,0.3318,0.3576,0.3652,0.3108,0.3345,0.3469,0.228,0.2457,0.2699,0.2479,0.2382,0.2931,0.2942,0.2743,0.2963,0.2818,0.2178,0.2414,0.2829,0.2275,0.2791,0.306,0.2393,0.3334,0.2404,0.2517,0.2484,0.2431,0.2231,0.2328,0.2361,0.2484,0.264,0.2942,0.5443,0.2764,0.2183,0.2732,0.2533,0.2963,0.285,0.2296,0.235
7/10/2021,10.4445,0.2041,0.2334,0.2094,0.2363,0.2483,0.2446,0.2725,0.2285,0.2173,0.2182,0.239,0.23,0.196,0.2072,0.2185,0.2222,0.2092,0.2065,0.2185,0.2053,0.2082,0.2082,0.2014,0.2124,0.2112,0.2063,0.2434,0.1997,0.2468,0.2058,0.1994,0.2058,0.1965,0.1931,0.187,0.2094,0.217,0.2217,0.2191,0.322,0.198,0.2239,0.1953,0.2011,0.2148,0.2124,0.2131,0.2065
7/9/2021,12.8615,0.2294,0.295,0.2551,0.2931,0.3378,0.3047,0.3631,0.3188,0.3028,0.3028,0.2299,0.3008,0.2464,0.2245,0.2663,0.2785,0.2425,0.279,0.2654,0.2731,0.2444,0.2474,0.2561,0.2323,0.2299,0.2522,0.2751,0.2245,0.2576,0.2386,0.2133,0.2085,0.2279,0.2206,0.2153,0.2479,0.2858,0.2435,0.3034,0.5715,0.278,0.2945,0.2362,0.2138,0.2498,0.241,0.279,0.2644
7/8/2021,13.2931,0.2916,0.2937,0.2646,0.3614,0.3408,0.2873,0.2688,0.3429,0.3239,0.3202,0.3128,0.2577,0.2318,0.2551,0.2641,0.2868,0.2455,0.2434,0.2434,0.2566,0.2545,0.281,0.2344,0.2942,0.2445,0.2498,0.227,0.2302,0.263,0.2604,0.2217,0.2487,0.2069,0.2164,0.2117,0.2551,0.2688,0.2715,0.3401,0.6803,0.3059,0.3032,0.2651,0.2863,0.2349,0.2339,0.2429,0.2683
7/7/2021,17.7814,0.4024,0.3809,0.2792,0.4904,0.3868,0.3995,0.4171,0.5726,0.2821,0.4181,0.5403,0.3711,0.3046,0.3251,0.3594,0.3437,0.3858,0.3868,0.3887,0.4063,0.3114,0.2645,0.2997,0.3838,0.33,0.3486,0.3819,0.2684,0.3975,0.3202,0.2674,0.3241,0.3124,0.3153,0.2928,0.3241,0.375,0.3965,0.3896,0.827,0.3975,0.3613,0.3652,0.3281,0.3594,0.3564,0.3271,0.3153
7/6/2021,14.2424,0.2478,0.2522,0.3358,0.3202,0.3115,0.2996,0.2822,0.3926,0.2516,0.3777,0.3621,0.2722,0.2728,0.2959,0.2915,0.2828,0.2684,0.3071,0.2971,0.2778,0.2772,0.2416,0.2722,0.3283,0.2634,0.2553,0.3252,0.2316,0.2815,0.2915,0.2228,0.2709,0.2453,0.2459,0.2391,0.2553,0.2403,0.2859,0.4084,0.8825,0.2953,0.2466,0.2784,0.3159,0.2728,0.2709,0.2397,0.2597
7/5/2021,18.1268,0.2993,0.3864,0.3074,0.5717,0.4533,0.5039,0.4786,0.435,0.355,0.3591,0.3884,0.3874,0.3165,0.3297,0.3095,0.3216,0.3884,0.2922,0.352,0.3186,0.2993,0.3469,0.3652,0.3014,0.277,0.3105,0.3196,0.2943,0.3469,0.3449,0.2882,0.3165,0.3267,0.2963,0.272,0.3003,0.3581,0.354,0.6245,1.5226,0.4158,0.2943,0.3388,0.2659,0.3368,0.4087,0.2933,0.354
7/4/2021,21.1481,0.4152,0.3862,0.4441,0.544,0.5453,0.5637,0.5887,0.6295,0.3928,0.5059,0.6821,0.3192,0.406,0.3218,0.4244,0.4507,0.4664,0.3626,0.4086,0.3849,0.406,0.3876,0.3507,0.5151,0.3284,0.4112,0.3836,0.3402,0.4625,0.3902,0.2837,0.2942,0.3113,0.3113,0.2863,0.3849,0.402,0.4073,0.5686,1.357,0.4073,0.4401,0.477,0.3481,0.4454,0.4625,0.3218,0.4217
7/3/2021,14.6743,0.3275,0.3422,0.3135,0.3202,0.3268,0.3736,0.3435,0.2908,0.3202,0.2848,0.3168,0.2414,0.2421,0.2861,0.2568,0.3108,0.2588,0.2514,0.2641,0.2755,0.2481,0.2821,0.3389,0.2808,0.2281,0.2541,0.3789,0.2434,0.3148,0.3048,0.2301,0.2488,0.2194,0.2688,0.2401,0.2761,0.2828,0.3155,0.4376,0.969,0.2815,0.3522,0.2621,0.2835,0.2901,0.3035,0.2875,0.3048
7/2/2021,16.573,0.375,0.3381,0.3716,0.3999,0.4281,0.4864,0.4539,0.3536,0.4281,0.3561,0.333,0.2935,0.2815,0.309,0.3458,0.3664,0.3621,0.363,0.3184,0.3604,0.3527,0.2953,0.4007,0.3313,0.2764,0.3501,0.3116,0.267,0.3776,0.3244,0.303,0.2627,0.2713,0.2318,0.2498,0.2901,0.2653,0.3073,0.3614,0.7435,0.3321,0.3587,0.3801,0.3536,0.2978,0.3098,0.3476,0.2961
7/1/2021,14.3288,0.3281,0.3281,0.2856,0.4084,0.4641,0.3818,0.3167,0.3894,0.2774,0.3065,0.3103,0.2819,0.2863,0.2888,0.2413,0.2958,0.2667,0.2622,0.2705,0.2711,0.3072,0.2635,0.2875,0.3053,0.2673,0.235,0.2749,0.2338,0.3053,0.2635,0.2173,0.261,0.2654,0.235,0.2546,0.2559,0.2793,0.2844,0.3601,0.7396,0.242,0.2774,0.2527,0.261,0.285,0.2724,0.2711,0.3103
6/30/2021,17.9542,0.3299,0.3558,0.3359,0.5001,0.6494,0.5479,0.5618,0.4733,0.3001,0.2931,0.4633,0.3229,0.2881,0.3628,0.301,0.308,0.312,0.3797,0.308,0.3558,0.317,0.3727,0.3339,0.4205,0.3419,0.2782,0.4971,0.2981,0.3488,0.3717,0.2602,0.2791,0.3249,0.2553,0.2513,0.2981,0.3837,0.3538,0.4069,0.8781,0.4026,0.319,0.3389,0.3906,0.3309,0.3757,0.3817,0.3946
6/29/2021,12.7747,0.2913,0.2521,0.244,0.3094,0.318,0.2631,0.2755,0.3629,0.3285,0.2574,0.2416,0.2703,0.2555,0.2703,0.2655,0.2283,0.2665,0.2378,0.2732,0.2817,0.2459,0.233,0.2235,0.2631,0.2216,0.2641,0.2899,0.2268,0.2798,0.2373,0.2259,0.2445,0.2163,0.2225,0.2154,0.2445,0.2774,0.2364,0.3259,0.6382,0.2421,0.2278,0.2335,0.2765,0.2421,0.266,0.223,0.2388
6/28/2021,17.0912,0.3967,0.2921,0.3676,0.4712,0.5121,0.4676,0.423,0.4376,0.3158,0.2912,0.4267,0.3685,0.2794,0.2885,0.3685,0.3467,0.3248,0.3248,0.3358,0.3867,0.3212,0.3085,0.3121,0.2639,0.2667,0.2676,0.3967,0.2967,0.4276,0.323,0.2967,0.2458,0.303,0.2539,0.3021,0.3212,0.2976,0.3394,0.49,1.1243,0.3958,0.3558,0.2839,0.2794,0.293,0.3158,0.3048,0.2794
6/27/2021,20.6301,0.418,0.4824,0.3081,0.5064,0.8158,0.6277,0.6176,0.6365,0.5759,0.4837,0.3321,0.4167,0.3094,0.3852,0.394,0.4635,0.3991,0.4812,0.3637,0.4647,0.3119,0.4572,0.4875,0.3043,0.3056,0.3132,0.5178,0.2942,0.514,0.4142,0.2892,0.3309,0.3397,0.2904,0.3713,0.3359,0.3675,0.3549,0.5138,1.1949,0.4003,0.3536,0.3915,0.3056,0.346,0.3965,0.322,0.3245
6/26/2021,16.6592,0.3087,0.3832,0.3009,0.4013,0.4654,0.3598,0.3156,0.5321,0.3849,0.3658,0.3061,0.4074,0.3433,0.3407,0.3416,0.3572,0.3199,0.313,0.3554,0.2957,0.3191,0.3329,0.3182,0.3546,0.3191,0.3251,0.3277,0.2888,0.3468,0.2957,0.2879,0.3061,0.2974,0.3035,0.2818,0.2801,0.2844,0.2948,0.3931,0.8373,0.3909,0.3979,0.2593,0.2879,0.3589,0.3719,0.3,0.3
6/25/2021,17.0045,0.4143,0.29,0.29,0.5287,0.3963,0.5296,0.5404,0.4575,0.2648,0.3828,0.4728,0.3522,0.281,0.3504,0.2882,0.3495,0.2918,0.2909,0.3846,0.3306,0.2864,0.3522,0.3351,0.3549,0.2693,0.2612,0.4503,0.2792,0.3179,0.3269,0.3008,0.2639,0.3062,0.2945,0.2513,0.317,0.3134,0.3747,0.3746,0.7826,0.326,0.2756,0.3504,0.3315,0.317,0.4035,0.3504,0.3513
6/24/2021,15.0194,0.279,0.3527,0.2958,0.4018,0.3871,0.3997,0.3064,0.4067,0.3211,0.2867,0.2741,0.3007,0.2986,0.2888,0.3288,0.2979,0.3218,0.2593,0.3148,0.3197,0.3204,0.319,0.3085,0.3358,0.2832,0.2418,0.3702,0.2383,0.3288,0.267,0.227,0.272,0.2734,0.2607,0.2397,0.2818,0.3113,0.3183,0.3509,0.7124,0.2993,0.3681,0.2811,0.286,0.3007,0.2446,0.2755,0.2621
6/23/2021,15.1056,0.2619,0.3379,0.3457,0.3365,0.3585,0.4495,0.3813,0.3685,0.3436,0.3301,0.3429,0.2796,0.2811,0.3187,0.2562,0.3237,0.2754,0.3145,0.2953,0.3201,0.318,0.3017,0.3123,0.2462,0.2995,0.2661,0.3201,0.2534,0.2747,0.3052,0.259,0.2349,0.2221,0.2491,0.2633,0.2754,0.3258,0.3372,0.3575,0.7319,0.2896,0.318,0.328,0.2804,0.3294,0.291,0.3194,0.2754
6/22/2021,19.5942,0.3626,0.4148,0.3232,0.5597,0.4913,0.6038,0.4101,0.5933,0.4797,0.3429,0.4101,0.4588,0.4009,0.3812,0.4357,0.4403,0.3823,0.3696,0.3475,0.438,0.3719,0.3487,0.3904,0.4693,0.3371,0.2907,0.3267,0.3267,0.4681,0.3684,0.2872,0.3545,0.3313,0.3267,0.3046,0.3545,0.4391,0.4438,0.4075,0.88,0.4217,0.4867,0.3383,0.4043,0.3487,0.3823,0.3464,0.3928
6/21/2021,17.0045,0.3044,0.3666,0.3179,0.4854,0.4431,0.5115,0.4764,0.408,0.4323,0.3026,0.4782,0.3233,0.3188,0.2711,0.3008,0.3188,0.2981,0.3711,0.3324,0.3495,0.2684,0.2576,0.3585,0.3441,0.3315,0.3405,0.2576,0.2792,0.3729,0.3405,0.2711,0.2468,0.2549,0.2585,0.2387,0.3152,0.3783,0.3269,0.5106,1.1852,0.2882,0.263,0.3414,0.3288,0.3387,0.2783,0.3594,0.2594
6/20/2021,13.7246,0.2485,0.2789,0.2852,0.3029,0.3046,0.3458,0.3207,0.3659,0.3476,0.3218,0.3338,0.2743,0.2399,0.2359,0.2794,0.2754,0.2474,0.3046,0.2772,0.2955,0.2731,0.2245,0.2434,0.2806,0.2772,0.2525,0.2789,0.2474,0.3029,0.2462,0.2411,0.2096,0.2176,0.2188,0.2291,0.2548,0.2594,0.2829,0.3464,0.699,0.3155,0.3212,0.2331,0.2594,0.2588,0.3035,0.2812,0.2812
6/19/2021,18.2993,0.384,0.4159,0.3757,0.5508,0.6528,0.4818,0.4005,0.418,0.418,0.4921,0.3953,0.4448,0.3129,0.3685,0.384,0.2944,0.3428,0.3871,0.3974,0.3284,0.3376,0.3356,0.4375,0.3562,0.3799,0.316,0.5096,0.3026,0.3284,0.3273,0.2707,0.315,0.3036,0.2872,0.2522,0.3273,0.3325,0.2913,0.3902,0.8288,0.386,0.3098,0.281,0.351,0.315,0.418,0.3881,0.3757
6/18/2021,15.1923,0.3472,0.2976,0.2925,0.3659,0.4723,0.4644,0.4745,0.4328,0.2436,0.376,0.4249,0.3357,0.3069,0.2889,0.281,0.3191,0.3249,0.2861,0.2695,0.3299,0.304,0.3242,0.2623,0.3407,0.2393,0.2846,0.327,0.2638,0.2868,0.2753,0.2134,0.2566,0.235,0.2271,0.2638,0.2789,0.3098,0.2997,0.2691,0.4699,0.3393,0.3695,0.2537,0.3033,0.3414,0.2724,0.335,0.3127
6/17/2021,14.1563,0.2473,0.2485,0.2356,0.3304,0.3834,0.3083,0.3649,0.3821,0.3507,0.2799,0.2609,0.2775,0.2898,0.2565,0.2473,0.2787,0.3064,0.2479,0.2799,0.2836,0.2658,0.2387,0.3064,0.2276,0.2645,0.2953,0.3557,0.2442,0.3569,0.2492,0.2135,0.2375,0.235,0.2375,0.2652,0.2627,0.299,0.2923,0.3732,0.7783,0.3015,0.283,0.32,0.2498,0.2966,0.2344,0.3046,0.3083
6/16/2021,17.6953,0.3295,0.3179,0.2908,0.5574,0.5719,0.5196,0.3897,0.5729,0.315,0.3063,0.3218,0.3189,0.316,0.3102,0.3305,0.3916,0.282,0.3431,0.3586,0.3654,0.3121,0.379,0.411,0.3994,0.2617,0.3111,0.3654,0.2811,0.4023,0.3072,0.2956,0.2491,0.2597,0.2442,0.2733,0.2956,0.316,0.38,0.4904,1.1256,0.315,0.4313,0.3732,0.3606,0.3848,0.2791,0.3092,0.3732
6/15/2021,18.3858,0.3983,0.3661,0.3733,0.5239,0.4803,0.4949,0.5094,0.5842,0.5437,0.4492,0.3328,0.4564,0.2861,0.3775,0.3848,0.3453,0.4149,0.3785,0.3858,0.3858,0.3422,0.3443,0.3308,0.3972,0.2809,0.3526,0.2736,0.3141,0.4928,0.3702,0.2498,0.3027,0.2954,0.2913,0.2892,0.336,0.4003,0.3432,0.3224,0.6279,0.4201,0.4367,0.2861,0.3484,0.3837,0.39,0.4149,0.2778
6/14/2021,19.5938,0.3707,0.4101,0.3128,0.62,0.7522,0.5806,0.5643,0.5713,0.2954,0.453,0.4159,0.4716,0.3893,0.3487,0.3197,0.4136,0.3568,0.3394,0.4333,0.387,0.3939,0.409,0.3359,0.3626,0.322,0.3301,0.3487,0.3243,0.4785,0.3997,0.2942,0.3475,0.2501,0.3232,0.2652,0.3406,0.4322,0.3313,0.4514,1.01,0.4449,0.4043,0.3533,0.2803,0.4357,0.3325,0.3626,0.4241
6/13/2021,21.8389,0.3355,0.3701,0.3673,0.5445,0.6801,0.7188,0.431,0.5043,0.3327,0.5569,0.6496,0.4199,0.3978,0.4268,0.467,0.4241,0.4808,0.413,0.4504,0.4836,0.4739,0.4656,0.5251,0.3922,0.3272,0.4504,0.5182,0.3134,0.5099,0.3825,0.3729,0.3064,0.341,0.276,0.2774,0.377,0.4504,0.4504,0.5796,1.3895,0.5099,0.3037,0.3327,0.3922,0.3825,0.4933,0.4075,0.3839
6/12/2021,19.9393,0.347,0.452,0.4962,0.6538,0.5535,0.606,0.5977,0.5989,0.4114,0.4269,0.6132,0.4293,0.3243,0.3207,0.3529,0.4078,0.446,0.341,0.372,0.3792,0.3971,0.347,0.4962,0.4031,0.3111,0.3816,0.532,0.3147,0.4532,0.378,0.3004,0.3338,0.2837,0.3314,0.3123,0.3684,0.3625,0.3171,0.3529,0.7183,0.3505,0.4616,0.3911,0.4544,0.3804,0.3267,0.4019,0.3481
6/11/2021,16.2275,0.3362,0.3032,0.3814,0.4818,0.4448,0.4694,0.3707,0.3732,0.2555,0.3617,0.4653,0.3427,0.3008,0.3337,0.3189,0.2934,0.2991,0.3444,0.3394,0.3427,0.323,0.3279,0.3526,0.3863,0.2687,0.3353,0.3987,0.2777,0.3929,0.3041,0.2547,0.2317,0.244,0.2547,0.2506,0.3131,0.2926,0.2851,0.332,0.6563,0.2926,0.4077,0.3205,0.2638,0.3312,0.3362,0.2851,0.3501
6/10/2021,15.3647,0.2838,0.2889,0.3456,0.3515,0.3928,0.3221,0.4082,0.3456,0.3788,0.3758,0.4193,0.2874,0.2617,0.2595,0.2779,0.3132,0.3213,0.3162,0.3154,0.3434,0.2735,0.3331,0.2661,0.283,0.3066,0.3022,0.3979,0.2558,0.3044,0.2904,0.2573,0.2867,0.2528,0.2484,0.2668,0.272,0.3051,0.272,0.3806,0.8004,0.3066,0.3721,0.2433,0.2587,0.3471,0.2683,0.311,0.2941
6/9/2021,15.969,0.3603,0.3173,0.2551,0.4782,0.338,0.3181,0.3667,0.3954,0.3747,0.2934,0.3109,0.3149,0.2854,0.3165,0.3189,0.291,0.2639,0.3109,0.2782,0.2854,0.3348,0.3037,0.2982,0.3141,0.2703,0.3316,0.2535,0.2782,0.3874,0.3205,0.2567,0.2352,0.2336,0.2647,0.2352,0.2703,0.2639,0.3428,0.5495,1.3003,0.33,0.3826,0.2878,0.2854,0.3117,0.2551,0.2798,0.3189
6/8/2021,18.3859,0.444,0.3796,0.3952,0.499,0.473,0.4575,0.3713,0.4762,0.4419,0.3038,0.4824,0.3391,0.2975,0.3173,0.3817,0.3266,0.3972,0.4066,0.3526,0.4222,0.3858,0.3837,0.3557,0.3349,0.31,0.3827,0.499,0.311,0.3515,0.3619,0.2809,0.2425,0.3058,0.3048,0.2819,0.3276,0.2809,0.2788,0.4548,1.0199,0.3256,0.3484,0.3609,0.3983,0.3858,0.3837,0.3879,0.3765
6/7/2021,16.8318,0.3309,0.3751,0.346,0.421,0.4581,0.3486,0.4051,0.4943,0.482,0.4634,0.3592,0.2771,0.2903,0.2824,0.3053,0.3,0.3433,0.3248,0.3627,0.3769,0.3336,0.2991,0.3168,0.2621,0.2735,0.2629,0.3186,0.2938,0.444,0.3362,0.2709,0.2515,0.2488,0.2311,0.3009,0.2956,0.3769,0.2938,0.4808,1.097,0.3928,0.2656,0.2665,0.255,0.315,0.4087,0.3203,0.2735
6/6/2021,20.8028,0.3369,0.3561,0.3689,0.5802,0.5968,0.5111,0.3792,0.4138,0.4202,0.552,0.3382,0.4714,0.4061,0.319,0.3216,0.4496,0.3933,0.4509,0.4061,0.4726,0.4202,0.3446,0.4855,0.4355,0.3331,0.4125,0.4061,0.3395,0.5866,0.3933,0.2576,0.2909,0.3126,0.3318,0.2909,0.3856,0.3344,0.319,0.6569,1.6186,0.3971,0.3753,0.3677,0.4726,0.4701,0.5162,0.3677,0.3369
6/5/2021,15.0194,0.2748,0.3134,0.2558,0.4173,0.4636,0.3021,0.2965,0.4446,0.3723,0.4074,0.3878,0.2706,0.3021,0.2439,0.3253,0.2558,0.2565,0.3141,0.2902,0.3386,0.3078,0.2706,0.2677,0.3421,0.2986,0.2951,0.3702,0.2425,0.267,0.2762,0.2158,0.2713,0.2172,0.2769,0.2348,0.2607,0.272,0.2881,0.3722,0.7754,0.2699,0.3239,0.2944,0.2467,0.3253,0.3358,0.3099,0.2586
6/4/2021,19.3353,0.3832,0.3854,0.4466,0.4466,0.6121,0.3968,0.4398,0.4852,0.3514,0.4761,0.5498,0.4387,0.3299,0.2936,0.322,0.3526,0.3208,0.4376,0.3276,0.4217,0.3492,0.305,0.3514,0.3152,0.3616,0.3798,0.2902,0.3186,0.4863,0.3809,0.3208,0.2596,0.3038,0.2993,0.3424,0.3254,0.4092,0.3322,0.5658,1.3488,0.4092,0.3526,0.4217,0.373,0.339,0.4444,0.4274,0.305
6/3/2021,14.5878,0.3004,0.3366,0.2984,0.3518,0.3696,0.4368,0.3123,0.3972,0.2569,0.2668,0.3261,0.3379,0.2727,0.2497,0.3136,0.2602,0.2642,0.249,0.2628,0.2589,0.2879,0.2622,0.3518,0.2951,0.249,0.2668,0.2332,0.253,0.3386,0.2938,0.2352,0.2161,0.2266,0.2273,0.2457,0.278,0.2411,0.3215,0.4362,0.965,0.3123,0.3248,0.2457,0.2905,0.3057,0.249,0.2516,0.2622
6/2/2021,15.4509,0.3433,0.3686,0.3433,0.4617,0.4029,0.4722,0.3,0.4029,0.3596,0.3917,0.4193,0.3574,0.3,0.3276,0.3179,0.3015,0.3336,0.3067,0.3149,0.3038,0.2911,0.3284,0.3671,0.3529,0.2345,0.2777,0.382,0.2538,0.3783,0.2836,0.224,0.2777,0.2293,0.2769,0.2352,0.2971,0.2643,0.3134,0.2295,0.3527,0.35,0.3507,0.3194,0.2464,0.3246,0.2866,0.3298,0.265
6/1/2021,17.9543,0.2931,0.4384,0.3399,0.5061,0.4205,0.5001,0.3488,0.3976,0.4056,0.4344,0.3628,0.4046,0.2851,0.3707,0.3001,0.3249,0.4046,0.3538,0.3936,0.321,0.319,0.2632,0.3478,0.3996,0.3677,0.2881,0.3657,0.2931,0.3677,0.3618,0.2543,0.32,0.316,0.3001,0.2861,0.308,0.3986,0.2881,0.4898,1.1236,0.4066,0.4524,0.3319,0.3906,0.3399,0.3419,0.2941,0.3329
5/31/2021,16.2276,0.2753,0.3625,0.3139,0.4991,0.3773,0.4094,0.3493,0.4464,0.3271,0.4456,0.3666,0.2687,0.3181,0.2712,0.3493,0.3444,0.295,0.2679,0.3246,0.3098,0.3312,0.3156,0.2975,0.267,0.3246,0.2531,0.3304,0.2506,0.4012,0.2868,0.2415,0.2481,0.2827,0.267,0.2555,0.2934,0.2753,0.2588,0.4485,1.0013,0.3526,0.3337,0.3436,0.2975,0.3353,0.3863,0.2777,0.3493
5/30/2021,21.7518,0.4252,0.406,0.3743,0.6466,0.6727,0.5902,0.4293,0.6837,0.461,0.6356,0.3977,0.3867,0.3358,0.3592,0.4582,0.4706,0.4692,0.3702,0.4733,0.3784,0.472,0.5008,0.5393,0.5283,0.4266,0.3468,0.3262,0.3221,0.4541,0.3867,0.3317,0.2726,0.3757,0.3193,0.3179,0.4046,0.4362,0.3647,0.5232,1.2225,0.3523,0.4871,0.4197,0.3606,0.4665,0.5393,0.3509,0.4802
5/29/2021,19.3354,0.3684,0.3684,0.339,0.5532,0.5713,0.509,0.5883,0.5158,0.4977,0.3197,0.4875,0.3412,0.3639,0.3775,0.3458,0.4376,0.3764,0.3333,0.3684,0.3696,0.3866,0.3526,0.4058,0.3016,0.3322,0.3004,0.3741,0.3163,0.4999,0.3956,0.3197,0.3129,0.3084,0.3095,0.288,0.3344,0.3458,0.3809,0.5352,1.2581,0.4115,0.2936,0.3582,0.3548,0.3095,0.4274,0.3152,0.3752
5/28/2021,16.746,0.3564,0.3014,0.3328,0.3739,0.443,0.4334,0.4518,0.5279,0.3722,0.2909,0.3425,0.283,0.2672,0.2681,0.3687,0.3774,0.3661,0.3136,0.3477,0.3521,0.3425,0.2716,0.3145,0.3862,0.3066,0.3258,0.4325,0.2664,0.4439,0.3486,0.2987,0.2874,0.2996,0.2314,0.2996,0.3215,0.3057,0.2769,0.3815,0.8028,0.3145,0.3171,0.3162,0.3206,0.346,0.3941,0.3031,0.3206
5/27/2021,19.8531,0.4843,0.431,0.4464,0.6337,0.5756,0.4914,0.3646,0.5151,0.3658,0.3622,0.3551,0.3338,0.3006,0.3919,0.3942,0.4381,0.4535,0.4559,0.3397,0.3848,0.3125,0.4085,0.4393,0.4701,0.3208,0.3089,0.4239,0.2935,0.5531,0.4049,0.3314,0.3634,0.3421,0.2722,0.2888,0.3184,0.4025,0.3646,0.4901,1.1246,0.3563,0.4393,0.3978,0.3338,0.4227,0.4227,0.3942,0.335
5/26/2021,26.7583,0.5006,0.6037,0.6225,0.5887,0.7557,0.5925,0.72,0.6431,0.6731,0.5794,0.6544,0.66,0.4405,0.5456,0.3918,0.4199,0.5362,0.403,0.5231,0.6037,0.4687,0.3768,0.6506,0.6638,0.5043,0.4105,0.7632,0.4049,0.5212,0.5325,0.3224,0.3111,0.3505,0.3674,0.4574,0.4743,0.5587,0.585,0.8627,2.2281,0.4856,0.358,0.5887,0.3467,0.4518,0.4274,0.4555,0.373
5/25/2021,33.4055,0.5147,0.53,0.8551,1.1524,1.2896,0.9974,1.2184,0.9822,1.0203,0.9568,0.6671,0.4868,0.6494,0.4715,0.6367,0.563,0.4995,0.7357,0.535,0.5503,0.7332,0.5706,0.5198,0.7993,0.535,0.6214,0.5325,0.4919,0.972,0.5757,0.5122,0.4233,0.3826,0.4919,0.3801,0.5681,0.657,0.629,0.7182,1.8,0.7688,0.7434,0.4614,0.6519,0.6875,0.7637,0.4893,0.6138
5/24/2021,33.3186,0.7515,0.706,0.673,0.8427,0.7085,0.6325,1.0452,1.0224,0.6528,0.8807,0.668,0.8072,0.5161,0.511,0.7186,0.673,0.5034,0.6351,0.7389,0.5211,0.5844,0.587,0.7794,0.511,0.6097,0.468,0.9845,0.5059,0.8072,0.6275,0.554,0.4173,0.4199,0.3743,0.549,0.5464,0.6325,0.5211,0.9591,2.5137,0.7946,0.6325,0.5287,0.6781,0.5389,0.787,0.6325,0.5667
5/23/2021,34.2683,0.5948,0.7971,0.8549,1.0414,1.4407,0.6842,1.1701,0.6789,1.1071,1.0099,0.8207,0.4661,0.4871,0.537,0.4793,0.7603,0.692,0.6237,0.6684,0.8024,0.6947,0.6684,0.5029,0.7656,0.5712,0.6159,0.8628,0.5292,0.5108,0.6999,0.5397,0.5502,0.5423,0.5633,0.5554,0.5738,0.4582,0.7997,0.8463,2.1795,0.4898,0.7025,0.5082,0.4136,0.6999,0.4609,0.784,0.4635
5/22/2021,33.9231,0.7033,0.7396,0.7914,0.9729,1.2036,1.0973,0.6773,0.7759,0.9236,0.7447,0.5037,0.7862,0.5685,0.6048,0.5037,0.7966,0.7162,0.6229,0.711,0.7681,0.5192,0.6177,0.4674,0.5996,0.6877,0.4518,0.5374,0.4985,0.9314,0.6748,0.5088,0.4259,0.4207,0.4103,0.4596,0.5296,0.47,0.6851,1.0599,2.812,0.8277,0.5218,0.7318,0.4337,0.7629,0.5037,0.4803,0.6825
5/21/2021,29.6934,0.4877,0.5311,0.5029,0.6634,1.1819,1.0387,0.8891,0.8847,0.6222,0.7242,0.8956,0.6136,0.5203,0.4617,0.5897,0.5246,0.4725,0.5116,0.6743,0.5203,0.4205,0.5463,0.6157,0.6352,0.4292,0.5506,0.85,0.4639,0.8999,0.5702,0.3359,0.3511,0.4226,0.4725,0.3923,0.5029,0.5767,0.6548,0.7553,1.91,0.4704,0.3923,0.4704,0.3836,0.5138,0.6808,0.607,0.5094
5/20/2021,20.8024,0.5213,0.4317,0.3241,0.6045,0.6416,0.5866,0.5315,0.5635,0.5853,0.4842,0.6698,0.4253,0.4112,0.3869,0.4406,0.4035,0.4099,0.3241,0.4445,0.4381,0.4445,0.4688,0.3946,0.3293,0.3459,0.3497,0.4752,0.3088,0.5968,0.4138,0.3139,0.2704,0.3331,0.278,0.2742,0.3753,0.488,0.4342,0.3318,0.6557,0.3664,0.3497,0.3613,0.4317,0.4547,0.4855,0.4419,0.401
5/19/2021,27.7081,0.4465,0.5372,0.7027,0.6436,0.7638,0.9116,0.7855,0.6259,0.6574,0.6594,0.8545,0.4721,0.5628,0.3835,0.5746,0.484,0.5293,0.62,0.48,0.4918,0.5234,0.6357,0.5273,0.4643,0.3578,0.415,0.3736,0.3953,0.6633,0.4308,0.3637,0.3933,0.3795,0.4288,0.3539,0.4465,0.484,0.3775,0.9149,2.3826,0.6219,0.7283,0.4505,0.35,0.4938,0.5391,0.5451,0.482
5/18/2021,27.2764,0.4115,0.583,0.4173,0.7045,0.8047,0.6428,0.9165,0.9609,0.7797,0.7719,0.8413,0.5657,0.4308,0.5657,0.5464,0.5233,0.5117,0.4288,0.5271,0.6274,0.398,0.477,0.6794,0.4288,0.344,0.4982,0.4789,0.4096,0.5927,0.477,0.4134,0.4288,0.4211,0.398,0.3344,0.4134,0.5252,0.5946,0.6805,1.6884,0.691,0.3961,0.4192,0.4616,0.4616,0.6659,0.4944,0.4442
5/17/2021,26.8447,0.6208,0.602,0.6416,0.6679,0.7867,0.5605,0.4776,0.8262,0.4983,0.4795,0.6849,0.5078,0.4475,0.4173,0.5247,0.5398,0.5096,0.4211,0.6152,0.5926,0.4135,0.5643,0.6774,0.4286,0.5002,0.4248,0.7942,0.4361,0.5737,0.4418,0.308,0.4098,0.3042,0.3061,0.3777,0.4908,0.4795,0.5021,0.9339,2.4391,0.3777,0.6378,0.4625,0.3495,0.5436,0.4851,0.3853,0.3758
5/16/2021,21.7519,0.3482,0.4802,0.5187,0.7236,0.4623,0.5187,0.4733,0.5504,0.4073,0.3537,0.4156,0.3317,0.4197,0.3289,0.3743,0.3289,0.4926,0.4678,0.4417,0.4665,0.3551,0.3496,0.4665,0.4307,0.2891,0.4431,0.5297,0.3111,0.4472,0.4046,0.3193,0.3138,0.3454,0.3482,0.3743,0.4128,0.3482,0.3647,0.6603,1.6286,0.4403,0.4513,0.4706,0.4733,0.3977,0.5132,0.4761,0.483
5/15/2021,15.7095,0.2823,0.2877,0.2962,0.3455,0.3687,0.455,0.408,0.3093,0.4257,0.307,0.391,0.2522,0.3062,0.2715,0.2846,0.2723,0.3509,0.3239,0.2792,0.3409,0.3039,0.2761,0.3,0.2654,0.2715,0.3317,0.3155,0.2761,0.3964,0.2893,0.216,0.29,0.2299,0.2669,0.253,0.2769,0.3047,0.3347,0.4831,1.1038,0.3748,0.2777,0.26,0.2754,0.2677,0.3031,0.3263,0.2815
5/14/2021,18.0402,0.3494,0.4106,0.2861,0.5532,0.5723,0.4839,0.493,0.5864,0.4609,0.4177,0.5,0.3815,0.2801,0.3494,0.3283,0.2932,0.3494,0.2972,0.3645,0.4086,0.3594,0.2751,0.4006,0.3163,0.2841,0.3303,0.4006,0.2691,0.498,0.3635,0.247,0.3082,0.2811,0.248,0.3253,0.3112,0.3444,0.3886,0.3509,0.7124,0.3896,0.4076,0.3022,0.3052,0.3153,0.4247,0.4086,0.3072
5/13/2021,25.8952,0.5729,0.5496,0.4494,0.8485,0.7322,0.6874,0.6624,0.9075,0.5353,0.7268,0.8646,0.4655,0.4512,0.3743,0.385,0.5514,0.4333,0.4172,0.4261,0.4977,0.5657,0.5478,0.4405,0.4637,0.3438,0.521,0.6123,0.3814,0.4333,0.4566,0.2991,0.4494,0.4333,0.4172,0.3564,0.4136,0.4942,0.3581,0.7616,1.9286,0.6176,0.3456,0.512,0.3886,0.521,0.4297,0.5156,0.3492
5/12/2021,30.9879,0.7942,0.7644,0.5896,0.8494,0.9529,1.008,0.9804,1.0356,0.9781,0.5483,0.7598,0.7345,0.5988,0.4954,0.6218,0.6333,0.4862,0.4494,0.5322,0.6172,0.4655,0.6816,0.7919,0.6563,0.5276,0.4747,0.4218,0.4149,0.6517,0.5184,0.3713,0.3598,0.4517,0.5046,0.4448,0.4885,0.5368,0.5873,0.733,1.844,0.6701,0.5161,0.6287,0.4655,0.5736,0.769,0.4839,0.5253
5/11/2021,25.9818,0.4616,0.6288,0.4634,0.6414,0.6432,0.7367,0.4813,0.8715,0.7475,0.6468,0.5245,0.44,0.4688,0.404,0.4598,0.5245,0.4418,0.5587,0.5155,0.4598,0.4166,0.3663,0.4903,0.4346,0.5209,0.3842,0.4724,0.3681,0.7547,0.4742,0.3986,0.4184,0.3249,0.4004,0.3645,0.4544,0.4256,0.5317,0.8788,2.2758,0.422,0.4022,0.5389,0.3932,0.5119,0.4022,0.5083,0.5281
5/10/2021,25.0323,0.4239,0.5754,0.6368,0.5533,0.6316,0.756,0.7679,0.8616,0.354,0.7526,0.6197,0.4749,0.4511,0.4835,0.429,0.463,0.4545,0.5022,0.4409,0.463,0.5499,0.4937,0.5567,0.4153,0.4153,0.4341,0.3608,0.3898,0.6436,0.4988,0.3642,0.3353,0.3642,0.3898,0.4153,0.4273,0.3779,0.4818,0.579,1.3878,0.5022,0.4818,0.509,0.4698,0.5925,0.5993,0.5448,0.3574
5/9/2021,17.8677,0.3206,0.362,0.3739,0.5732,0.6275,0.4775,0.3354,0.4953,0.3433,0.3078,0.5288,0.4134,0.288,0.29,0.2949,0.3857,0.3966,0.3778,0.3275,0.3966,0.2831,0.368,0.2811,0.292,0.3068,0.2673,0.3019,0.2861,0.3847,0.3709,0.3265,0.294,0.3009,0.292,0.3186,0.3038,0.2989,0.3009,0.494,1.136,0.3186,0.2644,0.3719,0.2811,0.368,0.4301,0.3828,0.3275
5/8/2021,22.874,0.485,0.4716,0.5772,0.6278,0.6962,0.4433,0.7735,0.4612,0.3719,0.3704,0.4835,0.4523,0.3838,0.4731,0.4448,0.4299,0.4582,0.3511,0.4805,0.4656,0.3452,0.4076,0.4478,0.369,0.3243,0.3585,0.5132,0.3303,0.5549,0.3853,0.2961,0.3422,0.302,0.3347,0.2976,0.4329,0.3913,0.4166,0.737,1.8557,0.5236,0.5504,0.4299,0.4314,0.3779,0.5534,0.4894,0.3749
5/7/2021,25.1186,0.3806,0.5998,0.3961,0.6135,0.7675,0.6254,0.86,0.8651,0.7881,0.7282,0.4029,0.3738,0.3567,0.5347,0.5347,0.5296,0.5073,0.432,0.4902,0.5535,0.4988,0.4799,0.5775,0.4611,0.3242,0.3652,0.6032,0.4063,0.5553,0.5107,0.3721,0.3926,0.4252,0.408,0.4337,0.4183,0.4953,0.4252,0.4588,1.0318,0.3961,0.5758,0.5073,0.4286,0.5844,0.5142,0.5792,0.5501
5/6/2021,19.2492,0.4693,0.4535,0.3017,0.5908,0.4186,0.4299,0.3658,0.476,0.5188,0.5008,0.4423,0.3208,0.3421,0.3691,0.3444,0.3197,0.314,0.4288,0.3343,0.4254,0.368,0.4198,0.3714,0.4243,0.3703,0.3433,0.521,0.2915,0.3601,0.3714,0.2578,0.2904,0.3287,0.3332,0.278,0.3511,0.332,0.4029,0.4864,1.1136,0.3287,0.4479,0.431,0.3703,0.3815,0.3815,0.3455,0.3815
5/5/2021,21.8387,0.3646,0.4905,0.4753,0.5306,0.5029,0.7244,0.5472,0.7064,0.6233,0.3438,0.6081,0.4656,0.4158,0.4254,0.4711,0.3798,0.3355,0.4088,0.4296,0.4656,0.4075,0.496,0.3563,0.323,0.4241,0.3936,0.3452,0.3563,0.485,0.4628,0.3646,0.2829,0.3244,0.2926,0.3396,0.3867,0.485,0.4836,0.4049,0.8722,0.532,0.5694,0.4683,0.3964,0.4794,0.5362,0.4545,0.4019
5/4/2021,28.5709,0.4361,0.648,0.5863,0.8681,0.7036,0.5657,0.6419,0.827,0.5164,0.6069,0.6419,0.7221,0.4259,0.5863,0.6357,0.5945,0.4999,0.4176,0.5349,0.6377,0.4259,0.5513,0.6131,0.5801,0.3703,0.5225,0.502,0.432,0.6583,0.5616,0.3374,0.3662,0.4403,0.4485,0.395,0.4814,0.6604,0.4094,0.9746,2.5596,0.5699,0.4238,0.4382,0.4423,0.4773,0.6892,0.6007,0.5431
5/3/2021,31.3335,0.7547,0.575,0.8107,1.0697,1.1887,0.8713,1.156,0.652,0.4793,0.6847,0.5237,0.7337,0.6357,0.631,0.5353,0.449,0.5423,0.6077,0.659,0.491,0.519,0.5307,0.5983,0.6963,0.5143,0.5377,0.8807,0.477,0.61,0.6497,0.4537,0.4093,0.3463,0.4723,0.5307,0.498,0.4677,0.4467,0.877,2.2704,0.7663,0.4653,0.498,0.6123,0.708,0.5517,0.4443,0.4513
5/2/2021,36.8579,0.9285,0.7698,0.9718,1.1796,0.9516,1.093,0.7698,0.7092,0.5736,1.1478,0.5736,0.7438,0.7034,0.764,0.689,0.5938,0.5909,0.5332,0.5793,0.8766,0.6948,0.5678,0.9401,0.8506,0.7121,0.5245,1.0699,0.513,0.8795,0.5764,0.4033,0.5274,0.5938,0.536,0.5043,0.5851,0.8102,0.7063,0.8856,2.296,0.588,0.7207,0.8217,0.8015,0.7958,0.7467,0.6832,0.7813
5/1/2021,38.4975,0.7644,0.7949,0.6058,1.0054,0.8742,1.231,1.4262,1.2371,0.9444,0.9871,0.7858,0.6119,0.5631,0.7644,0.6577,0.8498,0.7339,0.6546,0.6607,0.6058,0.7705,0.7675,0.92,0.6089,0.6699,0.615,0.5509,0.5753,1.1914,0.6607,0.3954,0.5235,0.4503,0.6485,0.5814,0.6089,0.7065,0.5845,1.1698,3.1374,0.8163,0.496,0.8407,0.5753,0.7339,0.6272,0.8376,0.676
4/30/2021,37.2888,0.7407,0.7144,0.8989,1.0131,1.3295,1.2064,1.2064,1.1098,1.2094,0.9458,1.1361,0.9663,0.5386,0.6031,0.688,0.8696,0.855,0.5181,0.6587,0.7261,0.6177,0.6089,0.8725,0.811,0.5855,0.5357,1.0951,0.5884,0.852,0.6382,0.6412,0.5416,0.4215,0.5796,0.4683,0.5679,0.6177,0.6353,0.5836,1.4016,0.9253,0.9663,0.7114,0.5796,0.5591,0.7788,0.5386,0.6324
4/29/2021,30.5563,0.6404,0.4734,0.6471,1.096,1.1817,0.7103,1.0509,0.9426,0.6291,0.4802,0.8862,0.4689,0.4283,0.4441,0.6764,0.4441,0.4802,0.5862,0.6336,0.5907,0.5952,0.6381,0.5276,0.6674,0.6178,0.4125,0.4599,0.4734,0.6336,0.5592,0.4689,0.5231,0.4757,0.4825,0.3561,0.4937,0.4351,0.5276,0.8784,2.2745,0.4351,0.6043,0.4644,0.4486,0.6967,0.6764,0.708,0.5321
4/28/2021,30.2976,0.6461,0.6795,0.4476,0.6639,0.8133,0.6929,0.849,0.8133,0.713,0.6305,0.6305,0.5747,0.6037,0.568,0.5257,0.5992,0.5457,0.6371,0.6305,0.6461,0.4432,0.5346,0.5368,0.4699,0.5123,0.4788,0.403,0.4008,0.5792,0.5167,0.4253,0.4565,0.3651,0.519,0.4677,0.5011,0.6171,0.6215,1.1139,2.9721,0.4565,0.6349,0.6416,0.5279,0.7085,0.5903,0.4521,0.4409
4/27/2021,26.0681,0.4594,0.4919,0.5913,0.8334,0.9707,0.6617,0.7683,0.7448,0.5353,0.7015,0.8424,0.4666,0.3835,0.5533,0.5407,0.566,0.4016,0.5009,0.5208,0.5389,0.407,0.5822,0.5714,0.4377,0.36,0.4341,0.3817,0.4196,0.7701,0.4521,0.4485,0.3257,0.3058,0.3853,0.3654,0.4016,0.416,0.3654,0.6031,1.4593,0.6491,0.3943,0.4449,0.6093,0.5154,0.4973,0.4955,0.4973
4/26/2021,23.3924,0.3545,0.453,0.5268,0.69,0.8239,0.4961,0.5453,0.5638,0.593,0.5253,0.4099,0.3745,0.3852,0.4406,0.3868,0.4714,0.4099,0.3899,0.3899,0.4222,0.4468,0.3391,0.3468,0.3929,0.4068,0.3945,0.4406,0.3452,0.6654,0.3745,0.3883,0.3883,0.3991,0.2821,0.3529,0.4299,0.5299,0.4499,0.8415,2.1654,0.3391,0.5638,0.3883,0.396,0.493,0.3868,0.4437,0.3498
4/25/2021,20.1982,0.3399,0.3899,0.3643,0.6204,0.7144,0.6753,0.6229,0.5631,0.3179,0.3875,0.4643,0.3667,0.3399,0.4192,0.4228,0.3484,0.3411,0.3155,0.4484,0.3643,0.3399,0.3655,0.4667,0.3362,0.3228,0.4363,0.3094,0.3008,0.4765,0.3557,0.3338,0.3204,0.3094,0.2935,0.3008,0.3521,0.4667,0.4375,0.5562,1.3203,0.3838,0.335,0.4167,0.346,0.3313,0.4265,0.3679,0.3643
4/24/2021,27.0177,0.4139,0.5204,0.509,0.9198,1.0225,0.7657,0.8722,0.5185,0.7695,0.6992,0.5584,0.6459,0.4215,0.5337,0.4424,0.5166,0.5375,0.6155,0.49,0.5851,0.3987,0.3797,0.5946,0.3759,0.528,0.4424,0.7961,0.3854,0.6136,0.5166,0.4671,0.4671,0.45,0.3454,0.3435,0.4748,0.374,0.3683,0.688,1.7106,0.5204,0.4139,0.5071,0.3644,0.5755,0.4538,0.6098,0.4957
4/23/2021,23.7373,0.5963,0.4185,0.5963,0.7442,0.5617,0.494,0.5916,0.6624,0.6246,0.5066,0.4531,0.4783,0.3854,0.5066,0.3838,0.5239,0.4389,0.4436,0.5223,0.4436,0.3555,0.4547,0.5129,0.568,0.4436,0.3492,0.4893,0.3476,0.5192,0.3791,0.2721,0.2957,0.4059,0.3414,0.3791,0.387,0.5286,0.3697,0.6493,1.5961,0.5381,0.4798,0.4673,0.5019,0.4499,0.4846,0.4279,0.3681
4/22/2021,27.8808,0.4708,0.6677,0.614,0.7472,1.0911,0.9698,0.5444,0.5802,0.7233,0.5424,0.7412,0.5921,0.5663,0.3973,0.5842,0.4967,0.6279,0.5384,0.5842,0.5901,0.5027,0.3854,0.4967,0.6359,0.4987,0.4192,0.5524,0.4072,0.5066,0.5225,0.3436,0.3376,0.3178,0.3357,0.4231,0.4728,0.4788,0.4768,0.8692,2.2474,0.6518,0.4032,0.3675,0.6219,0.5583,0.3913,0.5881,0.3993
4/21/2021,28.0531,0.4855,0.5697,0.3913,0.9207,1.1894,0.8605,0.7663,0.8405,0.7262,0.6078,0.4454,0.4053,0.4193,0.4474,0.6359,0.4013,0.4534,0.672,0.5978,0.4735,0.4655,0.4093,0.6921,0.4053,0.5316,0.4153,0.5637,0.3852,0.5497,0.5938,0.3131,0.3351,0.4233,0.4594,0.4715,0.4414,0.5697,0.6459,0.8495,2.189,0.5116,0.5597,0.4955,0.4775,0.6299,0.3973,0.4915,0.4715
4/20/2021,30.5564,0.7238,0.5456,0.5862,0.8501,0.8321,0.7216,1.0013,1.0509,0.8163,0.5862,0.8298,0.6178,0.4396,0.5952,0.6088,0.5343,0.4779,0.6178,0.5727,0.5704,0.5727,0.6742,0.6764,0.6449,0.4306,0.6313,0.7013,0.4328,0.7915,0.5749,0.4644,0.5388,0.408,0.3449,0.514,0.5343,0.6584,0.5095,0.4781,1.0891,0.7734,0.7103,0.6088,0.584,0.69,0.6494,0.6787,0.6133
4/19/2021,38.4975,0.6577,0.8224,0.5692,1.3225,1.6855,1.0206,1.2737,1.1944,1.2402,1.2127,0.7553,0.8315,0.7156,0.6668,0.7827,0.7248,0.8071,0.8925,0.9047,0.6943,0.6455,0.6028,0.6394,0.9383,0.7431,0.7278,0.7705,0.5723,0.8864,0.6546,0.4106,0.5967,0.618,0.5784,0.5082,0.5845,0.557,0.5814,0.5831,1.4001,0.9291,0.92,0.6272,0.8224,0.7309,0.557,0.7278,0.8102
4/18/2021,43.6768,0.8303,0.8731,1.1192,1.3226,1.4903,1.0693,0.9373,0.8838,0.8695,1.3119,0.9016,0.898,0.8053,0.6697,0.5984,0.7981,0.6269,0.9801,0.6697,0.9337,0.8659,0.6412,0.6983,0.9837,0.6233,0.9194,0.8196,0.6055,1.3654,0.7981,0.4235,0.6554,0.659,0.6269,0.5877,0.7518,0.5805,0.8445,1.278,3.4579,0.766,0.7874,1.0336,0.7304,0.8552,1.0764,0.7161,0.9373
4/17/2021,42.6412,0.8006,0.6794,0.9218,0.9773,1.871,1.6008,0.908,1.5523,1.3133,1.2371,0.9496,0.9842,0.8006,0.6586,0.662,0.8491,0.5928,0.8699,0.863,0.9496,0.7763,0.7521,0.953,0.6412,0.7486,0.8872,1.0569,0.5754,0.9669,0.6828,0.5858,0.6655,0.714,0.5616,0.4473,0.7105,0.953,0.8075,0.7106,1.7775,0.9634,0.863,0.7036,0.9842,0.9218,0.8318,0.8387,0.52
4/16/2021,33.0597,0.8433,0.6453,0.5751,1.129,1.2142,0.6578,1.2593,0.7606,1.0488,0.8683,0.7506,0.4498,0.4724,0.5275,0.728,0.6002,0.713,0.708,0.5927,0.6979,0.4849,0.4198,0.8633,0.733,0.5977,0.5175,0.8082,0.515,0.956,0.6228,0.4874,0.4724,0.4724,0.4097,0.5476,0.6127,0.718,0.7631,0.5747,1.375,0.6603,0.535,0.5601,0.5827,0.6603,0.7355,0.4649,0.6679
4/15/2021,36.5126,0.7683,0.6713,0.8453,1.1732,1.1789,1.2701,1.1675,1.0277,0.6343,0.6001,1.2131,0.8681,0.6913,0.6799,0.7768,0.6799,0.6371,0.8396,0.563,0.6856,0.5858,0.5687,0.8937,0.7255,0.6229,0.5088,0.6656,0.5088,0.7483,0.5687,0.4917,0.4404,0.3805,0.5687,0.4119,0.6086,0.5772,0.4689,1.0821,2.878,0.6343,0.9622,0.7198,0.4375,0.5288,0.4974,0.6599,0.7968
4/14/2021,43.7633,0.6495,0.9678,0.9356,1.2789,1.6401,0.9105,0.8819,1.4649,0.7639,0.746,1.0357,0.8533,0.8927,0.721,0.7246,0.8319,0.932,0.8712,1.0035,0.6709,0.8068,0.721,0.7067,0.696,0.8319,0.5386,0.535,0.5279,0.9535,0.7639,0.5779,0.5386,0.4385,0.4707,0.7174,0.7317,0.7246,0.7782,1.6417,4.5353,0.7389,1.1931,0.6745,0.7568,0.9749,1.0679,0.6387,0.7067
4/13/2021,43.6771,0.9087,0.6804,0.9444,1.03,1.9148,1.501,1.1335,1.2156,1.4189,1.0515,1.237,1.1621,0.8053,0.5555,0.9266,0.8945,0.8802,0.8731,0.6804,0.9872,0.9516,0.8517,1.1228,0.9801,0.8624,0.5448,0.7018,0.6412,0.6305,0.9159,0.5627,0.527,0.7268,0.6305,0.7268,0.6269,0.8481,0.9373,0.3864,0.8174,1.0265,0.9979,0.9516,0.8374,1.0051,1.1157,1.0086,0.9409
4/12/2021,37.6349,0.866,0.8868,0.5371,1.1209,1.1594,0.7949,0.9194,0.8305,0.9194,1.0142,0.9342,0.5312,0.7534,0.6675,0.7119,0.7238,0.6793,0.5816,0.792,0.8246,0.8068,0.7742,0.8898,0.629,0.7742,0.792,0.6853,0.5312,0.5964,0.7505,0.4363,0.549,0.5608,0.4334,0.5312,0.626,0.5045,0.626,1.1892,3.1951,0.6586,0.7742,0.7534,0.8068,0.6201,0.4926,0.626,0.7742
4/11/2021,32.628,0.8464,0.6026,0.5065,1.1567,0.9252,0.9892,0.6518,0.6814,0.9819,0.5509,0.8144,0.6321,0.4967,0.4499,0.6543,0.7405,0.5164,0.7848,0.7651,0.7085,0.4893,0.6026,0.4794,0.7356,0.3908,0.706,0.743,0.4794,0.6518,0.5558,0.3391,0.3982,0.4597,0.4351,0.44,0.5656,0.7208,0.4376,0.7548,1.9084,0.6346,0.8292,0.6272,0.7602,0.7356,0.8242,0.7356,0.7331
4/10/2021,30.384,0.7352,0.6233,0.4599,0.6591,1.1538,0.9232,1.1337,0.6546,0.4039,0.9322,0.8315,0.592,0.6166,0.4398,0.4778,0.5405,0.6121,0.6882,0.5472,0.6278,0.5427,0.5136,0.7486,0.7173,0.4442,0.5002,0.7464,0.4398,0.8583,0.6278,0.5181,0.3927,0.4174,0.4241,0.3502,0.489,0.4666,0.6569,0.6272,1.5305,0.5964,0.7218,0.6793,0.5405,0.6054,0.5091,0.6255,0.442
4/9/2021,24.7736,0.5541,0.5223,0.5407,0.6028,0.5558,0.851,0.8661,0.841,0.5055,0.4401,0.5374,0.4099,0.3596,0.5306,0.3864,0.4736,0.4183,0.4283,0.5239,0.4317,0.5223,0.3327,0.4686,0.4686,0.4149,0.4971,0.581,0.3814,0.6296,0.5156,0.4317,0.3478,0.4216,0.3176,0.4116,0.4401,0.3562,0.5608,0.5761,1.3792,0.5558,0.3596,0.529,0.5491,0.477,0.6296,0.4267,0.4132
4/8/2021,36.8576,0.8044,0.7294,0.7352,0.9314,1.0843,0.9631,0.637,1.2373,0.8189,1.1449,0.5793,0.7987,0.6024,0.4956,0.7467,0.8506,0.8506,0.7785,0.7381,0.6976,0.7178,0.5245,0.8708,0.6919,0.4466,0.5562,1.0468,0.4552,1.1132,0.6342,0.5101,0.4956,0.6226,0.5216,0.4437,0.6111,0.6226,0.5851,0.8208,2.104,0.9545,0.9978,0.8795,0.562,0.5476,0.7929,0.7813,0.7236
4/7/2021,37.462,0.8885,0.8708,0.7795,1.245,1.3127,1.3658,1.0623,1.3569,0.6587,0.7147,1.2774,0.8708,0.7117,0.7824,0.7471,0.7058,0.6999,0.7029,0.859,0.8148,0.7441,0.753,0.8826,0.8178,0.4348,0.479,1.0711,0.5025,0.8914,0.7441,0.6057,0.3906,0.6145,0.4996,0.5143,0.6823,0.8237,0.5939,0.3898,0.8274,0.6557,0.9297,0.6528,0.7559,0.694,0.585,0.8384,0.6616
4/6/2021,33.1464,0.6972,0.8481,0.647,1.0065,1.3938,0.7249,1.0996,1.0895,0.9688,1.0317,0.6419,0.4911,0.5087,0.6143,0.6872,0.5615,0.486,0.647,0.6822,0.7425,0.5942,0.4433,0.4684,0.6294,0.388,0.6696,0.9286,0.5087,0.6495,0.6394,0.3854,0.3603,0.4282,0.3804,0.4181,0.6017,0.5112,0.7174,0.8496,2.1894,0.5866,0.7475,0.4785,0.5464,0.5967,0.5514,0.7526,0.5564
4/5/2021,34.7,0.6499,0.7808,0.6446,0.8956,0.989,0.6686,1.2881,0.7995,0.6259,0.7113,0.9757,0.5645,0.4871,0.5992,0.6152,0.5698,0.7888,0.6579,0.5485,0.7327,0.6152,0.7247,0.5485,0.8849,0.5859,0.7274,0.7407,0.4443,0.6312,0.6232,0.3749,0.5111,0.5405,0.5378,0.4791,0.5191,0.7941,0.6553,1.1277,3.013,0.7407,0.8128,0.7461,0.4764,0.5191,0.4684,0.4951,0.7701
4/4/2021,32.887,0.6569,0.7416,0.6719,1.1323,1.1646,0.8063,0.973,0.8511,0.6146,0.7864,0.8237,0.6793,0.525,0.5698,0.4603,0.749,0.6271,0.5126,0.7017,0.7664,0.6744,0.5499,0.4952,0.5499,0.5773,0.4429,0.418,0.5151,0.9307,0.5947,0.54,0.5275,0.5226,0.5624,0.428,0.545,0.6793,0.5375,0.9029,2.3472,0.6769,0.4852,0.7739,0.4802,0.6968,0.5549,0.4977,0.5673
4/3/2021,22.4424,0.3876,0.4584,0.4743,0.6548,0.5985,0.6375,0.405,0.5898,0.4844,0.4945,0.4107,0.3616,0.3515,0.4339,0.4902,0.4237,0.3573,0.4151,0.4599,0.3891,0.4916,0.3082,0.4237,0.5321,0.4324,0.4151,0.5566,0.3631,0.3833,0.4743,0.3226,0.3198,0.3212,0.3068,0.3645,0.4136,0.353,0.4786,0.7646,1.9374,0.34,0.3544,0.4483,0.4786,0.3977,0.4411,0.4064,0.3356
4/2/2021,19.1628,0.3743,0.3944,0.4122,0.5306,0.4926,0.4268,0.4636,0.4748,0.4881,0.5239,0.5038,0.3598,0.2906,0.3676,0.3922,0.3587,0.3642,0.4413,0.3654,0.4022,0.3084,0.4301,0.3654,0.2995,0.3375,0.3732,0.3174,0.3062,0.4948,0.3642,0.2392,0.2593,0.2906,0.2671,0.2705,0.3598,0.4033,0.3631,0.4913,1.128,0.439,0.3665,0.3776,0.3888,0.3977,0.3899,0.3319,0.3754
4/1/2021,21.234,0.4658,0.4605,0.3969,0.516,0.8125,0.4737,0.4896,0.4419,0.3983,0.5558,0.348,0.4816,0.3136,0.4049,0.4393,0.43,0.3506,0.4883,0.3731,0.4869,0.4631,0.3043,0.4102,0.4684,0.3374,0.344,0.4591,0.3493,0.4102,0.3572,0.3268,0.2672,0.3692,0.3268,0.3427,0.3996,0.344,0.3797,0.6166,1.4993,0.4366,0.3572,0.4314,0.4499,0.3678,0.4234,0.4141,0.4512
3/31/2021,18.9898,0.3986,0.3975,0.3865,0.4117,0.5381,0.581,0.581,0.4535,0.437,0.3623,0.4381,0.3491,0.3733,0.3326,0.2952,0.4172,0.359,0.3909,0.4183,0.3359,0.4128,0.3568,0.2985,0.3579,0.3271,0.3821,0.403,0.2821,0.5238,0.3249,0.2963,0.2623,0.2942,0.2579,0.2711,0.337,0.4249,0.3546,0.4993,1.1517,0.3073,0.3513,0.4205,0.3172,0.4216,0.3282,0.3843,0.3843
3/30/2021,24.2555,0.4967,0.4365,0.5422,0.5942,0.9307,0.5747,0.7063,0.6511,0.5357,0.4625,0.7063,0.6202,0.495,0.378,0.521,0.4398,0.4771,0.4202,0.4869,0.3975,0.4885,0.3487,0.417,0.5633,0.404,0.443,0.3569,0.3373,0.6397,0.4202,0.3569,0.2935,0.3747,0.2967,0.2967,0.4463,0.5308,0.3406,0.7181,1.7999,0.4333,0.378,0.3634,0.5227,0.5129,0.5438,0.417,0.339
3/29/2021,28.2259,0.5388,0.4478,0.5955,0.9777,1.0404,0.6359,0.7755,0.8422,0.8078,0.4397,0.8847,0.3912,0.4397,0.5611,0.4033,0.4822,0.6258,0.4154,0.6258,0.462,0.6056,0.648,0.6602,0.462,0.551,0.5125,0.4923,0.4417,0.826,0.464,0.3568,0.466,0.468,0.375,0.4094,0.4822,0.5408,0.4256,0.7272,1.8269,0.4822,0.5894,0.4842,0.5408,0.5429,0.64,0.4276,0.3851
3/28/2021,38.2386,0.8198,0.9015,0.5658,1.3792,1.5788,1.2099,0.6807,1.2462,1.1252,0.6233,0.5991,0.7926,0.6565,0.6142,0.6565,0.717,0.5326,0.8712,0.6172,0.714,0.5507,0.6293,1.0164,0.7382,0.7866,0.6021,0.6505,0.5416,0.8168,0.6898,0.4812,0.6656,0.4025,0.5567,0.6444,0.6142,0.6444,0.8743,1.0017,2.6398,0.6233,0.6293,0.9015,0.6626,0.8077,0.7714,0.7019,0.6928
3/27/2021,39.965,0.7548,0.8699,0.6685,0.9402,0.8603,0.9658,0.7261,1.1959,0.7964,0.9274,1.3174,0.5215,0.6525,0.6493,0.8539,0.8859,0.7612,0.6589,0.7644,0.6366,0.7293,0.6973,0.8188,0.9594,0.595,0.806,0.9178,0.5023,1.1096,0.8411,0.3712,0.5471,0.5343,0.432,0.4991,0.5758,0.9178,0.9178,1.423,3.8874,0.6749,0.6909,0.7133,0.7516,0.6461,0.7772,0.6941,0.5279
3/26/2021,41.6917,0.9618,0.8776,0.5508,1.2313,1.3593,1.1943,1.2381,0.7866,1.2044,0.982,1.4267,0.8439,0.6215,0.6518,0.8068,0.6215,0.9719,0.6282,0.7967,0.6383,0.8776,0.9719,1.0999,1.0393,0.8338,0.7361,1.2044,0.5103,1.1471,0.6619,0.699,0.453,0.672,0.6013,0.6788,0.7057,0.7731,0.5508,0.7237,1.8164,1.0797,1.0393,0.6485,0.5137,0.5878,1.073,0.7394,0.8607
3/25/2021,36.2534,0.808,0.7741,0.5707,1.0284,1.4579,1.2799,1.2347,0.8278,0.4803,0.565,0.8843,0.5763,0.7317,0.6639,0.7854,0.7515,0.565,0.712,0.5735,0.7317,0.6159,0.6102,0.7939,0.63,0.4633,0.6357,0.7769,0.4492,0.9691,0.5848,0.534,0.6018,0.3842,0.4436,0.4266,0.63,0.7882,0.5707,1.0974,2.9231,0.5227,0.4492,0.7685,0.7882,0.8363,0.7176,0.6215,0.6187
3/24/2021,42.9,0.8682,1.0112,0.938,1.2346,1.437,1.0985,0.9868,1.1055,1.3044,1.2102,1.081,0.8228,0.8716,0.6553,0.7669,0.8961,0.7739,0.8821,0.7704,0.7251,0.6378,0.7879,0.8891,0.6134,0.5157,0.589,0.9484,0.6518,0.7669,0.8577,0.4703,0.5715,0.6692,0.5157,0.4773,0.6134,0.9275,0.7495,1.2855,3.4802,0.91,0.6727,0.8716,0.6413,0.6134,0.9589,0.9031,0.8716
3/23/2021,41.8645,0.9896,0.8304,0.573,1.1453,1.2605,1.4603,1.1115,1.037,1.3655,0.9692,1.2029,0.5663,0.7424,0.6848,0.7559,0.888,0.5663,0.7627,0.7728,0.9828,0.6712,0.8304,0.5967,0.5595,0.7864,0.5426,0.9422,0.5189,0.6001,0.7457,0.4613,0.4444,0.6577,0.5663,0.5663,0.6238,0.5663,0.6442,1.4771,4.0476,0.9015,0.7424,0.9252,0.9252,0.6171,0.6272,0.7322,0.8778
3/22/2021,49.0284,1.1842,0.9749,1.139,1.4837,1.0734,1.8447,1.5822,1.6232,1.537,0.8559,0.9708,1.3237,0.7,0.9421,1.0283,0.9831,0.7288,1.176,0.819,1.0406,0.9831,0.9462,1.1883,0.7657,0.5441,1.0078,0.9872,0.7452,1.3975,0.7534,0.659,0.8395,0.6672,0.7247,0.737,0.6918,1.1637,0.7164,0.9558,2.5039,0.9585,0.8067,1.176,0.7041,1.1267,0.7821,0.7862,0.7
3/21/2021,52.8268,1.0722,1.3411,0.727,1.498,2.3811,1.5563,1.4935,1.7939,1.7894,1.0856,1.4039,1.3635,0.7853,0.8346,1.1529,1.0856,1.2515,0.9198,1.0991,1.2694,0.7942,1.0229,0.8884,0.8301,1.0856,0.8346,1.2694,0.7539,0.9063,0.7629,0.4625,0.4984,0.857,0.8391,0.5387,0.7763,1.2828,0.978,0.9078,2.3617,1.0946,1.0811,0.9825,1.1529,1.1573,0.6911,0.9691,1.1439
3/20/2021,52.1361,1.1244,1.3495,1.1377,1.4025,1.8747,1.8615,1.301,1.5923,1.1509,1.4952,0.8905,1.0053,0.8419,0.7228,0.9744,0.7184,0.9479,1.067,0.8905,0.8199,0.7581,0.9567,1.376,1.1862,0.7404,0.9523,1.6055,0.7404,1.6055,0.992,0.5551,0.8375,0.5815,0.5153,0.5904,0.9523,1.0847,1.1112,1.0178,2.6875,0.8464,1.1244,1.1509,0.9876,0.8331,1.3495,1.1597,0.6698
3/19/2021,51.1,1.2614,0.8477,0.8218,1.7915,1.8734,1.3993,1.1752,1.1666,1.2743,1.4381,0.7485,1.0933,0.8045,0.7873,1.1278,0.852,1.0373,0.9683,0.9942,1.214,0.8649,0.9037,0.7442,0.9037,0.7701,1.0459,1.2097,0.6882,0.8606,0.7571,0.8606,0.8304,0.5977,0.7873,0.5675,0.8433,1.0416,0.6925,1.2426,3.3533,0.8649,1.408,1.2356,0.964,1.0028,1.27,1.1881,0.9252
3/18/2021,37.7209,0.8621,0.9186,0.9275,1.3377,1.2039,1.3496,1.3971,1.3704,0.9543,0.8621,0.9394,0.6927,0.6214,0.5263,0.8324,0.556,0.5976,0.7968,0.6392,0.6749,0.559,0.6036,0.6541,0.4609,0.7403,0.5738,1.0791,0.4787,0.5679,0.7819,0.5828,0.6184,0.5412,0.4609,0.6184,0.5946,0.6422,0.5501,0.8501,2.1908,0.7433,0.5382,0.767,0.7343,0.8562,0.7224,0.6036,0.5471
3/17/2021,39.1883,0.9183,1.0212,0.7967,0.8746,1.7074,1.0181,1.0306,1.0898,0.5066,1.0711,1.383,0.7967,0.5253,0.7717,0.7437,0.7499,0.5472,0.7374,0.8778,0.8653,0.8622,0.5534,0.7873,0.5004,0.5596,0.4879,0.7904,0.5097,0.5939,0.7343,0.438,0.5503,0.5004,0.5846,0.438,0.6376,0.7187,0.6251,1.3216,3.5871,0.647,1.0493,0.5565,0.8684,0.5877,0.5846,0.5285,0.5534
3/16/2021,38.7565,0.7572,0.7695,0.871,1.3908,0.9202,1.2309,0.9571,1.034,0.7203,1.0309,1.0894,1.0186,0.5234,0.7449,0.6926,0.7326,0.9048,0.6649,0.6342,0.7972,0.8095,0.8771,0.7849,0.5788,0.4927,0.5327,0.9294,0.5573,1.1939,0.791,0.5234,0.5234,0.6434,0.4619,0.5573,0.6157,0.6495,0.7387,0.8887,2.305,0.7326,0.708,0.9325,0.7726,0.748,0.6588,0.7787,0.4865
3/15/2021,51.1004,1.2226,1.1494,0.977,1.3864,1.4898,1.3045,1.895,1.283,1.1537,1.1752,1.5847,1.2011,0.8908,0.6494,0.9813,1.1149,0.8132,0.6968,1.0933,1.1881,0.9295,0.8692,1.3562,0.8951,0.7011,1.0847,1.4554,0.7097,1.5114,0.7959,0.8433,0.8304,0.6235,0.727,0.7097,0.7227,0.6925,0.964,1.1154,2.9763,1.1149,0.9166,0.9726,0.6192,0.7787,1.339,0.9813,0.6149
3/14/2021,43.9358,0.8207,0.9896,1.1621,1.525,1.8197,1.1405,1.5933,1.4999,1.4244,1.0794,1.0615,1.1262,0.9069,0.8926,1.004,0.7488,0.8566,0.6626,0.8782,0.9141,0.8566,0.6482,0.7345,0.8351,0.6626,0.8926,0.9644,0.659,0.6302,0.7057,0.7093,0.4577,0.6626,0.6734,0.4865,0.6266,0.774,0.7057,0.6148,1.4938,1.0687,0.7632,0.8602,1.0399,0.7848,0.8602,0.8962,0.7632
3/13/2021,47.1296,0.7575,0.828,0.7849,1.5127,1.4775,1.3719,1.7397,1.6966,0.648,0.7027,1.7005,1.1136,0.8514,0.9962,0.8984,0.7927,1.051,0.8475,0.738,0.7223,0.7927,0.9571,0.7732,0.6284,0.644,0.8671,1.1606,0.5971,0.7223,0.7458,0.6206,0.6793,0.4641,0.7536,0.6323,0.738,1.0197,1.0862,1.2927,3.5014,1.0784,0.9727,0.8319,0.7301,0.8162,1.0588,0.9649,0.7693
3/12/2021,42.3822,0.7305,1.0468,1.064,1.1913,1.3322,1.6004,1.2944,0.8302,0.8509,0.6274,0.6721,0.7168,0.6893,0.8956,0.8234,0.5964,0.758,0.9334,0.6583,0.9678,0.8715,0.9987,0.6583,0.9403,0.5036,0.8406,1.009,0.593,1.2325,0.6996,0.428,0.5036,0.6171,0.4967,0.5861,0.6068,0.6858,0.8887,1.1413,3.0532,1.1019,0.6996,0.6721,0.899,0.9609,1.1087,0.6171,0.6893
3/11/2021,43.2453,1.0971,0.9244,0.928,1.2804,1.7844,1.3932,1.5765,1.3826,1.1817,1.1007,0.8751,0.9456,0.5649,0.5967,0.8328,0.9421,0.6531,0.6883,0.6812,0.9914,0.9103,0.8399,0.8187,0.9597,0.4944,0.935,0.6707,0.5544,0.8117,0.713,0.431,0.4909,0.5085,0.6812,0.6989,0.6742,0.572,0.9844,1.1497,3.0782,0.7024,0.5861,0.8786,0.6566,0.6707,0.8363,0.9985,0.5191
3/10/2021,45.921,0.8492,0.853,1.2209,1.437,2.0362,1.0275,0.8492,1.0123,1.0957,1.255,1.2929,0.6938,0.8948,0.7165,1.0275,1.0426,0.8606,0.7696,0.9706,0.781,0.8189,1.0692,0.8265,1.0085,0.5459,0.5914,1.0275,0.6862,0.6634,0.8834,0.6672,0.47,0.7089,0.4738,0.6558,0.6483,0.781,0.6028,1.4857,4.0732,0.8227,0.7431,1.0426,0.5383,0.9896,1.1033,0.6331,0.6748
3/9/2021,54.2939,0.8518,0.9537,1.1388,1.2638,1.4027,1.6434,1.3472,1.9768,1.2499,1.2499,1.8379,0.7361,1.1203,0.9351,1.1898,1.2083,1.2777,0.8333,1.2499,1.2824,1.1666,0.8796,1.3611,0.8657,0.9213,0.6852,0.8009,0.824,1.5786,1.1111,0.7546,0.912,0.8194,0.7268,0.7407,0.9213,0.8842,1.2175,1.3119,3.5583,1.199,1.0787,0.7129,0.7546,0.8981,1.2592,0.9629,0.6389
3/8/2021,50.7551,1.3382,1.0389,1.2142,1.4963,2.3301,1.3809,1.4066,1.6674,1.4878,0.7823,0.7994,0.7652,0.8764,0.8123,0.6926,0.6755,1.1671,1.1928,1.1543,0.8764,0.8721,0.9192,1.0517,1.0902,0.5814,0.9405,0.8336,0.6455,0.9961,0.7823,0.6968,0.8165,0.5857,0.7011,0.6797,0.8336,0.8636,0.8807,1.3247,3.5963,1.103,0.9106,1.0047,0.8123,1.1415,1.0089,0.9021,1.026
3/7/2021,55.7613,1.4085,1.1935,1.4992,1.7476,1.8192,1.3989,1.9959,1.7667,1.8192,1.7714,1.8909,1.2174,0.9595,0.9452,0.7923,1.3129,0.8401,0.7446,1.0216,1.0503,1.1219,0.6825,0.8783,1.3034,0.7016,0.8735,1.1553,0.7207,1.547,0.8019,0.9404,0.8879,0.7016,0.5965,0.7446,0.8497,0.7398,1.1935,1.1456,3.0659,0.7923,1.0025,1.012,1.2891,0.8067,0.9977,1.1123,0.9022
3/6/2021,52.1361,0.7581,0.9964,0.7007,1.6982,2.0071,1.8085,1.2657,1.0582,1.6629,0.8066,1.4554,0.8861,1.045,0.8464,0.789,1.0759,1.1288,0.8861,0.8066,0.8508,0.714,0.6213,1.4025,0.8287,0.6566,0.6566,0.6742,0.6257,1.4775,0.9655,0.6433,0.6875,0.8243,0.5992,0.864,0.939,1.2612,0.7404,1.7275,4.7893,0.7493,0.9788,0.8861,1.067,1.1509,1.1862,0.8155,1.0715
3/5/2021,47.5609,0.6849,1.1676,0.8906,1.1438,2.0379,1.2981,0.8827,1.7966,0.6177,0.859,0.9183,0.9658,0.9223,0.9539,1.0251,0.6493,0.8985,0.9421,1.037,1.0845,0.8629,1.0093,1.2388,1.0805,0.9539,0.8906,0.6216,0.6177,1.4722,0.7838,0.8036,0.5188,0.677,0.5465,0.5662,0.8076,0.6295,0.9856,1.2072,3.2484,0.9025,1.1873,0.59,0.9183,1.1161,0.8669,0.8155,0.8669
3/4/2021,43.7632,0.8855,0.6995,0.628,0.9642,1.2753,1.4792,1.6902,1.5471,1.4005,1.236,0.746,0.6566,0.6495,0.8891,0.7997,0.721,0.7246,0.7568,0.9427,0.9463,0.8712,0.6924,1.0643,0.8676,0.5744,0.8927,1.0929,0.6674,1.1966,0.8605,0.485,0.5922,0.5171,0.6924,0.6852,0.6459,0.9248,0.7353,1.0559,2.8001,0.7639,0.5887,0.8068,1.0393,0.7854,0.8891,0.8104,0.5279
3/3/2021,36.8575,0.7265,0.7727,0.8477,0.917,1.6384,1.2835,1.1651,1.0497,0.8102,0.5909,1.1074,0.5389,0.7611,0.5736,0.5591,0.8044,0.8535,0.7987,0.5764,0.6111,0.7005,0.8564,0.8968,0.7092,0.7496,0.7611,0.4841,0.5245,0.7352,0.5764,0.4293,0.6313,0.6024,0.5187,0.5793,0.5822,0.5678,0.6601,0.8077,2.0651,0.7409,0.5938,0.7092,0.6976,0.5822,0.7813,0.6717,0.6572
3/2/2021,31.5061,0.8084,0.5522,0.5945,0.9142,0.8272,0.6909,1.1375,1.0811,0.6673,0.9095,1.0387,0.8248,0.6227,0.4229,0.6932,0.5381,0.4581,0.6532,0.5827,0.5804,0.672,0.5005,0.7684,0.7379,0.4887,0.5992,0.4887,0.4863,0.6603,0.5898,0.484,0.3453,0.4958,0.4041,0.5263,0.578,0.4699,0.7214,0.6603,1.6287,0.7473,0.4487,0.6532,0.4581,0.625,0.4652,0.531,0.6744
3/1/2021,48.2521,0.9355,1.0804,1.0482,1.2374,1.1891,1.2172,1.8975,1.1569,1.4386,1.0321,1.334,1.02,0.8026,0.9355,0.7986,1.1005,1.1287,0.8429,0.8469,0.9918,0.6738,0.6296,0.9717,1.1287,0.9113,0.7664,0.8711,0.6779,1.334,0.8429,0.702,0.7543,0.7906,0.4927,0.5853,0.7221,0.7423,0.6779,1.2904,3.4948,1.2374,0.9717,1.1649,0.7584,0.7946,0.6336,0.7584,0.8389
2/28/2021,49.8917,0.9123,0.7657,0.661,1.5659,1.1595,1.6245,1.1386,1.3941,1.2056,1.4486,1.2475,1.2475,0.661,0.8244,0.7071,1.1804,0.8118,0.9291,0.9584,1.1469,0.7154,0.8076,0.9626,1.126,0.5395,0.594,1.1553,0.6819,0.7741,1.0254,0.5269,0.5437,0.5395,0.7448,0.5688,0.816,1.038,0.9082,1.7845,4.9582,0.6652,1.3271,1.105,0.95,0.8453,0.8537,0.8286,0.9165
2/27/2021,42.2093,0.9774,0.998,0.8372,0.9911,1.1519,0.8201,1.104,0.9466,0.933,0.7995,0.9774,0.7516,0.6011,0.9056,0.6559,0.673,0.7516,0.7311,0.9501,0.9672,0.5874,0.9877,0.7927,0.9637,0.8748,0.6867,0.5909,0.5498,1.0082,0.8987,0.6319,0.5464,0.4677,0.6353,0.5874,0.6695,0.8714,0.9945,1.4809,4.0591,0.6798,0.5259,0.7106,0.649,0.9809,0.543,0.8338,0.8782
2/26/2021,45.6624,0.7881,1.0743,0.9651,1.7071,1.2815,1.2928,1.5715,1.756,1.4095,0.6902,0.7994,0.9086,0.7429,0.7542,0.7693,0.8032,0.999,0.7316,1.0442,0.7241,0.7542,0.7542,0.6148,0.8371,0.6525,0.6864,0.5659,0.6148,1.4058,0.9613,0.4567,0.596,0.5433,0.5734,0.758,0.7128,0.7467,0.6826,1.123,2.9991,0.8785,1.1045,1.0856,0.7843,0.8446,1.1948,1.0141,0.9048
2/25/2021,40.8283,0.8331,0.797,1.0629,1.3386,0.8823,1.1384,0.8725,0.7838,0.7182,0.6689,0.6755,0.9939,0.7116,0.6591,0.8856,0.5836,0.6394,0.8298,0.7346,0.6788,0.7083,0.4884,0.8987,0.7149,0.8232,0.7412,1.2139,0.5803,0.6492,0.7609,0.5081,0.4096,0.5902,0.4851,0.6098,0.5869,0.7149,0.9545,1.374,3.7424,1.0629,0.797,0.8626,0.948,0.902,0.8955,0.5705,0.7477
2/24/2021,44.022,1.0204,0.8331,0.6205,1.0636,1.4238,1.1068,1.0672,1.5607,0.7178,1.2041,0.9195,0.8151,0.8907,0.5629,0.8187,0.9844,0.6386,0.8871,1.0024,1.0492,0.9123,0.5629,0.9087,1.1104,0.6602,0.5845,0.8007,0.5989,0.6746,0.8079,0.426,0.4945,0.6061,0.5485,0.707,0.6674,0.9628,0.5701,1.7624,4.8928,0.5701,0.6133,0.6926,0.5593,0.8727,0.6422,0.9483,0.6782
2/23/2021,49.8057,0.9024,1.1115,0.7394,1.5212,2.2486,1.7386,1.2661,1.8891,0.6934,1.1157,1.6466,1.1073,0.9652,0.7143,1.0362,0.8397,0.9317,0.7269,0.8397,0.8021,1.0237,0.8021,0.9024,0.7269,0.7143,0.7687,1.4376,0.7269,0.8648,0.8188,0.5262,0.6182,0.5137,0.7101,0.7854,0.7728,0.7728,1.1115,1.3106,3.5545,1.0864,1.1198,1.0655,0.6349,0.9359,1.0446,0.9442,0.6767
2/22/2021,44.5396,0.7257,0.7403,1.1423,0.9742,1.2044,1.3396,1.1094,1.6538,1.325,1.2738,1.2775,1.0692,0.6782,0.6563,0.9742,0.6819,0.755,0.6819,0.9961,0.7732,0.8098,0.9011,1.1313,0.7696,0.7403,0.6636,0.5869,0.6271,0.9011,0.7257,0.6855,0.7513,0.4955,0.5942,0.565,0.8207,1.0034,0.6417,1.2901,3.4938,1.0802,0.7403,0.6526,0.7878,0.8353,0.638,0.6563,0.9194
2/21/2021,35.5632,0.7951,0.649,0.762,0.8475,1.1727,0.8061,1.3408,1.2251,0.7427,0.6435,1.2361,0.6077,0.5636,0.5167,0.4892,0.7455,0.6518,0.8034,0.6959,0.6711,0.7813,0.8227,0.6821,0.8144,0.66,0.6049,0.8861,0.4947,0.6904,0.7124,0.4313,0.3734,0.5057,0.4947,0.5498,0.627,0.6104,0.8199,0.7511,1.8975,0.6656,0.6022,0.6104,0.6931,0.6849,0.7703,0.762,0.5994
2/20/2021,35.3039,0.9093,0.5489,0.9039,0.8438,0.8383,0.7837,1.2424,0.9721,0.5817,0.9585,1.0322,0.7728,0.6226,0.6663,0.6663,0.7455,0.6663,0.7401,0.6745,0.5708,0.6854,0.7182,0.6964,0.6445,0.6882,0.6909,1.0568,0.5107,0.6008,0.6636,0.5517,0.4261,0.4561,0.4643,0.5353,0.5844,0.5953,0.6008,0.9179,2.3916,0.7455,0.5981,0.568,0.7646,0.5189,0.6609,0.4998,0.7291
2/19/2021,39.361,1.0228,0.8347,0.5179,1.4148,1.1577,1.1577,1.5215,1.1545,0.9883,0.9915,1.0479,0.6935,0.8064,0.7782,0.6684,0.7029,0.6747,0.7939,0.6967,0.6559,0.7625,0.521,0.7688,0.6277,0.5994,0.5179,0.5054,0.5399,0.9883,0.8221,0.5963,0.565,0.4834,0.5179,0.5242,0.6747,0.681,0.728,1.1499,3.0785,0.8378,0.4615,0.7092,0.5681,0.7563,0.6183,0.7468,0.7312
2/18/2021,37.0302,0.7705,0.8721,0.875,1.0724,1.2524,0.7792,1.3192,1.2756,0.8373,0.637,0.8199,0.5208,0.6689,0.5673,0.8111,0.6631,0.7589,0.6166,0.8024,0.6631,0.637,0.4831,0.547,0.7037,0.4279,0.785,0.5237,0.4889,0.9505,0.695,0.6282,0.6021,0.4947,0.5208,0.4192,0.576,0.4976,0.7705,1.2182,3.281,0.727,0.4454,0.5876,0.6631,0.6253,0.6282,0.7618,0.7589
2/17/2021,37.1171,0.8247,0.7024,0.6209,1.2673,0.8101,0.8829,1.014,0.9616,0.8043,0.9062,1.2265,0.5394,0.6646,0.5364,0.6704,0.6617,0.7723,0.816,0.7111,0.8538,0.6092,0.6675,0.7432,0.6879,0.5918,0.4899,0.8451,0.5481,1.145,0.551,0.583,0.4724,0.519,0.5947,0.6209,0.6034,0.7403,0.519,0.995,2.6198,0.9412,0.9819,0.5423,0.4899,0.7432,0.5452,0.6879,0.7927
2/16/2021,44.1948,0.8869,0.6662,0.6517,1.3466,1.0679,1.4262,1.5457,1.5783,1.4154,1.1403,0.6915,0.8616,0.7204,0.7385,0.9991,0.8399,0.6553,0.6698,0.8073,0.8218,0.8254,0.6119,1.0462,0.9774,0.7675,0.6987,0.8761,0.6444,0.963,0.7892,0.5684,0.63,0.6734,0.7313,0.6372,0.6843,0.7241,0.9919,1.2804,3.4651,0.8182,0.5793,0.706,0.7385,0.9231,0.8182,0.8833,0.6119
2/15/2021,43.3311,0.7496,0.9758,0.6189,1.05,1.7213,1.4068,1.0464,1.6011,0.5871,0.9016,1.0111,0.9298,0.7072,0.7496,0.679,0.7673,0.9228,1.05,0.7214,0.8733,0.9298,0.9616,1.0252,1.0252,0.633,0.8132,1.1983,0.6472,1.3008,0.6684,0.4811,0.6083,0.6012,0.6542,0.7284,0.7143,0.9263,0.5553,0.8141,2.0843,0.7284,0.7602,1.0217,0.9475,0.6542,1.0358,0.845,0.898
2/14/2021,45.2305,0.673,0.7884,1.0714,1.5032,1.1049,1.466,1.3059,1.6149,0.6358,0.8145,0.9671,1.0155,0.5799,0.6432,0.9857,0.8517,0.848,0.7512,0.8592,0.9932,0.6395,0.9448,1.1235,1.09,0.9187,0.8033,1.2054,0.6358,1.3767,0.848,0.498,0.4385,0.5427,0.5799,0.539,0.7586,0.6469,1.0528,1.2982,3.5177,0.8592,0.8256,0.5464,0.9597,0.8033,0.8517,0.7102,0.7437
2/13/2021,41.1735,1.0159,1.0458,0.6775,1.1718,1.2116,1.2946,1.0093,1.477,1.142,0.6742,1.1088,0.5747,0.5415,0.7936,0.6775,0.9197,0.9297,0.9098,0.9429,0.6908,0.7837,0.8766,0.7704,0.7008,0.6477,0.5349,0.5548,0.4984,0.724,0.7737,0.4453,0.6311,0.6576,0.6643,0.7041,0.6377,0.8102,0.7538,0.9655,2.5326,0.8036,0.9894,0.5548,0.9098,0.7472,1.0292,0.9131,0.7505
2/12/2021,42.641,0.9011,0.9392,0.6586,1.5107,1.6008,1.483,1.2475,1.0362,1.0188,1.1262,1.4449,0.8699,0.5685,0.9045,0.8041,0.8387,0.5962,0.8179,0.8145,0.7001,0.8595,1.005,0.7867,0.572,0.4888,0.766,0.5858,0.5893,0.9842,0.7625,0.423,0.4992,0.5373,0.4369,0.4888,0.6516,0.7036,0.5304,1.3121,3.5592,0.714,0.9149,0.7036,0.8041,0.9807,0.9426,0.5789,0.5789
2/11/2021,44.6262,0.8589,1.0274,0.8662,1.2215,1.4413,1.3534,1.5621,1.0237,1.0604,0.815,1.3753,0.7197,0.8882,0.6025,0.8736,0.793,1.0017,0.8076,1.0384,0.6868,0.8259,0.5512,0.8552,0.7747,0.5696,0.6391,1.2581,0.6245,0.7014,0.8479,0.6318,0.6794,0.5183,0.5549,0.7087,0.6648,0.6831,0.9102,1.3519,3.6769,1.0091,0.7344,0.9908,0.8259,0.738,0.9395,0.6318,0.7124
2/10/2021,50.4098,0.7095,0.8537,0.9004,1.545,1.3032,1.4602,1.3584,1.1675,1.193,0.8452,1.8122,1.3626,1.0445,0.8537,0.7307,1.1718,1.1633,0.9809,1.1718,1.193,0.9767,0.7222,0.7646,1.2905,1.0021,0.8495,1.5704,0.6671,1.6044,0.9428,0.7307,0.735,0.612,0.4763,0.6247,0.7265,0.9173,1.0276,0.9985,2.6301,1.0742,0.9555,0.8876,1.1421,0.701,1.0361,1.0149,0.9088
2/9/2021,48.8558,0.755,0.9062,0.9797,1.805,1.7274,1.6906,0.9388,1.5272,1.041,0.9307,1.7355,0.9143,0.6896,0.9184,1.0818,1.0778,1.1104,0.7264,0.7509,1.135,0.9102,0.8449,0.6896,0.6569,0.7795,0.7182,0.898,0.7223,0.8571,0.7427,0.4731,0.6815,0.5344,0.5589,0.5711,0.7509,1.1023,1.139,1.5362,4.2228,0.7632,1.2657,0.853,0.8326,0.8326,0.9715,0.9021,0.6038
2/8/2021,51.359,0.8257,1.0815,1.1466,1.797,1.7796,1.7926,1.5498,1.32,0.6436,1.0555,0.7954,0.7087,0.739,0.8994,1.1553,0.739,0.7607,0.8127,0.8994,0.778,1.0685,0.6046,1.0642,1.0295,0.5656,0.8171,1.1856,0.6566,1.5238,0.8821,0.6393,0.6783,0.739,0.6523,0.7997,0.8821,0.9385,0.7737,1.885,5.2557,0.7347,1.1162,0.8127,0.7954,0.7433,1.3417,1.0382,0.8561
2/7/2021,55.4162,1.4659,1.1671,0.8068,1.2762,1.5891,1.2193,2.1439,1.5275,1.3426,1.2525,1.7788,1.1008,0.7167,1.1482,0.8447,0.8447,1.0865,1.1008,0.9111,0.9064,0.7878,1.2288,1.1861,0.8732,0.9443,0.7309,0.9964,0.6645,1.3473,0.9775,0.6124,0.712,0.7404,0.5318,0.8305,0.9206,1.2335,1.1719,1.7382,4.8209,0.8115,0.7926,1.2525,1.2146,0.7926,0.949,1.2667,1.0581
2/6/2021,45.144,0.8798,1.0507,0.6904,1.0247,1.6673,1.2847,1.593,1.463,0.787,1.0098,1.2661,0.605,0.8353,0.9653,0.8315,0.9318,0.8055,0.7015,0.8613,0.6867,0.7795,0.9987,0.9281,0.9467,0.8761,0.6384,1.151,0.553,1.2847,0.8353,0.6013,0.7201,0.7498,0.5158,0.5604,0.7201,1.021,0.9096,1.0489,2.7797,0.9653,1.2327,0.8241,0.5938,0.7015,0.6495,0.8687,0.7498
2/5/2021,48.7695,0.7456,1.2715,0.9617,1.0595,1.8056,1.0921,1.3327,1.3164,0.7293,1.5121,1.2674,1.3001,0.8679,0.9413,1.1084,0.7741,0.8231,0.6804,0.7374,0.8394,0.9943,1.0758,1.1818,0.6926,0.8557,0.8964,0.8353,0.7252,1.5121,0.8271,0.5091,0.7537,0.5825,0.554,0.7497,0.7334,1.0677,0.8679,1.4952,4.1014,0.7171,0.5581,1.1125,0.7252,0.9943,1.1125,0.7252,0.6477
2/4/2021,39.3612,0.8503,0.9319,0.9726,1.1545,0.9883,0.9915,0.9977,0.888,0.7563,0.7029,1.3647,0.5242,0.7123,0.6183,0.681,0.6371,0.797,0.8347,0.9162,0.6935,0.6716,0.7123,1.0354,1.0134,0.6559,0.75,0.9476,0.4991,0.7657,0.8284,0.4897,0.612,0.4615,0.5305,0.5116,0.6183,0.5367,0.5712,1.1744,3.1512,0.9852,0.6089,0.4928,0.6339,0.6277,0.9099,0.8692,0.6841
2/3/2021,40.742,0.9066,0.8444,0.8444,1.3683,1.1751,1.3683,0.9296,1.4829,0.5661,0.6512,0.9787,0.6447,0.5268,0.612,0.8903,0.8019,0.6774,0.7331,0.8117,0.887,0.684,0.8706,1.0638,1.0212,0.4908,0.8051,1.0867,0.5334,1.1948,0.6382,0.4744,0.5137,0.4417,0.6774,0.5006,0.7397,0.9394,0.7266,0.8998,2.3378,0.8019,0.8837,0.6021,0.5825,0.8837,0.9394,0.9525,0.756
2/2/2021,37.5483,0.6808,0.6719,0.8049,0.9733,1.5879,1.3811,1.2836,0.9556,1.2009,0.7281,0.601,0.8876,0.5567,0.4947,0.8108,0.6749,0.7488,0.8138,0.7547,0.867,0.5006,0.5656,0.8167,0.9113,0.5803,0.6808,0.9467,0.4917,1.1506,0.6926,0.5212,0.3853,0.5478,0.4681,0.4533,0.669,0.6247,0.8729,0.788,2.0067,0.6779,0.9733,0.7015,0.5567,0.8197,0.5656,0.5124,0.5892
2/1/2021,47.2157,1.1314,1.1706,0.6412,1.2137,1.5706,1.7588,1.5392,1.3745,1.5784,1.2294,1.1824,0.8804,0.8333,0.6529,0.9667,0.9471,0.7941,1.0098,1.0529,1.1078,1.049,1.0333,0.7745,0.6882,0.9392,0.6098,0.6765,0.6255,1.2608,1.002,0.5157,0.7784,0.6922,0.602,0.6765,0.8333,0.9471,1.002,0.6705,1.6589,1.1157,1.2098,0.9549,0.6804,1.1275,0.6529,1.0137,0.7902
1/31/2021,48.597,0.7756,1.1938,0.7959,1.3318,2.1559,1.5267,1.5348,1.5591,1.4779,0.9664,1.2993,0.6457,0.7391,0.6782,0.731,0.9055,0.8731,0.6985,0.7513,1.0598,0.6254,0.6295,1.2141,0.7472,0.8609,0.6822,1.1613,0.6376,1.1166,0.9015,0.7634,0.6335,0.5726,0.7675,0.7716,0.8446,0.7431,0.9624,1.4394,3.9361,0.9421,0.6498,0.8893,0.8528,1.1126,0.938,0.7594,0.7431
1/30/2021,47.2162,1.0765,1.2177,0.8098,1.3902,2.0726,1.7079,1.0373,1.0177,0.8412,1.3118,1.3275,0.9588,0.6882,0.6294,0.8804,0.6686,0.9157,0.9588,1.0569,0.7353,0.7902,0.7157,1.2412,0.8843,0.5941,0.9353,1.2647,0.6098,0.6647,0.7118,0.5863,0.802,0.5588,0.5353,0.6647,0.6726,0.9118,0.7588,1.2259,3.3036,1.1549,0.9902,1.0294,0.8647,0.8137,1.2294,0.7392,0.6608
1/29/2021,41.1736,0.7538,0.7538,0.9297,1.0789,1.696,1.3344,0.9794,0.8368,0.9662,0.7605,0.6046,0.8899,0.6344,0.7837,0.6278,0.6709,0.86,0.7903,0.6676,0.7074,0.7273,0.578,1.0657,0.5548,0.505,0.5681,1.2647,0.588,0.8666,0.7074,0.4387,0.6875,0.4088,0.588,0.4951,0.6311,0.8102,0.8832,1.452,3.9735,1.0026,0.5515,0.8036,0.9396,0.641,0.5581,0.6742,0.8832
1/28/2021,34.5269,0.5911,0.6044,0.8458,1.1402,1.2543,0.7317,0.729,1.0394,0.8882,1.0474,0.5752,0.6415,0.7131,0.6468,0.5089,0.8007,0.7397,0.7847,0.7794,0.5487,0.607,0.5831,0.798,0.7556,0.5115,0.4691,0.4319,0.5301,0.9757,0.615,0.416,0.5513,0.3895,0.4797,0.485,0.6229,0.6839,0.676,0.9139,2.3798,0.5274,0.9041,0.7158,0.5884,0.6839,0.4691,0.7158,0.4372
1/27/2021,40.483,0.7579,0.9073,0.6279,1.4562,1.6511,1.3978,1.3555,1.2256,0.8293,0.8845,0.8651,0.8813,0.6377,0.7968,0.5467,0.7156,0.5987,0.9593,0.8683,0.8456,0.6279,0.5922,0.8163,0.8456,0.7806,0.5467,0.6214,0.5207,0.6507,0.7903,0.6474,0.6864,0.6182,0.5045,0.5045,0.7384,0.9593,0.9138,1.0735,2.8524,0.5857,0.5532,0.5922,0.7124,0.6247,0.8293,0.9235,0.563
1/26/2021,51.7042,1.2636,0.8091,1.067,1.6089,2.2077,1.3248,1.9323,1.4166,0.9402,1.0364,1.4734,0.6736,0.9927,0.9096,1.0014,0.831,0.6824,0.9708,0.8091,1.1719,0.7829,0.6299,1.0757,1.2243,1.0233,0.9577,1.0626,0.6518,1.2549,1.0757,0.5076,0.643,0.8441,0.4944,0.7873,0.9359,1.0713,1.1675,1.3052,3.5385,1.0058,0.7567,0.6911,0.7654,1.0451,1.1719,1.0626,1.0495
1/25/2021,53.8628,0.8913,1.0014,1.0518,1.2077,1.3683,1.6388,1.4921,1.0702,0.7537,1.0105,0.9555,0.7216,1.0564,0.6849,0.7354,1.2032,1.1665,1.1252,1.0702,1.2032,0.7399,0.6528,1.0426,1.1573,0.662,0.7996,1.4187,0.6803,1.5425,0.795,0.4648,0.6895,0.529,0.8271,0.8592,0.9601,0.8042,0.7308,2.3859,6.7392,0.8592,0.6666,1.0243,1.1573,1.2995,1.0656,0.7675,1.1344
1/24/2021,51.3591,0.8908,0.9992,0.9601,1.7319,1.6019,1.6452,1.2333,1.4067,0.6696,0.8344,0.9862,1.0035,0.6783,0.9862,0.778,1.0772,1.0685,0.6956,0.9124,0.9558,0.9515,0.7087,0.9731,0.687,0.8214,0.7694,0.8821,0.752,1.1769,0.9211,0.8171,0.8864,0.6133,0.5396,0.5265,0.8301,1.1076,0.7694,2.2363,6.2962,0.9298,0.5742,1.0772,0.804,1.1076,1.1769,0.674,0.6349
1/23/2021,55.416,1.2667,1.1956,0.8068,1.2809,2.5232,2.1392,0.968,1.8167,1.371,1.2952,1.7267,0.9253,1.1482,1.115,0.7404,0.7641,0.8826,1.2288,1.0676,0.8637,0.9538,1.0391,1.224,0.9206,1.1055,0.7973,0.7926,0.6835,1.6792,0.9111,0.4654,0.949,0.8447,0.7594,0.8163,0.8969,0.802,0.9727,1.7334,4.8067,1.1624,0.7736,0.8495,0.7641,0.949,0.9206,0.9111,0.8068
1/22/2021,46.0075,0.676,1.0826,1.2043,1.5501,1.9226,0.9952,1.687,1.5957,0.7824,1.1055,0.8508,1.0066,0.9496,0.98,0.8014,0.7178,0.8318,0.8812,0.9344,1.0294,0.7254,0.9952,1.1663,0.7672,0.7102,0.5771,1.1435,0.6152,0.9572,0.7102,0.5543,0.6988,0.4859,0.4707,0.6988,0.7178,1.0826,0.7938,1.0176,2.687,0.8964,0.8242,0.7178,0.7634,0.9914,1.1701,0.6152,0.8698
1/21/2021,45.0582,0.9486,0.83,0.6818,1.6564,1.6045,1.3451,1.2636,1.5341,1.4859,0.9708,1.1524,1.0931,0.7337,0.5817,0.7596,0.83,1.0153,0.641,0.7892,0.8115,0.7448,0.7188,1.0894,0.8078,0.7374,0.9115,0.7299,0.5484,0.6818,0.9375,0.4001,0.7744,0.6262,0.7448,0.6188,0.7596,0.6966,0.6002,1.2499,3.3748,0.6484,1.0598,0.6299,0.5447,0.9449,1.1413,0.6188,0.9894
1/20/2021,44.54,0.6563,0.7075,0.7805,1.4711,1.1167,1.694,1.2081,1.6685,1.3542,1.409,0.7403,0.8025,0.8025,0.7403,0.9486,0.6161,0.7696,0.9084,0.7002,0.6709,0.8573,0.733,1.1861,1.0473,0.8098,0.7915,0.6819,0.5686,0.7915,0.8134,0.6709,0.6709,0.6928,0.6453,0.6271,0.6344,0.9852,0.6453,1.125,3.0049,0.755,0.9413,0.6965,0.8829,1.0107,0.9998,0.8427,0.6636
1/19/2021,55.1571,1.256,1.0155,1.1381,1.6663,2.1001,1.3597,1.3975,1.836,1.2843,0.907,1.4635,1.1287,0.7137,1.0296,1.0391,1.1381,0.8976,0.7467,0.9589,1.0957,1.223,0.9731,0.9589,0.7608,0.6241,1.1381,1.6663,0.6901,1.3833,0.9023,0.5251,0.5439,0.5298,0.709,0.5486,0.841,1.0296,0.7844,1.6498,4.5593,1.3833,1.2324,1.1994,0.8882,0.9919,1.2749,1.1758,0.7986
1/18/2021,54.5532,1.27,1.135,1.4143,1.6238,1.4469,1.8333,1.9543,1.8426,1.0651,0.7719,1.4376,0.9208,0.837,1.1676,1.256,1.2932,0.865,0.9301,1.1443,0.9115,1.0744,0.851,1.1489,0.8044,0.8138,1.0512,1.4189,0.6508,1.4795,0.9348,0.4832,0.6369,0.5344,0.5484,0.7951,0.8975,0.8557,1.0884,1.3171,3.5738,1,0.9534,0.9627,0.8324,1.2793,1.1955,1.2607,0.9907
1/17/2021,45.8349,0.9347,0.8515,1.0331,1.4455,1.1579,1.3698,1.1239,1.3547,0.7153,1.1088,0.6547,0.9536,0.8023,0.6434,0.878,0.7191,0.7228,1.0861,0.7607,1.0066,0.999,0.7569,0.8704,0.859,0.9498,0.6812,0.9007,0.6699,1.1352,0.912,0.7266,0.5034,0.4353,0.685,0.5564,0.738,1.105,0.825,1.7004,4.7092,0.6812,0.5526,0.5412,0.6585,1.0936,0.7304,0.8477,0.6888
1/16/2021,55.2433,0.9745,1.2816,1.1777,2.0895,2.269,1.9714,1.9241,1.6218,1.6643,1.1115,1.2816,0.9415,0.8281,1.0123,1.206,0.9131,1.2863,0.9131,1.0407,1.1115,0.7572,0.6155,0.9367,1.2674,0.8045,1.0974,0.9887,0.7808,1.7777,1.1304,0.71,0.7903,0.8045,0.8989,0.8611,0.9509,0.9226,0.7619,1.1469,3.0698,1.1068,0.6674,0.6486,1.1304,0.8092,1.4328,0.8564,0.8989
1/15/2021,56.1067,1.4655,1.201,1.047,1.6676,1.5329,1.9033,1.5569,1.6965,1.2924,1.504,1.5569,0.7439,0.8979,0.9556,1.225,0.9749,1.1336,0.7536,0.8883,1.0374,0.7536,0.9027,0.8017,0.7103,0.7343,1.0663,1.4848,0.845,0.8305,0.8546,0.5371,0.9652,0.6958,0.5419,0.8305,0.9123,1.1144,0.8498,2.2359,6.2949,0.8209,0.9316,1.1817,0.691,0.8305,0.8594,0.8931,0.9027
1/14/2021,46.4387,0.6433,1.0815,0.7163,1.0431,1.7234,1.5159,1.7388,1.2122,1.3967,1.4236,1.2968,1.2237,0.601,0.9162,1.0008,0.8932,1.02,0.9624,0.8317,0.9393,0.9085,0.5472,0.8586,1.0123,0.5088,0.7663,1.3006,0.5587,0.6702,0.6856,0.4473,0.7817,0.6702,0.4857,0.651,0.8547,1.1353,0.6664,1.0826,2.8794,0.9662,1.0815,0.8739,0.9085,0.6933,0.6625,1.02,0.5818
1/13/2021,53.8624,0.9142,1.3912,1.2582,1.3866,2.3176,1.5242,1.7764,1.4462,1.7031,1.3774,0.9738,1.2261,0.8959,1.0931,1.061,0.85,1.2123,1.0105,1.1068,1.0793,0.8408,0.7445,0.9326,0.7858,0.7629,0.6666,1.671,0.7078,1.2307,0.9372,0.8729,0.8821,0.8546,0.6161,0.8271,0.9051,1.0885,1.0335,1.1947,3.2112,1.3912,0.5978,0.7721,0.6712,1.2307,0.7491,0.8821,1.1986
1/12/2021,70.6943,1.8845,1.1134,1.3077,1.6463,3.2324,2.5867,1.9472,1.5083,1.6212,1.5836,2.5804,1.2262,1.1196,1.0632,1.4895,1.2826,1.0444,1.1698,1.4143,1.0318,1.0193,1.1949,1.1196,1.2325,0.8563,1.408,1.7089,0.9503,2.1039,1.1008,0.7623,0.9566,0.8124,0.7936,0.8939,1.2262,1.4143,1.5083,1.9787,5.5332,1.5459,1.314,1.2952,1.1071,1.3202,1.3641,1.2826,1.0381
1/11/2021,72.6796,1.7125,1.8225,1.7319,1.8289,1.6608,2.7668,2.4951,1.3568,1.0334,1.9583,1.3891,0.9558,1.0851,1.2921,1.5573,1.5379,1.5896,1.2792,1.2921,1.1627,1.0204,1.3244,1.512,1.0463,1.305,1.5573,1.9777,1.0592,1.0398,1.5249,0.7553,0.6324,0.697,0.904,1.1045,1.2856,1.1369,0.8846,2.152,6.0464,1.8613,1.8936,1.4215,0.8393,1.7384,1.8031,1.2468,1.402
1/10/2021,69.3995,1.5113,1.2841,1.4868,1.628,2.3893,2.5428,2.2481,1.9841,1.2841,1.9166,1.8552,1.7999,1.2903,1.1306,1.0877,1.0508,1.6096,1.0754,1.0508,1.6464,1.0692,1.6157,1.7815,0.9219,1.4192,1.4499,1.8736,0.8298,1.5604,1.3087,1.1675,0.8298,0.664,0.9526,0.6701,0.9894,1.3087,1.192,1.4546,3.981,0.9157,1.7692,0.8728,1.585,1.3947,1.4376,1.1429,1.3701
1/9/2021,70.6082,1.2999,0.9994,1.7193,1.9573,2.9402,1.638,1.3875,2.0449,2.1013,1.1684,1.7945,0.8679,1.1934,1.4126,1.1997,1.0807,1.1434,1.0432,1.0682,1.087,1.4313,0.9994,1.8696,1.2185,1.0181,1.2811,0.9242,0.8929,2.1701,1.3061,0.9994,0.6613,0.9493,0.7176,0.9555,1.0307,1.544,1.4251,2.523,7.1452,1.7569,1.5628,1.5065,0.8178,1.1872,1.3562,1.0682,1.1434
1/8/2021,8.8906,0.179,0.182,0.1768,0.198,0.2006,0.201,0.1986,0.2023,0.1817,0.1897,0.201,0.19,0.1772,0.1782,0.1821,0.183,0.188,0.1824,0.1798,0.1797,0.1859,0.1852,0.1834,0.1861,0.1745,0.1858,0.1895,0.1792,0.1784,0.1798,0.1728,0.1757,0.1808,0.1736,0.1807,0.1823,0.1845,0.1782,0.1849,0.2207,0.1853,0.1927,0.1888,0.1766,0.1807,0.1847,0.1856,0.1831
1/7/2021,74.406,1.3354,1.5346,1.6741,2.4842,3.4538,1.5346,3.062,2.0194,1.9596,1.103,2.0924,1.362,0.9901,1.2823,1.6409,1.4682,1.7338,1.2292,1.6608,1.362,1.1229,1.3421,1.9131,1.4284,0.751,1.3155,1.4018,0.9237,1.7272,1.2292,0.5983,1.0565,1.0631,1.1163,1.1561,1.3421,1.0366,1.2026,1.6904,4.6793,1.86,1.3155,0.9768,1.3288,1.3553,1.9264,1.3686,1.196
1/6/2021,62.6669,1.014,1.2053,1.4404,2.3916,2.2331,1.2983,1.9379,1.9433,2.0363,1.8285,1.2327,0.9648,0.9429,1.1835,1.0249,1.0687,1.0249,1.0577,1.3201,1.1343,0.8883,0.686,0.8008,0.7571,1.0577,1.342,0.7243,0.8008,1.4185,1.1343,0.7188,0.6587,0.7243,1.0304,0.9484,1.0687,1.0577,0.8008,2.2186,6.2437,1.6591,0.8719,1.2217,0.8719,1.1616,1.0687,1.096,1.3529
1/5/2021,58.7826,1.0401,1.0452,0.8421,2.1777,1.6698,1.1772,1.9745,1.4312,1.5784,0.969,1.2179,1.5429,0.8167,0.9284,1.1772,1.3702,1.2077,1.2839,1.1722,1.1214,1.1417,0.964,1.0909,0.6999,1.162,1.0858,1.7765,0.7405,1.0097,0.8421,0.9284,0.9081,0.8878,0.964,0.7253,1.0198,1.2229,1.035,1.5639,4.3047,1.2585,1.3753,1.0401,0.705,1.3042,1.5022,0.9487,0.8319
1/4/2021,60.6814,1.0675,1.0412,1.3573,2.1106,1.4679,1.7208,1.7313,1.8419,1.0148,0.8937,1.9684,1.1149,1.057,1.0886,1.2941,0.9832,1.1465,0.8357,1.1307,1.2308,0.9358,1.0359,0.9147,1.1729,1.2361,1.0833,0.7462,0.8621,0.8357,0.92,0.9253,0.9832,0.5565,0.5618,0.7304,0.9147,1.2414,1.2519,2.3967,6.7713,1.0675,0.6935,1.2572,0.783,1.0096,1.4732,1.194,1.0306
1/3/2021,65.4288,1.3612,1.3554,1.6139,2.4696,2.6648,1.3497,2.6189,1.6885,2.1882,1.8034,1.9929,1.0683,0.9707,1.3956,1.0855,1.3267,0.9936,1.499,1.3956,1.1946,0.9132,1.2291,1.0396,0.7582,0.9305,1.3784,0.9305,0.8616,1.6254,1.2463,0.6318,0.6606,0.8788,0.6893,0.9879,0.9362,1.1946,1.321,1.28,3.4639,1.5622,1.2061,1.2061,1.4014,1.1487,1.6598,1.3727,0.8788
1/2/2021,61.0264,1.5825,1.153,0.9409,2.2877,2.4998,1.312,1.4393,1.5878,0.8613,1.4499,1.1105,0.9143,0.8189,0.7818,1.2749,1.1795,1.2855,1.0363,1.0999,1.0469,1.084,1.2855,1.5666,1.0257,1.0098,1.2378,1.4446,0.803,1.8582,1.1211,0.575,1.0045,0.5591,0.8242,0.8083,1.0628,0.909,1.3598,1.7996,5.003,1.0681,1.4181,1.4605,0.6598,0.8984,1.4075,1.0151,1.0946
1/1/2021,48.7694,0.8842,1.0636,0.6477,1.3245,1.8382,1.8505,1.9238,1.2552,1.3368,0.8801,1.3775,1.1655,0.9168,0.7537,0.6926,0.6885,0.8679,0.925,0.9658,0.9943,0.8271,0.8679,0.8271,0.872,0.8557,0.9046,1.1451,0.5907,1.3327,0.8598,0.6722,0.6967,0.7415,0.5907,0.7986,0.7782,0.6314,1.0554,1.1577,3.1017,1.0269,0.5581,0.8842,0.8312,1.1737,0.8964,0.9943,0.7456
12/31/2020,44.6142,0.7012,1.1516,0.8221,1.0857,1.2102,1.6202,0.7708,1.2907,1.4701,0.6902,1.3237,1.1589,0.888,0.9173,0.877,1.0234,0.9722,0.8989,1.0564,0.7269,0.8953,0.877,1.1772,0.6207,0.7012,0.6866,1.0234,0.6536,1.1516,0.888,0.6243,0.4962,0.5841,0.7049,0.5914,0.7012,0.9026,0.6097,0.9624,2.5234,0.8477,0.6134,0.8513,0.9868,0.9649,0.9539,0.8184,0.5475
12/30/2020,54.7457,1.4101,0.9426,1.2652,1.2699,1.4896,1.4568,1.3166,1.8729,1.4755,1.2605,0.9847,1.2325,0.7276,1.153,0.8585,0.9193,1.167,1.1203,1.1717,1.3073,0.9333,0.9286,0.7089,1.2699,1.0361,1.1577,1.3026,0.6435,1.0408,0.98,0.7697,0.779,0.6248,0.8305,0.6855,0.9193,1.1016,1.0315,1.7726,4.9228,0.6949,0.6996,1.0829,1.1997,0.8351,0.8071,0.779,0.8071
12/29/2020,48.0798,1.1967,1.2007,1.2408,1.357,1.2128,1.8019,1.2528,1.2128,0.6396,0.812,1.1246,0.6797,0.8721,0.7518,0.9081,0.816,1.1286,1.1326,0.852,0.9001,0.9723,1.0083,0.7037,1.2047,0.6516,0.84,0.9522,0.6677,1.1286,0.8761,0.4673,0.7438,0.6997,0.5635,0.6516,0.8721,1.0164,0.9723,1.3574,3.6933,0.86,1.2568,0.824,0.8761,0.7799,1.0364,0.6877,0.6236
12/28/2020,56.434,0.8205,0.8835,1.0336,1.7408,2.2396,2.075,2.2396,2.104,0.7915,1.1741,0.9465,1.2516,1.1111,0.9561,0.9755,1.1499,0.7769,1.3824,1.271,0.99,1.1644,1.3388,0.9077,0.9852,0.8932,1.2032,1.2371,0.7479,1.7989,1.1547,0.7672,0.7382,0.6607,0.5784,0.8302,1.0191,0.8641,1.2032,1.1239,3.0018,1.2661,1.3291,1.0094,1.0433,0.8641,0.8108,1.116,0.8641
12/27/2020,62.3884,1.6678,1.3469,0.89,2.1627,2.2497,1.3578,1.8853,2.1464,0.8193,1.6352,1.1457,1.2218,0.7921,0.89,1.4067,0.939,1.075,1.0423,1.1293,1.3469,1.0206,0.7921,1.4122,1.5699,1.1185,0.7541,0.852,0.7758,1.472,1.0097,0.9662,0.9934,0.6344,0.8683,0.7921,1.1239,1.1674,0.7921,2.1134,5.9322,1.2708,1.4937,1.2979,0.7595,1.0369,1.4774,0.8193,0.9227
12/26/2020,47.9021,1.1323,1.0724,0.6854,1.3438,1.7667,1.3837,1.7348,0.9448,1.0046,1.2999,1.4794,1.0126,0.829,0.9128,0.9168,0.7612,0.7812,1.0964,0.8091,0.857,0.9847,0.6694,1.2241,0.6974,0.5218,0.6575,0.8211,0.6694,1.4834,0.8969,0.458,0.6774,0.7971,0.7532,0.7692,0.8051,1.0525,1.1123,1.0661,2.8305,0.8689,0.6894,1.1523,1.0006,1.0565,0.8011,0.9248,0.6375
12/25/2020,52.168,0.9043,1.2488,1.1516,1.156,1.262,1.5359,1.2134,1.0854,1.1119,1.4917,1.1737,0.7099,0.8513,0.7232,0.7144,1.2002,0.8248,1.24,1.0103,0.8689,1.0103,1.0809,0.8115,0.679,0.7674,0.6702,1.156,0.7364,1.4387,0.891,0.5553,0.6525,0.5818,0.7011,0.6128,0.8645,1.0456,0.9219,2.2749,6.4106,0.7232,0.8424,0.944,0.8292,1.0235,0.8469,0.7453,0.8734
12/24/2020,47.3691,0.9777,0.895,0.7808,1.0525,1.6981,1.5643,1.4383,1.0564,1.4501,1.143,0.71,0.706,0.7966,0.8635,0.9934,0.9344,0.6352,0.7178,0.9462,0.9186,0.9855,0.584,0.8871,0.6076,0.8596,0.6942,1.0722,0.6981,0.71,0.6942,0.5485,0.6352,0.7533,0.7572,0.5367,0.7296,0.8989,1.0761,1.8501,5.1523,0.8005,0.7533,0.71,0.7611,0.8281,1.1627,0.7178,0.6273
12/23/2020,45.5027,0.8642,1.0817,0.8717,1.3217,1.6518,0.9017,0.8155,1.3105,0.8117,0.9317,1.0592,1.2092,0.8492,0.9392,0.9655,0.958,0.763,1.0667,0.718,0.943,0.958,0.9242,0.883,1.1717,0.7105,0.9767,0.9242,0.673,1.3668,0.7405,0.5304,0.5492,0.5454,0.5192,0.7367,0.6655,0.9242,0.7067,1.1133,2.9703,0.8042,1.2205,0.7442,0.673,1.0667,0.8905,0.7892,0.6917
12/22/2020,38.8373,0.7587,1.0116,0.8297,1.3724,0.99,1.2953,1.209,1.3755,0.6354,1.175,0.6601,0.8513,0.5614,0.5552,0.768,0.731,0.7711,0.9129,0.8173,0.879,0.5614,0.8019,1.0239,0.7587,0.6292,0.6046,0.9006,0.5367,0.7711,0.7649,0.583,0.4288,0.6416,0.5768,0.583,0.6477,0.8944,0.7341,0.731,1.838,0.6631,0.7803,0.5861,0.8574,0.8112,0.5367,0.8081,0.6231
12/21/2020,45.0585,0.7374,0.9931,0.6855,1.2228,1.5045,1.6824,1.3155,1.0709,1.5119,1.1858,0.6521,0.8078,0.667,0.9078,0.667,0.7114,0.7633,0.8337,0.9375,0.7522,0.7818,0.7522,0.6299,1.0116,0.8189,0.7188,0.6262,0.6632,1.1154,0.6855,0.6447,0.5854,0.4854,0.7077,0.478,0.7003,0.9486,0.8374,1.4819,4.0618,0.9375,0.6558,0.7114,0.856,0.9412,1.0264,0.8263,0.7596
12/20/2020,39.815,0.6534,0.7998,1.0034,1.1657,1.0702,1.417,1.5315,0.9398,0.8348,1.1466,0.6662,0.9048,0.5262,0.7234,0.803,0.8761,0.6407,0.7489,0.803,0.927,0.8634,0.838,0.9525,0.4912,0.663,0.6852,1.1784,0.5484,0.7648,0.7839,0.6057,0.5166,0.5484,0.5484,0.4244,0.6471,0.6375,0.6248,1.0276,2.7163,0.7393,0.5262,0.593,0.7934,0.7521,0.8125,0.6884,0.663
12/19/2020,48.6129,0.9139,0.8896,1.1414,1.1454,1.4094,1.844,1.0317,1.5678,0.8815,1.4541,1.0033,1.0642,0.8774,0.7149,0.654,1.1495,0.7028,0.8774,0.7515,0.7799,0.9505,0.6865,1.1942,0.6418,0.6987,0.7068,0.6946,0.65,1.0683,0.8936,0.6662,0.5322,0.6987,0.4794,0.7393,0.7028,0.9343,0.8936,1.9525,5.4556,0.7028,0.9546,1.1536,0.7677,0.8124,0.6215,0.8124,0.6946
12/18/2020,45.3251,0.9468,0.6967,0.7116,1.3013,1.3723,1.1147,0.9542,0.9318,1.1185,0.6818,0.9132,0.8534,0.8273,0.9692,0.9953,1.0438,0.8908,0.9505,0.8049,0.9468,0.7564,0.5474,0.7116,1.1744,0.6071,0.9318,0.6183,0.5436,0.7265,0.6818,0.5959,0.4839,0.5922,0.6146,0.637,0.6556,0.7153,0.9692,2.0529,5.7529,0.8945,0.5623,0.8049,0.5362,0.9505,0.622,0.7975,0.7639
12/17/2020,39.4594,0.8084,0.8116,0.7833,1.4187,1.337,0.8336,0.8776,0.95,1.1073,1.1576,1.3495,0.6606,0.7707,0.7487,0.8399,0.7581,0.7235,0.5442,0.692,0.7015,0.7518,0.8714,0.7707,0.6071,0.6417,0.5819,0.9091,0.5001,1.23,0.6291,0.5253,0.5505,0.519,0.6008,0.4938,0.7141,0.7078,0.821,0.9433,2.4668,0.5788,1.0287,0.4876,0.6291,0.692,0.8273,0.8651,0.6417
12/16/2020,42.2146,1.0665,0.7586,0.5499,1.046,1.241,0.957,0.8338,1.5729,0.5362,1.0973,0.6457,1.0939,0.827,0.7483,0.632,0.5704,0.9399,0.7928,0.8031,0.7517,0.6662,0.5875,1.1007,1.0733,0.8304,0.8783,0.5909,0.6286,0.6012,0.8304,0.4883,0.6354,0.5396,0.4951,0.7107,0.6628,0.8304,0.8852,1.4466,3.9573,0.6594,0.6594,0.7415,0.7517,0.9125,0.6765,0.9639,0.9468
12/15/2020,41.237,0.745,1.0076,0.5489,1.3599,0.9378,1.4563,1.1039,1.1472,0.6652,0.8912,1.2502,0.6619,0.7117,0.8779,0.612,0.9012,0.6985,0.622,0.7084,0.6586,0.8946,0.6785,0.7018,0.5123,0.5954,0.8248,0.5688,0.6054,0.6453,0.6785,0.6054,0.6719,0.5589,0.519,0.4924,0.755,0.6685,0.612,1.7355,4.8131,0.5888,0.6519,0.7184,0.5755,0.7317,0.9145,0.755,0.5987
12/14/2020,41.9475,0.8388,0.9916,0.6827,1.348,1.2937,1.3888,1.5823,1.2428,1.1138,1.1036,1.2258,0.8524,0.737,0.6419,0.6521,0.961,0.5774,0.6012,0.6487,0.6453,0.6759,0.5435,0.7913,0.9916,0.6318,0.6216,0.6555,0.6487,1.1579,0.7981,0.5537,0.7166,0.5774,0.4145,0.4552,0.6827,0.5808,0.9746,1.1855,3.1842,0.6114,0.7438,0.7472,0.6012,0.6351,1.0765,0.6759,0.8864
12/13/2020,42.5696,0.9825,0.9514,0.5677,1.4216,1.5944,1.1519,1.6705,1.1485,0.9445,1.0482,0.9479,0.6264,0.8546,0.8546,0.7855,0.5746,0.6645,0.7094,0.6679,0.6852,0.7889,0.585,0.8926,1.0447,0.5988,0.8166,0.8339,0.5815,1.3282,0.6299,0.5573,0.4674,0.6299,0.4363,0.6748,0.7405,0.9479,0.6576,1.0471,2.7743,1.0378,1.0689,0.6887,0.7578,0.744,1.0205,0.7958,0.5711
12/12/2020,42.2146,1.111,1.0905,0.6422,1.152,1.525,1.1965,1.3984,1.2513,1.0357,1.3163,1.46,1.1281,0.5567,0.8681,0.8475,0.9981,0.8646,0.5807,0.9775,0.8681,0.7894,0.9194,0.9125,0.8338,0.4678,0.8236,0.9604,0.608,1.1041,0.6936,0.5772,0.5157,0.6696,0.697,0.6901,0.6012,0.9468,0.9023,0.3403,0.6808,0.8886,0.6628,0.7209,0.9707,0.9331,0.8681,0.7757,0.7928
12/11/2020,39.9037,0.8239,0.6484,0.9387,1.395,1.312,0.993,0.7696,1.5098,1.127,0.591,0.8973,0.8015,0.7473,0.7601,0.6229,0.6803,0.8398,0.8845,0.6612,0.8973,0.8271,0.7473,1.0281,0.7665,0.524,0.5623,0.6388,0.5527,1.0504,0.8143,0.3804,0.4155,0.6037,0.4091,0.5846,0.6803,0.9419,0.7505,1.0227,2.702,0.8143,1.0823,0.7665,0.6133,0.8654,0.5718,0.5655,0.7218
12/10/2020,48.1688,0.721,1.0263,1.1588,1.4882,1.0303,1.0584,0.8777,0.9138,1.4521,1.1829,1.7493,0.6286,0.8656,0.9741,0.6407,0.9299,0.7933,0.8335,0.9058,0.9218,0.6567,0.6326,1.0464,0.8857,0.6407,0.8455,1.1669,0.7411,1.3677,0.954,0.6929,0.6166,0.4519,0.5081,0.5402,0.8455,0.6808,1.0223,1.718,4.7612,0.729,0.7571,0.8897,1.0423,0.9941,1.2753,0.6366,0.9178
12/9/2020,58.3003,1.0318,1.5298,1.5298,1.7612,2.6213,1.5801,1.6505,1.3387,1.7712,1.5801,1.2481,1.3789,0.8155,1.2532,1.0771,1.0922,0.9061,1.389,1.2179,1.3789,1.2833,1.057,1.1123,0.7703,1.0721,1.0017,0.9664,0.7049,1.6706,0.9966,0.8206,0.6646,0.5691,0.9564,0.9765,0.8558,0.8457,0.7803,1.0275,2.7162,1.4242,1.4795,0.8558,1.3789,0.9916,1.1224,0.7602,1.2884
12/8/2020,51.9018,0.9437,0.9218,1.3344,1.4618,1.7164,1.0623,1.611,1.7559,1.7076,1.6725,1.2247,0.654,0.8208,0.7549,0.7198,0.6891,1.0623,0.8208,1.2291,1.2335,0.6847,0.8779,1.0798,1.2335,0.6364,1.0227,0.7857,0.6101,0.9042,0.9306,0.6189,0.8735,0.5793,0.654,0.7374,0.733,0.8867,0.9701,1.5153,4.1608,0.9042,0.8691,0.834,1.0403,1.0052,1.3652,0.992,1.0008
12/7/2020,49.6796,0.746,1.267,1.0253,1.342,2.2173,1.2628,1.7463,1.4337,1.2212,1.267,1.7963,0.7502,0.6418,0.6543,0.8294,1.0461,1.167,0.9544,1.0044,0.9586,1.0795,0.9711,0.8335,0.6835,0.8252,0.6877,0.9377,0.696,0.7585,0.9919,0.4292,0.5751,0.8127,0.5251,0.696,0.821,1.1795,0.7502,1.1462,3.0676,1.217,1.0378,1.0961,0.571,0.9336,1.217,0.9127,0.8961
12/6/2020,61.3218,1.2918,1.1425,0.7745,1.6277,1.2918,1.521,1.7023,1.3984,1.3984,1.4624,1.1425,1.3717,0.9398,0.7852,1.1051,1.1425,0.7959,1.4517,0.9558,1.4037,0.8172,0.6999,1.1478,1.5477,1.0145,0.7745,0.7265,0.8599,1.921,1.1051,0.9718,1.0198,0.7532,0.8225,0.6679,1.0678,1.1158,1.0411,2.3283,6.5686,1.4571,1.1904,0.8812,1.0305,1.4624,1.3664,1.0518,1.2064
12/5/2020,58.2112,0.9048,1.4471,1.1408,2.1249,1.2964,1.1809,1.2412,1.2613,1.7182,1.0403,1.9793,1.427,1.1357,1.0002,1.2713,0.965,1.1458,0.8495,0.9952,1.2111,1.201,0.9148,1.0855,0.8746,0.8295,1.2261,1.6328,0.7039,1.8638,1.0755,0.7592,0.6537,0.8345,0.5332,0.7642,0.9399,1.432,1.201,1.5913,4.3858,1.4119,0.8044,1.2362,0.9449,1.3366,1.1508,0.7792,0.7089
12/4/2020,52.3461,1.027,1.0935,1.0004,1.5148,1.5503,1.0358,1.3596,1.1112,0.9383,1.5724,1.027,0.7033,0.7875,1.058,0.7343,0.7299,0.8806,0.7919,1.0092,0.956,0.9649,0.5924,0.8141,1.1467,0.8274,0.7299,0.7077,0.7432,1.027,0.8008,0.7964,0.486,0.7565,0.6811,0.6633,0.7964,0.854,0.6412,2.392,6.7573,1.2886,1.1112,1.0048,1.0891,1.1423,0.9028,0.9516,0.7964
12/3/2020,43.2807,0.9393,1.0593,0.9323,1.0663,1.7155,0.9393,0.9534,1.6379,1.4438,1.2251,0.904,0.9958,0.6641,0.5865,0.7029,0.8052,0.8793,1.0064,0.6853,0.71,0.7135,0.8194,0.9146,0.6535,0.4983,0.6818,1.2498,0.5512,0.6853,0.7029,0.6465,0.6218,0.5689,0.6782,0.5512,0.7347,0.8758,0.71,1.4072,3.8407,0.6394,0.5689,0.5477,0.5936,0.7347,0.5795,0.9146,0.7453
12/2/2020,49.591,1.2148,0.9611,1.0359,1.2896,1.9592,1.194,1.1316,1.194,0.986,1.2189,0.9403,0.7739,0.8196,0.6283,0.8862,0.7406,0.6741,0.9569,1.0941,1.0276,0.7739,0.5951,0.8404,0.6242,0.9777,0.8862,0.8155,0.6949,1.2605,0.8696,0.462,0.5701,0.5368,0.4703,0.8321,0.8363,0.8404,0.6325,2.0606,5.7757,0.7281,1.1981,1.09,0.6949,1.1856,0.9361,1.065,0.6117
12/1/2020,40.1701,0.8358,0.8069,0.7908,0.8937,1.5757,1.447,0.9388,1.2765,0.5688,0.7779,0.6299,0.8422,0.7296,0.6685,0.8744,0.6685,0.9355,0.8873,0.794,0.6331,0.7425,0.6524,0.7296,0.6975,0.4691,0.7425,0.5849,0.5559,0.9388,0.7908,0.3951,0.5205,0.6235,0.4079,0.5302,0.6943,0.7103,0.527,1.2897,3.4928,0.6396,0.9259,0.8615,0.9516,0.7039,0.7618,0.7908,0.8648
11/30/2020,37.4152,0.8726,0.5932,0.8315,0.9726,1.1786,1.0962,0.852,0.9697,1.0168,0.605,0.7461,0.7138,0.6579,0.4873,0.6903,0.7903,0.552,0.5491,0.7491,0.8844,0.7579,0.5255,0.6197,0.7873,0.6961,0.602,0.8079,0.4608,1.1668,0.5961,0.3961,0.605,0.3843,0.5049,0.4049,0.6491,0.852,0.7991,1.2225,3.2937,0.6579,0.852,0.6079,0.5785,0.7138,0.5932,0.8432,0.6285
11/29/2020,43.5475,0.9167,1.1193,1.0482,0.9665,1.8694,1.2295,0.8456,1.1087,0.8172,0.8776,0.8314,1.0056,0.7496,0.867,0.6288,0.9487,1.0056,0.9558,0.9736,0.9452,0.8065,0.7461,0.6537,1.0625,0.5115,0.8741,0.6323,0.5399,1.2757,0.8776,0.7141,0.6963,0.4901,0.6181,0.5293,0.7959,0.9878,0.7461,1.0792,2.8693,0.6572,0.5293,0.9274,0.9736,0.6501,1.1016,0.771,0.7212
11/28/2020,44.7029,1.165,0.8236,0.9154,1.1136,1.3265,0.875,1.0732,0.8971,0.7723,1.3522,0.7833,1.0952,0.5998,0.9631,0.6585,0.7869,0.8273,0.7649,0.7172,0.9998,0.82,0.9411,1.187,1.0696,0.9227,0.5484,1.2604,0.6438,0.831,0.82,0.4346,0.4823,0.5374,0.4823,0.4897,0.6952,1.0072,0.8787,1.4248,3.8928,0.7172,1.1283,0.5667,0.8897,1.0218,1.0292,0.6952,0.7759
11/27/2020,40.3481,0.9851,0.9851,0.736,0.9366,1.645,1.4056,1.1565,1.3053,0.8654,0.8719,0.6713,0.7748,0.584,0.7425,0.7813,0.9527,0.6131,0.6842,0.7683,0.6648,0.7813,0.8072,1.0433,0.626,0.4869,0.7231,0.7522,0.529,0.8298,0.6616,0.4481,0.4449,0.4384,0.461,0.4319,0.6551,0.5807,0.8977,1.1334,3.0299,0.8427,0.7554,0.5419,0.9268,0.888,0.9236,0.6713,0.9074
11/26/2020,43.5478,0.6288,0.8883,1.1442,1.322,1.8481,1.0838,1.4144,1.226,1.3148,0.7781,0.8741,1.0518,0.7639,0.7745,0.8136,0.8776,0.7425,0.9914,0.8918,0.9132,0.6821,0.8812,0.6466,0.7959,0.5364,0.611,0.6537,0.6181,0.9523,0.7105,0.6394,0.5826,0.6537,0.5399,0.6075,0.707,0.7319,0.7319,1.396,3.8074,0.7532,0.8136,0.6039,0.6039,0.97,0.7461,0.6359,0.5932
11/25/2020,45.0581,1.1042,1.0301,0.9301,1.0338,1.4971,0.9449,0.8967,1.0375,1.1376,0.6484,0.9782,0.9745,0.7781,0.7967,0.6632,1.0153,1.0227,1.0338,0.856,0.6966,0.8263,0.8597,0.8708,1.1524,0.7818,0.5891,0.5743,0.5817,1.1154,0.8634,0.5632,0.4928,0.4705,0.7485,0.5298,0.6744,0.6595,0.8226,1.6924,4.6852,0.9189,0.6336,0.7633,1.0746,0.8782,0.793,0.7151,0.6521
11/24/2020,46.9243,1.2021,0.8751,1.1086,1.6614,1.1631,1.5874,1.1554,1.6575,0.735,0.8829,1.3928,1.2371,0.5987,0.8401,1.0736,0.8595,0.7233,1.0269,1.0152,0.8595,0.9568,1.0541,1.132,0.914,0.7155,0.9023,0.8556,0.6338,0.696,0.7583,0.7077,0.696,0.6532,0.6415,0.7544,0.7272,0.6299,0.6493,1.2828,3.4723,0.6454,0.6844,0.6688,0.9491,1.0113,0.9607,0.6221,0.8946
11/23/2020,47.6351,0.9316,0.8444,0.6304,1.5063,1.3756,1.4984,1.7719,1.3954,0.999,1.5301,1.5975,0.678,0.6502,0.9356,0.7017,1.0426,0.9158,0.8444,0.8682,0.7255,0.9633,1.0941,0.9832,0.892,0.5709,0.8365,1.0862,0.6581,0.8127,0.9396,0.678,0.8286,0.6264,0.6304,0.8048,0.7057,0.6264,0.896,1.3512,3.6749,0.9752,0.6542,1.1377,1.0624,0.7097,0.7414,0.6304,0.6225
11/22/2020,54.3014,1.2316,1.2872,1.3798,1.7039,2.3336,1.9817,1.3335,2.0974,1.3659,1.6066,0.8473,0.8427,1.0973,1.0788,0.9862,1.1621,1.1807,0.8149,0.9492,1.2131,1.0325,1.2918,1.4029,1.4122,0.6389,1.1482,1.2316,0.6667,1.0418,1.1205,0.5973,0.6482,0.5695,0.8843,0.625,0.7964,1.2547,0.889,0.7452,1.88,0.9908,1.1158,1.2918,0.9167,0.8566,0.7964,0.9399,1.0232
11/21/2020,56.4339,1.3581,1.0772,0.9222,1.3194,2.5012,1.0869,1.7553,2.1282,1.0724,1.4986,1.0239,1.1983,0.8351,1.1547,1.271,0.9949,0.8932,1.145,1.1935,1.145,1.2564,0.6607,0.8496,1.0918,1.1644,0.6946,1.0046,0.6607,0.9997,0.9997,0.7188,0.9368,0.6026,0.7721,0.5541,0.7818,0.8496,1.2128,1.7401,4.8267,1.2758,1.3872,1.0821,0.6752,1.0579,0.7333,1.0918,1.1789
11/20/2020,45.6804,1.0032,0.8638,0.7206,1.4365,1.169,1.2858,1.1652,1.7153,1.2443,0.713,1.0559,0.6942,0.9014,0.698,0.9467,0.6754,1.0522,0.8524,0.7507,1.0936,0.9504,1.0182,0.8713,0.7168,0.5887,0.7884,0.7846,0.5962,1.1124,0.7809,0.4191,0.7922,0.453,0.5284,0.5849,0.8185,0.6829,0.7206,1.5296,4.2033,0.9655,0.6716,0.7281,0.8449,0.6829,1.1803,0.973,0.6565
11/19/2020,33.505,0.5594,0.5441,0.4778,1.1359,1.0007,0.6793,1.1231,0.766,0.6691,0.6921,0.5212,0.7354,0.6487,0.6334,0.7023,0.7558,0.6768,0.5441,0.5875,0.6513,0.6181,0.5569,0.6283,0.6742,0.5696,0.6436,0.9471,0.4753,0.9369,0.6258,0.3631,0.4549,0.3656,0.3886,0.5467,0.5773,0.6921,0.6997,0.9856,2.592,0.7788,0.6079,0.59,0.766,0.6232,0.6972,0.4804,0.5161
11/18/2020,32.1718,0.4882,0.7879,0.5824,1.1625,0.8507,0.6574,1.2061,0.9474,0.5147,0.8604,0.667,0.8193,0.6332,0.4543,0.5534,0.4688,0.7081,0.7033,0.6598,0.5776,0.4664,0.667,0.522,0.7492,0.4301,0.5462,0.7371,0.4084,0.829,0.5413,0.4036,0.3431,0.4181,0.4011,0.4978,0.5075,0.5172,0.5897,0.8494,2.1887,0.5389,0.6211,0.7637,0.7226,0.696,0.742,0.5365,0.6356
11/17/2020,35.2827,0.6468,0.786,0.7205,0.7942,1.5062,1.1352,1.2061,1.1516,0.5868,0.9306,1.1898,0.8978,0.5241,0.6168,0.5159,0.4968,0.816,0.5241,0.7205,0.5568,0.5868,0.6059,0.6878,0.5459,0.4068,0.5268,0.715,0.4941,0.726,0.5268,0.5923,0.6168,0.4231,0.3986,0.4204,0.5132,0.4941,0.565,0.9511,2.4897,0.7805,0.8324,0.8296,0.4231,0.7641,0.8733,0.565,0.6059
11/16/2020,30.2166,0.7132,0.6377,0.4155,1.0798,1.1175,1.0376,0.5421,0.9331,0.6088,0.4555,0.7088,0.5799,0.4777,0.5421,0.5954,0.5332,0.5155,0.5199,0.5755,0.551,0.5755,0.4488,0.5932,0.7176,0.5332,0.4666,0.6221,0.451,0.4821,0.5421,0.4577,0.4333,0.3333,0.4955,0.4599,0.5466,0.4644,0.4755,0.9613,2.5201,0.6354,0.7932,0.4244,0.5777,0.4621,0.771,0.4399,0.3933
11/15/2020,29.861,0.4465,0.4946,0.6979,0.7919,1.0367,0.9471,1.0324,1.0848,0.8662,0.7132,0.617,0.746,0.5951,0.593,0.5667,0.6607,0.4443,0.5886,0.6454,0.6826,0.5995,0.6214,0.488,0.5536,0.5164,0.4224,0.5164,0.4727,0.6039,0.4596,0.3328,0.4006,0.499,0.3875,0.4203,0.5077,0.6651,0.4159,0.5662,1.3499,0.6826,0.6782,0.7023,0.3984,0.4574,0.6279,0.6148,0.6498
11/14/2020,35.1933,0.5011,0.735,0.8791,1.0858,0.8084,0.9362,0.6371,0.909,1.0668,0.8764,0.5746,0.7214,0.5854,0.58,0.7731,0.6725,0.6453,0.5882,0.6806,0.6344,0.5175,0.8003,0.5175,0.6779,0.6426,0.6561,0.629,0.5147,0.9498,0.6208,0.3924,0.4413,0.4957,0.5229,0.3897,0.5338,0.8383,0.6752,1.1585,3.1042,0.8955,0.6806,0.7785,0.6045,0.6262,0.4984,0.512,0.629
11/13/2020,31.0164,0.6822,0.7283,0.5879,0.7375,0.6937,1.0551,0.6201,0.772,0.528,0.5096,0.5441,0.7283,0.6339,0.6661,0.6845,0.5395,0.5188,0.5764,0.5349,0.6937,0.5487,0.4383,0.4705,0.5303,0.5672,0.5096,0.4106,0.4728,0.8457,0.4935,0.3324,0.3531,0.406,0.4429,0.4175,0.5787,0.5948,0.6063,1.1805,3.1692,0.6569,0.4475,0.4728,0.4981,0.4705,0.7375,0.673,0.6569
11/12/2020,25.5061,0.452,0.6358,0.5203,0.7619,1.021,0.6603,0.6078,0.5571,0.3802,0.522,0.4993,0.5483,0.4713,0.389,0.515,0.4608,0.4293,0.4573,0.4345,0.515,0.3732,0.5483,0.6288,0.3382,0.368,0.389,0.4835,0.3785,0.4415,0.5168,0.452,0.326,0.396,0.333,0.382,0.445,0.5938,0.4643,0.8498,2.19,0.396,0.5571,0.4975,0.3662,0.5431,0.3855,0.4765,0.5483
11/11/2020,34.5715,0.6184,0.8602,0.4802,1.0143,0.7592,0.7725,0.7778,0.9425,0.6157,0.7884,0.5626,0.831,0.6742,0.536,0.645,0.5892,0.536,0.815,0.6662,0.5546,0.6423,0.7353,0.5706,0.5652,0.637,0.7061,0.908,0.544,0.6157,0.5573,0.5201,0.3899,0.4962,0.5812,0.4536,0.6024,0.7672,0.5201,1.3833,3.77,0.714,0.6582,0.4882,0.4297,0.5121,0.5626,0.4935,0.7087
11/10/2020,27.9061,0.4852,0.6006,0.6046,0.6185,0.6802,0.6703,0.9848,0.9629,0.6922,0.7479,0.6763,0.4215,0.4653,0.5767,0.5071,0.5867,0.4414,0.5946,0.5847,0.5927,0.3916,0.5807,0.5688,0.5548,0.3558,0.4513,0.7061,0.4513,0.6345,0.4633,0.3717,0.3558,0.3359,0.4075,0.4115,0.4533,0.3916,0.4931,0.7229,1.814,0.6623,0.6922,0.5568,0.3558,0.5429,0.6962,0.6245,0.3657
11/9/2020,28.8834,0.5384,0.6157,0.6407,0.9059,1.0751,0.6386,0.5969,1.0333,0.8892,0.7159,0.7243,0.5509,0.4987,0.5384,0.576,0.4945,0.553,0.4987,0.5906,0.5384,0.6115,0.5071,0.6512,0.6219,0.5196,0.4173,0.4402,0.4528,0.7806,0.5802,0.3045,0.4924,0.4277,0.3275,0.3797,0.4549,0.4027,0.459,0.775,1.9683,0.4402,0.5112,0.4173,0.3859,0.6679,0.6407,0.6073,0.4256
11/8/2020,29.4169,0.4558,0.6871,0.7364,0.6443,1.0812,0.7149,0.5543,0.9698,0.7471,0.8242,0.7835,0.5457,0.595,0.4429,0.5736,0.6143,0.5265,0.6464,0.6207,0.6357,0.6271,0.4065,0.5522,0.6871,0.5436,0.5115,0.7513,0.4258,0.8349,0.6164,0.3187,0.3808,0.3808,0.4023,0.4901,0.4836,0.6314,0.5843,0.4937,1.1353,0.6314,0.7599,0.5265,0.625,0.565,0.4515,0.5565,0.6443
11/7/2020,27.3727,0.5561,0.5057,0.4418,0.8215,0.6917,0.8757,0.7905,0.9396,0.7866,0.4863,0.8137,0.5716,0.4979,0.4243,0.5018,0.4146,0.5115,0.4708,0.6219,0.5406,0.3933,0.4883,0.6955,0.5154,0.3778,0.434,0.6859,0.4166,0.6026,0.5599,0.3371,0.3972,0.3836,0.4263,0.4747,0.4863,0.4185,0.5522,0.5398,1.2717,0.5464,0.6471,0.4824,0.6394,0.5967,0.5444,0.62,0.5754
11/6/2020,37.5934,0.9864,0.6076,0.945,1.3593,1.2409,1.0929,0.9746,0.9095,0.7023,0.6727,0.7349,0.7674,0.507,0.6993,0.8562,0.7319,0.6609,0.6875,0.7615,0.8236,0.5099,0.5662,0.723,0.9095,0.7201,0.8148,0.7585,0.578,0.6816,0.578,0.4093,0.6342,0.5691,0.5691,0.5188,0.5751,0.6224,0.655,1.0728,2.8502,0.6697,1.0249,0.7674,0.4508,0.8651,0.726,0.581,0.4715
11/5/2020,34.5716,0.8124,0.6184,0.4776,0.8921,0.8336,0.7805,1.1551,1.1392,0.6795,0.7194,0.9266,0.7645,0.6317,0.5706,0.6024,0.7273,0.536,0.7938,0.7459,0.7194,0.73,0.6582,0.8469,0.8602,0.714,0.6715,0.5466,0.4855,0.7061,0.7114,0.4882,0.5998,0.4244,0.4749,0.5679,0.5599,0.6848,0.7698,0.8448,2.1749,0.5838,0.9319,0.4457,0.5227,0.6556,0.7858,0.5148,0.4855
11/4/2020,35.4598,0.6692,0.9136,0.6445,1.0179,1.4847,1.1607,0.7982,1.2156,0.7928,0.7708,0.7241,0.8724,0.5401,0.5896,0.7763,0.6994,0.7928,0.5868,0.6307,0.7708,0.5291,0.5044,0.595,0.4879,0.6198,0.6747,1.0426,0.5401,0.7214,0.5731,0.422,0.3809,0.5099,0.3918,0.5236,0.5291,0.606,0.5374,0.9589,2.5131,0.8724,0.6994,0.4715,0.65,0.7982,0.7516,0.5291,0.5758
11/3/2020,28.9722,0.7224,0.4938,0.5148,1.0035,1.1608,0.9028,0.7895,0.9049,0.4246,0.6134,0.4561,0.4833,0.5232,0.5421,0.584,0.4666,0.6155,0.605,0.5735,0.5568,0.4246,0.5463,0.7476,0.6008,0.5547,0.4498,0.5756,0.4435,0.8231,0.5379,0.4959,0.347,0.498,0.4078,0.4854,0.5106,0.5064,0.433,0.7215,1.8098,0.6364,0.4183,0.4624,0.3743,0.6029,0.4833,0.5211,0.6176
11/2/2020,17.1525,0.3049,0.2948,0.3827,0.4248,0.6344,0.4934,0.4202,0.3342,0.3817,0.3085,0.4193,0.3021,0.2866,0.3296,0.3296,0.3817,0.3479,0.2975,0.3625,0.293,0.3534,0.3387,0.4229,0.347,0.2673,0.3653,0.3424,0.2737,0.4229,0.3387,0.2728,0.2536,0.2701,0.2866,0.2701,0.3305,0.3085,0.3808,0.4,0.8577,0.4001,0.2564,0.3058,0.3159,0.3497,0.39,0.3863,0.3159
11/1/2020,28.0835,0.5784,0.6527,0.6145,0.8515,0.7772,0.5804,0.5603,0.8435,0.5623,0.5362,0.5041,0.6929,0.3876,0.5864,0.5904,0.6507,0.5804,0.4639,0.6406,0.4438,0.6145,0.5583,0.6527,0.6627,0.4097,0.3735,0.5844,0.4197,0.8314,0.5724,0.3936,0.488,0.3293,0.3394,0.482,0.4338,0.3916,0.6286,0.7167,1.7957,0.6768,0.4659,0.5965,0.5422,0.4338,0.4097,0.5904,0.5924
10/31/2020,33.0601,0.51,0.5175,0.7355,1.114,1.3445,0.8057,0.9536,0.738,0.5827,0.7105,0.7656,0.5225,0.6804,0.4799,0.6178,0.5476,0.4774,0.6829,0.525,0.5175,0.6403,0.6528,0.6002,0.4975,0.5676,0.4874,0.921,0.4373,0.7556,0.52,0.4749,0.5576,0.4499,0.3546,0.4348,0.5025,0.5225,0.6152,1.0592,2.8101,0.7055,0.5075,0.5701,0.6704,0.7581,0.8583,0.7305,0.5701
10/30/2020,25.1508,0.4342,0.6057,0.6349,0.5834,0.947,0.6726,0.8596,0.6177,0.5594,0.6263,0.5766,0.4805,0.3845,0.5011,0.4548,0.5097,0.5045,0.3828,0.5663,0.5817,0.5183,0.4171,0.4188,0.4771,0.5028,0.4925,0.3416,0.4119,0.664,0.508,0.4377,0.345,0.4394,0.4085,0.3142,0.4154,0.3553,0.4256,0.5715,1.3655,0.5028,0.3982,0.5937,0.3553,0.4771,0.6349,0.3725,0.5028
10/29/2020,27.1949,0.6216,0.5794,0.5909,0.9402,0.994,0.8961,0.9613,0.5678,0.7943,0.7406,0.6638,0.5333,0.3797,0.4392,0.5352,0.4162,0.5448,0.4008,0.5314,0.4316,0.4296,0.3989,0.6734,0.6561,0.3893,0.4776,0.5199,0.4124,0.5986,0.5256,0.3951,0.4392,0.3797,0.3529,0.422,0.4335,0.3874,0.5448,0.6914,1.7207,0.5602,0.3912,0.3529,0.3625,0.6216,0.4584,0.4296,0.6082
10/28/2020,26.9288,0.6418,0.5698,0.6531,0.85,0.6172,0.5358,0.6418,0.7099,0.4279,0.7478,0.8292,0.5301,0.5093,0.5036,0.5831,0.5093,0.5112,0.5433,0.6172,0.5736,0.5149,0.3522,0.6777,0.5112,0.4941,0.4544,0.4298,0.3787,0.7307,0.4506,0.3011,0.3503,0.3768,0.4638,0.4487,0.426,0.602,0.5623,0.6373,1.5605,0.4676,0.6077,0.3938,0.3484,0.4601,0.6664,0.5566,0.6001
10/27/2020,32.2608,0.5961,0.6228,0.6931,1.1153,1.1711,0.6325,1.0934,0.7101,0.6009,0.9454,0.7513,0.846,0.5087,0.5015,0.4893,0.7271,0.5621,0.4845,0.5136,0.6931,0.7028,0.436,0.5136,0.5597,0.4505,0.4505,0.8241,0.4093,0.9673,0.6058,0.3341,0.4918,0.5087,0.3632,0.5306,0.5961,0.6106,0.4675,0.8648,2.2343,0.8193,0.6955,0.6009,0.4724,0.4942,0.8096,0.7295,0.4602
10/26/2020,39.7261,0.7409,0.9471,0.6743,1.4357,0.944,1.2707,1.3469,0.9884,0.6679,0.982,0.7726,0.5157,0.5569,0.6394,0.8266,0.9122,0.779,0.6394,0.8805,0.7885,0.5981,0.4998,0.7821,0.7663,0.4617,0.595,1.1502,0.5442,0.9408,0.6521,0.5791,0.3983,0.5632,0.5442,0.5474,0.6457,0.522,0.8202,1.3271,3.6034,0.5188,1.0455,0.5347,0.779,0.8742,0.7155,0.5791,0.8297
10/25/2020,34.5718,0.7034,0.5493,0.831,0.9797,1.3677,1.1392,1.1578,1.001,0.4962,0.8947,0.9638,0.6954,0.5227,0.5015,0.5227,0.7167,0.7566,0.4829,0.6237,0.6742,0.5812,0.5865,0.8203,0.4802,0.629,0.4404,0.831,0.4457,0.9399,0.6423,0.3367,0.358,0.3819,0.4669,0.5945,0.6157,0.8177,0.714,0.9085,2.3636,0.6264,0.831,0.5334,0.6529,0.6237,0.6104,0.5148,0.645
10/24/2020,23.0183,0.5076,0.407,0.3814,0.6758,0.9281,0.7599,0.5256,0.7073,0.3454,0.6022,0.6397,0.3769,0.3889,0.4175,0.4956,0.5001,0.47,0.3529,0.5091,0.5046,0.4835,0.5226,0.4145,0.5466,0.404,0.3379,0.5571,0.3274,0.5286,0.4775,0.2703,0.4115,0.3244,0.3979,0.3484,0.431,0.4655,0.5181,0.4813,1.0985,0.44,0.3454,0.3619,0.3214,0.5301,0.3574,0.4625,0.3574
10/23/2020,22.8404,0.5332,0.4531,0.3804,0.7484,0.5288,0.5065,0.4041,0.7291,0.6697,0.6178,0.5926,0.4056,0.4249,0.4353,0.4471,0.4694,0.4056,0.3492,0.3863,0.4739,0.364,0.5288,0.4086,0.4368,0.4249,0.4293,0.4694,0.3388,0.416,0.3908,0.364,0.321,0.3878,0.3522,0.3477,0.367,0.3611,0.5065,0.5997,1.4492,0.5481,0.3581,0.4486,0.5065,0.4887,0.3759,0.4739,0.416
10/22/2020,21.3294,0.4093,0.4932,0.4253,0.6479,0.5052,0.6239,0.4879,0.5546,0.3373,0.4386,0.6185,0.4506,0.3213,0.3346,0.3493,0.3573,0.4479,0.3479,0.4266,0.3693,0.4079,0.4546,0.3413,0.3613,0.3253,0.4492,0.3013,0.3293,0.3986,0.4026,0.312,0.3746,0.3599,0.3026,0.2746,0.3706,0.4319,0.3626,0.705,1.761,0.4226,0.332,0.4079,0.4892,0.4786,0.3333,0.4692,0.4239
10/21/2020,24.2622,0.5456,0.487,0.5017,0.6822,0.5114,0.6822,0.5033,0.5147,0.4171,0.6269,0.6578,0.4805,0.4643,0.4106,0.3667,0.4789,0.3878,0.5049,0.5456,0.5147,0.5,0.5456,0.409,0.3374,0.3634,0.3374,0.6594,0.3358,0.661,0.4952,0.4187,0.3472,0.3699,0.4025,0.3342,0.396,0.5212,0.5374,0.697,1.7374,0.4724,0.474,0.3537,0.3212,0.5,0.4008,0.557,0.4935
10/20/2020,33.3271,0.6302,0.6352,0.6327,1.1494,0.9315,1.162,1.1468,1.0911,0.9923,0.772,0.6757,0.6656,0.615,0.7087,0.5364,0.6859,0.7568,0.5136,0.7416,0.7036,0.6124,0.6656,0.615,0.5466,0.4807,0.5466,0.9569,0.463,0.7695,0.5744,0.3642,0.5238,0.5162,0.3743,0.4377,0.4959,0.577,0.5871,0.7651,1.9389,0.7416,0.4275,0.5516,0.5896,0.5466,0.6631,0.6048,0.6453
10/19/2020,39.2817,0.5796,1.0081,0.9143,0.9362,1.4742,1.396,0.8173,1.3335,1.0426,1.1176,0.6859,0.9675,0.6453,0.8111,0.5827,0.8455,0.7485,0.6015,0.7954,0.7986,0.6484,0.8267,0.8267,0.908,0.5765,0.7016,0.9362,0.6109,1.2365,0.8142,0.4701,0.4545,0.4889,0.5733,0.4451,0.5733,0.8267,0.7829,0.7755,1.9697,0.761,0.7923,0.5858,0.7422,0.858,0.8236,0.5546,0.6171
10/18/2020,41.6814,0.8302,1.002,0.8841,1.1838,1.5274,1.4937,1.551,1.0323,0.6315,1.0424,0.7729,0.9885,0.5944,0.8672,0.5708,0.9178,0.8268,0.9851,0.9818,0.9211,0.6146,0.6483,1.0323,1.0525,0.8336,0.7494,1.0794,0.5742,0.8369,0.618,0.4597,0.7022,0.5944,0.5574,0.5102,0.6416,0.9649,0.6854,0.9905,2.6065,0.6921,0.5944,0.618,0.5574,0.7157,0.8504,0.7662,0.5304
10/17/2020,28.2618,0.4929,0.6631,0.6529,0.8941,1.1352,0.7563,1.046,0.7624,0.7867,0.4463,0.5456,0.6388,0.5537,0.4888,0.5658,0.6104,0.5618,0.4645,0.4706,0.6327,0.6003,0.4058,0.5152,0.6773,0.5577,0.4686,0.7502,0.3956,0.5476,0.5841,0.4908,0.4706,0.3814,0.3348,0.3733,0.4665,0.4827,0.5395,0.5605,1.333,0.6773,0.3612,0.4017,0.6529,0.5131,0.4746,0.4949,0.582
10/16/2020,33.3273,0.7416,0.7112,0.7872,1.0683,0.9214,0.8024,0.7492,1.1646,0.463,0.5922,0.5238,0.5111,0.5542,0.5618,0.5288,0.5998,0.5922,0.5618,0.7137,0.7112,0.6403,0.6555,0.81,0.7239,0.5516,0.5162,0.6555,0.4858,0.6403,0.5288,0.4579,0.4706,0.4782,0.387,0.3819,0.544,0.4731,0.7188,1.3711,3.7338,0.6175,0.4757,0.4529,0.425,0.5086,0.6453,0.577,0.5415
10/15/2020,37.5042,0.742,0.9308,0.8069,0.9928,0.9928,1.2259,0.6564,0.8423,0.7184,0.9397,1.0518,0.8748,0.7686,0.6358,0.8305,0.7449,0.7567,0.6977,0.7597,0.7981,0.6948,0.5679,0.6889,0.4853,0.7184,0.6446,0.9102,0.5414,0.5561,0.5679,0.3761,0.6181,0.4765,0.6151,0.6417,0.5886,0.5119,0.7715,1.1274,3.012,0.5443,0.8158,0.7331,0.6623,0.8748,0.7715,0.683,0.5384
10/14/2020,37.7706,0.905,0.7859,0.8097,1.2176,0.9973,0.7472,1.3515,1.1342,1.1223,0.896,0.5864,0.646,0.6281,0.5477,0.6638,0.7204,0.7799,0.6906,0.5983,0.6757,0.6311,0.7472,0.8782,0.6222,0.4495,0.6996,1.0181,0.4793,0.6013,0.768,0.4108,0.4614,0.4167,0.5983,0.6311,0.5507,0.5388,0.7204,1.0294,2.7217,0.8663,0.8544,0.5001,0.6966,0.8752,0.9794,0.7085,0.8127
10/13/2020,38.3039,0.797,0.8667,0.6394,0.9243,1.6243,0.8879,1.1031,0.7546,0.9758,1.2061,0.8424,0.497,0.7909,0.6121,0.5424,0.7667,0.7364,0.8273,0.7727,0.694,0.8515,0.7818,0.8909,0.8546,0.4485,0.703,0.8121,0.4818,0.7849,0.7121,0.6061,0.5576,0.5212,0.6394,0.6152,0.6576,0.894,0.5091,0.8161,2.09,0.6758,0.9091,0.5758,0.8818,0.9061,0.8909,0.7667,0.6091
10/12/2020,32.4385,0.5137,0.6848,0.7654,0.8485,1.1002,1.1247,0.5797,0.7116,0.8192,0.7581,0.9682,0.7092,0.6041,0.4453,0.7019,0.6237,0.7116,0.6041,0.5772,0.6359,0.4453,0.6114,0.477,0.587,0.4893,0.5479,0.6677,0.5039,0.7972,0.6286,0.4282,0.4233,0.499,0.3964,0.4819,0.5088,0.4746,0.6066,1.0204,2.6952,0.5039,0.5112,0.6432,0.565,0.7165,0.7116,0.5895,0.4208
10/11/2020,34.0383,0.6978,0.7343,0.8202,1.0025,0.9791,0.7812,0.6197,0.6744,0.7239,0.526,0.5729,0.5807,0.5182,0.5156,0.5338,0.6874,0.7109,0.4791,0.6015,0.6874,0.4843,0.4895,0.5703,0.6275,0.5442,0.4375,0.8645,0.5104,0.7968,0.6692,0.4114,0.5104,0.3724,0.5052,0.5234,0.552,0.651,0.7499,1.4135,3.8593,0.7447,0.8515,0.6327,0.5338,0.7083,0.4609,0.6614,0.4557
10/10/2020,23.9066,0.4116,0.5771,0.5977,0.5675,0.9477,0.6773,0.7234,0.7377,0.6152,0.4546,0.4339,0.4403,0.4784,0.348,0.3973,0.4434,0.3623,0.4896,0.4116,0.5421,0.3575,0.4355,0.515,0.3925,0.4959,0.4037,0.55,0.3289,0.4164,0.3814,0.3369,0.4053,0.3385,0.4164,0.41,0.4053,0.3894,0.4323,0.626,1.5271,0.5643,0.3687,0.3894,0.5341,0.4228,0.5293,0.5023,0.375
10/9/2020,19.4632,0.3581,0.4051,0.4177,0.4441,0.4613,0.3787,0.5312,0.4223,0.5725,0.4062,0.4349,0.4636,0.365,0.3329,0.4269,0.3065,0.4051,0.3203,0.3684,0.42,0.3524,0.3352,0.4257,0.4441,0.3524,0.3787,0.3191,0.3145,0.3421,0.4017,0.2446,0.2561,0.3134,0.2882,0.3283,0.3203,0.3317,0.4005,0.6218,1.5147,0.3913,0.3168,0.3317,0.4189,0.3489,0.4257,0.3409,0.3627
10/8/2020,21.4182,0.4605,0.4766,0.4484,0.5719,0.6739,0.7128,0.4364,0.5853,0.5893,0.5464,0.5048,0.4739,0.427,0.4391,0.3773,0.3344,0.3961,0.5008,0.4632,0.4431,0.372,0.4484,0.4391,0.3626,0.3854,0.4323,0.3008,0.3438,0.5142,0.4484,0.2847,0.3787,0.3653,0.3277,0.3116,0.3653,0.3492,0.3398,0.4027,0.8658,0.478,0.4458,0.3612,0.4941,0.4954,0.5061,0.3237,0.4149
10/7/2020,30.0391,0.6559,0.6515,0.4598,0.8565,0.9997,0.7705,0.9623,0.9116,0.7287,0.6736,0.5744,0.473,0.5061,0.6339,0.4245,0.6868,0.484,0.5788,0.6295,0.5303,0.5237,0.4884,0.5215,0.4223,0.5568,0.6096,0.7242,0.4466,0.5612,0.6229,0.4995,0.4245,0.3694,0.4113,0.343,0.473,0.5413,0.6581,0.9255,2.414,0.7573,0.5149,0.3871,0.5766,0.5369,0.4708,0.6802,0.3871
10/6/2020,30.128,0.7708,0.5296,0.4411,0.8593,0.9677,0.6159,0.9942,0.7597,0.8371,0.7995,0.8393,0.6756,0.4942,0.5163,0.6446,0.5782,0.6889,0.6336,0.6955,0.6734,0.5959,0.5008,0.5716,0.7619,0.5583,0.5871,0.7553,0.4012,0.8659,0.565,0.4366,0.4543,0.4853,0.4455,0.357,0.4853,0.6867,0.5052,0.5208,1.2154,0.4654,0.5605,0.6159,0.6491,0.4588,0.4964,0.5495,0.5628
10/5/2020,30.0388,0.6229,0.5303,0.7242,0.9336,0.938,0.797,0.9402,0.9887,0.711,0.5215,0.5193,0.7882,0.473,0.6163,0.5193,0.4466,0.6427,0.484,0.5435,0.6758,0.4289,0.6647,0.5722,0.5722,0.6119,0.5722,0.4399,0.4223,0.722,0.4752,0.5171,0.4355,0.4884,0.462,0.3474,0.559,0.5347,0.6758,0.7608,1.9263,0.5347,0.6119,0.4399,0.4774,0.6295,0.5215,0.6295,0.5898
10/4/2020,32.9712,0.746,0.6711,0.8309,1.1855,1.158,1.0032,0.736,1.1905,0.9308,1.0007,1.0806,0.5188,0.6736,0.4738,0.5362,0.761,0.721,0.4913,0.5238,0.6411,0.5412,0.5537,0.731,0.5487,0.5437,0.4214,0.8958,0.4638,0.6436,0.6936,0.5263,0.5512,0.3839,0.3889,0.5163,0.5937,0.721,0.4538,0.4415,0.9806,0.7785,0.8059,0.6736,0.4788,0.7036,0.7535,0.711,0.5987
10/3/2020,43.1033,0.7669,0.7108,0.7283,1.5603,1.5006,1.3356,1.3461,1.5919,1.2689,0.7108,0.8757,1.1425,0.7143,0.7634,0.795,0.5774,0.9635,0.6511,0.9951,0.7353,0.8161,0.8442,0.6195,0.5914,0.7529,0.8898,1.0267,0.5458,1.0653,0.7108,0.63,0.6581,0.6055,0.5879,0.4826,0.637,0.8863,0.9565,1.1591,3.1058,0.8863,0.5177,0.6476,0.6686,0.6897,1.1039,0.7459,0.5388
10/2/2020,28.5282,0.5095,0.5259,0.7189,0.8215,1.1151,0.8502,0.9693,0.84,0.5752,0.4417,0.7373,0.5813,0.567,0.4192,0.4684,0.4151,0.5362,0.5321,0.5485,0.5813,0.489,0.4089,0.4479,0.6552,0.5341,0.5978,0.5218,0.4048,0.8687,0.5875,0.4746,0.3268,0.4643,0.4068,0.3966,0.4582,0.4931,0.5526,0.7522,1.9008,0.5608,0.5752,0.4233,0.5875,0.5197,0.5772,0.411,0.3781
10/1/2020,26.928,0.5661,0.5604,0.6399,0.6474,0.814,0.9087,0.7799,0.8557,0.4373,0.6247,0.549,0.5168,0.5112,0.4373,0.5547,0.39,0.426,0.4922,0.4809,0.5074,0.5944,0.4601,0.5869,0.5282,0.5149,0.4979,0.6304,0.3862,0.7629,0.4676,0.4127,0.4279,0.4676,0.4184,0.3635,0.4657,0.5414,0.3957,0.6468,1.5888,0.6096,0.5698,0.4279,0.4468,0.585,0.4108,0.6134,0.4071
9/30/2020,26.4837,0.5733,0.5012,0.5659,0.7286,0.7545,0.8543,0.5936,0.7563,0.5142,0.577,0.662,0.5419,0.5049,0.5604,0.4421,0.479,0.54,0.431,0.4809,0.4624,0.3903,0.5419,0.5807,0.4199,0.5308,0.3811,0.4476,0.3737,0.6565,0.4809,0.3607,0.394,0.3034,0.3108,0.4254,0.479,0.4421,0.5086,0.8231,2.1109,0.6602,0.3571,0.3571,0.5253,0.5899,0.5493,0.5437,0.4162
9/29/2020,27.5505,0.6906,0.589,0.6281,0.6613,0.9702,0.7434,0.7258,0.8216,0.6848,0.6593,0.5518,0.5147,0.4619,0.5342,0.5342,0.5538,0.4443,0.6124,0.4912,0.6457,0.4501,0.589,0.3993,0.411,0.3974,0.5283,0.6593,0.3778,0.7766,0.458,0.3895,0.3133,0.3368,0.4521,0.4736,0.4541,0.4032,0.6339,0.7426,1.8723,0.5244,0.6515,0.3895,0.585,0.4365,0.415,0.4326,0.4795
9/28/2020,29.8608,0.5164,0.5624,0.4749,0.9209,1.1635,0.5798,0.8378,0.9318,0.5077,0.5317,0.9449,0.6673,0.5383,0.4399,0.5624,0.5733,0.6323,0.5536,0.5645,0.617,0.4246,0.6804,0.6891,0.5995,0.4596,0.6454,0.676,0.4377,0.8575,0.5077,0.3066,0.5252,0.3765,0.5077,0.37,0.5558,0.6017,0.5296,0.7648,1.9382,0.6913,0.4159,0.4268,0.6695,0.4443,0.4509,0.593,0.5951
9/27/2020,29.4169,0.7321,0.4644,0.5971,0.9591,1.2247,0.8049,0.67,0.5993,0.9184,0.5929,0.5864,0.6464,0.5971,0.6014,0.5179,0.4922,0.4794,0.6871,0.5329,0.6271,0.4665,0.3701,0.5158,0.5693,0.5158,0.5308,0.5779,0.4622,0.6571,0.5714,0.5136,0.5243,0.4922,0.353,0.3958,0.55,0.4665,0.4558,0.6883,1.7117,0.5586,0.4708,0.6293,0.6914,0.5843,0.4622,0.6657,0.6357
9/26/2020,21.6849,0.3911,0.4376,0.428,0.5977,0.4978,0.5622,0.5115,0.4472,0.5444,0.4842,0.6073,0.4198,0.3966,0.4253,0.4171,0.4636,0.3815,0.4965,0.4705,0.3966,0.3227,0.4869,0.5444,0.4992,0.3131,0.3541,0.5758,0.3309,0.3446,0.3528,0.3624,0.3104,0.2789,0.3555,0.3158,0.4103,0.3925,0.4609,0.5974,1.4424,0.4951,0.3158,0.4554,0.335,0.4937,0.4855,0.3405,0.3364
9/25/2020,17.0631,0.2809,0.3914,0.3298,0.5265,0.5745,0.5437,0.3271,0.5256,0.492,0.4413,0.5183,0.3162,0.3262,0.2655,0.3072,0.3298,0.2836,0.3833,0.3289,0.3488,0.2899,0.2763,0.2863,0.2926,0.2881,0.2945,0.3679,0.2609,0.4739,0.318,0.3144,0.3171,0.2482,0.3035,0.2691,0.3162,0.3833,0.2954,0.4016,0.8625,0.2863,0.3017,0.2772,0.26,0.2917,0.2763,0.3824,0.2872
9/24/2020,18.3962,0.4359,0.4068,0.281,0.4775,0.6563,0.5628,0.3881,0.491,0.4349,0.3289,0.5326,0.4328,0.3257,0.3112,0.3091,0.3122,0.3995,0.3538,0.3153,0.3122,0.3049,0.3309,0.2914,0.2956,0.2956,0.2821,0.4214,0.2862,0.3403,0.3112,0.2415,0.3008,0.3091,0.2904,0.2904,0.3257,0.3725,0.3195,0.5884,1.4157,0.3309,0.2748,0.3964,0.2977,0.3517,0.3684,0.386,0.3091
9/23/2020,23.0179,0.5001,0.4235,0.44,0.5301,0.9116,0.6322,0.6217,0.7794,0.3754,0.5586,0.7118,0.5151,0.3319,0.3799,0.5136,0.4896,0.452,0.5241,0.4625,0.4024,0.3754,0.5226,0.3904,0.5241,0.4235,0.434,0.6382,0.3289,0.4595,0.449,0.2688,0.2823,0.3304,0.3994,0.2958,0.3784,0.3439,0.5166,0.4752,1.0806,0.464,0.3123,0.5301,0.416,0.4835,0.5436,0.4385,0.3574
9/22/2020,22.6625,0.5406,0.564,0.4115,0.5142,0.8191,0.4335,0.4702,0.7033,0.545,0.523,0.6711,0.498,0.3881,0.4335,0.3631,0.3426,0.3925,0.3866,0.4834,0.3749,0.4438,0.3177,0.3587,0.3265,0.4614,0.4262,0.3192,0.3485,0.3778,0.391,0.259,0.2972,0.3162,0.3631,0.3719,0.3778,0.3353,0.4848,0.7492,1.892,0.4482,0.347,0.5244,0.4834,0.4321,0.4746,0.4306,0.4467
9/21/2020,26.0399,0.5834,0.6213,0.4102,0.6195,0.6249,0.7566,0.4914,0.854,0.7638,0.7277,0.679,0.6718,0.4896,0.4138,0.4337,0.4625,0.4806,0.5599,0.5906,0.5347,0.3795,0.3994,0.6537,0.3831,0.4914,0.4391,0.3687,0.3867,0.5473,0.4373,0.3435,0.4192,0.329,0.4156,0.4066,0.4373,0.4589,0.5978,0.7896,2.0116,0.3831,0.5022,0.403,0.3958,0.4156,0.6303,0.4769,0.3687
9/20/2020,18.8414,0.3434,0.3217,0.4659,0.4095,0.532,0.4258,0.6101,0.5439,0.3987,0.4431,0.5624,0.4583,0.3445,0.3586,0.3575,0.3629,0.4279,0.3076,0.4247,0.339,0.3423,0.2968,0.3488,0.454,0.3098,0.3022,0.3022,0.3228,0.3141,0.3206,0.3271,0.3401,0.3239,0.2512,0.2729,0.3488,0.3802,0.4095,0.3787,0.7948,0.4063,0.4474,0.4247,0.4301,0.3683,0.3857,0.4106,0.39
9/19/2020,18.13,0.3247,0.3571,0.2892,0.4604,0.6843,0.4614,0.5719,0.5871,0.3287,0.3885,0.4533,0.4149,0.3601,0.2801,0.3956,0.2923,0.3997,0.3753,0.4088,0.3784,0.3348,0.2771,0.3865,0.4098,0.3389,0.2913,0.3166,0.27,0.4321,0.3166,0.2872,0.2426,0.3227,0.2903,0.3308,0.3065,0.3936,0.3764,0.3063,0.5801,0.4179,0.4381,0.4067,0.3196,0.4189,0.4098,0.3814,0.3156
9/18/2020,16.4413,0.3667,0.3228,0.3769,0.3996,0.3878,0.4106,0.3701,0.3625,0.4334,0.2848,0.4452,0.2916,0.3178,0.284,0.3068,0.2697,0.3102,0.3608,0.365,0.3617,0.3161,0.2553,0.3026,0.3912,0.2519,0.3161,0.4072,0.2806,0.3439,0.2806,0.2587,0.2891,0.295,0.2283,0.2857,0.3043,0.2789,0.3076,0.4241,0.929,0.3389,0.3549,0.3701,0.3406,0.273,0.3178,0.3211,0.3507
9/17/2020,19.285,0.3822,0.3506,0.3721,0.5447,0.5797,0.5018,0.6553,0.5368,0.2908,0.3619,0.4781,0.2931,0.3179,0.3664,0.3021,0.3596,0.3585,0.3574,0.3912,0.3754,0.3179,0.3314,0.3438,0.2942,0.3247,0.2885,0.3551,0.3156,0.3201,0.345,0.2389,0.3438,0.3269,0.3055,0.2852,0.31,0.3213,0.3461,0.7273,1.827,0.3179,0.4939,0.3619,0.3371,0.3845,0.2908,0.3619,0.2931
9/16/2020,19.1075,0.3388,0.3677,0.3033,0.6154,0.7009,0.4943,0.5288,0.4643,0.4344,0.4288,0.5388,0.3477,0.31,0.3188,0.2966,0.401,0.3544,0.421,0.4177,0.3366,0.3499,0.2877,0.3788,0.4288,0.32,0.3755,0.5154,0.3144,0.4166,0.3833,0.3333,0.2955,0.31,0.3211,0.3044,0.3644,0.2911,0.3255,0.4574,1.0278,0.3999,0.28,0.3699,0.4388,0.32,0.4177,0.3122,0.3488
9/15/2020,20.9739,0.3833,0.517,0.443,0.4767,0.6065,0.5481,0.5209,0.5922,0.3055,0.4184,0.4235,0.4197,0.4067,0.3249,0.3418,0.3431,0.4261,0.4339,0.4703,0.4651,0.4521,0.3444,0.3431,0.4819,0.3535,0.3846,0.4495,0.3353,0.3898,0.3405,0.373,0.3301,0.3704,0.2756,0.2951,0.373,0.4586,0.4184,0.6026,1.4576,0.4313,0.5001,0.3859,0.3198,0.4404,0.3146,0.4754,0.4106
9/14/2020,21.6848,0.5266,0.4828,0.4445,0.5074,0.7756,0.6237,0.5238,0.5266,0.4062,0.6292,0.4404,0.3802,0.376,0.324,0.4212,0.3309,0.4677,0.3459,0.4185,0.4814,0.4308,0.4636,0.3815,0.3925,0.3405,0.4335,0.5799,0.3199,0.621,0.3651,0.2556,0.3829,0.2666,0.2953,0.3213,0.3952,0.4417,0.4759,0.4966,1.1437,0.4595,0.3418,0.4732,0.4226,0.4185,0.5307,0.3925,0.4103
9/13/2020,19.6408,0.4146,0.3366,0.3366,0.5066,0.687,0.4903,0.3541,0.5962,0.2959,0.5264,0.5776,0.3203,0.3576,0.403,0.41,0.3611,0.4169,0.4204,0.4495,0.3669,0.375,0.3657,0.481,0.375,0.3413,0.3413,0.3727,0.2912,0.3704,0.3576,0.254,0.3005,0.3518,0.2528,0.2947,0.3296,0.4379,0.2994,0.6015,1.4546,0.3168,0.297,0.396,0.2749,0.3227,0.474,0.3192,0.3646
9/12/2020,20.7074,0.3967,0.3801,0.4399,0.4945,0.5504,0.6877,0.3916,0.4145,0.445,0.4081,0.5174,0.3852,0.3331,0.4183,0.4386,0.3687,0.342,0.3662,0.4755,0.3713,0.3217,0.2963,0.417,0.3141,0.3611,0.389,0.4424,0.3293,0.445,0.3357,0.3128,0.2759,0.2988,0.323,0.3471,0.3522,0.4386,0.3789,0.6722,1.6638,0.4932,0.5377,0.3357,0.3751,0.4742,0.328,0.3916,0.4322
9/11/2020,19.2853,0.424,0.3326,0.2964,0.4398,0.5538,0.6113,0.4691,0.6384,0.4657,0.468,0.407,0.3393,0.3032,0.3337,0.3134,0.3292,0.3664,0.3326,0.3359,0.3721,0.3348,0.4319,0.3224,0.4296,0.3292,0.3427,0.4093,0.2931,0.5301,0.363,0.3427,0.3405,0.3224,0.2502,0.2615,0.3382,0.2964,0.3506,0.5353,1.2584,0.3608,0.3213,0.4386,0.3235,0.3472,0.4781,0.4104,0.3912
9/10/2020,19.3745,0.343,0.3657,0.3339,0.4999,0.451,0.4351,0.3555,0.5227,0.5181,0.3555,0.5306,0.376,0.3612,0.3885,0.3464,0.3976,0.3555,0.4021,0.3987,0.3339,0.3282,0.3305,0.4738,0.4101,0.3225,0.3623,0.4294,0.3305,0.4544,0.3521,0.3145,0.3054,0.302,0.3282,0.3327,0.3259,0.4487,0.3669,0.5913,1.4243,0.2997,0.2906,0.3566,0.3032,0.4146,0.4249,0.3157,0.3646
9/9/2020,24.6173,0.3794,0.5472,0.519,0.7499,0.6469,0.4708,0.7765,0.5904,0.3461,0.4791,0.7051,0.4043,0.381,0.4774,0.4724,0.5273,0.4458,0.489,0.5721,0.4026,0.381,0.4193,0.4691,0.4325,0.3262,0.3777,0.5339,0.3677,0.3844,0.509,0.3162,0.4375,0.3478,0.4043,0.3694,0.4508,0.5721,0.5655,0.785,1.9978,0.4143,0.3528,0.5655,0.5555,0.5489,0.4724,0.4857,0.3927
9/8/2020,19.9073,0.4429,0.4798,0.4262,0.5858,0.606,0.5632,0.6525,0.5013,0.4572,0.4012,0.5906,0.4858,0.325,0.3512,0.3358,0.3977,0.431,0.3584,0.4167,0.3965,0.4048,0.3703,0.462,0.4739,0.3691,0.3131,0.3524,0.2857,0.3667,0.4191,0.2691,0.3429,0.3274,0.3322,0.3119,0.3762,0.4453,0.431,0.3476,0.7026,0.2988,0.3346,0.387,0.3917,0.4346,0.4155,0.3417,0.3953
9/7/2020,20.9737,0.4093,0.3418,0.5209,0.5312,0.7544,0.6519,0.6052,0.4534,0.5364,0.5753,0.4469,0.3794,0.3146,0.4223,0.4443,0.3898,0.4248,0.4417,0.4028,0.421,0.4469,0.3249,0.4365,0.4287,0.4326,0.4482,0.5299,0.3392,0.3755,0.3587,0.3405,0.2925,0.2951,0.3483,0.3198,0.3561,0.4145,0.4521,0.4156,0.9038,0.3107,0.5247,0.3963,0.3678,0.443,0.4754,0.3924,0.3366
9/6/2020,15.7304,0.3329,0.3166,0.336,0.3367,0.3568,0.3707,0.4759,0.3785,0.3166,0.2695,0.353,0.3205,0.3097,0.2749,0.2726,0.3421,0.3089,0.261,0.3019,0.3081,0.2772,0.2826,0.2934,0.2919,0.237,0.3081,0.2502,0.2602,0.2865,0.3112,0.2355,0.2401,0.2246,0.2471,0.2301,0.2849,0.2579,0.2927,0.5519,1.3075,0.3599,0.3058,0.2911,0.3105,0.2927,0.3754,0.2865,0.295
9/5/2020,25.7731,0.4048,0.6323,0.4528,0.8314,0.7159,0.6874,0.7141,0.6519,0.4599,0.5132,0.7425,0.5897,0.4119,0.5186,0.4493,0.4812,0.5115,0.3959,0.4333,0.5719,0.3977,0.5203,0.3764,0.6288,0.332,0.531,0.5666,0.419,0.755,0.4439,0.4279,0.3942,0.3604,0.3675,0.3675,0.4812,0.4066,0.3746,0.6974,1.7385,0.6323,0.4848,0.563,0.4653,0.4688,0.3817,0.5826,0.4386
9/4/2020,13.3308,0.3127,0.2967,0.2722,0.3468,0.3495,0.2983,0.3858,0.3453,0.2248,0.3191,0.2472,0.2386,0.2381,0.2632,0.2589,0.2717,0.2333,0.2466,0.252,0.268,0.2632,0.2568,0.253,0.2701,0.22,0.2823,0.3015,0.2424,0.2775,0.2514,0.2338,0.2381,0.2349,0.2365,0.2397,0.2504,0.2701,0.2925,0.3151,0.6062,0.2999,0.2445,0.2994,0.2258,0.2919,0.2328,0.2706,0.2616
9/3/2020,16.797,0.3532,0.2977,0.3136,0.5203,0.5053,0.3303,0.3752,0.5141,0.3954,0.3347,0.2916,0.362,0.3373,0.3567,0.3628,0.3444,0.3074,0.3558,0.3778,0.3452,0.3109,0.2898,0.3523,0.3822,0.2881,0.2854,0.3875,0.2784,0.3796,0.3039,0.2511,0.3013,0.2423,0.2845,0.2652,0.3136,0.3391,0.3048,0.3874,0.8204,0.2784,0.3206,0.3347,0.3285,0.3672,0.3857,0.3347,0.2986
9/2/2020,16.3524,0.2836,0.3855,0.3588,0.4097,0.55,0.4924,0.4289,0.4047,0.2778,0.4047,0.3563,0.302,0.3178,0.2694,0.3137,0.3579,0.3078,0.3421,0.3621,0.3563,0.2844,0.3237,0.3137,0.3863,0.2861,0.2535,0.2861,0.2811,0.3805,0.3036,0.2611,0.2627,0.2961,0.2644,0.2368,0.3112,0.2627,0.3187,0.4382,0.9709,0.317,0.2778,0.2786,0.2469,0.3379,0.2686,0.3295,0.2928
9/1/2020,19.9072,0.4929,0.3286,0.4941,0.456,0.6382,0.3953,0.6358,0.4167,0.4727,0.3858,0.6191,0.4191,0.306,0.3286,0.3727,0.412,0.3524,0.4346,0.3381,0.3977,0.3048,0.3107,0.4691,0.4667,0.2929,0.3524,0.4477,0.3155,0.456,0.412,0.2869,0.2988,0.2715,0.2869,0.3143,0.3691,0.4036,0.4501,0.4203,0.918,0.4155,0.3822,0.4215,0.4155,0.4072,0.4905,0.4513,0.3798
8/31/2020,19.9961,0.4258,0.3802,0.3934,0.4726,0.5062,0.385,0.4426,0.4882,0.4054,0.3754,0.6009,0.331,0.409,0.397,0.3178,0.3082,0.385,0.3706,0.4486,0.3382,0.3802,0.4174,0.325,0.4834,0.2854,0.319,0.3214,0.3142,0.4654,0.397,0.2938,0.2782,0.3562,0.277,0.289,0.3634,0.3334,0.313,0.7705,1.9549,0.3286,0.325,0.4162,0.3886,0.397,0.3442,0.3766,0.301
8/30/2020,12.709,0.2929,0.2665,0.2608,0.3395,0.267,0.3023,0.3282,0.2528,0.323,0.259,0.2467,0.2274,0.2528,0.2331,0.2618,0.2298,0.234,0.2265,0.2453,0.282,0.2397,0.2524,0.2604,0.266,0.2119,0.2321,0.298,0.2189,0.2924,0.2646,0.1996,0.2284,0.2373,0.2053,0.2373,0.2491,0.2674,0.2354,0.3384,0.6753,0.2364,0.2175,0.2561,0.2392,0.275,0.2486,0.2778,0.2171
8/29/2020,13.3308,0.2658,0.2696,0.2466,0.3037,0.3772,0.374,0.3943,0.2775,0.2344,0.3197,0.3127,0.2717,0.228,0.2514,0.2914,0.2328,0.2589,0.2306,0.2541,0.2658,0.2738,0.2893,0.2498,0.2274,0.2328,0.2344,0.2525,0.2237,0.2653,0.2413,0.2232,0.236,0.2248,0.2264,0.2445,0.2445,0.2829,0.2616,0.372,0.7748,0.2482,0.2578,0.2919,0.2546,0.2402,0.2781,0.2413,0.2775
8/28/2020,13.597,0.2781,0.3077,0.2512,0.3631,0.3872,0.3049,0.3032,0.3894,0.2859,0.2378,0.2394,0.2523,0.2394,0.2439,0.2976,0.2719,0.2394,0.2904,0.2618,0.2501,0.2881,0.2669,0.2797,0.2657,0.2271,0.2741,0.2238,0.2467,0.3021,0.2573,0.2288,0.2406,0.2109,0.2439,0.2562,0.2411,0.2937,0.2288,0.3958,0.8454,0.2355,0.2226,0.306,0.2568,0.2439,0.3189,0.2406,0.2613
8/27/2020,13.8641,0.24,0.2576,0.3168,0.2968,0.4429,0.3426,0.3965,0.2752,0.2441,0.2552,0.3144,0.247,0.2488,0.2675,0.2494,0.2986,0.2881,0.2529,0.281,0.2828,0.2593,0.2277,0.2892,0.2417,0.237,0.2318,0.2722,0.2288,0.3326,0.2757,0.2083,0.2552,0.2089,0.254,0.2382,0.2464,0.2957,0.2857,0.4152,0.9027,0.291,0.2634,0.2341,0.3062,0.2576,0.3256,0.2564,0.2253
8/26/2020,17.4191,0.2929,0.4012,0.2891,0.4474,0.6508,0.5199,0.3343,0.372,0.4634,0.4408,0.3136,0.4144,0.339,0.3183,0.3174,0.3927,0.3833,0.2835,0.389,0.3852,0.3522,0.3965,0.2948,0.274,0.3598,0.3645,0.3616,0.2816,0.4737,0.3089,0.2985,0.2797,0.258,0.2778,0.2524,0.3315,0.3494,0.3852,0.306,0.5793,0.3296,0.4144,0.2778,0.3475,0.3569,0.4191,0.3682,0.372
8/25/2020,20.2627,0.4156,0.4745,0.5088,0.5738,0.5272,0.5174,0.5113,0.5885,0.3285,0.3482,0.6498,0.3322,0.38,0.3089,0.4414,0.4585,0.4266,0.3629,0.3813,0.4365,0.3433,0.3788,0.4732,0.4401,0.3923,0.3506,0.5689,0.304,0.5333,0.3923,0.293,0.2942,0.3543,0.3261,0.2684,0.3285,0.3788,0.4438,0.4709,1.0678,0.3101,0.2893,0.445,0.3678,0.4671,0.3065,0.38,0.3224
8/24/2020,15.4639,0.3256,0.3592,0.2682,0.454,0.4182,0.4518,0.4533,0.4055,0.2592,0.2965,0.3309,0.2838,0.2973,0.2741,0.3406,0.3115,0.3115,0.3339,0.307,0.3495,0.3085,0.2786,0.3182,0.3533,0.2495,0.2861,0.398,0.2525,0.3495,0.3264,0.2794,0.2794,0.2286,0.2697,0.2421,0.2943,0.2846,0.3256,0.3127,0.5991,0.2906,0.3518,0.2779,0.248,0.3174,0.2659,0.3182,0.3264
8/23/2020,17.2415,0.357,0.3284,0.3081,0.4994,0.4726,0.3654,0.3995,0.4448,0.2776,0.4642,0.5169,0.3321,0.3145,0.2859,0.2868,0.3062,0.3432,0.3533,0.3654,0.3746,0.3672,0.37,0.3848,0.3478,0.3321,0.2655,0.4356,0.2757,0.3219,0.3321,0.2461,0.3182,0.2692,0.248,0.2988,0.3321,0.285,0.3053,0.4655,1.0517,0.3441,0.4125,0.2794,0.3293,0.3081,0.3515,0.2933,0.2748
8/22/2020,13.5976,0.315,0.2523,0.3206,0.301,0.376,0.2887,0.3755,0.2702,0.3273,0.254,0.3301,0.3105,0.2389,0.2708,0.2495,0.2383,0.2389,0.2613,0.2719,0.2652,0.2629,0.2915,0.3027,0.2848,0.2579,0.2422,0.3167,0.235,0.2803,0.2769,0.235,0.2299,0.217,0.2204,0.2266,0.2383,0.3021,0.2904,0.3406,0.6818,0.2512,0.306,0.2842,0.268,0.2585,0.231,0.2361,0.2736
8/21/2020,11.1087,0.2288,0.2304,0.2348,0.2904,0.2627,0.268,0.2674,0.2388,0.2571,0.2431,0.2749,0.2198,0.2145,0.2037,0.2108,0.2077,0.2279,0.2236,0.2338,0.2416,0.213,0.1984,0.213,0.2117,0.2021,0.2344,0.254,0.2058,0.2254,0.2077,0.1971,0.1993,0.204,0.1894,0.1968,0.2152,0.2329,0.2372,0.2587,0.4393,0.2288,0.2407,0.1981,0.2282,0.2149,0.2475,0.2195,0.2158
8/20/2020,8.7983,0.1765,0.1781,0.1762,0.1972,0.1867,0.1998,0.1899,0.1881,0.1902,0.1828,0.1837,0.1813,0.1825,0.1837,0.1773,0.1796,0.1784,0.1822,0.1847,0.1778,0.1831,0.177,0.1786,0.1775,0.1804,0.1769,0.1822,0.177,0.1792,0.1785,0.1753,0.1766,0.1731,0.1764,0.1766,0.177,0.183,0.1853,0.2016,0.2701,0.176,0.1784,0.1774,0.1841,0.1867,0.1755,0.1779,0.1802
8/19/2020,9.1537,0.197,0.1881,0.1802,0.2124,0.2218,0.2031,0.2114,0.2077,0.191,0.194,0.2012,0.1927,0.1879,0.1895,0.1909,0.1939,0.1894,0.1955,0.1874,0.1849,0.1821,0.1857,0.1827,0.1976,0.1858,0.1798,0.1909,0.1788,0.1824,0.1863,0.1799,0.1752,0.184,0.1795,0.1805,0.1865,0.1929,0.1939,0.1929,0.2442,0.1812,0.1826,0.1895,0.1895,0.1813,0.1878,0.1813,0.1789
8/18/2020,9.7763,0.21,0.1921,0.2141,0.208,0.2093,0.2095,0.2285,0.2342,0.2029,0.2214,0.1898,0.2088,0.196,0.1986,0.188,0.1894,0.2061,0.2025,0.2038,0.1917,0.1922,0.2015,0.2121,0.188,0.2025,0.1915,0.1905,0.1898,0.2047,0.2018,0.1864,0.1825,0.1938,0.1919,0.1954,0.1951,0.1947,0.1905,0.2282,0.349,0.1974,0.1986,0.2084,0.1873,0.2109,0.1969,0.1981,0.1919
8/17/2020,12.7085,0.2359,0.2415,0.2726,0.3578,0.299,0.3263,0.2834,0.3508,0.2651,0.2872,0.3465,0.266,0.2349,0.2415,0.2298,0.2688,0.2406,0.2246,0.2321,0.2434,0.2538,0.2477,0.2947,0.29,0.2218,0.2213,0.2919,0.2171,0.2557,0.2453,0.2161,0.2331,0.2241,0.2312,0.242,0.2415,0.2759,0.2712,0.2733,0.4824,0.2754,0.2236,0.258,0.2608,0.2726,0.2505,0.2731,0.2166
8/16/2020,20.352,0.3952,0.4718,0.4594,0.6249,0.431,0.4088,0.4038,0.6657,0.3347,0.3334,0.4989,0.4582,0.3618,0.4149,0.4248,0.3643,0.4236,0.4755,0.4409,0.3482,0.3964,0.3766,0.452,0.3532,0.3976,0.3519,0.5471,0.2902,0.4088,0.3754,0.3384,0.3507,0.3297,0.3359,0.3075,0.3631,0.3594,0.4643,0.5692,1.3588,0.3297,0.368,0.2951,0.4026,0.4063,0.3038,0.4384,0.3421
8/15/2020,17.2415,0.4116,0.4199,0.3663,0.5493,0.5566,0.5271,0.3182,0.3552,0.3727,0.3848,0.3487,0.2896,0.3007,0.2933,0.3071,0.3848,0.3302,0.3792,0.3875,0.3644,0.3044,0.309,0.3607,0.2711,0.3284,0.3173,0.3524,0.297,0.3848,0.3219,0.3025,0.3145,0.2739,0.2628,0.3044,0.3228,0.2923,0.3413,0.3778,0.7919,0.382,0.3228,0.3848,0.3007,0.3885,0.3737,0.2776,0.333
8/14/2020,23.64,0.5217,0.578,0.4263,0.786,0.8892,0.6797,0.5733,0.6828,0.6656,0.5936,0.7235,0.3716,0.4466,0.4904,0.3997,0.3637,0.5092,0.4169,0.4716,0.4482,0.345,0.4013,0.4763,0.3184,0.4544,0.4544,0.4951,0.3606,0.6249,0.4685,0.395,0.3653,0.4044,0.3074,0.3716,0.4153,0.4232,0.3747,0.4185,0.9126,0.4889,0.5796,0.4951,0.4091,0.4904,0.3919,0.4889,0.4716
8/13/2020,22.5736,0.3663,0.3736,0.394,0.6695,0.5951,0.5572,0.6432,0.4363,0.5062,0.5354,0.4436,0.5572,0.4421,0.4275,0.3955,0.3896,0.4304,0.4523,0.413,0.3809,0.3707,0.4771,0.3503,0.3794,0.4683,0.4392,0.4071,0.3518,0.5062,0.4217,0.2731,0.3751,0.3299,0.2731,0.2949,0.3751,0.3751,0.3751,0.8877,2.3021,0.3751,0.4086,0.41,0.4246,0.4217,0.3357,0.3926,0.3634
8/12/2020,18.8408,0.3997,0.3867,0.3087,0.5992,0.6285,0.5624,0.6133,0.4431,0.4279,0.5407,0.3759,0.4637,0.3217,0.3466,0.3932,0.351,0.4106,0.3239,0.3791,0.39,0.3325,0.3,0.4691,0.4258,0.338,0.3358,0.4995,0.2957,0.4182,0.3206,0.2404,0.3239,0.313,0.3043,0.3347,0.3314,0.3119,0.4138,0.399,0.8547,0.2957,0.3304,0.2816,0.2848,0.3206,0.3748,0.3109,0.4138
8/11/2020,16.8857,0.3675,0.363,0.4066,0.4901,0.6047,0.387,0.4119,0.5159,0.3479,0.347,0.4092,0.3684,0.3142,0.276,0.3524,0.3568,0.3159,0.2973,0.2902,0.3026,0.3444,0.3817,0.3293,0.3355,0.2911,0.3053,0.2742,0.2902,0.4714,0.3391,0.2404,0.292,0.2982,0.2431,0.2786,0.2955,0.3035,0.371,0.3066,0.5812,0.3719,0.4004,0.3435,0.3364,0.2893,0.3861,0.3364,0.3248
8/10/2020,20.0852,0.4845,0.4579,0.3576,0.5534,0.5413,0.4265,0.5788,0.4857,0.4108,0.4736,0.5244,0.3407,0.354,0.3347,0.3274,0.4023,0.3951,0.412,0.4337,0.4422,0.3298,0.441,0.4422,0.3359,0.3044,0.3528,0.5328,0.3395,0.5558,0.3721,0.325,0.3262,0.3395,0.3044,0.3419,0.3262,0.4579,0.3757,0.4223,0.9238,0.4084,0.3359,0.4434,0.4253,0.4434,0.3987,0.4072,0.3371
8/9/2020,19.1965,0.3178,0.3805,0.385,0.5373,0.6212,0.4477,0.4645,0.5205,0.5059,0.3749,0.441,0.3637,0.3928,0.338,0.3884,0.3861,0.3548,0.3682,0.3234,0.3536,0.3189,0.4287,0.4421,0.4354,0.3917,0.3021,0.4052,0.3055,0.3615,0.3962,0.3391,0.3145,0.3178,0.3335,0.3156,0.3592,0.3346,0.357,0.4906,1.1259,0.3156,0.357,0.3738,0.432,0.3145,0.3861,0.357,0.3201
8/8/2020,21.3294,0.4626,0.4826,0.4159,0.6319,0.4986,0.4639,0.4066,0.5585,0.5839,0.4612,0.4439,0.4852,0.3773,0.4266,0.4532,0.3986,0.3946,0.4239,0.4626,0.4599,0.4413,0.4706,0.5106,0.4719,0.3519,0.4572,0.5412,0.3186,0.3679,0.4492,0.284,0.3773,0.2653,0.308,0.3586,0.4026,0.3986,0.3466,0.5253,1.2289,0.324,0.4879,0.3879,0.4866,0.3653,0.332,0.4213,0.3573
8/7/2020,18.8412,0.4312,0.3434,0.4052,0.4442,0.4854,0.377,0.5905,0.5732,0.4962,0.4106,0.3488,0.416,0.3369,0.3119,0.3043,0.3835,0.3976,0.4128,0.3672,0.3347,0.3629,0.3911,0.3922,0.3174,0.3282,0.3109,0.468,0.3174,0.3781,0.351,0.3347,0.2664,0.2469,0.3043,0.3217,0.3466,0.3,0.2989,0.5448,1.2867,0.4041,0.3586,0.2827,0.3293,0.3412,0.4518,0.3347,0.3
8/6/2020,9.7762,0.2127,0.2068,0.2061,0.2368,0.2182,0.2033,0.2251,0.2139,0.1871,0.1951,0.1933,0.1899,0.1928,0.1992,0.1937,0.197,0.1992,0.1938,0.2066,0.2063,0.1901,0.204,0.2043,0.193,0.1945,0.1883,0.2017,0.1906,0.2162,0.2009,0.1919,0.1882,0.191,0.1825,0.183,0.1933,0.1921,0.1871,0.2413,0.3876,0.2033,0.1922,0.1887,0.2047,0.2025,0.1979,0.1949,0.1935
8/5/2020,9.3315,0.1984,0.1846,0.203,0.2032,0.2057,0.2009,0.2114,0.2004,0.2036,0.1922,0.2018,0.1946,0.1876,0.1862,0.1968,0.1893,0.1944,0.1872,0.1977,0.1884,0.1878,0.197,0.1929,0.2001,0.1818,0.1809,0.2001,0.1858,0.1977,0.185,0.1848,0.1865,0.1805,0.1878,0.1837,0.1853,0.199,0.1845,0.1966,0.2553,0.1917,0.1994,0.1974,0.1958,0.1882,0.2004,0.1897,0.1884
8/4/2020,9.1541,0.1859,0.1931,0.1831,0.1985,0.1984,0.2021,0.2125,0.2071,0.1854,0.1822,0.2023,0.1975,0.1822,0.1897,0.1832,0.1876,0.1827,0.1934,0.1828,0.1877,0.1829,0.1901,0.1811,0.1978,0.1794,0.1821,0.1839,0.1813,0.1854,0.1836,0.1822,0.1779,0.1754,0.1831,0.1789,0.1817,0.1877,0.1794,0.2174,0.317,0.188,0.1813,0.1818,0.1924,0.1861,0.1907,0.1877,0.1804
8/3/2020,8.8873,0.1816,0.1802,0.1857,0.1992,0.1958,0.1981,0.1921,0.1969,0.1976,0.1938,0.1961,0.1892,0.182,0.1773,0.1826,0.1835,0.1827,0.1797,0.1836,0.1873,0.1847,0.1783,0.1794,0.1865,0.1814,0.1792,0.1793,0.179,0.1792,0.1828,0.1782,0.1768,0.1788,0.1794,0.1755,0.1791,0.1793,0.1841,0.188,0.2297,0.1836,0.1829,0.1807,0.1849,0.1832,0.1804,0.1854,0.1825
8/2/2020,9.3312,0.1965,0.2029,0.1856,0.2059,0.2057,0.2077,0.2022,0.2135,0.2036,0.1864,0.1978,0.1873,0.1926,0.1833,0.1884,0.1889,0.1853,0.1829,0.1932,0.1968,0.1877,0.181,0.1952,0.188,0.1822,0.1825,0.1992,0.1814,0.204,0.186,0.1833,0.1881,0.1821,0.1858,0.1826,0.1898,0.1829,0.189,0.2127,0.303,0.1837,0.2046,0.1861,0.1818,0.1954,0.2014,0.193,0.1922
8/1/2020,17.2412,0.3044,0.3635,0.3081,0.4116,0.37,0.4005,0.3487,0.345,0.3432,0.4374,0.3376,0.3496,0.2997,0.3598,0.3284,0.3783,0.3718,0.3376,0.3404,0.3506,0.357,0.3737,0.3922,0.3016,0.3533,0.2702,0.2905,0.2646,0.479,0.3543,0.2535,0.2757,0.2609,0.2591,0.2896,0.3099,0.2988,0.2785,0.5362,1.261,0.3312,0.2655,0.3053,0.3561,0.369,0.382,0.3173,0.369
7/31/2020,17.4192,0.3513,0.42,0.3739,0.4266,0.4125,0.5481,0.55,0.4502,0.4549,0.4078,0.421,0.3974,0.2797,0.3494,0.324,0.339,0.3193,0.3871,0.34,0.356,0.2985,0.3598,0.3748,0.3381,0.3598,0.3419,0.4643,0.291,0.3466,0.3277,0.2985,0.2609,0.2496,0.3042,0.2524,0.2985,0.308,0.3937,0.3474,0.7018,0.2797,0.2759,0.3437,0.3183,0.3729,0.3306,0.3503,0.3221
7/30/2020,15.6412,0.3768,0.3172,0.3799,0.3653,0.5373,0.4578,0.3485,0.3226,0.3684,0.3546,0.3837,0.3554,0.2905,0.3325,0.2882,0.2668,0.3141,0.2698,0.3355,0.2821,0.2683,0.2652,0.2996,0.3164,0.24,0.2981,0.3531,0.2568,0.292,0.2866,0.2255,0.2629,0.2484,0.2362,0.2461,0.2928,0.3287,0.2645,0.4271,0.9379,0.2515,0.2523,0.2614,0.2843,0.3019,0.3355,0.347,0.3141
7/29/2020,15.5525,0.3155,0.32,0.3721,0.4295,0.499,0.4151,0.4733,0.3275,0.3691,0.3374,0.4325,0.3071,0.2565,0.2852,0.326,0.3494,0.3494,0.3019,0.2762,0.3071,0.3139,0.3464,0.3736,0.36,0.2928,0.2852,0.283,0.2649,0.4144,0.2815,0.2324,0.2686,0.2294,0.2437,0.2565,0.2716,0.3434,0.3155,0.2586,0.4388,0.2822,0.3283,0.3434,0.2769,0.351,0.2611,0.2792,0.3064
7/28/2020,17.1523,0.3268,0.3607,0.3424,0.3854,0.5868,0.4202,0.4559,0.4348,0.3744,0.3936,0.3644,0.3323,0.3223,0.3277,0.3296,0.358,0.3104,0.3177,0.314,0.3689,0.3552,0.3872,0.304,0.3827,0.3012,0.3543,0.2856,0.2902,0.3845,0.3515,0.3131,0.2975,0.271,0.2811,0.282,0.3021,0.368,0.3049,0.4016,0.8625,0.3168,0.3497,0.3323,0.3415,0.3277,0.3955,0.3131,0.2692
7/27/2020,20.0854,0.3637,0.3564,0.4736,0.5993,0.6332,0.5123,0.4531,0.5776,0.5208,0.3745,0.4434,0.3975,0.3661,0.4132,0.3915,0.4047,0.4096,0.406,0.4434,0.3697,0.3745,0.2996,0.3806,0.3044,0.3008,0.4205,0.5413,0.3189,0.4797,0.3516,0.3504,0.2694,0.3286,0.3165,0.2633,0.3419,0.4217,0.4507,0.4427,0.9843,0.4712,0.3274,0.4362,0.4096,0.4253,0.3069,0.4531,0.4047
7/26/2020,15.0197,0.2853,0.3351,0.3295,0.4222,0.5233,0.4404,0.4685,0.4236,0.3815,0.3239,0.4299,0.3225,0.3064,0.3134,0.2558,0.2663,0.2818,0.2776,0.3379,0.2874,0.2741,0.2481,0.319,0.3218,0.2369,0.3134,0.3148,0.2572,0.3618,0.2727,0.2649,0.2804,0.2411,0.2614,0.2397,0.2923,0.3436,0.3155,0.2347,0.3682,0.2481,0.3407,0.2734,0.2425,0.2895,0.2607,0.3351,0.2558
7/25/2020,17.6853,0.3294,0.3613,0.2839,0.5541,0.5153,0.5483,0.5192,0.5192,0.4911,0.2887,0.3991,0.3691,0.3061,0.312,0.3536,0.3991,0.3807,0.3681,0.3158,0.311,0.3691,0.312,0.3836,0.3865,0.3623,0.2906,0.4107,0.2655,0.4321,0.342,0.2442,0.2674,0.2529,0.3032,0.3032,0.3129,0.3429,0.3032,0.3955,0.8444,0.2955,0.4262,0.2722,0.3797,0.3023,0.2751,0.312,0.373
7/24/2020,16.7081,0.2799,0.3312,0.3913,0.3844,0.5176,0.4845,0.4436,0.4436,0.3304,0.2921,0.3713,0.2633,0.3461,0.2947,0.3643,0.367,0.2816,0.3391,0.2947,0.3704,0.3539,0.3582,0.3391,0.3016,0.2503,0.2816,0.414,0.259,0.367,0.3234,0.2851,0.2407,0.2834,0.2938,0.2642,0.3103,0.3077,0.3591,0.4443,0.9889,0.3643,0.2894,0.3199,0.2877,0.3521,0.2825,0.2825,0.313
7/23/2020,15.6415,0.3065,0.3531,0.3157,0.4326,0.3745,0.3539,0.3424,0.4379,0.318,0.4104,0.3898,0.2721,0.2683,0.3088,0.3378,0.3447,0.2958,0.2966,0.2958,0.2821,0.3271,0.3501,0.2851,0.266,0.3073,0.2996,0.2607,0.2507,0.2683,0.3203,0.2729,0.2423,0.2232,0.2821,0.2698,0.2805,0.3157,0.2805,0.4157,0.9042,0.2828,0.3371,0.3386,0.2905,0.3019,0.3004,0.3363,0.295
7/22/2020,17.1524,0.411,0.3396,0.3223,0.4238,0.4293,0.5035,0.3753,0.4678,0.4458,0.4824,0.3003,0.3342,0.3195,0.3149,0.3515,0.3781,0.379,0.3534,0.3177,0.3461,0.2747,0.3561,0.2829,0.3845,0.3049,0.3561,0.2765,0.2683,0.3589,0.2902,0.2362,0.2536,0.2335,0.2921,0.2875,0.325,0.3168,0.2921,0.5067,1.1738,0.2966,0.2655,0.3012,0.3076,0.2847,0.401,0.3415,0.2884
7/21/2020,15.0196,0.2628,0.3415,0.3499,0.4095,0.4657,0.312,0.3042,0.4271,0.2916,0.3,0.3239,0.3162,0.2888,0.3092,0.3148,0.2762,0.2937,0.3127,0.3042,0.3099,0.2944,0.2853,0.3155,0.2846,0.3071,0.2551,0.2523,0.2432,0.3127,0.279,0.2734,0.2263,0.2256,0.2614,0.2642,0.2713,0.3162,0.3211,0.3578,0.7329,0.3429,0.3365,0.2621,0.2839,0.3106,0.2902,0.3085,0.2916
7/20/2020,19.9964,0.4114,0.3418,0.4582,0.6033,0.7377,0.6093,0.4738,0.5086,0.5266,0.3214,0.4498,0.3406,0.3898,0.3826,0.3322,0.3142,0.4486,0.4354,0.433,0.4054,0.313,0.3958,0.5026,0.4102,0.3694,0.427,0.3202,0.337,0.5278,0.361,0.343,0.367,0.3298,0.3442,0.355,0.3658,0.3454,0.421,0.382,0.8043,0.4678,0.3718,0.3022,0.4114,0.4018,0.3346,0.3814,0.3802
7/19/2020,17.419,0.3682,0.3023,0.355,0.4982,0.6517,0.4069,0.3645,0.5133,0.2816,0.4191,0.3729,0.3993,0.324,0.3004,0.2985,0.2985,0.3645,0.3136,0.3409,0.3202,0.3051,0.3513,0.3098,0.4003,0.3127,0.3061,0.4304,0.2966,0.3711,0.3437,0.308,0.2345,0.2985,0.3089,0.308,0.3042,0.3108,0.3842,0.4648,1.0497,0.34,0.2806,0.2966,0.3211,0.3372,0.3315,0.3193,0.3004
7/18/2020,14.0421,0.3262,0.2766,0.3117,0.3262,0.3232,0.3298,0.3304,0.3679,0.2688,0.3232,0.3739,0.2736,0.2615,0.2724,0.2494,0.2772,0.2706,0.2428,0.2519,0.3044,0.2374,0.2815,0.3105,0.3153,0.2664,0.2295,0.2754,0.25,0.2887,0.2887,0.2555,0.2156,0.2162,0.221,0.2506,0.2573,0.2519,0.238,0.4061,0.8758,0.273,0.2513,0.2271,0.2658,0.2893,0.2506,0.2887,0.3032
7/17/2020,17.3304,0.3785,0.413,0.4214,0.4232,0.3682,0.4876,0.44,0.3551,0.3337,0.3682,0.4615,0.2814,0.2693,0.3001,0.3383,0.3206,0.2908,0.3439,0.3486,0.3001,0.288,0.2908,0.4037,0.2973,0.3215,0.288,0.2693,0.3001,0.3831,0.3346,0.2264,0.3001,0.2357,0.2488,0.3076,0.3169,0.3197,0.2992,0.5635,1.342,0.371,0.3813,0.3505,0.3187,0.2898,0.3393,0.3495,0.3505
7/16/2020,18.1298,0.3227,0.3287,0.3986,0.4665,0.5769,0.4564,0.4463,0.5587,0.4614,0.4746,0.4766,0.4351,0.3683,0.3287,0.3125,0.3287,0.3895,0.3156,0.3703,0.3936,0.3368,0.3095,0.3105,0.4361,0.267,0.3561,0.3764,0.2933,0.2994,0.3257,0.3095,0.2588,0.2507,0.3004,0.2832,0.3308,0.4209,0.2872,0.3917,0.8331,0.4402,0.3054,0.3166,0.3612,0.2973,0.4422,0.3865,0.3936
7/15/2020,14.4863,0.2951,0.3295,0.3373,0.4203,0.3392,0.3716,0.2776,0.3055,0.2367,0.2607,0.4041,0.2419,0.2464,0.3035,0.3048,0.3035,0.2555,0.2451,0.3055,0.3048,0.2601,0.2283,0.2996,0.3087,0.2633,0.2867,0.3029,0.2322,0.3775,0.2906,0.2088,0.227,0.2367,0.2374,0.2212,0.2828,0.3009,0.3061,0.4131,0.8964,0.2387,0.2568,0.3035,0.2789,0.3139,0.2957,0.2951,0.2348
7/14/2020,22.6628,0.5538,0.5538,0.4716,0.6285,0.9013,0.5714,0.6227,0.5068,0.4233,0.3543,0.6447,0.435,0.4658,0.3954,0.3411,0.4057,0.3969,0.457,0.4526,0.4702,0.4878,0.4922,0.3529,0.5098,0.4438,0.3514,0.6139,0.3177,0.5024,0.479,0.3837,0.2942,0.3265,0.3162,0.3661,0.3793,0.4379,0.4628,0.4628,1.0436,0.501,0.5567,0.4379,0.3324,0.4203,0.3822,0.4936,0.4628
7/13/2020,18.0409,0.4046,0.3645,0.4378,0.5824,0.4548,0.3996,0.3886,0.5522,0.3765,0.4026,0.4428,0.3173,0.3022,0.3093,0.3213,0.3072,0.3524,0.2862,0.3444,0.4117,0.3414,0.2821,0.3655,0.3986,0.3072,0.3554,0.4458,0.2932,0.3805,0.3625,0.258,0.3113,0.3072,0.2892,0.3253,0.3173,0.3685,0.3544,0.4485,1.0014,0.3283,0.4117,0.3022,0.3384,0.3544,0.3585,0.4016,0.2741
7/12/2020,20.2632,0.4254,0.4524,0.4671,0.4561,0.5959,0.6412,0.5713,0.4904,0.5088,0.5493,0.4426,0.3629,0.3016,0.4095,0.3114,0.3298,0.434,0.3874,0.3935,0.3396,0.3249,0.3469,0.3666,0.4279,0.3445,0.3813,0.5027,0.2893,0.4033,0.4033,0.2586,0.3175,0.2832,0.2856,0.3482,0.3531,0.4475,0.3114,0.6235,1.5198,0.3187,0.3028,0.3555,0.3126,0.4315,0.461,0.342,0.3298
7/11/2020,21.4182,0.3881,0.5209,0.3451,0.5008,0.6631,0.7289,0.7168,0.4632,0.3545,0.3773,0.482,0.3975,0.3424,0.4069,0.4216,0.325,0.3424,0.435,0.3706,0.3626,0.4659,0.3478,0.4874,0.3693,0.3518,0.3438,0.5061,0.3505,0.4337,0.3787,0.2968,0.3156,0.3746,0.274,0.3237,0.3827,0.3733,0.4646,0.7408,1.867,0.3492,0.3961,0.4807,0.3559,0.3773,0.3223,0.4431,0.3008
7/10/2020,16.3523,0.2819,0.3563,0.3312,0.4181,0.4047,0.327,0.3095,0.5074,0.3771,0.2936,0.3913,0.3103,0.3087,0.3262,0.3254,0.3011,0.3053,0.3546,0.2928,0.3638,0.2878,0.317,0.2978,0.2669,0.2978,0.3346,0.3028,0.2702,0.4231,0.2811,0.2611,0.2301,0.2828,0.2636,0.302,0.3003,0.2861,0.3655,0.5084,1.1788,0.2986,0.3304,0.327,0.3178,0.3362,0.2594,0.2702,0.2686
7/9/2020,20.4407,0.3894,0.3769,0.306,0.5337,0.6456,0.5809,0.5175,0.5486,0.6046,0.5013,0.4341,0.3558,0.362,0.413,0.3321,0.469,0.3172,0.4279,0.4006,0.3583,0.3471,0.4117,0.5051,0.4516,0.3122,0.3222,0.5436,0.3035,0.4988,0.3632,0.3421,0.2774,0.2873,0.2985,0.352,0.3744,0.3135,0.4416,0.5504,1.3032,0.3993,0.4341,0.4229,0.367,0.3359,0.3458,0.3396,0.3222
7/8/2020,16.3526,0.2828,0.3028,0.2761,0.4991,0.4423,0.459,0.3913,0.3404,0.2702,0.2761,0.474,0.2853,0.2694,0.2828,0.3329,0.3496,0.3513,0.3671,0.3604,0.3529,0.3011,0.2569,0.3888,0.297,0.2502,0.2761,0.3446,0.2602,0.449,0.2778,0.2844,0.3045,0.2878,0.2786,0.2727,0.3087,0.3521,0.2903,0.4226,0.9247,0.3788,0.2452,0.3479,0.3513,0.3613,0.2945,0.322,0.2577
7/7/2020,17.9521,0.4195,0.3,0.302,0.5767,0.5986,0.5369,0.5538,0.4274,0.4941,0.4384,0.5518,0.297,0.307,0.3368,0.3548,0.2941,0.313,0.3767,0.3577,0.3179,0.3737,0.3647,0.297,0.4045,0.2562,0.3269,0.3179,0.2662,0.3796,0.305,0.2343,0.302,0.2811,0.2483,0.2483,0.303,0.3458,0.2821,0.433,0.9553,0.4384,0.3309,0.3717,0.3259,0.305,0.3697,0.3607,0.3707
7/6/2020,14.4863,0.299,0.3418,0.2426,0.3347,0.3911,0.3885,0.4131,0.347,0.3068,0.3288,0.3613,0.3061,0.2964,0.3074,0.3107,0.3068,0.3087,0.2672,0.2931,0.3262,0.2653,0.3087,0.3457,0.2867,0.2335,0.2776,0.2724,0.2594,0.3042,0.3009,0.2147,0.2542,0.2367,0.2471,0.2413,0.2711,0.2756,0.2393,0.2896,0.5308,0.3405,0.3113,0.297,0.2302,0.2964,0.2938,0.3223,0.2627
7/5/2020,18.5744,0.4099,0.4236,0.3115,0.5992,0.7112,0.4141,0.3729,0.4606,0.4776,0.3729,0.4786,0.3602,0.3718,0.2862,0.394,0.4152,0.3951,0.3422,0.4004,0.3147,0.4046,0.375,0.3602,0.3517,0.2872,0.2809,0.5146,0.3052,0.3464,0.3411,0.3263,0.265,0.3295,0.2439,0.2587,0.3559,0.2819,0.3856,0.4616,1.0402,0.3961,0.3295,0.3337,0.2946,0.3285,0.3908,0.2978,0.376
7/4/2020,21.0626,0.4906,0.505,0.3561,0.4958,0.633,0.5834,0.7258,0.5559,0.5638,0.5167,0.5363,0.4449,0.3861,0.3613,0.4175,0.4736,0.326,0.3783,0.3718,0.4162,0.4619,0.407,0.4057,0.3456,0.3861,0.313,0.5141,0.3051,0.4684,0.4136,0.2882,0.2816,0.296,0.2777,0.3117,0.3626,0.4919,0.3652,0.4891,1.1217,0.3339,0.4593,0.3691,0.4867,0.3391,0.326,0.4593,0.4449
7/3/2020,17.7745,0.4061,0.3182,0.3534,0.4843,0.6583,0.4101,0.5782,0.4013,0.4834,0.4452,0.4179,0.3553,0.3553,0.37,0.2888,0.3377,0.3592,0.3534,0.3426,0.3094,0.3876,0.4013,0.3485,0.4032,0.324,0.371,0.4208,0.3064,0.3817,0.37,0.3064,0.2634,0.282,0.2722,0.2595,0.3104,0.3191,0.3475,0.2804,0.5035,0.3592,0.3885,0.4052,0.3436,0.3622,0.327,0.367,0.3348
7/2/2020,16.797,0.3364,0.3637,0.3048,0.486,0.4147,0.3892,0.3189,0.4499,0.2881,0.42,0.4948,0.3602,0.3233,0.2696,0.3593,0.3655,0.2766,0.3813,0.2916,0.354,0.2942,0.2872,0.325,0.3294,0.3444,0.2863,0.3514,0.2626,0.4675,0.3532,0.2749,0.2969,0.23,0.245,0.2441,0.3101,0.3628,0.2705,0.4573,1.0275,0.3347,0.3514,0.3039,0.3664,0.2766,0.2678,0.2898,0.3382
7/1/2020,22.129,0.3814,0.5001,0.4323,0.6668,0.7516,0.5199,0.527,0.688,0.5905,0.5086,0.5679,0.3687,0.373,0.3941,0.4153,0.4493,0.4055,0.3588,0.4464,0.3941,0.3885,0.4704,0.5595,0.3574,0.3885,0.4394,0.3715,0.3574,0.4507,0.4055,0.2882,0.3489,0.3518,0.3857,0.2952,0.4012,0.3221,0.4676,0.5568,1.3222,0.4648,0.3249,0.4026,0.3263,0.4733,0.5383,0.4549,0.4761
6/30/2020,19.463,0.4521,0.3673,0.3501,0.4292,0.6653,0.3982,0.5209,0.3902,0.5346,0.5495,0.5255,0.4062,0.3145,0.3294,0.3959,0.3363,0.4292,0.373,0.381,0.4177,0.3088,0.3421,0.3478,0.3524,0.3031,0.3936,0.4945,0.3226,0.3581,0.3249,0.318,0.3271,0.3375,0.3203,0.2916,0.3673,0.3168,0.436,0.515,1.1984,0.3535,0.3615,0.4441,0.2951,0.3191,0.3031,0.4292,0.4154
6/29/2020,18.0409,0.3805,0.3002,0.3524,0.4779,0.5462,0.4257,0.3595,0.5543,0.3564,0.3896,0.3685,0.3012,0.3605,0.3464,0.2962,0.3936,0.3464,0.3143,0.3223,0.3725,0.3484,0.3695,0.3665,0.2882,0.2621,0.3514,0.3715,0.2922,0.3574,0.3534,0.3032,0.3313,0.256,0.2831,0.2922,0.3082,0.3916,0.2731,0.5562,1.3204,0.3213,0.4077,0.4097,0.3052,0.3876,0.2882,0.4026,0.2781
6/28/2020,24.5289,0.4873,0.4278,0.5948,0.8311,0.9204,0.6427,0.5386,0.7022,0.7617,0.4196,0.5353,0.3766,0.4592,0.4543,0.4956,0.532,0.5534,0.5369,0.4724,0.3964,0.365,0.4559,0.5749,0.3551,0.5055,0.3452,0.4906,0.4047,0.4642,0.4609,0.3865,0.3072,0.3997,0.3121,0.4047,0.4014,0.4179,0.4113,0.6219,1.5148,0.5931,0.3435,0.5435,0.5634,0.4658,0.4609,0.3799,0.441
6/27/2020,17.5967,0.3173,0.3125,0.374,0.4469,0.468,0.3951,0.3548,0.4661,0.5035,0.4306,0.4824,0.3999,0.3423,0.3432,0.3653,0.2885,0.2857,0.3548,0.3241,0.3624,0.301,0.3241,0.3173,0.3864,0.2511,0.2665,0.4315,0.2943,0.3346,0.3058,0.2559,0.2492,0.2866,0.3193,0.2799,0.3001,0.3864,0.3672,0.4591,1.0326,0.3788,0.4018,0.3221,0.3423,0.3864,0.3077,0.3049,0.3864
6/26/2020,16.6191,0.3563,0.3322,0.2761,0.4985,0.6037,0.4192,0.408,0.4433,0.3873,0.4433,0.3675,0.2813,0.3434,0.2994,0.3089,0.2968,0.3554,0.3615,0.3382,0.3752,0.3546,0.3046,0.3261,0.2692,0.2563,0.2623,0.2563,0.2744,0.296,0.3459,0.2503,0.3072,0.2839,0.2882,0.2666,0.3209,0.3821,0.3313,0.3792,0.7962,0.3011,0.2701,0.3356,0.3089,0.3132,0.402,0.3365,0.3046
6/25/2020,17.2408,0.2803,0.3533,0.4042,0.4605,0.5733,0.4217,0.4217,0.4716,0.4319,0.4291,0.3339,0.3515,0.3321,0.3598,0.3774,0.3247,0.3321,0.3829,0.3367,0.3783,0.2729,0.3349,0.3506,0.2582,0.3275,0.2766,0.272,0.2665,0.3034,0.3459,0.3034,0.2877,0.2766,0.2674,0.284,0.321,0.3949,0.2674,0.4405,0.9777,0.3284,0.3265,0.2822,0.2831,0.3783,0.3496,0.3496,0.357
6/24/2020,27.6393,0.4573,0.6262,0.53,0.6419,1.0053,0.9444,0.4848,0.9228,0.7814,0.7244,0.8187,0.422,0.5673,0.5418,0.4966,0.5928,0.5536,0.6576,0.5614,0.6007,0.5948,0.4122,0.5123,0.6125,0.422,0.5221,0.7774,0.4397,0.6046,0.4298,0.4377,0.477,0.3925,0.477,0.4259,0.473,0.5359,0.4613,0.4245,0.9301,0.5084,0.7244,0.5025,0.4966,0.6518,0.528,0.5496,0.3847
6/23/2020,15.0193,0.279,0.2776,0.2593,0.3927,0.4573,0.3169,0.2944,0.4257,0.3021,0.3471,0.4011,0.3218,0.2944,0.2558,0.3021,0.3225,0.26,0.2586,0.3204,0.2895,0.3232,0.3323,0.3464,0.3323,0.2635,0.2748,0.3976,0.2418,0.293,0.2748,0.2495,0.2439,0.2769,0.2488,0.2277,0.2923,0.2979,0.3344,0.3453,0.6956,0.2446,0.3127,0.2923,0.2979,0.2649,0.2951,0.3323,0.3092
6/22/2020,17.4191,0.3456,0.3513,0.3616,0.4784,0.3946,0.3701,0.4596,0.5293,0.4445,0.3739,0.3004,0.3343,0.3108,0.3475,0.3136,0.3089,0.3522,0.3249,0.324,0.3419,0.3635,0.2759,0.3098,0.2637,0.2966,0.3381,0.4257,0.2901,0.4342,0.3456,0.259,0.2383,0.291,0.2985,0.2948,0.2985,0.2759,0.3466,0.5181,1.2074,0.3937,0.2637,0.2731,0.3824,0.3777,0.3268,0.389,0.274
6/21/2020,18.6638,0.3202,0.3746,0.4578,0.5473,0.4141,0.3938,0.4738,0.4834,0.3618,0.5196,0.4855,0.3554,0.3405,0.2904,0.3405,0.3362,0.4151,0.3842,0.3277,0.3917,0.4077,0.3128,0.4109,0.2872,0.3234,0.3064,0.3533,0.3202,0.3021,0.3479,0.2872,0.2456,0.3042,0.2968,0.3362,0.3202,0.4077,0.3501,0.5489,1.2986,0.4546,0.3341,0.2893,0.3618,0.3842,0.316,0.3607,0.3821
6/20/2020,18.3076,0.3728,0.446,0.2842,0.4831,0.4048,0.4965,0.5913,0.4965,0.4656,0.3378,0.545,0.3728,0.3316,0.2996,0.3233,0.3522,0.2883,0.3089,0.3718,0.344,0.3388,0.3326,0.344,0.4285,0.3501,0.3532,0.2986,0.3151,0.5109,0.38,0.311,0.3295,0.2893,0.3151,0.2739,0.3007,0.2873,0.311,0.5099,1.1831,0.3429,0.2708,0.3306,0.3099,0.3656,0.3501,0.3491,0.3099
6/19/2020,23.9957,0.477,0.4226,0.5889,0.7905,0.6497,0.6961,0.493,0.573,0.4898,0.6561,0.7569,0.4482,0.3522,0.349,0.4354,0.4258,0.5362,0.4546,0.3986,0.4002,0.5074,0.485,0.4418,0.3986,0.397,0.3538,0.4338,0.349,0.5058,0.3858,0.381,0.301,0.4194,0.4194,0.3666,0.4306,0.4786,0.3682,0.7368,1.8551,0.429,0.3186,0.5602,0.317,0.4354,0.5586,0.4818,0.4866
6/18/2020,24.5288,0.4212,0.4245,0.6063,0.7005,0.846,0.7799,0.7534,0.8477,0.5948,0.4229,0.5749,0.4939,0.4741,0.4923,0.3733,0.4824,0.3716,0.4047,0.4262,0.5022,0.3584,0.4791,0.408,0.441,0.3601,0.3931,0.6906,0.3452,0.5005,0.4377,0.3534,0.3386,0.4113,0.289,0.3716,0.4394,0.484,0.3799,0.7036,1.757,0.3634,0.5832,0.3733,0.5187,0.4344,0.4311,0.4675,0.4229
6/17/2020,27.7281,0.5553,0.6244,0.7151,0.6638,0.7842,0.6638,0.6441,0.792,0.4902,0.7467,0.7999,0.6796,0.4251,0.4942,0.4705,0.4626,0.6145,0.5119,0.4705,0.4547,0.508,0.6303,0.654,0.6934,0.502,0.5277,0.4074,0.4152,0.4389,0.5711,0.3422,0.3186,0.4547,0.3442,0.3462,0.4369,0.4093,0.4468,0.8215,2.1061,0.5336,0.4448,0.4468,0.6421,0.5928,0.6066,0.5553,0.4685
6/16/2020,26.8397,0.6603,0.4719,0.534,0.6282,0.924,0.86,0.7997,0.6395,0.7394,0.519,0.5906,0.5585,0.4832,0.4267,0.6019,0.4493,0.5001,0.5284,0.5491,0.6169,0.3946,0.4474,0.6056,0.6471,0.4926,0.4624,0.5642,0.4003,0.7771,0.4172,0.3796,0.389,0.3739,0.3588,0.3588,0.4624,0.4474,0.5491,0.6608,1.63,0.4511,0.502,0.3946,0.4737,0.4851,0.5416,0.6019,0.4907
6/15/2020,28.6169,0.6677,0.5378,0.4739,0.8367,1.1913,0.5811,0.5769,0.7481,0.513,0.847,0.913,0.412,0.4965,0.5068,0.4203,0.5934,0.4285,0.6842,0.5852,0.5192,0.4677,0.579,0.4285,0.3976,0.4986,0.4203,0.6182,0.379,0.5996,0.5481,0.4141,0.3976,0.3234,0.4264,0.3481,0.4656,0.3996,0.5378,0.9124,2.3753,0.7048,0.6738,0.4532,0.5316,0.6099,0.5769,0.6182,0.379
6/14/2020,18.93,0.4191,0.3426,0.3853,0.4924,0.6957,0.4694,0.5798,0.6126,0.5317,0.4181,0.5634,0.3426,0.3481,0.3558,0.3689,0.3066,0.3831,0.3874,0.4071,0.4093,0.3667,0.2749,0.4148,0.406,0.3415,0.3208,0.3864,0.3109,0.3241,0.3284,0.3197,0.2454,0.3186,0.3383,0.3437,0.3219,0.3951,0.3547,0.3543,0.7223,0.406,0.3536,0.3798,0.2869,0.4104,0.2956,0.4017,0.3885
6/13/2020,21.063,0.394,0.3731,0.3796,0.5546,0.8316,0.5886,0.7035,0.5403,0.4763,0.4044,0.5076,0.3796,0.4057,0.4475,0.36,0.4554,0.39,0.3665,0.3822,0.4697,0.3404,0.3104,0.3522,0.3822,0.4149,0.3169,0.5337,0.3064,0.5102,0.3874,0.2699,0.2699,0.3339,0.3495,0.2855,0.3757,0.3757,0.4122,0.5205,1.2145,0.4292,0.3326,0.4201,0.4815,0.4345,0.4841,0.3796,0.4292
6/12/2020,29.0613,0.5521,0.5479,0.5352,0.7206,1.186,0.8722,0.6469,0.7016,0.5753,0.491,0.5268,0.5795,0.4004,0.4131,0.51,0.4426,0.6321,0.4489,0.6132,0.6658,0.5226,0.6595,0.6342,0.3962,0.4215,0.4994,0.7164,0.4636,0.7459,0.5268,0.4552,0.4257,0.4236,0.4068,0.3478,0.4784,0.67,0.649,0.9157,2.3851,0.5605,0.4805,0.6448,0.4194,0.5142,0.5984,0.5479,0.491
6/11/2020,32.7054,0.5422,0.6682,0.5447,0.7868,1.1919,1.0017,0.893,0.6484,1.0486,0.5175,1.0388,0.473,0.4928,0.4409,0.6015,0.7398,0.4928,0.7794,0.5175,0.7596,0.6558,0.5768,0.8312,0.5768,0.5842,0.5447,0.5447,0.4557,0.7522,0.6212,0.4804,0.3668,0.4384,0.3594,0.5323,0.5348,0.4656,0.6039,0.9842,2.5879,0.5595,0.8633,0.5521,0.4755,0.7868,0.6361,0.4829,0.6731
6/10/2020,34.3935,0.5573,0.5863,0.8133,0.9532,1.2699,1.2699,0.7394,1.2171,0.6233,0.742,0.6444,0.6866,0.6919,0.6233,0.5467,0.7632,0.7737,0.7289,0.581,0.6549,0.6365,0.7077,0.6154,0.8186,0.5494,0.6286,1.0086,0.5467,0.6365,0.5942,0.4834,0.3567,0.5309,0.4966,0.4438,0.5626,0.4939,0.8028,0.7723,1.9602,0.6972,0.486,0.6655,0.684,0.7711,0.4728,0.8001,0.7051
6/9/2020,29.1499,0.4374,0.5199,0.5537,0.7821,0.9809,0.9831,0.9408,0.89,0.7821,0.8435,0.725,0.4035,0.4987,0.5008,0.4776,0.486,0.4543,0.5579,0.6087,0.687,0.4416,0.5643,0.5495,0.4839,0.4649,0.4712,0.6552,0.4564,0.8562,0.5537,0.3612,0.4374,0.4416,0.4903,0.3803,0.5368,0.6425,0.5706,0.7187,1.8016,0.4585,0.448,0.4035,0.522,0.5178,0.5558,0.6743,0.5791
6/8/2020,26.395,0.4812,0.6173,0.6173,0.6707,0.6744,0.6468,0.8657,0.897,0.7498,0.4132,0.702,0.6376,0.4849,0.564,0.4739,0.5088,0.507,0.5695,0.4867,0.4463,0.529,0.6155,0.5382,0.5898,0.4113,0.5199,0.369,0.4187,0.6946,0.5327,0.2954,0.3488,0.3101,0.3709,0.4297,0.4187,0.575,0.4904,0.5326,1.2503,0.5217,0.5566,0.3948,0.5511,0.4812,0.6541,0.5695,0.4113
6/7/2020,21.0628,0.5037,0.4619,0.3848,0.458,0.8276,0.4044,0.5559,0.5873,0.458,0.5729,0.4645,0.488,0.3234,0.3417,0.3796,0.3208,0.4554,0.3639,0.3626,0.4658,0.4162,0.4736,0.4266,0.3352,0.3273,0.3495,0.3678,0.3064,0.5481,0.4227,0.3077,0.296,0.3273,0.3561,0.3561,0.3992,0.4606,0.3652,0.5983,1.445,0.505,0.3352,0.3143,0.377,0.4149,0.3117,0.3247,0.4149
6/6/2020,21.685,0.5156,0.5293,0.35,0.5006,0.6785,0.5745,0.6634,0.4554,0.6237,0.6018,0.5088,0.5102,0.361,0.335,0.4527,0.3405,0.3884,0.4582,0.4842,0.4157,0.4417,0.3008,0.5074,0.4075,0.3555,0.4335,0.4212,0.3145,0.5102,0.4445,0.2679,0.3897,0.3624,0.3802,0.3104,0.376,0.4212,0.3979,0.4168,0.9074,0.5252,0.3665,0.4773,0.4486,0.4239,0.4636,0.3884,0.4773
6/5/2020,21.1515,0.4244,0.4126,0.431,0.5612,0.5573,0.5625,0.4639,0.6704,0.6138,0.4902,0.6651,0.3587,0.4231,0.3455,0.3784,0.3311,0.4415,0.4231,0.3653,0.3574,0.4639,0.4863,0.4573,0.3442,0.3613,0.4205,0.4968,0.3205,0.3889,0.4442,0.2758,0.3692,0.2679,0.2798,0.3771,0.3705,0.4652,0.4599,0.5083,1.1784,0.3284,0.31,0.31,0.3929,0.4941,0.5152,0.4784,0.31
6/4/2020,21.0627,0.3731,0.3548,0.3495,0.6774,0.569,0.6017,0.454,0.6591,0.3495,0.5154,0.4776,0.4109,0.36,0.4083,0.4162,0.4671,0.3561,0.4619,0.4632,0.4501,0.3417,0.3051,0.4671,0.5102,0.2842,0.4136,0.5729,0.3443,0.4449,0.4188,0.2738,0.2895,0.3104,0.2738,0.3038,0.3796,0.3561,0.441,0.6313,1.5426,0.454,0.3613,0.313,0.3848,0.3443,0.3691,0.394,0.3626
6/3/2020,20.7959,0.4661,0.4533,0.3317,0.6542,0.4827,0.5454,0.6388,0.4853,0.5122,0.4136,0.6312,0.3471,0.4277,0.4328,0.3445,0.4507,0.4175,0.3612,0.4136,0.356,0.4008,0.3778,0.4047,0.3484,0.3919,0.4251,0.5301,0.3049,0.5915,0.4315,0.3407,0.3752,0.3701,0.3266,0.3522,0.365,0.3279,0.3586,0.4881,1.1185,0.3957,0.3497,0.3356,0.3087,0.3765,0.4264,0.3983,0.4098
6/2/2020,20.6183,0.4922,0.4846,0.4834,0.5187,0.7988,0.4708,0.6701,0.6865,0.5503,0.4241,0.5641,0.5124,0.385,0.3421,0.3408,0.4708,0.4089,0.4152,0.3951,0.366,0.3648,0.3017,0.3206,0.438,0.3749,0.4291,0.5376,0.3193,0.385,0.4102,0.308,0.3623,0.3673,0.3206,0.3635,0.3635,0.3938,0.3269,0.3441,0.6921,0.3471,0.3446,0.3055,0.4682,0.4746,0.3206,0.4582,0.3963
6/1/2020,22.3071,0.5472,0.5544,0.5587,0.6846,0.7819,0.4271,0.5902,0.6145,0.5243,0.4514,0.3798,0.3841,0.3827,0.3941,0.367,0.4943,0.5029,0.46,0.3841,0.4027,0.367,0.3155,0.4714,0.3684,0.4385,0.324,0.603,0.367,0.4728,0.4328,0.3398,0.324,0.2826,0.2783,0.3813,0.3598,0.5029,0.5057,0.4794,1.0929,0.5,0.407,0.4499,0.5029,0.4643,0.5386,0.4929,0.3584
5/31/2020,21.8623,0.4966,0.4869,0.4716,0.4786,0.7461,0.5132,0.7364,0.7198,0.6643,0.5035,0.5285,0.3538,0.4162,0.3677,0.4703,0.3386,0.4314,0.4633,0.4093,0.4439,0.3968,0.4869,0.5326,0.5257,0.2887,0.3344,0.3815,0.351,0.5673,0.4217,0.2859,0.3025,0.3635,0.3524,0.3178,0.4134,0.3344,0.3704,0.4679,1.059,0.3538,0.5451,0.4827,0.3025,0.4883,0.4356,0.3413,0.3192
5/30/2020,23.1958,0.4569,0.4052,0.5268,0.5724,0.5162,0.545,0.7593,0.7958,0.6271,0.4873,0.5785,0.5557,0.428,0.4159,0.4007,0.4311,0.4265,0.3566,0.4751,0.422,0.4007,0.4341,0.3445,0.5025,0.3597,0.425,0.5997,0.3414,0.4326,0.4311,0.3688,0.2776,0.4037,0.3338,0.3779,0.387,0.4873,0.4812,0.648,1.5923,0.4189,0.4174,0.3475,0.4873,0.384,0.5724,0.4174,0.3399
5/29/2020,20.5298,0.426,0.4035,0.3947,0.6052,0.5275,0.6491,0.6478,0.6039,0.3747,0.5501,0.5676,0.3534,0.4198,0.3997,0.4398,0.4373,0.3346,0.3333,0.4724,0.4348,0.3709,0.2895,0.4047,0.307,0.3859,0.302,0.4624,0.3283,0.3822,0.4223,0.3521,0.3208,0.3145,0.2694,0.2907,0.3722,0.4348,0.4611,0.4617,1.0406,0.4536,0.4574,0.2907,0.3935,0.4473,0.4899,0.3358,0.3133
5/28/2020,20.2627,0.3629,0.3408,0.3175,0.6523,0.5897,0.6106,0.6952,0.6265,0.6081,0.4046,0.4524,0.3837,0.3653,0.4082,0.4119,0.4291,0.4365,0.3641,0.3886,0.3604,0.4315,0.342,0.4573,0.3089,0.3445,0.3236,0.3715,0.2967,0.4205,0.4193,0.3052,0.2623,0.277,0.2599,0.2734,0.3616,0.331,0.4119,0.5672,1.3529,0.3334,0.3592,0.3776,0.3506,0.423,0.3702,0.4132,0.3089
5/27/2020,25.1508,0.5834,0.5989,0.4102,0.5663,0.9419,0.8047,0.6932,0.6006,0.4016,0.4754,0.4822,0.6349,0.4737,0.4479,0.4754,0.4805,0.369,0.3845,0.4222,0.4445,0.508,0.3605,0.4737,0.5165,0.5131,0.3965,0.4394,0.345,0.532,0.4291,0.4256,0.4291,0.4325,0.3759,0.4051,0.4445,0.5629,0.5045,0.6896,1.7155,0.5543,0.5954,0.3416,0.5731,0.4016,0.616,0.472,0.4068
5/26/2020,21.7739,0.3884,0.4366,0.5124,0.5482,0.6928,0.427,0.7176,0.511,0.5055,0.6308,0.3471,0.416,0.3994,0.365,0.3884,0.4022,0.4766,0.4297,0.3664,0.4008,0.3292,0.3981,0.3264,0.3719,0.4118,0.3788,0.3912,0.3375,0.3981,0.4215,0.2548,0.3375,0.2989,0.281,0.332,0.3788,0.4862,0.343,0.7268,1.8255,0.4284,0.4325,0.3471,0.438,0.4628,0.4711,0.332,0.4711
5/25/2020,31.4608,0.5866,0.6195,0.6664,0.7673,1.1591,1.0511,1.0441,0.9409,0.7063,0.8494,1.0183,0.4435,0.4623,0.5702,0.6523,0.6852,0.5983,0.4951,0.5725,0.6992,0.5327,0.4717,0.5162,0.5444,0.5772,0.4576,0.8071,0.474,0.6218,0.5655,0.4763,0.5186,0.3778,0.4787,0.5092,0.5772,0.4904,0.5022,0.67,1.6575,0.657,0.589,0.7156,0.5303,0.5022,0.7766,0.6077,0.6687
5/24/2020,17.9521,0.4125,0.4374,0.4433,0.4384,0.6095,0.5578,0.4314,0.517,0.4473,0.4264,0.4115,0.3378,0.308,0.3558,0.3189,0.3199,0.3189,0.298,0.3677,0.3478,0.3806,0.301,0.3319,0.3209,0.2572,0.3368,0.3956,0.2672,0.505,0.304,0.2443,0.2672,0.2811,0.2871,0.2931,0.3339,0.3826,0.2941,0.4307,0.9486,0.3398,0.2692,0.2911,0.3976,0.3418,0.3727,0.3876,0.2841
5/23/2020,24.3513,0.3825,0.5329,0.3743,0.7226,0.9368,0.7259,0.4921,0.7112,0.6719,0.4348,0.6147,0.4201,0.461,0.4839,0.5378,0.4103,0.546,0.5346,0.425,0.4643,0.3972,0.4806,0.4234,0.5444,0.3138,0.5068,0.4512,0.3956,0.6261,0.5068,0.3694,0.3645,0.3939,0.3563,0.3155,0.4332,0.5427,0.3384,0.6038,1.4612,0.4528,0.4316,0.4283,0.3989,0.5738,0.4201,0.5166,0.4217
5/22/2020,23.8179,0.5384,0.5226,0.4909,0.6238,0.7994,0.4625,0.8231,0.7076,0.6966,0.5937,0.453,0.4704,0.4166,0.4546,0.3644,0.4245,0.3992,0.4783,0.5368,0.5067,0.4182,0.4071,0.5257,0.502,0.3533,0.4466,0.4024,0.3502,0.6001,0.4656,0.3264,0.3201,0.4008,0.3438,0.3074,0.4024,0.5589,0.3422,0.6023,1.4568,0.464,0.4909,0.4498,0.5162,0.4909,0.385,0.3581,0.3676
5/21/2020,16.0859,0.3656,0.3704,0.326,0.3737,0.3995,0.423,0.4286,0.461,0.3761,0.3623,0.465,0.3066,0.2896,0.3138,0.2928,0.2863,0.2896,0.364,0.3292,0.3437,0.3203,0.3324,0.3146,0.2564,0.3017,0.3421,0.2815,0.2637,0.3413,0.3219,0.2419,0.2993,0.2928,0.2508,0.2734,0.275,0.3227,0.2597,0.3934,0.8382,0.2799,0.33,0.2629,0.2645,0.3163,0.3543,0.309,0.2791
5/20/2020,29.5945,0.5316,0.7324,0.6007,0.7281,1.0089,0.6439,0.6396,0.5705,0.726,0.6029,0.9829,0.4733,0.5359,0.4819,0.5748,0.6569,0.618,0.6655,0.6914,0.5273,0.4733,0.374,0.6893,0.5705,0.4604,0.6439,0.4971,0.4085,0.8123,0.4927,0.4128,0.4992,0.4323,0.3308,0.4301,0.5381,0.4474,0.5921,0.8927,2.317,0.4647,0.6137,0.6374,0.456,0.6115,0.5856,0.4755,0.4431
5/19/2020,22.7516,0.4676,0.4366,0.5532,0.7198,0.6594,0.5576,0.4912,0.6653,0.4469,0.4558,0.7302,0.4912,0.4455,0.3525,0.3466,0.3909,0.357,0.3496,0.4764,0.3806,0.4558,0.3481,0.4189,0.3363,0.3525,0.4425,0.593,0.3732,0.4528,0.4528,0.3157,0.3865,0.3658,0.3983,0.3909,0.3761,0.5059,0.357,0.5863,1.4095,0.4573,0.4455,0.5222,0.416,0.3658,0.4927,0.4912,0.4691
5/18/2020,32.5274,0.6082,0.6646,0.5125,0.7136,1.1134,0.6376,0.8044,1.003,0.9123,1.003,0.927,0.694,0.6449,0.6695,0.6278,0.7332,0.5934,0.6082,0.5812,0.5297,0.5836,0.5934,0.4659,0.6548,0.5567,0.6621,0.5959,0.5125,0.4929,0.5444,0.4414,0.5517,0.5321,0.515,0.4806,0.5934,0.618,0.6793,0.966,2.5339,0.5934,0.4414,0.4733,0.5689,0.5395,0.7087,0.6131,0.434
5/17/2020,34.7494,0.5572,0.8648,0.6107,1.0333,1.0654,1.1912,0.7765,1.2661,0.7418,0.9424,0.6535,0.8996,0.6669,0.584,0.501,0.4796,0.806,0.7926,0.7712,0.6268,0.5251,0.5198,0.6642,0.6187,0.6027,0.5572,0.7177,0.5224,1.0012,0.5278,0.3994,0.4529,0.3807,0.3994,0.4609,0.5893,0.5465,0.7498,0.9506,2.4883,0.6054,0.5091,0.7016,0.7739,0.7899,0.5893,0.6268,0.6482
5/16/2020,44.525,0.9373,0.7803,0.6634,1.4633,0.952,1.5948,1.3756,0.9373,0.9629,1.204,0.9556,0.7547,0.5794,0.9045,0.7657,0.8606,0.952,0.8278,0.7255,0.6707,0.7365,0.5648,0.7949,0.8899,0.6196,0.8643,0.8679,0.6561,0.9081,0.678,0.4406,0.7547,0.7401,0.7036,0.5137,0.6671,0.8972,0.6926,1.6003,4.4126,0.8314,1.0944,0.7182,0.9227,0.8424,0.7401,0.8789,0.6269
5/15/2020,42.3037,0.9591,0.839,0.8081,1.5422,1.6486,1.3879,1.4016,1.0242,0.9042,0.6366,0.6538,0.9488,0.6641,0.7155,0.6195,0.9899,0.6778,0.9248,0.7327,0.8767,0.743,0.496,1.0105,0.8905,0.5063,0.8013,1.2918,0.5612,0.9248,0.743,0.5474,0.6675,0.5955,0.7121,0.6298,0.6641,0.8116,0.7567,0.9754,2.5619,0.791,0.7189,0.6641,0.9522,0.7567,0.9659,0.7635,0.8459
5/14/2020,39.726,0.9249,0.7124,0.6203,1.3564,0.9281,1.1438,0.8932,1.4389,0.9503,0.8393,1.1533,0.5601,0.8107,0.6045,0.7504,0.817,0.89,0.6933,0.6299,0.7853,0.5506,0.9313,0.8868,0.8678,0.6267,0.503,1.0582,0.541,0.6362,0.6775,0.5918,0.5823,0.4744,0.5283,0.5728,0.6648,0.6997,0.6521,1.0892,2.8989,0.9725,0.7599,0.9186,0.6775,0.9122,0.5664,0.6806,0.7028
5/13/2020,39.4594,0.8305,0.5977,0.9469,1.3023,1.5855,0.7801,1.0601,1.1104,1.2646,1.1891,1.123,0.7172,0.7235,0.5253,0.7455,0.7015,0.5914,0.5536,0.9154,0.7455,0.7109,0.9028,0.5631,0.4718,0.7959,0.7518,0.604,0.5159,0.9028,0.6795,0.4655,0.4655,0.4404,0.5725,0.475,0.6511,0.7298,0.9028,1.1664,3.1276,0.7298,0.5442,0.8336,0.4655,0.7172,0.8273,0.7204,0.7172
5/12/2020,44.9695,1.1759,1.1205,0.9356,1.0539,1.956,0.9208,1.4088,0.9024,0.8173,0.8247,1.2757,0.8284,0.6584,0.9245,0.7841,0.9245,0.9282,1.0872,0.8728,0.7767,0.7471,1.0244,0.6731,0.9245,0.8691,0.9652,1.1168,0.5475,0.6695,0.6842,0.7138,0.6953,0.6731,0.5031,0.5401,0.7767,0.8469,0.7286,1.2249,3.3008,1.0281,1.0207,0.6214,0.7545,0.8395,1.1353,0.6251,0.5438
5/11/2020,34.9269,0.7644,0.5517,0.6002,0.8802,1.4134,1.2841,1.0283,0.689,0.5086,0.7671,1.1657,0.7591,0.611,0.6056,0.5221,0.6567,0.6837,0.7994,0.5975,0.7968,0.7025,0.4359,0.8345,0.7133,0.6163,0.4736,0.9825,0.5248,0.5679,0.7106,0.3902,0.5733,0.5033,0.3902,0.576,0.6352,0.5867,0.6325,0.8905,2.3105,0.7537,0.8237,0.444,0.4709,0.5652,0.7564,0.7375,0.6406
5/10/2020,31.8162,0.6978,0.6263,0.8169,0.8883,0.905,0.974,0.6501,0.9836,0.8359,0.6382,0.8145,0.5239,0.4501,0.6216,0.6644,0.5739,0.612,0.4715,0.512,0.7525,0.662,0.4048,0.6525,0.5263,0.431,0.6906,0.7954,0.5049,0.8978,0.5692,0.4144,0.5144,0.5096,0.4453,0.5072,0.5049,0.6859,0.6478,0.7203,1.8065,0.5882,0.824,0.4429,0.7073,0.7383,0.4953,0.4501,0.6668
5/9/2020,28.7947,0.6824,0.4827,0.6637,0.7177,0.6158,0.8986,0.855,0.726,0.8238,0.8695,0.882,0.6283,0.412,0.593,0.6512,0.5223,0.6408,0.4432,0.5119,0.5763,0.41,0.437,0.6616,0.4723,0.3975,0.516,0.5826,0.4287,0.7448,0.6034,0.3871,0.3705,0.4495,0.3185,0.4037,0.5347,0.5888,0.4848,0.6769,1.6777,0.4723,0.6657,0.5285,0.5285,0.5243,0.6512,0.516,0.5659
5/8/2020,25.684,0.4231,0.5769,0.5203,0.6176,0.7449,0.8581,0.8917,0.6654,0.4549,0.4319,0.4797,0.3647,0.5257,0.5186,0.4585,0.4249,0.5186,0.5999,0.538,0.5911,0.4779,0.5681,0.3736,0.34,0.4814,0.3736,0.752,0.3771,0.699,0.4195,0.4337,0.3011,0.4089,0.3594,0.4142,0.4708,0.4178,0.3647,0.7291,1.8324,0.5893,0.6636,0.439,0.3311,0.4019,0.4797,0.4496,0.531
5/7/2020,27.3726,0.405,0.6006,0.5657,0.7905,1.1392,0.7517,0.8931,0.682,0.3895,0.5851,0.8951,0.6161,0.4243,0.3798,0.5057,0.3972,0.5522,0.4689,0.6122,0.4592,0.558,0.5076,0.4786,0.5096,0.3662,0.4069,0.4747,0.4359,0.7401,0.5716,0.3294,0.3178,0.4204,0.4747,0.4204,0.4921,0.5134,0.6219,0.8571,2.2116,0.4301,0.4108,0.4069,0.5154,0.5599,0.3875,0.4398,0.4011
5/6/2020,25.2399,0.4942,0.4339,0.5425,0.6528,0.9045,0.5097,0.5166,0.7459,0.3908,0.6925,0.7287,0.5752,0.3753,0.408,0.5287,0.5287,0.4942,0.3994,0.4391,0.4908,0.3753,0.3356,0.3753,0.6097,0.3201,0.5218,0.7339,0.3753,0.4977,0.4253,0.358,0.3977,0.3822,0.3391,0.4201,0.4477,0.3649,0.4856,0.7929,2.0213,0.4063,0.5821,0.4701,0.3373,0.577,0.527,0.5166,0.3925
5/5/2020,29.8612,0.7504,0.5514,0.6017,0.9231,0.9471,0.5689,0.9821,0.6126,0.6345,0.6935,0.7941,0.7198,0.4487,0.6061,0.6389,0.6913,0.6673,0.6148,0.5405,0.6804,0.6104,0.5383,0.5602,0.3787,0.5361,0.4421,0.6498,0.4377,0.4443,0.5317,0.4356,0.3722,0.4224,0.4815,0.3875,0.4705,0.4334,0.6935,0.7461,1.8827,0.7591,0.7853,0.4837,0.488,0.5121,0.4924,0.5689,0.6498
5/4/2020,26.3952,0.6652,0.4886,0.461,0.7608,0.6781,0.7296,0.9521,0.897,0.7553,0.4334,0.7755,0.3672,0.3782,0.5217,0.4408,0.4279,0.4371,0.5401,0.5934,0.4812,0.4371,0.45,0.461,0.5235,0.4058,0.3617,0.4463,0.4297,0.4463,0.5107,0.4573,0.4334,0.3267,0.4113,0.4058,0.4095,0.4132,0.6026,0.7582,1.9186,0.621,0.4665,0.369,0.4113,0.6265,0.5051,0.4573,0.5456
5/3/2020,27.017,0.6174,0.4747,0.3968,0.8209,0.701,0.9388,0.8741,0.8969,0.6953,0.6782,0.6611,0.6554,0.4101,0.4919,0.6098,0.4405,0.4614,0.4367,0.5622,0.5831,0.5622,0.4862,0.5565,0.4158,0.5147,0.5736,0.7524,0.3721,0.7201,0.5033,0.3778,0.4728,0.4671,0.4671,0.3454,0.4082,0.5489,0.3892,0.424,0.9287,0.6668,0.4367,0.4386,0.4747,0.5565,0.6896,0.6231,0.4386
5/2/2020,23.6396,0.4028,0.5686,0.4325,0.528,0.7844,0.5936,0.5326,0.6312,0.5389,0.6531,0.4107,0.345,0.4529,0.4826,0.4935,0.3637,0.5436,0.3575,0.4638,0.5326,0.4638,0.4372,0.4638,0.5389,0.3653,0.3528,0.3418,0.3356,0.4763,0.4247,0.4153,0.3293,0.3434,0.3637,0.3856,0.4153,0.5217,0.4857,0.7403,1.8655,0.5624,0.4623,0.4623,0.4638,0.3981,0.359,0.37,0.3841
5/1/2020,28.528,0.5998,0.452,0.4438,0.8934,0.8728,0.7784,0.6388,0.9139,0.8092,0.7004,0.8564,0.5649,0.4951,0.6121,0.4356,0.4458,0.4335,0.4233,0.5895,0.5197,0.5608,0.5382,0.4479,0.5711,0.5608,0.4972,0.413,0.4068,0.6758,0.6019,0.4602,0.3555,0.3268,0.4705,0.3925,0.452,0.6101,0.5526,0.7854,1.999,0.6963,0.6203,0.4151,0.3761,0.4869,0.5218,0.6285,0.6265
4/30/2020,35.9043,0.9396,0.5462,0.8224,1.2968,1.0205,0.8922,1.2047,0.9312,1.0345,0.6885,0.6522,0.8726,0.5462,0.4959,0.5183,0.5629,0.8364,0.6801,0.6243,0.7778,0.7722,0.7108,0.8782,0.5992,0.6941,0.5573,0.895,0.5685,0.9731,0.6243,0.5238,0.602,0.4931,0.5043,0.6187,0.6131,0.5629,0.4652,0.7337,1.846,0.828,0.9452,0.468,0.5629,0.8364,0.4987,0.7806,0.8057
4/29/2020,41.5035,0.6793,0.6793,0.8233,1.1651,1.4733,1.0244,1.356,1.4096,1.0043,1.2053,1.4431,0.8133,0.6659,0.8032,0.7128,0.8367,0.686,0.753,0.7731,0.7061,0.7831,0.6491,1.0143,0.696,0.82,0.8066,0.753,0.5017,0.6558,0.8032,0.4984,0.4883,0.4849,0.4682,0.7094,0.6826,0.6458,0.8434,1.1798,3.1672,0.6257,0.7463,0.9808,0.5754,0.6491,0.8669,0.6994,0.696
4/28/2020,43.4587,0.89,1.0212,1.0602,0.9538,1.8297,0.929,0.9999,1.0496,0.6276,0.6631,0.7198,0.9148,0.5922,0.89,0.8546,0.9645,0.7482,0.8758,0.9007,0.8865,0.7482,0.8758,1.0957,1.117,0.7588,0.8971,1.0709,0.5213,0.9787,0.8617,0.5922,0.6631,0.4468,0.6737,0.6915,0.6418,0.6808,1.0035,1.0411,2.7565,0.9929,1.1701,0.8723,0.6347,0.695,0.9042,0.8156,0.8865
4/27/2020,33.0605,0.6203,0.5025,0.6779,0.941,0.7907,0.7531,0.5852,0.6754,0.7731,0.5927,0.8709,0.4674,0.5852,0.515,0.5326,0.6278,0.7531,0.505,0.5852,0.6403,0.6754,0.5551,0.6052,0.6278,0.53,0.5426,0.9285,0.4323,0.5852,0.6203,0.5275,0.5802,0.3922,0.4248,0.53,0.5576,0.5125,0.4749,1.4072,3.8405,0.5526,0.8533,0.4724,0.6152,0.6929,0.5676,0.53,0.4323
4/26/2020,32.1717,0.5848,0.8096,0.5558,0.9958,1.3801,1.0127,0.8628,0.6549,0.6404,0.8967,0.6767,0.8193,0.4712,0.5292,0.5437,0.609,0.4543,0.5123,0.5051,0.6332,0.6453,0.435,0.5993,0.4616,0.6622,0.6429,0.9063,0.4229,0.7444,0.4954,0.4906,0.5099,0.4301,0.5244,0.3842,0.4761,0.5582,0.7226,0.8659,2.2375,0.7347,0.5679,0.6888,0.6429,0.6211,0.5268,0.4761,0.551
4/25/2020,35.0158,0.8258,0.6665,0.7475,0.9852,0.7961,1.042,1.2203,1.2446,0.8394,1.0474,0.6367,0.834,0.5503,0.5422,0.526,0.68,0.8069,0.6773,0.7718,0.7043,0.7421,0.5422,0.7286,0.7232,0.526,0.5395,0.8475,0.5287,0.5557,0.5908,0.453,0.4665,0.5368,0.4368,0.5611,0.6394,0.6097,0.6178,0.8404,2.1621,0.734,0.8177,0.4557,0.68,0.7151,0.5314,0.5368,0.7529
4/24/2020,36.26,0.7827,0.5793,0.8929,1.0427,1.2434,0.9099,0.6188,1.2716,0.5906,0.7206,0.6584,0.6471,0.6612,0.7262,0.6358,0.8336,0.5425,0.794,0.8082,0.6273,0.6414,0.6782,0.8421,0.5001,0.4775,0.6443,1.0738,0.4804,0.9325,0.6895,0.5369,0.5793,0.4973,0.503,0.5453,0.6245,0.4888,0.6245,0.9834,2.5857,0.8138,0.8647,0.7008,0.7149,0.5623,0.8647,0.7262,0.4973
4/23/2020,43.3697,1.0651,0.9766,0.7043,1.0792,1.5319,1.5072,1.0474,1.0757,0.5946,1.2384,1.1606,1.1429,0.7644,0.7149,0.7007,1.012,0.7573,0.6229,0.9979,0.7467,0.775,0.9165,0.8245,0.6866,0.8139,0.7078,0.9519,0.6053,1.3586,0.6901,0.5487,0.4921,0.4496,0.5734,0.6088,0.6406,0.9342,0.7821,1.1059,2.9483,0.8493,1.1358,0.729,0.5593,0.913,0.6159,0.9307,0.7821
4/22/2020,48.7021,0.7446,1.0703,0.8749,1.2656,1.8965,1.4895,1.5994,1.811,1.2493,1.0458,1.1842,0.9237,0.9441,0.8505,1.0743,0.8952,1.0377,0.9604,1.0825,0.8301,1.0336,0.9807,1.0336,0.9522,0.6347,1.0173,1.5017,0.6673,1.0418,0.7446,0.594,0.708,0.6714,0.4801,0.7039,0.8627,1.0662,0.7121,0.9465,2.4762,1.0621,0.879,0.883,1.0458,0.7894,0.879,0.6958,0.8098
4/21/2020,47.1911,0.782,1.1073,1.119,1.0837,1.4169,0.9152,1.6246,0.9662,1.5305,0.9936,1.5501,0.7349,0.7506,0.8995,1.0641,0.8486,1.0524,0.9662,0.9348,0.8604,1.0445,0.7624,1.2013,0.8956,0.9231,0.9309,0.5664,0.637,1.3071,0.9387,0.7585,0.7663,0.5311,0.7075,0.6879,0.7937,0.7702,0.6762,1.1856,3.1844,0.7506,0.9152,0.8525,0.8682,0.6605,0.8251,1.1033,0.7467
4/20/2020,43.9919,0.667,0.7029,0.7029,1.2212,1.484,0.9513,1.0125,0.9441,0.7461,0.8145,1.0557,0.6957,0.7965,0.9369,0.7605,0.9189,1.0125,0.8109,0.6813,0.8793,0.6418,0.8361,1.0053,0.9837,0.6094,0.9081,1.0917,0.541,0.8397,0.8685,0.4942,0.4438,0.6454,0.7101,0.5338,0.7425,0.8289,1.0089,1.7666,4.9049,0.7929,0.7425,1.0269,0.6022,0.6382,0.8469,0.5914,0.5518
4/19/2020,35.7268,0.7794,0.8044,0.8792,0.7822,1.1565,0.7545,0.9818,1.2203,0.541,1.065,1.0345,0.9486,0.6158,0.6463,0.7073,0.8072,0.6935,0.7961,0.6131,0.7988,0.6852,0.724,0.8016,0.4883,0.5742,0.5382,0.7988,0.5077,0.9541,0.5798,0.4412,0.4938,0.5022,0.3968,0.5715,0.541,0.6297,0.6574,0.6783,1.6819,0.8876,0.907,0.6741,0.6463,0.8626,0.7406,0.5715,0.5659
4/18/2020,32.9717,0.4838,0.721,0.4888,0.8559,0.8334,0.8034,0.9982,1.0057,0.9258,0.6436,1.0057,0.6886,0.6436,0.6711,0.5013,0.6037,0.6661,0.7086,0.7635,0.736,0.6486,0.4339,0.6886,0.6336,0.5337,0.5987,0.7086,0.4414,0.6137,0.5362,0.3689,0.4314,0.5263,0.3515,0.3689,0.5188,0.6661,0.5937,0.9937,2.6159,0.716,0.6062,0.5762,0.6936,0.5637,0.6411,0.6561,0.4988
4/17/2020,33.8606,0.7485,0.552,0.6787,1.0201,1.4416,1.0873,1.1675,0.8649,0.5468,0.9968,0.7899,0.7227,0.5546,0.6192,0.7382,0.6865,0.7511,0.4847,0.7227,0.6322,0.7071,0.6063,0.6244,0.5959,0.5003,0.6709,0.9658,0.433,1.0407,0.5804,0.4408,0.4201,0.3917,0.3787,0.4641,0.508,0.6192,0.5623,0.6021,1.4562,0.808,0.7434,0.6528,0.6296,0.7899,0.6244,0.6684,0.5701
4/16/2020,36.6151,0.925,0.6674,0.8019,1.3027,1.5373,0.7218,1.0509,1.1568,0.4929,0.7933,0.8792,0.7218,0.4814,0.6817,0.6073,0.5759,0.5444,0.7046,0.7561,0.7361,0.7676,0.4471,0.7275,0.7991,0.5787,0.4671,0.6903,0.5301,1.1396,0.6073,0.4585,0.4328,0.5301,0.5015,0.4986,0.5787,0.7447,0.4671,1.0977,2.9241,0.8506,0.8592,0.4442,0.6045,0.7361,0.6875,0.8277,0.4786
4/15/2020,33.0604,0.8258,0.6127,0.5726,1.139,1.1265,0.7055,0.9661,1.124,0.4398,0.6453,0.8533,0.8333,0.4724,0.5351,0.5326,0.6604,0.6954,0.7731,0.7255,0.5726,0.4724,0.738,0.5526,0.52,0.6453,0.6203,0.8533,0.5075,0.9009,0.5701,0.4198,0.5601,0.505,0.3722,0.5501,0.5952,0.5376,0.4925,0.7448,1.879,0.6754,0.4899,0.723,0.723,0.51,0.8283,0.6428,0.6203
4/14/2020,35.3712,0.8537,0.9002,0.9166,1.2451,0.8373,0.8728,0.8646,0.8099,0.8263,0.9796,0.7935,0.6128,0.6895,0.6484,0.5882,0.6703,0.4896,0.5964,0.736,0.829,0.7333,0.4595,0.7387,0.5964,0.569,0.6895,0.4924,0.4924,0.7962,0.569,0.5772,0.4349,0.5635,0.424,0.4623,0.5745,0.6183,0.476,1.0372,2.7449,0.5061,0.6621,0.7825,0.8318,0.5252,0.8728,0.8017,0.58
4/13/2020,28.5279,0.645,0.6491,0.6819,0.6368,0.7209,0.7394,0.9898,0.9344,0.84,0.5444,0.4992,0.6511,0.5136,0.6019,0.5259,0.5197,0.4931,0.6819,0.4602,0.5998,0.4643,0.5978,0.7332,0.6983,0.4561,0.6121,0.4561,0.411,0.6717,0.5916,0.3555,0.452,0.3309,0.4253,0.3761,0.4766,0.6368,0.4294,0.6512,1.6015,0.4397,0.762,0.4376,0.4376,0.6491,0.5156,0.4766,0.4541
4/12/2020,34.4826,0.8658,0.6142,0.5798,0.8181,1.4723,1.1915,0.8526,1.2498,0.7122,0.5824,0.8473,0.5401,0.6592,0.5613,0.7307,0.6169,0.7149,0.6937,0.5348,0.5427,0.7625,0.556,0.601,0.5639,0.6592,0.6619,0.6778,0.495,0.7519,0.6831,0.5718,0.36,0.4924,0.3706,0.593,0.5613,0.6328,0.6036,0.8893,2.3068,0.7572,0.7864,0.4845,0.7228,0.7625,0.6937,0.6036,0.4977
4/11/2020,31.9942,0.5674,0.5074,0.6969,0.9441,0.8337,0.6945,1.0209,1.1312,1.0233,0.8241,0.9201,0.6609,0.4906,0.5578,0.6777,0.5362,0.529,0.7665,0.7473,0.6274,0.6274,0.7041,0.5602,0.4306,0.4906,0.6154,0.6921,0.4786,0.8865,0.6633,0.5314,0.5314,0.3562,0.5362,0.4186,0.5314,0.4738,0.445,0.5991,1.4474,0.6154,0.8505,0.505,0.6585,0.5938,0.6753,0.6393,0.6801
4/10/2020,32.7937,0.732,0.6774,0.67,1.0146,1.4138,0.6477,0.6402,0.6501,0.613,0.8088,0.7369,0.7419,0.4741,0.4642,0.6179,0.7568,0.6774,0.7791,0.7196,0.6973,0.4642,0.4245,0.6353,0.4245,0.5361,0.6625,0.5063,0.4419,0.7295,0.6576,0.427,0.422,0.3997,0.3576,0.3972,0.5683,0.4617,0.5212,1.1098,2.96,0.7344,0.5832,0.5584,0.6229,0.6551,0.7964,0.6824,0.5212
4/9/2020,38.9262,0.8532,0.7945,0.7079,1.2522,1.5645,1.3419,1.4285,0.7759,0.98,1.212,0.9336,0.5347,0.6769,0.6739,0.8285,0.7233,0.6213,0.5563,0.8068,0.8718,0.7666,0.4945,0.878,0.711,0.5749,0.5934,0.878,0.544,0.9646,0.8068,0.6213,0.4666,0.5316,0.5007,0.5007,0.7202,0.8749,0.5007,0.8185,2.0972,0.779,0.8501,0.8903,0.6244,0.8872,0.847,0.5316,0.5347
4/8/2020,37.8596,0.8952,0.7549,0.5519,1.152,1.0416,1.2506,0.9132,0.9251,0.943,0.7071,1.164,0.6086,0.5011,0.6205,0.7519,0.8415,0.6026,0.9042,0.7041,0.6146,0.6743,0.6892,0.8773,0.6773,0.5339,0.7788,0.9669,0.4742,0.8505,0.7101,0.4473,0.4742,0.4653,0.4951,0.4414,0.6384,0.8803,0.5638,1.1925,3.2047,0.6295,0.4653,0.6803,0.6175,0.6116,0.9908,0.8116,0.5698
4/7/2020,45.4139,0.8064,0.7017,1.1768,1.4911,1.4238,1.319,0.9973,1.6857,1.4612,1.1207,1.4612,0.5932,0.7129,0.8551,1.0234,0.7952,0.6456,0.6269,1.0571,1.0197,0.6905,1.016,0.9935,0.6568,0.7129,0.6007,0.8214,0.668,1.1357,0.7615,0.5595,0.7017,0.6007,0.7204,0.4884,0.6867,0.8364,0.9486,1.1573,3.1007,1.0309,0.5894,0.7615,1.0496,0.8888,0.7915,0.8888,0.582
4/6/2020,31.8165,0.7978,0.724,0.4929,0.8669,1.3694,0.6049,0.6692,1.1527,0.5858,0.7621,0.9955,0.5525,0.4453,0.5549,0.481,0.7454,0.6025,0.6001,0.6978,0.5644,0.512,0.693,0.8264,0.4048,0.4668,0.6049,0.9336,0.431,0.5906,0.6406,0.4548,0.5191,0.4787,0.3858,0.3691,0.562,0.7335,0.6311,0.7871,2.0041,0.5477,0.5954,0.5168,0.5882,0.593,0.431,0.5954,0.6549
4/5/2020,28.8834,0.6261,0.4632,0.5822,0.6324,0.9435,0.7723,0.954,0.7973,0.6741,0.7138,0.4382,0.5509,0.4611,0.482,0.4402,0.5196,0.4402,0.4757,0.5071,0.4632,0.5363,0.4382,0.553,0.4444,0.4507,0.4841,0.4152,0.3943,0.5384,0.6073,0.3463,0.4945,0.4382,0.4549,0.3546,0.4507,0.5133,0.5426,1.2299,3.3156,0.5175,0.363,0.4089,0.4173,0.5739,0.6386,0.6449,0.3797
4/4/2020,35.1933,0.7241,0.7595,0.8139,1.0477,1.2707,1.0042,1.1891,0.8683,0.7785,1.0314,0.8356,0.7513,0.5447,0.6126,0.6915,0.8139,0.5773,0.6616,0.6181,0.6643,0.5283,0.8084,0.7948,0.5583,0.4087,0.7187,0.909,0.5365,0.8329,0.5338,0.4032,0.406,0.3869,0.5882,0.5474,0.6398,0.5909,0.7704,0.7446,1.8784,0.8465,0.7187,0.7051,0.6398,0.716,0.4903,0.6371,0.5963
4/3/2020,42.3035,0.9659,0.6606,0.7944,1.3536,1.1958,0.9454,1.1066,1.1992,1.1237,0.7395,0.6332,0.6949,0.8493,0.8356,0.7155,0.8219,0.8184,0.7018,0.9351,0.7258,0.6949,0.6641,0.6572,0.8973,0.8219,0.9248,0.7189,0.6092,0.8562,0.6846,0.7189,0.4171,0.5577,0.4617,0.5303,0.7361,0.8665,0.743,1.5616,4.298,1.0586,0.6744,0.6641,0.7018,0.7464,0.6126,0.7498,0.8596
4/2/2020,38.5709,0.6283,0.5855,0.5427,1.3345,1.6279,0.7231,1.3834,1.2642,0.8178,0.7414,0.9615,0.7475,0.7659,0.8148,0.7475,0.7292,0.6466,0.7017,0.8484,0.775,0.6864,0.5182,0.8056,0.9737,0.7261,0.8392,0.83,0.4785,1.1938,0.6099,0.6222,0.5977,0.5274,0.4051,0.451,0.6711,0.6803,0.9034,0.6791,1.6842,0.7078,0.7628,0.7995,0.8362,0.8239,0.83,0.7628,0.7781
4/1/2020,39.4591,0.5756,0.8619,0.9217,0.8965,1.2268,1.1734,0.8305,1.2457,0.777,1.2174,0.9248,0.8462,0.7298,0.7329,0.5851,0.5882,0.6826,0.7329,0.8965,0.9406,0.7392,0.7266,1.0349,0.5725,0.7235,0.6417,0.9752,0.5631,0.8619,0.7109,0.5159,0.6008,0.6448,0.4687,0.6291,0.7266,0.5347,0.6763,1.1093,2.9583,0.8871,0.6291,0.5033,0.8242,0.7487,0.6354,0.6448,0.7864
3/31/2020,47.6355,1.2091,0.9554,1.0426,1.0386,1.332,1.0585,0.8365,1.7243,0.6899,0.8603,1.439,1.1021,0.8682,0.9832,0.7176,0.6661,0.8365,0.7136,0.888,1.0981,0.8207,0.8246,1.217,1.0545,0.8088,0.8643,1.0149,0.6621,1.3676,1.003,0.7017,0.8127,0.7929,0.4956,0.6819,0.8563,0.7612,0.5947,1.3572,3.6927,1.217,0.7057,0.7572,1.1258,0.8524,0.8088,0.9396,0.785
3/30/2020,45.236,0.6284,1.0417,0.6954,1.4364,1.6151,1.1869,1.0082,1.7008,1.0529,1.105,0.7773,1.1907,0.8965,0.7438,1.0156,1.0343,0.971,1.0082,1.0231,1.0119,0.6098,0.6172,0.8779,0.6656,0.5465,0.7699,0.6396,0.6619,0.6582,0.714,0.4422,0.7624,0.6433,0.4608,0.5241,0.7811,0.9114,0.7773,1.429,3.9052,0.8816,1.0641,0.9226,0.5986,0.7811,0.9896,0.7736,0.6842
3/29/2020,34.2158,0.7985,0.8352,0.7723,1.2494,1.1471,0.9505,0.9977,0.9977,1.0973,0.9846,1.1681,0.7251,0.6726,0.6071,0.615,0.746,0.6359,0.809,0.5914,0.6674,0.746,0.7172,0.5966,0.4577,0.5992,0.6097,1.0161,0.4314,0.906,0.6228,0.358,0.5416,0.5284,0.455,0.552,0.5861,0.6097,0.5049,0.3976,0.8507,0.5232,0.7932,0.6674,0.5494,0.8037,0.4655,0.5049,0.7539
3/28/2020,38.8371,0.549,0.7217,0.9684,1.3477,1.3662,1.4433,1.3909,1.4526,1.1411,0.6878,1.1843,0.7464,0.6046,0.549,0.8297,0.6508,0.8636,0.6169,0.7094,0.8821,0.5984,0.475,0.9869,0.9715,0.6508,0.7002,1.138,0.6015,1.2244,0.6169,0.435,0.3887,0.4535,0.4411,0.4935,0.7032,0.7187,0.5182,0.7435,1.8749,0.694,0.5552,0.9006,0.6971,0.6724,0.6477,0.7526,0.4781
3/27/2020,42.3032,1.0414,0.839,0.7224,1.5868,1.6074,1.4736,0.8287,1.58,1.1992,0.7327,1.3433,0.9934,0.8493,0.6126,0.9213,0.7087,0.6744,0.6263,0.8013,0.8219,0.8973,0.9831,0.7704,1.0448,0.6812,0.911,1.2266,0.6401,1.1409,0.7704,0.6401,0.4651,0.4239,0.52,0.5234,0.6949,0.6298,0.6057,0.662,1.6335,0.7052,0.9728,0.6023,0.8596,0.8767,0.6915,0.8116,0.9556
3/26/2020,41.7699,0.6158,0.8286,0.8184,1.5276,1.3891,1.504,1.6357,0.9265,0.8488,0.7239,0.8927,1.0852,0.5584,0.7982,0.761,0.9535,0.9636,0.6901,0.6766,0.788,0.7205,0.913,1.0413,1.0582,0.5179,0.6023,0.8725,0.6293,1.0785,0.8454,0.528,0.7171,0.582,0.5955,0.501,0.6091,0.8015,0.6563,1.1666,3.128,0.6698,0.6496,0.5922,0.5888,0.8184,0.5516,0.7374,0.6124
3/25/2020,38.0371,0.9296,0.6803,0.6623,1.0287,1.5934,1.3471,1.3652,1.245,0.8065,1.1279,1.2991,0.6773,0.5451,0.7404,0.5842,0.6202,0.8425,0.8575,0.5992,0.6082,0.7674,0.452,0.6052,0.9146,0.6322,0.8185,1.1549,0.4851,0.7133,0.6953,0.6473,0.5211,0.6142,0.5391,0.6202,0.6893,0.8425,0.4881,0.6519,1.6038,0.5121,0.7824,0.7434,0.6623,0.6082,0.4971,0.7614,0.8545
3/24/2020,33.4157,0.6547,0.6216,0.5682,1.0969,1.3485,1.1553,0.9698,1.0715,0.4717,0.891,0.5708,0.6521,0.5733,0.6089,0.6292,0.7106,0.5581,0.7385,0.5199,0.6165,0.5479,0.5199,0.7284,0.8249,0.4285,0.7258,0.6877,0.5199,0.8631,0.5555,0.3319,0.4717,0.3827,0.464,0.4666,0.5327,0.7944,0.7334,0.8884,2.3042,0.6648,0.4767,0.6369,0.4335,0.5835,0.5047,0.7741,0.5428
3/23/2020,36.9709,0.6041,0.6795,0.7258,0.804,1.2647,0.72,0.6447,0.8736,1.0995,0.8938,1.2299,0.975,0.6997,0.5201,0.665,0.5954,0.6534,0.5694,0.6389,0.7982,0.7026,0.8156,0.8504,0.4882,0.7026,0.7722,0.5491,0.5317,1.1372,0.552,0.4216,0.6302,0.4129,0.5404,0.5491,0.6215,0.8011,0.8446,1.1217,2.9952,0.5578,0.8185,0.6273,0.7432,0.7693,0.6186,0.6302,0.5114
3/22/2020,38.5705,0.9462,0.7689,0.8973,1.1235,0.8912,1.3467,1.0135,0.9248,0.8423,0.8973,0.9065,0.6772,0.5305,0.7169,0.6436,0.6405,0.8576,0.6405,0.7995,0.7017,0.7567,0.4754,0.5457,0.9615,0.5213,0.8392,0.6466,0.558,0.9584,0.6466,0.3959,0.665,0.5366,0.5029,0.4143,0.668,0.7934,0.6619,1.2161,3.2748,0.8881,0.5243,0.6986,0.7322,0.8637,0.8025,0.6558,0.6008
3/21/2020,37.2372,0.9532,0.6812,0.5351,1.2835,1.0262,1.2514,1.0643,1.2426,0.8567,1.0058,0.7134,0.7923,0.6842,0.5146,0.7426,0.8537,0.614,0.6403,0.5818,0.6198,0.6929,0.6286,0.538,0.6491,0.5468,0.5321,0.5526,0.5438,1.0233,0.6315,0.4795,0.4327,0.3859,0.6198,0.4357,0.6491,0.4941,0.7894,1.0154,2.6803,0.9444,0.9122,0.7573,0.7777,0.7543,0.7456,0.7076,0.6608
3/20/2020,41.859,1.0572,0.6441,0.5493,0.9725,1.7546,0.8337,1.4601,1.1046,0.9624,1.0538,1.4093,0.9894,0.6204,0.7761,0.5594,0.8405,0.5797,0.7389,0.7795,0.9556,0.5933,0.9149,0.705,0.7355,0.7795,0.6441,1.0572,0.5527,0.81,0.6983,0.6339,0.6847,0.468,0.6983,0.468,0.6644,1.0098,0.8811,0.9589,2.5131,0.8574,1.1113,0.6745,0.4951,0.8675,1.0775,0.8201,0.8438
3/19/2020,44.2584,0.8302,0.7758,0.9136,1.0224,1.0731,1.2725,1.501,1.4756,0.6054,1.2689,0.7178,0.9535,0.7504,0.6634,0.6852,0.9607,0.6417,0.6634,0.8665,0.9752,0.6344,0.9172,1.0187,0.7867,0.7613,0.6634,0.7831,0.6271,0.939,0.7359,0.7033,0.7069,0.6018,0.609,0.5836,0.7504,1.0768,0.8266,1.3418,3.6471,0.9571,0.6852,0.997,0.8918,0.9208,0.58,0.9716,0.9245
3/18/2020,48.0798,1.1927,1.1406,0.6516,1.5735,2.0705,1.1967,1.1005,1.317,1.0645,0.7799,1.361,0.856,0.844,0.7759,1.0925,1.0564,0.7919,0.9723,0.9001,0.8681,0.9723,0.6717,0.7398,0.8681,0.5394,0.9883,0.9643,0.6596,1.313,0.7358,0.6917,0.7839,0.6837,0.5514,0.5955,0.836,0.86,0.9322,1.2917,3.4985,0.7879,1.1767,1.0965,0.7799,0.9322,0.6516,0.84,1.0324
3/17/2020,52.7013,0.788,1.3557,1.159,1.7893,1.2037,1.9771,1.8564,1.7267,1.2306,1.2708,1.4407,1.3557,0.9311,0.9802,0.9445,1.1859,1.1277,1.1009,0.8998,0.8059,0.7254,1.0562,1.2931,1.016,0.9132,1.0652,1.6016,0.797,1.3647,1.1009,0.5109,0.8819,0.6181,0.6092,0.7299,0.9534,1.1009,0.9981,0.5763,1.3797,1.0026,1.2976,1.0741,0.8685,1.0428,0.8685,1.0875,1.0383
3/16/2020,49.7681,0.7723,0.7723,1.1273,1.2777,2.1214,1.3696,1.0522,1.3111,0.7681,0.8308,1.0438,1.1524,0.9101,1.0689,1.0438,0.8224,0.906,1.0396,0.9937,0.7932,0.8767,1.048,0.6971,0.6136,0.8558,0.8767,1.2944,0.6971,1.3028,0.7723,0.718,0.4716,0.6846,0.7305,0.6679,0.7222,0.7472,0.7556,1.9,5.3001,1.0438,0.6846,0.7431,1.0229,0.8224,0.6595,1.144,0.7389
3/15/2020,42.6588,1.0782,1.1128,0.6554,1.1718,1.4386,1.0054,1.5461,1.4837,1.255,1.0955,1.449,0.5999,0.6935,0.8113,0.9292,0.6865,0.6692,1.0366,0.9049,0.9118,0.7871,0.8079,0.7593,0.8772,0.7489,0.7628,0.839,0.5826,0.6172,0.7212,0.5133,0.541,0.69,0.5618,0.4994,0.7628,0.7524,0.9881,0.9173,2.3898,0.638,0.5098,1.0227,0.794,1.0054,0.638,0.8079,0.5895
3/14/2020,43.4584,1.0319,0.6666,1.1276,1.5779,1.741,1.1347,0.7907,1.0638,0.5922,0.9361,1.1666,0.8475,0.5567,0.6985,0.8652,0.7056,0.9609,0.6134,1.0248,0.6773,0.5851,0.8829,1.0177,0.8581,0.6454,0.7127,1.1666,0.5567,1.1453,0.7872,0.5213,0.7163,0.5957,0.4432,0.6844,0.7517,1.0602,0.6702,1.1109,2.9633,0.7978,0.9148,0.6844,1.0283,0.617,0.9893,0.8049,0.968
3/13/2020,47.8134,1.0585,1.1301,1.0625,1.7393,1.5522,1.803,1.0426,1.0306,0.9152,0.8992,0.9908,1.2615,0.6723,1.0306,0.8753,1.1301,1.0704,0.939,0.7599,1.0664,1.0266,0.9749,0.959,1.0943,0.7639,1.0147,1.369,0.6643,0.6922,0.7201,0.517,0.7201,0.7878,0.5967,0.8116,0.7241,0.7878,0.7758,1.1355,3.0359,0.7997,1.1501,0.6484,0.5648,0.9828,0.9629,0.6564,0.8475
3/12/2020,45.8583,0.6967,0.674,0.6285,1.2191,1.469,1.6053,1.3706,1.3176,1.1358,1.1737,1.469,0.7194,0.8216,0.7459,0.6626,0.7194,0.9617,0.9276,0.78,0.9655,0.5982,1.0715,1.1434,0.992,0.6891,0.9503,0.5982,0.674,1.0374,0.7648,0.5982,0.7913,0.6626,0.6967,0.6437,0.6778,1.1207,0.7648,1.1968,3.2176,1.026,0.8595,0.8103,0.7194,0.833,0.7232,0.9693,0.9655
3/11/2020,52.4349,1.1131,1.0243,0.6643,1.3531,1.2375,1.6375,1.7397,1.8596,0.8998,0.9532,1.3486,1.1931,0.8687,0.8732,0.9309,1.042,0.7576,1.1087,0.9843,0.8598,1.0776,0.9532,1.0554,1.1309,0.7976,0.9976,1.1976,0.7843,1.4642,0.811,0.6199,0.7754,0.6466,0.5799,0.5844,0.7399,1.1976,0.9487,1.3051,3.5383,1.362,1.3575,0.8243,1.1265,1.2731,1.0865,0.811,0.9398
3/10/2020,59.6334,1.2252,1.5711,0.8121,2.0255,2.3869,1.9583,1.7518,2.2475,1.4575,1.1219,1.0599,1.2355,0.7863,1.1116,1.0548,1.1735,1.0806,1.0186,1.0083,1.3129,1.1529,1.0289,1.5246,1.2458,0.6365,1.2561,1.7828,0.7191,1.535,1.1167,0.5746,0.8586,0.7553,0.8276,0.9618,0.8482,1.1167,0.7191,1.2224,3.2933,1.1425,1.504,1.0496,1.1167,1.3542,1.2045,0.9928,0.6933
3/9/2020,51.2791,1.2184,1.227,1.214,1.8026,1.9714,0.9587,2.006,1.5906,1.6814,1.1751,1.0496,0.9197,0.7726,0.9197,0.7077,1.0712,0.7856,1.1794,1.0842,0.9067,0.9024,1.1318,1.3698,1.1145,0.9803,0.7206,0.7639,0.6817,1.5819,0.9457,0.7899,0.6601,0.5475,0.7596,0.5302,0.9327,0.6903,0.9284,0.8156,2.0885,1.1707,1.1231,0.7293,1.2054,0.9673,1.0539,0.7769,1.0755
3/8/2020,40.5256,0.6123,0.7521,0.6741,1.175,1.266,0.8497,1.0676,1.2498,0.7684,1.2368,0.6155,0.7716,0.7489,0.5667,0.5732,0.9278,0.9115,0.648,0.6871,0.7912,0.9017,0.8009,0.944,0.9473,0.4561,0.7164,1.227,0.531,1.1489,0.8627,0.4301,0.5505,0.4074,0.5602,0.4496,0.6513,0.635,0.8172,1.2438,3.3569,1.0188,0.6188,0.6448,0.8204,0.7294,0.7391,0.6806,0.7424
3/7/2020,44.9695,1.1316,1.0281,0.9615,1.1427,1.8747,1.346,0.8358,1.6898,1.224,0.7656,0.7286,1.0391,0.5955,0.8395,0.9763,0.9061,0.7582,0.6251,0.7656,0.8395,0.5918,0.5807,1.1131,1.0428,0.8987,0.7434,1.3904,0.6805,1.3016,0.9467,0.651,0.4883,0.6584,0.5142,0.6916,0.6768,0.8395,0.7471,1.0597,2.8116,0.858,0.7914,0.699,1.0576,1.0428,0.6029,0.7471,0.6695
3/6/2020,49.4129,1.1192,1.0032,1.2186,1.4546,1.2475,1.8812,1.1026,1.6741,0.8873,0.9577,1.4795,1.086,0.9701,0.6553,0.8624,0.9162,1.0281,0.8251,0.9328,1.1192,0.7837,0.6802,0.9701,0.6926,0.6678,0.7961,0.8748,0.7464,1.3511,0.8251,0.6015,0.8127,0.6553,0.6636,0.5725,0.7961,0.8748,0.8376,1.443,3.9468,0.6636,0.9494,1.1482,0.6885,1.0322,1.0653,1.0115,0.8417
3/5/2020,46.3915,0.8884,0.6888,0.8116,1.5296,1.0458,0.946,1.138,1.2762,0.9499,0.708,0.8769,0.804,0.8654,0.7963,0.6811,0.7924,0.8692,0.8232,0.9921,0.969,0.6274,0.685,1.2148,0.6773,0.5122,0.923,1.0727,0.7003,0.7886,0.7694,0.589,0.6734,0.493,0.6773,0.5237,0.7157,0.9191,0.6427,1.9091,5.327,1.0612,1.2224,0.9345,1.0151,0.8807,0.7656,0.85,0.7694
3/4/2020,54.0346,1.4142,1.1242,1.2669,1.6996,2.1093,2.0863,1.9574,1.4372,1.5109,1.3267,1.451,0.9493,0.7329,0.8204,0.7651,0.9032,1.0229,0.8388,1.1288,1.1288,1.0229,0.894,1.2301,1.1472,0.9446,1.1104,1.2991,0.627,1.3221,1.0828,0.6132,0.6086,0.7651,0.8986,0.6592,0.9585,0.9861,1.1564,1.0161,2.6824,1.1794,0.7237,0.9907,1.1748,0.7513,0.6869,1.1426,0.6869
3/3/2020,65.4099,1.3263,1.6306,1.0967,1.9119,2.7329,1.6995,1.5043,2.1358,2.2277,1.5158,1.2919,1.7569,1.1025,1.3321,0.8441,0.8671,1.1886,1.5101,1.0221,1.2976,1.3263,1.2976,1.6708,1.4067,0.8269,1.0565,1.2632,0.781,1.6536,1.1771,0.8326,1.045,0.603,0.9532,0.8728,1.1254,1.1082,1.1312,1.6187,4.4671,1.1197,0.9876,1.2976,1.3723,1.0852,1.5675,0.8671,0.9015
3/2/2020,59.8111,1.2547,1.0112,1.607,2.0215,2.1718,1.9801,1.0785,1.3739,0.747,1.6796,0.9749,1.1044,1.1563,1.006,0.9179,1.063,1.1614,1.1148,1.1666,0.9749,1.1925,0.721,0.8298,1.3635,0.7418,1.1355,1.7521,0.8454,1.6226,1.0941,0.7573,0.8972,0.8298,0.6848,0.9905,0.9024,1.1096,0.8972,1.6602,4.59,1.0215,1.6485,1.4205,1.1096,1.0475,1.405,1.1407,0.835
3/1/2020,44.7915,0.656,1.0828,0.8988,1.6494,1.3035,1.6935,1.2631,0.9135,1.2888,1.1637,1.5758,0.8252,0.8363,0.84,0.7112,0.8252,0.7774,0.6781,0.77,1.0276,0.9319,0.9246,1.0938,1.1416,0.8878,0.7921,0.6891,0.5934,1.4176,0.9283,0.5861,0.5493,0.564,0.6817,0.6781,0.6486,0.9982,0.6744,0.6477,1.5914,0.645,0.8473,0.7884,0.7995,0.9908,0.9982,0.9908,0.9319
2/29/2020,43.5477,0.9878,1.0305,1.1051,1.521,0.9274,1.3255,0.9878,1.3824,0.9665,0.835,1.4002,1.162,0.675,0.8741,0.6892,0.6466,0.5861,0.8705,0.7425,1.0305,0.5968,0.8456,0.9523,0.6785,0.707,0.9487,0.5399,0.5364,0.7212,0.8634,0.739,0.4439,0.6679,0.7141,0.5044,0.7994,0.9345,0.9203,1.2533,3.3848,1.034,0.5044,0.8634,0.6821,0.7177,0.5577,0.7319,0.9594
2/28/2020,45.5028,0.7667,0.9092,1.2017,1.6518,1.6743,1.4193,1.4643,1.3855,0.778,0.808,0.7555,1.0555,0.6542,0.9617,0.6805,0.6167,0.7405,0.7817,0.9355,0.9917,0.778,0.9692,1.1492,0.5454,0.7292,0.6092,0.9092,0.5679,1.093,0.7742,0.5004,0.5304,0.4517,0.5492,0.688,0.7067,0.6617,0.6805,1.563,4.302,0.9167,0.6655,0.5717,0.673,1.0367,1.0217,0.6204,1.0067
2/27/2020,58.8339,0.7919,0.9851,0.8224,2.1797,2.4593,1.5138,1.1223,1.4477,0.7919,0.8123,1.7933,0.9495,1.163,1.2189,0.797,1.3104,0.8377,1.041,1.1122,1.0563,0.8783,1.3206,1.0207,1.407,0.8377,1.2596,1.4172,0.736,1.9001,1.2138,0.8834,0.7004,0.7411,0.8631,0.7004,0.858,0.9648,1.0715,1.9438,5.43,1.1986,1.3613,0.7513,0.6598,1.1376,1.4121,0.797,1.163
2/26/2020,59.4559,1.1289,1.2833,1.3604,1.947,1.592,1.3193,2.158,1.7515,1.3399,1.803,1.1443,1.2833,0.7996,1.0157,1.0311,0.9282,1.3347,1.1546,1.3965,1.1752,0.9025,1.0826,0.8253,1.4839,1.2267,1.1032,1.3347,0.887,0.9179,0.8819,0.5577,1.0157,0.8459,0.5732,0.9025,0.9539,1.4067,0.7893,1.3798,3.7595,0.8819,1.4685,1.3656,1.1752,1.4016,1.1752,1.1649,1.0466
2/25/2020,51.8129,1.262,0.7713,1.0298,1.8272,2.2434,1.538,1.7834,1.17,0.7538,1.17,1.8315,1.0429,0.9421,0.688,0.9641,1.0648,1.0692,0.6924,0.8326,1.1963,0.7976,1.1349,1.1919,1.3496,0.9772,1.1218,1.1524,0.6574,1.3934,0.8326,0.4734,0.745,0.5172,0.5873,0.8414,0.8239,0.745,0.8633,1.2936,3.5042,0.9903,0.6004,1.2138,0.7713,0.8458,1.0079,0.8063,0.7012
2/24/2020,51.1013,0.9468,0.8735,0.9813,1.8175,1.4209,1.2528,1.2097,1.1666,0.8822,0.9209,1.0632,0.727,1.0287,1.0502,0.9468,0.8908,0.908,1.1149,1.1925,0.9684,1.0546,0.9382,1.2011,1.0028,0.783,0.8434,0.658,0.6235,1.4683,0.8304,0.8434,0.4856,0.4899,0.5718,0.7054,0.9209,0.8822,0.783,1.8454,5.1385,0.9899,1.2183,0.6279,0.7873,0.8865,1.3304,1.1666,0.6623
2/23/2020,52.3458,0.8629,0.7831,1.2576,1.6301,2.3795,1.8474,1.4438,1.364,1.129,0.7387,1.4394,0.6944,1.0181,0.6589,0.7254,0.9338,1.129,1.1511,1.2398,1.1467,0.9959,0.8008,1.3684,0.8496,0.7609,0.7033,0.6545,0.7964,1.2886,1.1068,0.6545,0.619,0.5658,0.6722,0.6057,0.8097,1.0935,0.6323,1.3991,3.8167,1.3773,0.8984,0.8097,1.2531,1.0403,1.3862,1.0491,0.7653
2/22/2020,60.8775,1.0391,1.4833,1.3723,2.1654,1.4833,1.8164,1.716,2.1073,1.0497,0.9757,1.6102,1.2507,0.8012,1.0021,1.1343,0.8223,1.2454,1.478,1.2771,1.0656,1.1026,1.1661,0.9651,1.1185,0.8699,0.8858,1.515,0.7113,1.8535,0.8752,0.9545,1.0444,0.7748,0.6426,0.7007,0.9334,1.2612,0.8065,2.1768,6.1199,0.981,0.7325,0.6849,1.055,1.1608,0.8964,1.018,0.9757
2/21/2020,59.6333,1.5917,1.5453,1.2716,1.5814,1.4162,1.5195,1.0083,1.6382,1.2097,1.3387,1.4936,0.8431,1.0961,1.0703,1.2148,1.0857,1.2097,1.3646,1.3233,1.189,1.1684,1.1787,0.7966,1.3749,0.8689,1.0444,1.4007,0.8224,1.5401,0.874,0.6727,0.9308,0.8792,0.6572,0.9876,0.8327,1.2458,0.8431,1.7346,4.8102,0.8947,1.4265,1.4265,0.8482,0.8947,0.9515,1.1632,1.3542
2/20/2020,57.4115,1.3575,1.1351,0.9918,1.2537,2.6471,1.6885,2.0542,2.242,1.906,1.5947,1.2932,0.7102,0.7398,1.234,1.145,1.2636,1.1253,0.9968,1.0116,1.1944,0.7398,0.7053,1.2043,1.066,0.7991,1.1055,1.4069,0.7547,0.9869,0.9029,0.4829,0.8831,0.6213,0.7201,0.7843,1.0462,0.7645,0.7201,1.3004,3.5244,1.0314,1.4662,0.9424,1.3624,1.2784,1.0314,1.1351,1.061
2/19/2020,70.2093,1.6161,1.6224,1.4793,2.599,3.1776,2.0952,2.0018,1.6472,1.1682,2.1947,1.0189,1.2367,1.3051,1.2615,1.2056,0.9692,1.0065,1.1807,1.1807,1.1122,1.5166,1.0065,1.8028,1.3362,1.3424,1.5042,2.0329,0.9007,1.9085,1.3735,0.5897,0.8385,0.9692,0.8759,0.7079,0.9629,1.0376,1.1434,2.1531,6.0497,1.0998,1.5353,0.9443,1.2927,1.2056,1.1869,0.9443,0.8696
2/18/2020,73.2308,1.6735,1.2104,0.9951,1.9214,3.376,2.4628,1.7192,1.4191,1.4126,1.4321,1.0864,1.2104,1.38,1.1321,1.6278,1.2104,1.0473,1.0734,1.5757,1.7713,1.1843,1.0995,1.4713,1.5691,1.5169,1.119,1.1321,0.8712,2.2084,1.3147,0.7603,1.2038,1.0016,1.2038,1.0864,1.243,1.7648,1.6865,2.2298,6.2769,1.38,1.3669,1.4843,0.8059,1.4974,1.7974,1.2299,0.9886
2/17/2020,59.8111,1.1977,1.2184,1.5397,1.6588,2.2495,2.1614,1.3065,1.2392,1.8816,1.0267,1.4671,1.4309,0.9127,1.1355,1.063,1.4101,1.3583,1.2392,1.1407,1.3739,0.8454,1.1096,0.8039,0.9335,0.7573,1.0993,0.9127,0.7418,1.0423,0.892,0.6122,0.8558,0.778,0.5812,0.8817,0.9024,1.379,0.7729,1.7334,4.8069,1.5189,1.3376,1.2651,0.7159,0.8765,1.3583,1.1873,1.0993
2/16/2020,43.5476,0.9594,1.1371,0.7639,1.4535,1.3113,1.5992,1.2544,1.1371,0.5897,1.258,0.643,0.803,0.7034,0.5968,0.9309,0.5826,0.7745,0.6359,0.8492,0.803,0.6537,0.6928,0.9629,0.7923,0.675,0.8527,0.5968,0.6643,0.9025,0.6359,0.6323,0.7568,0.483,0.4973,0.4688,0.6537,0.8421,0.9985,1.5261,4.1927,0.7283,0.611,0.7212,0.8776,0.6999,0.9025,0.9096,0.8314
2/15/2020,41.059,0.5832,0.8642,0.775,1.2378,1.6973,0.9105,1.0989,0.8774,0.8047,1.0989,1.2543,0.5502,0.6592,0.7254,0.7055,0.5535,0.7254,0.6692,0.6427,0.884,0.851,0.8907,0.9105,1.0295,0.4708,0.851,1.2378,0.5964,0.6262,0.8477,0.4278,0.4543,0.4179,0.4146,0.5733,0.7088,0.6626,0.8741,1.3683,3.7255,0.5601,1.0064,0.9303,0.5336,0.6229,0.5369,0.9303,0.6824
2/14/2020,36.4378,0.5591,0.5847,0.8918,1.1108,1.5317,1.2046,1.2644,1.29,0.8122,0.616,0.5875,0.815,0.4994,0.7809,0.7695,0.7297,0.7269,0.8577,0.7269,0.7781,0.6928,0.4454,0.5534,0.5961,0.5506,0.6729,0.7639,0.5705,0.9715,0.6899,0.5904,0.3714,0.3942,0.5079,0.4368,0.5733,0.6444,0.7582,0.9326,2.435,0.6018,0.6985,0.7297,0.8605,0.6757,0.4852,0.616,0.4823
2/13/2020,58.9221,1.4499,1.124,1.3073,1.4652,1.7198,1.7045,1.9031,1.2819,0.8083,1.8624,1.3735,1.2411,0.9203,1.2157,1.1393,1.3633,0.8032,1.2309,1.0731,1.3481,1.0884,0.9152,0.8745,1.0069,0.9356,1.0374,1.7045,0.7777,1.2208,1.1851,0.5791,0.8032,0.7879,0.8694,0.8337,0.8949,1.3684,1.236,1.5716,4.3276,1.0985,0.8083,0.9203,1.2208,1.3022,0.9101,1.2106,1.0985
2/12/2020,58.0338,0.8922,0.9522,1.0673,1.4325,2.3882,2.203,1.3775,1.4725,1.2824,1.5426,1.9879,1.2924,0.8922,0.9172,0.9322,0.8121,1.3174,0.9572,0.9622,1.3775,0.9372,0.8771,1.2824,0.8872,0.7621,0.722,0.9422,0.7471,1.1423,1.0873,0.632,0.9872,0.7821,0.8171,0.9422,1.0272,1.3174,1.3425,1.3753,3.7462,1.1223,1.3775,1.4075,1.3375,0.8872,1.3274,1.2274,0.9322
2/11/2020,57.7672,1.3113,1.3163,1.1321,2.2071,2.018,1.4507,1.6846,1.4407,1.0426,1.7741,0.8734,1.2665,1.1371,1.1919,1.0824,1.0028,1.0674,1.0724,1.2516,1.0923,0.9779,1.2715,1.386,1.4755,0.9729,1.2267,1.5502,0.6842,0.9828,0.9381,0.7141,0.7738,0.958,0.734,0.7738,0.8833,1.2914,0.8236,0.9619,2.5217,1.172,1.5353,1.0177,0.8435,1.2964,1.4009,0.948,1.2367
2/10/2020,41.6814,0.847,1.0895,0.8234,1.4533,1.2108,1.0289,1.2546,1.359,1.3186,0.975,0.874,0.874,0.8032,0.6786,0.6113,0.7763,0.7696,0.9481,0.6955,0.8874,0.8167,0.9178,1.002,1.0053,0.7729,0.81,0.7662,0.6483,0.8975,0.7763,0.4429,0.49,0.655,0.4327,0.5877,0.7291,0.8336,0.5473,0.755,1.9091,1.0424,1.002,0.7359,0.4967,0.938,1.0862,0.5944,0.7123
2/9/2020,46.6576,0.7504,1.0867,0.9939,1.655,1.1563,1.3303,0.8393,1.7478,1.5081,0.6924,1.6627,0.6422,0.9166,0.7349,0.7001,1.0365,1.0751,1.0519,1.0867,1.0403,1.0326,0.6885,0.6306,0.6576,0.7233,0.9901,1.4424,0.6151,0.9321,0.9321,0.4141,0.5494,0.7697,0.4759,0.7117,0.7968,0.9244,0.7079,1.1971,3.2185,0.7272,0.7079,0.6344,1.0558,1.0867,0.7388,0.7349,0.8548
2/8/2020,62.2997,1.2364,1.5622,0.9214,1.6436,1.5513,2.0346,1.2472,1.5839,1.345,0.9214,0.8671,1.3124,0.8671,1.2472,1.0735,1.1441,1.106,1.3504,0.9757,1.0409,0.84,1.106,1.1332,1.5622,0.7748,1.1278,1.4318,0.7911,1.3124,0.9323,0.7477,0.6608,0.5522,0.7314,0.8346,0.9812,1.1223,0.7857,2.7174,7.7211,1.1332,1.5459,1.3667,0.9812,1.4916,1.3232,0.8074,0.7531
2/7/2020,56.2562,1.18,0.9725,0.905,1.7157,2.2369,1.1028,2.1066,1.2042,1.2959,1.1463,1.0353,1.0449,0.8712,0.9146,1.2428,1.2524,0.8857,0.765,1.1897,1.2814,1.0835,1.2428,0.9339,1.0594,1.0787,1.1414,1.3152,0.823,1.4165,0.9967,0.9436,0.6685,0.601,0.6685,0.7747,0.9388,0.712,1.1366,1.5346,4.2179,1.4744,1.1559,1.2331,1.2331,0.8953,0.9002,0.8085,0.9195
2/6/2020,61.855,1.5992,1.4538,0.8883,2.2886,2.3424,1.7554,1.233,2.2886,1.0876,1.7123,0.9368,1.6046,0.9314,0.9691,0.9045,1.0122,1.3299,1.1522,1.3946,1.2222,1.0984,1.1468,1.6046,1.2222,1.1145,0.7375,1.7877,0.8883,1.2707,1.1738,0.5437,1.0068,0.7429,0.8614,0.8829,0.9745,1.2976,1.4538,1.4078,3.8425,0.8506,1.1145,0.9583,0.9045,1.0876,1.5884,1.2761,0.9099
2/5/2020,68.5207,0.9111,1.5102,1.4739,2.3636,1.7826,1.6615,2.2788,2.2244,2.2607,1.6918,2.5088,0.8748,1.3408,1.2197,1.3952,1.4921,0.9897,0.9413,1.256,1.6252,1.486,0.8142,1.6736,1.716,1.0079,1.2923,1.0866,0.7779,1.2863,1.0926,1.0503,0.6085,0.675,1.0503,1.0321,1.2137,1.0019,1.6192,1.7952,4.9897,1.4618,0.8748,1.3347,0.9897,1.3771,1.4013,1.0079,1.0019
2/4/2020,50.3013,0.9196,1.165,1.275,1.22,1.7657,1.9095,1.9772,1.9433,0.8477,0.8223,1.6684,0.9154,0.8646,1.0762,1,0.7293,0.742,0.9492,0.8858,0.9619,1.0719,0.9196,0.9112,0.89,0.6574,1.0846,0.8943,0.6066,1.0042,0.78,0.6193,0.5558,0.5262,0.6743,0.5135,0.7674,0.9112,0.6658,1.5441,4.2461,0.9281,1.4061,0.5897,0.8054,0.7208,0.8223,0.725,0.8223
2/3/2020,37.3264,0.5362,0.6593,0.6828,0.9526,0.8118,1.328,1.2078,0.9819,1.0435,0.718,1.1432,0.6066,0.5157,0.7767,0.63,0.7708,0.5596,0.7356,0.8793,0.7561,0.4981,0.7708,0.7004,0.6652,0.7503,0.6359,0.5802,0.5391,0.6212,0.5831,0.5215,0.6007,0.589,0.4629,0.4013,0.5596,0.8852,0.8118,1.1742,3.1505,0.8265,0.7708,0.5274,0.8793,0.542,0.674,0.6007,0.7092
2/2/2020,39.9037,0.8494,1.0185,0.5623,1.3216,1.5928,1.2546,1.5034,1.0727,0.6133,1.2578,1.0727,0.9132,0.7633,0.7282,0.5718,0.6739,0.8781,0.6548,0.8207,0.7026,0.843,0.725,0.9419,0.9324,0.5527,0.6133,0.6006,0.5367,1.0823,0.6261,0.5846,0.5495,0.457,0.5687,0.4825,0.709,0.5814,0.6293,1.1258,3.0073,0.6357,0.4953,0.859,0.5527,0.6516,0.6069,0.6165,0.5112
2/1/2020,43.9033,0.7268,1.0678,0.9709,1.1325,1.2976,1.312,1.3335,0.8416,1.0247,1.1612,1.0176,0.8057,0.5652,0.8488,0.9781,0.619,0.7268,0.6047,0.917,0.777,0.8668,0.5508,0.6334,0.5616,0.6765,0.5796,1.1684,0.6657,1.0966,0.7196,0.3964,0.5006,0.6406,0.5006,0.6406,0.6514,0.7914,0.8883,1.6738,4.6302,0.8704,0.5185,0.7268,0.9386,0.637,0.777,0.8919,0.9817
1/31/2020,40.6148,0.8255,0.6787,0.969,1.4517,1.7909,1.3277,0.907,1.181,0.9233,1.1582,1.1679,0.5874,0.7244,0.8451,0.7929,0.5743,0.6722,0.7439,0.8711,0.8614,0.7603,0.9168,0.5483,0.6396,0.8255,0.7374,0.6755,0.5646,1.0962,0.8483,0.4308,0.6689,0.4798,0.4472,0.4569,0.5809,0.5515,0.6885,1.0286,2.7195,0.7505,0.7668,0.757,0.5026,0.8972,0.8907,0.7798,0.5515
1/30/2020,53.7676,1.2193,1.407,0.8166,1.4161,1.8647,1.2468,1.4482,1.4161,1.2468,1.2147,1.5855,1.0454,0.8623,1.1461,0.9356,1.2376,0.8074,1.0454,1.1827,0.8806,1.1369,0.8669,0.844,0.693,0.6015,1.1461,1.0774,0.7845,0.8532,1.1415,0.725,0.606,0.8395,0.7891,0.8806,0.8761,1.1324,0.7342,1.6177,4.4641,0.7571,1.1095,1.0546,1.1415,0.9447,0.8806,0.9996,1.0454
1/29/2020,63.3663,1.5397,1.1799,1.2131,1.9882,1.7169,1.9107,1.9937,1.357,1.7501,1.9328,1.7723,0.892,0.7923,1.3349,1.0581,1.13,1.0968,0.8477,1.501,1.1909,1.1965,1.0802,1.5453,1.0857,1.1024,1.0138,1.7335,0.9086,1.8664,0.9086,0.6207,0.8754,0.5653,0.6816,0.7591,0.9529,1.4512,0.9473,1.704,4.7196,1.1633,1.3681,1.3792,1.3626,1.2131,0.8587,1.2851,0.82
1/28/2020,62.8324,1.4278,1.6581,1.5923,2.3216,1.5265,2.1242,2.5574,1.1811,1.2907,1.3785,1.543,0.7753,0.863,0.9343,0.9069,1.2853,1.4607,1.1756,1.4498,1.1591,1.033,1.1317,0.9124,0.7424,0.7369,0.7314,1.2743,0.8356,2.0419,1.203,0.7753,0.7369,0.8466,0.9069,0.6053,1.1262,1.4004,1.4388,1.8428,5.1308,0.8905,0.7698,1.2907,1.3675,0.9014,1.2469,1.2688,1.033
1/27/2020,70.92,1.8466,1.1545,1.7585,2.7338,2.1172,2.652,2.6961,2.4821,1.079,1.9347,1.5383,1.8529,1.186,1.3118,1.3496,1.2929,0.928,1.0035,1.2615,1.3873,1.5446,1.4377,1.0538,1.8152,1.0916,1.2237,1.897,0.8399,1.2615,1.4439,1.0098,0.7518,1.0853,0.7204,1.1231,1.1042,1.3307,1.4943,1.2657,3.4217,0.8902,1.9158,1.4565,1.4188,1.1168,1.0664,1.4691,1.1042
1/26/2020,63.8105,1.3666,1.6066,1.1824,1.7517,1.5787,1.9582,1.2159,1.2661,1.601,0.9927,2.3656,1.5396,1.082,0.9927,1.0931,0.8587,1.1768,1.0373,1.2271,1.4615,1.015,0.8755,1.6568,1.4559,0.6634,0.7527,0.8476,0.7917,1.7852,1.2326,0.6522,0.7806,0.5908,0.9089,0.9536,1.1601,0.8029,1.1043,2.3531,6.642,1.4112,1.361,0.9815,1.5117,0.9201,1.3387,0.9089,0.9982
1/25/2020,60.8774,0.8911,0.9757,1.5521,1.7213,1.8852,1.515,2.1866,2.1707,1.4252,1.5891,1.3617,1.0444,0.907,0.9704,1.2771,0.8329,1.1925,1.0867,1.293,1.1449,0.8329,1.2982,1.6049,1.3405,0.7219,0.9651,0.7695,0.7483,0.9757,1.2559,0.8118,0.78,0.944,0.6003,0.7536,1.0127,1.0867,1.3564,1.7417,4.8312,1.0127,1.33,1.4357,0.9598,0.8964,1.5996,1.0074,1.1819
1/24/2020,65.6765,1.7355,1.5336,1.1126,2.0066,1.5336,1.92,1.6144,1.3548,1.4125,1.1414,1.92,1.2221,1.078,1.1818,1.0664,1.1356,0.8934,1.4817,1.0145,1.4125,1.2971,0.7665,1.5624,1.5509,1.1991,1.0434,1.7412,0.9914,1.6201,1.2221,1.101,0.8819,0.8126,0.8357,0.8819,0.928,1.3317,1.1299,2.1976,6.1816,1.574,0.9511,0.9395,1.1472,0.9799,0.8011,0.9914,1.2452
1/23/2020,71.8981,1.9175,1.4127,1.5596,2.2433,2.7737,2.0772,1.2338,2.8568,2.2242,1.2849,1.8408,1.0229,1.4063,0.8759,1.0485,1.6299,1.0293,1.0357,1.1507,1.4255,1.6108,1.3935,0.9526,0.8759,1.2274,1.3743,1.2593,0.9718,2.0516,1.2274,0.7737,1.1443,1.1699,1.0357,0.8376,1.1699,1.5149,1.5532,1.9844,5.5502,1.6108,0.9334,1.4127,0.8632,1.7002,1.0485,1.3616,1.2401
1/22/2020,79.363,1.8651,1.387,1.1015,2.5359,2.9213,2.4646,2.6644,2.2076,1.9151,2.3932,1.5868,1.0658,1.4869,0.9445,1.7937,1.2657,1.023,1.4369,1.5939,1.8437,1.2728,1.4583,1.9222,1.1443,1.4869,1.7152,2.3789,1.0373,2.0935,1.5297,0.7875,1.2086,1.2728,0.9588,1.3156,1.1729,1.18,1.7652,1.6672,4.6107,2.0649,1.5012,0.8732,1.7295,1.8152,1.6153,0.9945,1.2942
1/21/2020,9.4207,0.1847,0.203,0.1846,0.2225,0.2128,0.2002,0.2144,0.1996,0.192,0.2032,0.208,0.1924,0.188,0.1873,0.1843,0.2008,0.1988,0.2008,0.1978,0.1902,0.1929,0.1995,0.1912,0.2025,0.1959,0.1973,0.2006,0.1816,0.1976,0.1939,0.1843,0.1895,0.1866,0.1803,0.1792,0.1881,0.1964,0.1864,0.2083,0.29,0.1851,0.192,0.1962,0.1888,0.1893,0.1877,0.1922,0.1819
1/20/2020,9.2427,0.1823,0.2007,0.1866,0.198,0.2261,0.194,0.2078,0.2134,0.18,0.2074,0.1974,0.192,0.1836,0.1846,0.194,0.1836,0.1926,0.1956,0.1966,0.187,0.1905,0.1945,0.1853,0.1944,0.1788,0.1889,0.192,0.1839,0.202,0.1878,0.1853,0.1856,0.1771,0.1861,0.1816,0.188,0.1969,0.1889,0.1931,0.2451,0.1864,0.1803,0.191,0.196,0.1974,0.182,0.1911,0.1894
1/19/2020,61.0554,1.0845,1.562,1.2702,2.2517,2.7452,1.3551,1.4135,1.2172,2.0236,1.0792,1.7,0.936,0.7874,0.8246,1.249,0.9041,0.8829,1.371,1.3975,1.2755,1.2066,0.9943,1.1376,0.745,0.7662,1.0845,1.6098,0.7768,0.8511,0.936,0.6495,0.989,0.9784,0.6017,0.9094,0.9519,0.7609,1.3286,2.1969,6.1796,0.9784,1.1376,1.2066,0.7768,0.8988,1.249,0.9254,0.8988
1/18/2020,56.5231,0.846,0.8411,0.8605,1.7922,2.4909,2.1367,1.8941,1.4477,0.715,1.438,1.9523,1.142,0.9479,0.9042,1.0061,0.8848,0.8702,0.7878,0.9333,0.9867,0.8945,1.0207,1.1905,0.7878,0.9867,0.8411,0.8072,0.6762,1.3555,1.0352,0.7441,0.584,0.8994,0.7441,0.8508,0.7975,0.9091,0.7004,2.0504,5.7457,0.977,1.0935,0.7004,0.7344,1.0352,1.3021,0.9479,1.2342
1/17/2020,48.2575,1.1369,0.9396,1.2174,1.3543,2.0306,1.5998,1.6159,1.8655,0.6981,1.467,0.8873,0.6739,0.7182,0.7464,0.7625,0.7182,1.0443,1.0483,1.1087,0.9275,0.9074,0.7343,1.0282,0.9275,0.9919,0.843,0.8108,0.7464,1.4348,0.8631,0.7665,0.6457,0.529,0.6779,0.4968,0.7303,0.9879,1.0403,1.1605,3.11,0.7262,0.6216,0.7383,0.996,0.69,1.0201,0.7947,0.6779
1/16/2020,46.569,1.0383,0.9689,0.7259,1.6439,1.0499,1.5436,0.8339,0.9033,1.5397,0.7452,1.0268,1.127,0.8879,0.6951,0.6796,0.6796,0.8609,1.127,0.8455,0.7761,0.8108,0.6372,0.6295,0.6719,0.7375,0.8725,1.4047,0.5755,0.9188,0.7105,0.5446,0.8069,0.5524,0.6295,0.6526,0.7799,1.1309,0.7799,1.5443,4.2466,0.6411,0.7568,1.1232,0.992,0.9033,1.1039,0.8455,0.8686
1/15/2020,48.1689,1.2793,0.958,0.7853,1.5645,1.432,1.436,1.2271,1.5404,0.6246,0.8857,1.5927,0.8817,0.8857,1.0182,0.8857,0.7612,0.8656,0.9781,0.7531,1.1227,0.7732,0.6005,1.2191,0.7853,0.8937,0.6206,1.0303,0.5764,0.8977,0.8937,0.5603,0.5001,0.5443,0.733,0.4961,0.8335,0.966,0.8054,1.6328,4.5089,0.97,0.8134,0.5563,0.9821,0.8134,0.7692,0.9379,0.9781
1/14/2020,57.767,1.4158,1.2068,1.0674,2.0628,1.7294,1.804,2.222,1.6945,1.4457,1.5402,2.1026,0.9381,1.0824,1.1421,0.9231,1.1371,1.0874,0.9181,0.9331,0.8933,0.8883,0.943,1.5104,1.381,0.9381,1.2267,0.729,0.6743,1.4407,0.9978,0.52,0.6693,0.8634,0.958,0.8783,0.9381,1.0575,0.7489,1.2206,3.2881,1.0028,1.2516,0.958,0.9281,0.8286,1.5253,1.1968,0.8584
1/13/2020,63.5437,1.2886,1.1553,1.0609,1.9441,1.683,1.8108,2.4717,1.2387,0.9054,1.2276,1.2998,1.072,0.9721,0.9998,1.1109,1.5164,1.2775,1.0498,1.1054,1.1776,1.2942,1.3331,1.1387,1.3664,1.0498,0.9221,1.172,0.7499,1.733,1.0831,0.5333,1.072,0.6388,0.6277,0.7776,1.0665,1.122,1.0942,2.5151,7.1218,1.5997,0.7443,0.8998,0.9943,0.9998,1.4275,0.9776,1.122
1/12/2020,59.989,1.4768,1.1701,1.2376,1.4664,1.638,1.5704,2.1994,1.4196,1.8771,1.6691,2.0799,1.1233,0.9049,1.1389,1.3468,0.7801,0.8737,1.4768,1.0193,0.9517,1.2636,0.9309,1.3572,1.508,0.7593,1.1597,1.5496,0.7645,1.1908,0.8893,0.6242,0.593,0.5566,0.8061,0.6346,0.9361,0.9309,1.1753,1.7821,4.951,1.4716,0.7593,0.8269,1.0817,0.9777,1.0609,1.0817,0.9465
1/11/2020,57.5892,1.3866,0.851,0.7766,2.0015,1.7684,1.2923,2.2891,2.1205,1.3915,1.58,1.3221,1.1932,1.094,1.0692,1.2923,1.1237,0.9254,1.3915,1.1237,1.0097,0.975,0.6973,0.97,1.0841,1.0543,0.7617,0.7518,0.6774,1.6742,1.1832,0.5584,0.975,0.6526,0.8659,0.9105,0.7965,1.2031,0.7865,1.5386,4.2297,0.7369,1.5353,0.7568,0.6477,0.8361,1.2576,1.2527,1.218
1/10/2020,49.2352,1.2841,1.2017,0.8058,1.6181,1.6924,1.7089,1.1646,0.9254,1.045,1.012,1.5398,0.8512,0.979,0.8677,0.7027,0.9543,1.0656,0.9007,1.0862,0.8388,0.7769,0.6244,0.7068,1.2429,0.9007,0.9666,0.7398,0.7398,0.9831,0.7316,0.6615,0.7893,0.6367,0.5048,0.7687,0.7027,1.0986,0.946,1.2981,3.5175,1.078,0.8635,1.1604,1.0202,0.6945,0.8512,0.9625,1.0244
1/9/2020,48.4357,1.1978,0.8177,1.1856,1.2018,1.0441,1.6304,1.4404,1.7153,1.2706,0.9147,0.8743,1.0239,0.6398,1.032,0.7247,1.0926,0.9915,0.6883,0.7489,0.8662,0.9592,0.8217,1.0765,0.757,0.8905,0.939,0.9835,0.6276,0.8217,0.7813,0.5832,0.7975,0.5225,0.6883,0.8217,0.8905,0.6317,0.8622,1.2588,3.4011,1.1371,1.2342,0.7975,0.9956,1.0482,1.0684,0.9147,1.0239
1/8/2020,47.1916,0.6801,1.17,1.0759,1.2836,1.0289,1.1935,1.6246,1.2092,1.3581,0.9701,1.605,0.731,0.8094,0.633,0.6801,1.0367,0.9583,1.0994,0.9897,0.8172,0.9427,1.0054,1.2366,0.9309,0.6605,0.9897,1.2836,0.637,1.1896,0.8878,0.782,0.4802,0.4763,0.6801,0.684,0.6997,0.876,0.8251,0.9403,2.4578,1.0132,1.2052,0.9152,1.0406,0.7349,0.8525,0.9035,0.9074
1/7/2020,52.4349,1.3842,1.0865,0.9665,1.5353,1.3086,1.0109,1.4375,1.6286,1.4597,1.3664,0.8465,1.2464,0.8421,0.7265,0.9932,1.1398,0.8821,1.1353,0.9176,1.0287,0.9532,0.6377,0.7043,0.6866,0.5799,1.0731,1.2553,0.6777,0.8554,0.8243,0.8199,0.5666,0.8643,0.8732,0.6421,0.7399,1.282,0.9265,1.9063,5.3188,1.122,0.6999,0.7443,1.1753,1.1887,0.7399,0.9887,0.6466
1/6/2020,55.3676,0.8677,1.4266,1.0335,1.204,1.5356,1.2561,1.9477,1.9903,1.5072,1.1851,1.1756,1.1093,0.9056,0.9293,1.0761,1.133,0.8109,1.2135,1.2135,0.8724,0.9009,0.6356,0.7967,1.3272,0.8298,0.6877,1.0572,0.7209,1.4456,0.8488,0.6024,0.6735,0.7351,0.5835,0.8345,0.9577,0.8488,0.7303,1.9697,5.5066,0.953,0.934,0.9388,1.1945,1.2845,1.0288,0.9624,0.9861
1/5/2020,52.5232,1.2619,1.3421,0.8879,1.814,1.4356,1.2798,2.001,1.1729,0.9147,0.7811,1.8007,1.0171,0.9236,0.7143,0.9369,0.7099,1.1684,0.8657,1.1595,0.9058,1.0794,0.6074,1.253,1.2041,0.8835,1.0749,1.4489,0.6831,1.0438,0.8879,0.7143,0.692,0.5451,0.7588,0.7143,0.7588,1.0482,0.8301,1.5906,4.3839,1.1284,0.9147,1.0393,0.7009,1.0126,0.7944,0.8657,0.7722
1/4/2020,50.2124,1.0953,1.1587,0.6774,1.2642,1.8636,1.4373,1.2304,1.4415,1.1418,1.0151,1.7032,0.6521,0.8336,0.6352,0.8125,0.8885,1.1544,0.8083,0.7619,0.8463,0.7619,0.9138,1.0278,1.2009,0.9856,0.8927,1.3571,0.7619,0.745,0.8885,0.8336,0.7619,0.5761,0.631,0.5592,0.7956,0.7534,1.0953,1.7138,4.7488,1.1418,0.9814,0.7956,0.745,0.7239,0.7112,0.8167,0.8716
1/3/2020,53.5902,0.9691,1.001,1.1104,1.5708,2.159,1.1286,1.776,1.352,1.5891,1.5845,0.9326,1.0602,0.8824,0.7001,0.9326,0.8824,0.7685,0.7274,1.1924,1.1788,0.8733,1.1423,1.3383,0.7411,0.6682,0.8824,1.621,0.6773,1.197,1.1058,0.4539,0.5086,0.6773,0.5907,0.7913,0.8596,0.8733,0.9508,1.8721,5.2176,1.156,0.6727,0.8961,0.6089,0.928,0.7183,1.1241,0.9463
1/2/2020,53.3237,0.7604,1.0369,1.2454,1.9162,1.4584,1.1411,1.1185,1.685,0.919,1.5082,1.6125,0.8284,0.8782,0.9553,0.842,1.268,0.9236,0.9009,1.191,1.2499,0.7151,0.6471,0.8601,1.0777,0.978,0.987,1.472,0.7513,0.7559,0.9009,0.7785,0.493,0.8375,0.7468,0.5791,0.9508,0.987,0.7831,1.7054,4.7239,1.3043,1.0505,1.259,0.6743,0.8737,1.2454,0.8284,0.919
1/1/2020,47.8134,1.2217,1.2416,0.9032,1.1262,1.2098,1.5283,1.3969,1.4049,1.4327,1.2974,1.5562,0.8753,0.7758,0.8196,0.6484,0.7161,0.8674,1.0465,0.9789,0.8355,0.7081,0.8714,1.0625,1.0107,0.8913,0.728,0.6285,0.7241,1.1859,0.9112,0.8077,0.6882,0.6006,0.517,0.7957,0.7041,1.158,0.5927,1.2852,3.4794,1.1939,0.6763,0.5688,0.943,0.7041,0.7718,0.8435,0.8793
