date,,1,2,3,4,5,6,7,8,9,10,11,12,13,14,15,16,17,18,19,20,21,22,23,24,25,26,27,28,29,30,31,32,33,34,35,36,37,38,39,40,41,42,43,44,45,46,47,48
,,0:00,0:30,1:00,1:30,2:00,2:30,3:00,3:30,4:00,4:30,5:00,5:30,6:00,6:30,7:00,7:30,8:00,8:30,9:00,9:30,10:00,10:30,11:00,11:30,12:00,12:30,13:00,13:30,14:00,14:30,15:00,15:30,16:00,16:30,17:00,17:30,18:00,18:30,19:00,19:30,20:00,20:30,21:00,21:30,22:00,22:30,23:00,23:30
12/14/2022,27.0407,0.5303,0.6751,0.4599,0.6179,0.7436,0.9035,0.9892,0.6084,0.4885,0.4942,0.8502,0.5418,0.4618,0.5456,0.5551,0.5246,0.4827,0.4275,0.4923,0.4447,0.418,0.4865,0.6808,0.5932,0.3609,0.4732,0.7246,0.4199,0.4713,0.5246,0.3742,0.3514,0.458,0.3076,0.3228,0.4732,0.5646,0.5284,1.4884,1.1146,0.5418,0.4218,0.3628,0.6084,0.4523,0.677,0.6236,0.3799
12/13/2022,39.2393,0.6727,0.6228,0.7665,0.9758,1.5662,0.9851,0.6665,1.2632,0.7196,1.0351,0.7415,0.529,0.6884,0.5072,0.8446,0.5665,0.7071,0.5572,0.8602,0.907,0.7852,0.8727,0.9226,0.4822,0.5103,0.7727,1.0663,0.5509,0.982,0.6446,0.4791,0.6852,0.4197,0.6228,0.4259,0.6509,0.8477,0.5197,2.3734,1.7492,1.0039,1.0476,0.4791,0.7665,0.8227,0.9476,0.7633,0.8633
12/12/2022,52.5794,0.764,0.9379,1.1786,1.9186,2.4402,1.7715,2.0033,1.455,1.455,1.2499,1.8428,1.0003,0.8086,0.8576,1.0137,0.9914,1.2455,0.8443,0.9513,1.1519,0.9468,1.2143,1.1563,1.3168,0.6392,1.0895,1.192,0.6704,1.5531,1.0449,0.764,0.822,0.7373,0.5233,0.8131,0.8755,1.1162,0.7284,0.6418,0.5074,1.0672,1.3525,0.8175,0.9869,0.9825,1.0181,1.036,1.085
12/11/2022,6.4298,0.1251,0.1313,0.1359,0.1208,0.12,0.1219,0.1181,0.1257,0.1477,0.1251,0.1185,0.1492,0.1472,0.1489,0.148,0.1472,0.1389,0.1401,0.1375,0.132,0.1318,0.151,0.1382,0.1428,0.1408,0.1365,0.1406,0.1506,0.1305,0.1389,0.1514,0.1463,0.1417,0.1431,0.1458,0.1428,0.1408,0.1298,0.0495,0.0827,0.1312,0.1241,0.1445,0.1375,0.1395,0.1247,0.1332,0.1404
12/10/2022,32.4487,0.5578,0.7657,0.4576,0.8855,1.3182,0.7999,0.8317,0.6581,0.6165,0.6287,0.9246,0.663,0.619,0.4478,0.6752,0.6483,0.6239,0.4649,0.6214,0.751,0.5187,0.7583,0.7583,0.4576,0.5627,0.5114,0.8928,0.5041,0.5945,0.6239,0.5432,0.5505,0.3892,0.5334,0.5358,0.5701,0.6679,0.751,1.5534,1.1612,0.7583,0.4209,0.7681,0.5921,0.5578,0.7388,0.707,0.5089
12/9/2022,32.3288,0.5073,0.5876,0.7481,0.9452,0.8625,0.8503,0.7627,0.9063,0.7919,0.5876,1.0182,0.4659,0.5657,0.4756,0.4951,0.6897,0.5073,0.7554,0.6411,0.6265,0.5438,0.7335,0.4902,0.6459,0.5292,0.4343,0.5535,0.41,0.5194,0.4975,0.3783,0.3929,0.371,0.5462,0.4489,0.5121,0.6338,0.4294,2.8175,2.0677,0.736,0.7311,0.7287,0.4489,0.4732,0.4367,0.4683,0.5608
12/8/2022,43.1445,0.7922,0.9539,0.6833,1.6217,1.6076,0.982,1.4108,1.5022,1.2878,0.8731,0.7606,0.9574,0.8625,0.7325,0.8063,1.0066,0.5954,0.6411,0.7079,0.9117,0.7255,0.975,0.7747,0.5462,0.5743,0.5989,1.091,0.6025,1.0312,0.8555,0.4795,0.6376,0.5427,0.4232,0.5357,0.6376,0.8133,0.7606,2.5777,1.8957,0.7641,0.6974,0.9539,0.8098,0.7922,0.8836,0.7852,0.6833
12/7/2022,32.2683,0.6278,0.5962,0.8049,0.7491,1.0306,0.8462,1.0816,0.9675,0.5137,0.6375,0.6156,0.5525,0.6302,0.5889,0.5404,0.5647,0.5938,0.5501,0.504,0.7176,0.5064,0.4045,0.8389,0.6375,0.3899,0.652,0.9335,0.4846,0.97,0.5744,0.5428,0.5258,0.4118,0.4991,0.5258,0.6011,0.5889,0.4652,1.8287,1.3586,0.5113,0.6569,0.6884,0.5283,0.6666,0.7467,0.5477,0.47
12/6/2022,32.0281,0.6232,0.8106,0.4646,0.8298,1.2648,0.8899,1.1038,0.652,0.6809,0.5872,0.5487,0.4406,0.479,0.491,0.6544,0.6953,0.4622,0.6689,0.7121,0.6352,0.6088,0.6112,0.4502,0.5439,0.4502,0.4886,0.777,0.4862,0.9836,0.5944,0.3637,0.5607,0.4574,0.3661,0.5295,0.5655,0.6136,0.6929,2.0739,1.5345,0.5031,0.6304,0.6256,0.3949,0.628,0.6665,0.6689,0.4646
12/5/2022,34.7922,0.5418,0.657,0.8365,1.0321,1.0053,0.7052,1.1848,0.8445,0.9249,0.9945,0.6623,0.5552,0.6784,0.598,0.5364,0.5819,0.6516,0.5418,0.8177,0.5659,0.6436,0.4319,0.7373,0.5042,0.4801,0.4426,0.882,0.5284,0.874,0.523,0.3462,0.6087,0.4078,0.4426,0.5042,0.5605,0.7909,0.5471,2.4681,1.8171,0.7856,0.4721,0.5712,0.6007,0.7293,0.7936,0.6436,0.74
12/4/2022,33.7105,0.7194,0.7606,0.5369,0.8634,1.154,1.0974,0.8351,1.0665,0.5703,0.6783,1.1205,0.8686,0.6449,0.6629,0.7117,0.5215,0.5112,0.6423,0.776,0.6063,0.7477,0.5909,0.8583,0.6089,0.4109,0.5755,0.8789,0.4932,0.794,0.6012,0.5086,0.5086,0.4546,0.3646,0.4186,0.5498,0.6835,0.4958,2.0323,1.5046,0.6063,0.5009,0.4546,0.686,0.5266,0.488,0.5523,0.4675
12/3/2022,48.4927,0.9279,0.8793,0.9158,1.7135,1.673,1.183,1.7985,1.3045,0.7579,1.1223,1.1425,0.7538,0.6283,0.8186,0.9239,1.0494,1.1021,1.1021,0.8024,1.0616,0.9968,0.8469,1.2721,0.8307,0.5352,0.766,1.3734,0.5999,1.3653,0.8469,0.4825,0.7862,0.6242,0.5109,0.7174,0.8469,0.6242,0.9806,2.8408,2.0844,0.9036,1.1466,1.0535,0.5756,0.7781,1.098,0.7619,0.5837
12/2/2022,42.3034,0.8939,0.9831,0.7738,1.4771,1.0174,1.1683,0.9968,1.038,1.062,1.3364,0.7533,1.0688,0.5783,0.616,0.9556,0.6744,0.7258,0.6366,0.7944,0.839,0.887,0.6949,0.5989,0.8699,0.5303,0.6263,0.5852,0.5166,1.2301,0.6366,0.4891,0.7121,0.5817,0.6435,0.7018,0.6778,0.8493,0.7567,2.9395,2.1552,0.6538,0.9694,0.8047,0.9076,0.791,0.5852,0.9556,0.5646
12/1/2022,50.1152,1.2911,0.9542,0.8742,1.826,2.0197,1.0048,1.1859,1.4133,0.87,1.1816,1.5228,1.0595,0.891,0.8321,0.8195,0.7605,0.9332,0.9416,1.089,0.8531,0.7689,0.8321,1.2617,0.8658,1.0385,0.71,0.6341,0.6636,1.4722,0.7942,0.6763,0.5878,0.5246,0.6636,0.7521,0.7984,1.0174,0.9205,3.2226,2.3583,1.0932,1.1185,0.6847,0.7268,0.8531,0.7815,0.9921,0.9795
11/30/2022,37.8567,0.5906,0.6862,0.6056,1.2296,0.8623,0.7996,0.713,0.7519,0.9161,0.6175,0.9071,0.9579,0.7041,0.6593,0.6235,0.6772,0.5608,0.7489,0.8175,0.6294,0.513,0.5339,0.6294,0.8504,0.6683,0.6683,0.5458,0.51,0.9967,0.7608,0.5578,0.5906,0.4234,0.6265,0.5936,0.5966,0.728,0.8474,3.4755,2.5396,0.6862,0.5518,0.6026,0.5488,0.8832,0.6294,0.7459,0.4951
11/29/2022,31.7275,0.5273,0.7954,0.8049,1.1442,0.9236,0.8215,0.869,0.627,0.7266,0.6246,0.8666,0.4467,0.5226,0.6199,0.7219,0.6436,0.5107,0.7148,0.5131,0.7361,0.449,0.71,0.7029,0.4704,0.4206,0.5107,0.589,0.468,0.6816,0.5843,0.5392,0.3802,0.5439,0.3612,0.5297,0.5155,0.5866,0.5487,1.5872,1.1854,0.7124,0.5131,0.6294,0.6436,0.6056,0.7456,0.6626,0.691
11/28/2022,34.1313,0.4985,0.8696,0.5665,0.799,1.3452,1.2224,1.0813,1.0656,0.7703,0.6292,0.8017,0.5273,0.6266,0.6579,0.7651,0.637,0.509,0.7598,0.5926,0.786,0.6527,0.7703,0.8748,0.7546,0.5717,0.6815,0.9271,0.4567,0.8278,0.6031,0.3914,0.5691,0.4463,0.556,0.3914,0.6187,0.6527,0.6475,0.9641,0.7385,0.7781,0.8226,0.7206,0.799,0.6736,0.5299,0.5717,0.6292
11/27/2022,46.5096,0.6442,0.7982,0.7097,1.0447,1.5646,1.2218,0.9446,0.9869,1.1179,1.3682,0.829,0.6981,0.6711,0.9792,0.8367,0.7597,1.01,0.9446,0.7366,1.0716,0.6788,0.8637,0.9523,1.0832,0.6788,0.7443,0.856,0.6981,1.1063,0.6904,0.6865,0.7058,0.5325,0.5441,0.5749,0.6827,1.0293,0.8868,3.7482,2.7352,1.0408,0.829,0.8907,0.9715,0.7674,0.6673,0.933,0.9946
11/26/2022,31.0664,0.6049,0.7272,0.4573,0.6949,1.2646,0.9371,0.771,0.7895,0.5749,0.4965,0.515,0.6603,0.4573,0.5265,0.5473,0.4412,0.5219,0.6695,0.6926,0.5219,0.4389,0.395,0.5034,0.5011,0.6072,0.4019,0.5265,0.4365,0.7549,0.6488,0.3789,0.3973,0.365,0.4504,0.4873,0.5473,0.7456,0.4804,2.7633,2.0288,0.5127,0.3835,0.6142,0.4296,0.6418,0.6441,0.4342,0.6764
11/25/2022,26.9205,0.6302,0.5999,0.6889,0.5981,0.7305,0.5413,0.6756,0.8346,0.4883,0.7362,0.7191,0.6908,0.4675,0.4429,0.511,0.4297,0.5867,0.4334,0.4543,0.564,0.4997,0.6132,0.6359,0.6245,0.4997,0.5697,0.7437,0.3748,0.7135,0.5072,0.2991,0.4013,0.301,0.3067,0.4637,0.4164,0.511,0.5924,1.1154,0.847,0.6226,0.4599,0.3918,0.424,0.6245,0.6378,0.4543,0.4467
11/24/2022,29.6846,0.7673,0.7218,0.5873,0.8866,0.8996,0.6372,0.8758,0.6351,0.8454,0.4486,0.8736,0.5418,0.6134,0.403,0.5678,0.6524,0.5657,0.6849,0.5071,0.6307,0.4594,0.5722,0.6893,0.3922,0.5765,0.6459,0.6697,0.4442,0.6285,0.5527,0.4659,0.5158,0.4616,0.3792,0.3987,0.5115,0.5873,0.6502,1.4535,1.0895,0.5136,0.4637,0.4551,0.544,0.5613,0.737,0.4551,0.4659
11/23/2022,25.5982,0.6137,0.5609,0.4764,0.6084,0.6665,0.5626,0.8952,0.7633,0.5098,0.6084,0.5961,0.5978,0.4799,0.4377,0.4148,0.4148,0.4905,0.3814,0.5591,0.5837,0.4799,0.4746,0.6119,0.4482,0.3356,0.3655,0.3778,0.3884,0.6788,0.413,0.3444,0.3497,0.4447,0.3814,0.3215,0.4042,0.5362,0.4377,1.3381,1.0068,0.4465,0.67,0.443,0.5767,0.5186,0.5767,0.4359,0.5714
11/22/2022,39.1189,0.8077,0.7019,0.9229,1.2029,0.9664,0.8108,0.8793,1.4519,0.9571,1.0193,0.8388,0.9695,0.6583,0.6863,0.8046,0.7673,0.5992,0.8731,0.8451,0.677,0.7237,0.7112,0.8762,0.7953,0.7424,0.7673,1.0691,0.5557,0.705,0.6708,0.3658,0.537,0.6148,0.6179,0.5308,0.6863,0.7144,0.817,1.7089,1.2727,0.8419,0.9882,0.8482,0.6459,0.87,0.705,0.565,0.733
11/21/2022,34.6121,0.808,0.5259,0.7388,0.8453,0.981,1.1167,1.287,0.6856,0.5153,0.5792,0.9012,0.502,0.4807,0.5446,0.7415,0.6084,0.6883,0.6616,0.6537,0.635,0.7202,0.4461,0.675,0.6829,0.6616,0.6483,0.6537,0.5446,0.6324,0.675,0.4195,0.5499,0.3769,0.5392,0.47,0.6137,0.6483,0.4541,2.5394,1.8683,0.478,0.8533,0.6909,0.4354,0.651,0.7096,0.808,0.667
11/20/2022,24.3367,0.4003,0.4934,0.5881,0.6878,1.0015,0.8316,0.7466,0.5212,0.6421,0.6992,0.7384,0.5212,0.3562,0.3643,0.4967,0.5555,0.4689,0.4264,0.433,0.5195,0.4182,0.4346,0.5114,0.4607,0.3856,0.4624,0.6143,0.3447,0.4869,0.4918,0.4101,0.3872,0.397,0.3856,0.4215,0.4428,0.5326,0.5244,0.3626,0.3072,0.5751,0.5832,0.348,0.5555,0.5179,0.4411,0.5359,0.5065
11/19/2022,14.121,0.3203,0.3105,0.2346,0.3509,0.4752,0.3007,0.3644,0.3203,0.3111,0.297,0.3026,0.3344,0.2456,0.2444,0.3087,0.2762,0.2713,0.2989,0.2554,0.3032,0.2609,0.2291,0.2866,0.3209,0.2487,0.2713,0.3356,0.2352,0.3301,0.2891,0.264,0.2573,0.2634,0.2579,0.256,0.2756,0.3197,0.2928,0.413,0.3433,0.242,0.2952,0.2597,0.2811,0.2775,0.3307,0.2671,0.2915
11/18/2022,24.7572,0.6124,0.5873,0.5236,0.8051,0.7264,0.5119,0.7062,0.6359,0.6761,0.594,0.7682,0.6342,0.48,0.5186,0.4817,0.3895,0.5102,0.4314,0.4448,0.4298,0.3979,0.4599,0.4733,0.5219,0.351,0.3946,0.3476,0.3895,0.6878,0.3946,0.2873,0.408,0.4013,0.3158,0.3644,0.4482,0.356,0.5236,1.2431,0.9386,0.3812,0.5353,0.3359,0.5387,0.3845,0.4147,0.5018,0.4934
11/17/2022,24.6972,0.5858,0.5707,0.6175,0.7093,0.9581,0.7527,0.5373,0.8128,0.5474,0.3904,0.3921,0.4138,0.4088,0.3887,0.519,0.4539,0.4388,0.5257,0.5724,0.5307,0.4372,0.4655,0.5774,0.4589,0.5006,0.4422,0.3487,0.3887,0.7294,0.4956,0.3403,0.4038,0.3804,0.3821,0.337,0.4655,0.5273,0.5056,0.7268,0.5683,0.5073,0.6158,0.5223,0.4288,0.5156,0.5624,0.4923,0.4455
11/16/2022,19.89,0.3819,0.3807,0.4853,0.5281,0.5483,0.5222,0.3652,0.452,0.4508,0.4282,0.4675,0.4259,0.3248,0.3189,0.4009,0.3985,0.4259,0.4152,0.3617,0.3854,0.4318,0.3533,0.3771,0.3926,0.3046,0.4092,0.3712,0.2868,0.3521,0.3474,0.3557,0.3355,0.3022,0.3486,0.2761,0.3545,0.3843,0.3545,1.118,0.849,0.3605,0.4294,0.3355,0.3462,0.4057,0.4556,0.4378,0.3474
11/15/2022,27.6413,0.4947,0.5025,0.5281,0.9739,0.8148,0.6066,0.7559,0.7107,0.5359,0.5536,0.86,0.4691,0.5674,0.4024,0.4259,0.4868,0.532,0.6538,0.4652,0.6302,0.585,0.4593,0.6577,0.5261,0.3867,0.5261,0.479,0.3788,0.7107,0.5457,0.3238,0.4711,0.4456,0.31,0.4358,0.4259,0.5713,0.5654,1.6559,1.2347,0.4849,0.4456,0.5261,0.4809,0.4947,0.4004,0.6106,0.534
11/14/2022,33.4101,0.4894,0.6698,0.5809,1.0281,1.2542,0.7994,0.9264,0.7384,0.9036,0.5554,1.1627,0.5097,0.4716,0.6418,0.6012,0.6977,0.6545,0.624,0.7282,0.5199,0.6012,0.7689,0.5936,0.84,0.4665,0.5402,0.6215,0.4589,0.5275,0.6266,0.3344,0.5453,0.4614,0.4589,0.4462,0.525,0.7257,0.6164,2.1126,1.5622,0.5732,0.6545,0.7968,0.5504,0.7638,0.4487,0.5732,0.6596
11/13/2022,16.0444,0.3171,0.3549,0.2745,0.4571,0.3509,0.3806,0.486,0.3951,0.379,0.2785,0.2793,0.2552,0.2672,0.2584,0.2889,0.3581,0.2954,0.3235,0.3115,0.3026,0.2664,0.3211,0.2728,0.2777,0.2785,0.2825,0.3863,0.264,0.3123,0.2777,0.2318,0.2367,0.2334,0.272,0.2865,0.2785,0.3557,0.3284,0.8656,0.6679,0.3646,0.3831,0.2801,0.2785,0.3589,0.3887,0.3324,0.3485
11/12/2022,12.5588,0.2392,0.2551,0.2898,0.3112,0.2884,0.3157,0.2629,0.2838,0.22,0.3089,0.2633,0.2747,0.225,0.2428,0.2282,0.2442,0.2309,0.2665,0.241,0.2651,0.2492,0.2332,0.2405,0.2287,0.2082,0.2191,0.261,0.2123,0.2606,0.2355,0.205,0.2259,0.2077,0.225,0.2113,0.2396,0.2528,0.225,0.7314,0.5716,0.2287,0.2227,0.2711,0.2287,0.225,0.23,0.225,0.2273
11/11/2022,22.5336,0.4123,0.373,0.4603,0.4951,0.7902,0.6783,0.6143,0.6448,0.5998,0.3789,0.4733,0.4399,0.4443,0.373,0.3411,0.4544,0.4908,0.453,0.5009,0.4239,0.4283,0.3149,0.514,0.5475,0.3033,0.3672,0.3585,0.3527,0.6172,0.4762,0.2626,0.3585,0.373,0.3454,0.3701,0.3672,0.3701,0.4791,1.0875,0.8271,0.4733,0.4632,0.3149,0.5213,0.3818,0.5227,0.4196,0.4748
11/10/2022,20.2502,0.4239,0.4644,0.37,0.4362,0.5085,0.5967,0.6898,0.4472,0.3639,0.5048,0.5293,0.3663,0.3651,0.4153,0.3247,0.3198,0.4325,0.3504,0.3798,0.3884,0.3063,0.4337,0.3896,0.3088,0.4031,0.4337,0.3161,0.3222,0.3553,0.3406,0.2487,0.3712,0.2941,0.3137,0.3235,0.3602,0.3761,0.3565,1.2739,0.9607,0.3725,0.4019,0.3063,0.3823,0.3222,0.4864,0.4166,0.397
11/9/2022,17.4262,0.3335,0.3599,0.4174,0.473,0.5569,0.4768,0.5277,0.3712,0.4862,0.4429,0.3175,0.4297,0.2779,0.358,0.3731,0.3165,0.3354,0.2939,0.3401,0.3948,0.3363,0.2788,0.3429,0.309,0.326,0.3137,0.4532,0.2609,0.3203,0.3062,0.2355,0.3128,0.3109,0.2449,0.3062,0.3052,0.3165,0.3863,0.7749,0.6029,0.3514,0.2845,0.3222,0.3627,0.2883,0.2996,0.3147,0.277
11/8/2022,19.2289,0.4474,0.362,0.3497,0.4384,0.7023,0.4788,0.6461,0.4822,0.5743,0.3542,0.5529,0.3149,0.3385,0.2936,0.4126,0.4249,0.4058,0.3957,0.3609,0.4025,0.3879,0.4407,0.3497,0.389,0.371,0.3823,0.4081,0.3082,0.4047,0.3497,0.2554,0.2587,0.3396,0.2812,0.2879,0.3227,0.4496,0.3587,0.8317,0.6436,0.3733,0.3935,0.3059,0.2711,0.4081,0.3183,0.3216,0.279
11/7/2022,14.3017,0.3129,0.2524,0.2851,0.4011,0.4855,0.3248,0.4068,0.4005,0.3702,0.3431,0.2984,0.2832,0.253,0.2902,0.2486,0.2858,0.2618,0.2814,0.2612,0.2719,0.27,0.2448,0.3362,0.2309,0.27,0.2826,0.3589,0.2297,0.3463,0.2965,0.2253,0.2297,0.2555,0.2164,0.2398,0.2486,0.2473,0.2398,0.538,0.433,0.3255,0.2662,0.2599,0.2908,0.2732,0.3066,0.2643,0.258
11/6/2022,22.7742,0.508,0.5508,0.5375,0.57,0.731,0.7296,0.5552,0.7296,0.666,0.3986,0.6586,0.5227,0.4075,0.3883,0.5065,0.4887,0.4784,0.4341,0.4681,0.4725,0.4533,0.4695,0.3602,0.4887,0.4223,0.3706,0.4548,0.3454,0.6025,0.4518,0.3055,0.3676,0.3233,0.3528,0.3573,0.3602,0.4296,0.3927,0.855,0.6603,0.3351,0.4016,0.3159,0.4917,0.4001,0.3957,0.471,0.338
11/5/2022,31.3069,0.4697,0.7983,0.5489,0.7377,1.0174,0.9358,0.6818,0.8216,0.4976,0.7796,0.8053,0.6584,0.6048,0.5466,0.6095,0.6328,0.5303,0.6864,0.6678,0.5745,0.5722,0.6212,0.4813,0.5326,0.5186,0.6515,0.9195,0.479,0.8915,0.4836,0.5233,0.4906,0.4324,0.444,0.5326,0.5069,0.5372,0.5069,1.7289,1.287,0.6957,0.6445,0.6957,0.3904,0.7097,0.4557,0.5466,0.423
11/4/2022,22.3537,0.4021,0.4322,0.4911,0.5958,0.6949,0.7064,0.458,0.5628,0.603,0.4896,0.6418,0.3289,0.3906,0.4652,0.4595,0.3863,0.4925,0.3762,0.4954,0.5068,0.3346,0.3662,0.4379,0.4336,0.3978,0.326,0.4265,0.3547,0.593,0.4609,0.3432,0.4064,0.3418,0.3088,0.3045,0.3719,0.5155,0.4781,1.0469,0.7979,0.3676,0.3848,0.4552,0.4107,0.4193,0.392,0.4207,0.4781
11/3/2022,21.1517,0.3837,0.4113,0.4994,0.4613,0.5691,0.5481,0.598,0.673,0.5652,0.5112,0.4179,0.4692,0.3613,0.4415,0.3271,0.4836,0.3363,0.4139,0.4166,0.3521,0.36,0.4271,0.4166,0.3429,0.3034,0.3889,0.5178,0.314,0.5454,0.4323,0.3205,0.3416,0.264,0.2785,0.31,0.3666,0.4323,0.3561,1.1432,0.867,0.4613,0.4652,0.4139,0.3258,0.3534,0.3797,0.335,0.4494
11/2/2022,20.4307,0.3494,0.4762,0.4749,0.6316,0.7298,0.511,0.4638,0.4426,0.383,0.4277,0.3917,0.4936,0.3593,0.3569,0.3444,0.3569,0.46,0.3631,0.4613,0.4277,0.3867,0.4575,0.3295,0.3121,0.332,0.3593,0.3133,0.2935,0.337,0.3593,0.245,0.2773,0.3581,0.2674,0.3593,0.3581,0.4265,0.3395,1.2793,0.9646,0.3879,0.3705,0.3158,0.3643,0.3718,0.5035,0.4613,0.3954
11/1/2022,13.1598,0.2802,0.2456,0.2461,0.2962,0.3003,0.306,0.3916,0.324,0.3457,0.2859,0.2497,0.2673,0.2642,0.2425,0.2719,0.2869,0.2719,0.2853,0.2926,0.2601,0.2688,0.2301,0.2343,0.2337,0.2327,0.2673,0.2833,0.2296,0.2962,0.2405,0.2074,0.241,0.2384,0.2291,0.241,0.2379,0.2245,0.2797,0.569,0.4552,0.2967,0.2234,0.2203,0.241,0.2518,0.2611,0.2724,0.2394
10/31/2022,5.468,0.1112,0.1251,0.1363,0.0991,0.0844,0.077,0.0563,0.0892,0.0808,0.1213,0.1203,0.0955,0.1183,0.1193,0.1196,0.1188,0.1363,0.1231,0.1051,0.1122,0.1224,0.1419,0.1264,0.1211,0.1383,0.1158,0.0882,0.1381,0.1054,0.1181,0.1467,0.1467,0.132,0.136,0.1279,0.1254,0.1279,0.1074,0.0242,0.0645,0.1135,0.1254,0.1368,0.1165,0.1274,0.1016,0.1122,0.131
10/30/2022,5.8883,0.1344,0.1318,0.1335,0.1168,0.0651,0.0799,0.1318,0.0845,0.1147,0.1327,0.1143,0.1344,0.1295,0.1323,0.1228,0.1333,0.1268,0.1318,0.1291,0.1274,0.1337,0.1225,0.1128,0.1145,0.1447,0.1335,0.1111,0.1394,0.1225,0.128,0.1396,0.1403,0.1331,0.1494,0.1487,0.1358,0.1371,0.1386,0.0234,0.0639,0.1396,0.1164,0.1266,0.1149,0.1143,0.116,0.1371,0.1439
10/29/2022,16.765,0.3227,0.2911,0.3648,0.5234,0.4498,0.3446,0.3823,0.4279,0.2675,0.4664,0.5015,0.3779,0.3095,0.3437,0.3025,0.3087,0.313,0.377,0.3218,0.3577,0.2718,0.2578,0.3858,0.2718,0.3008,0.3288,0.3656,0.2824,0.4016,0.3244,0.2911,0.2412,0.2867,0.2946,0.2517,0.3113,0.3034,0.3148,0.7389,0.577,0.3867,0.3297,0.278,0.3315,0.3052,0.2938,0.3192,0.3656
10/28/2022,21.3319,0.3693,0.36,0.3853,0.6853,0.7773,0.452,0.4066,0.6186,0.5626,0.4226,0.352,0.3626,0.392,0.3506,0.4026,0.4266,0.464,0.452,0.492,0.4373,0.3293,0.4586,0.456,0.508,0.3213,0.3866,0.5773,0.3253,0.6,0.404,0.3227,0.264,0.32,0.3307,0.2973,0.3653,0.3133,0.3906,1.1457,0.8688,0.3267,0.4106,0.3773,0.3706,0.412,0.4693,0.388,0.4213
10/27/2022,20.8512,0.407,0.4725,0.3093,0.6884,0.664,0.6833,0.4186,0.7026,0.4288,0.4147,0.6679,0.4738,0.3235,0.3787,0.4057,0.4661,0.3967,0.4622,0.3749,0.4635,0.3851,0.4661,0.4083,0.4507,0.3427,0.3582,0.3402,0.3299,0.4224,0.3761,0.308,0.3813,0.299,0.371,0.2708,0.371,0.4841,0.4507,0.7549,0.5885,0.3684,0.4018,0.398,0.4468,0.3363,0.3312,0.3684,0.4391
10/26/2022,21.4523,0.4371,0.4895,0.3523,0.7209,0.6631,0.62,0.4788,0.6684,0.3106,0.5527,0.5635,0.4357,0.4276,0.4075,0.464,0.4761,0.3752,0.3362,0.4868,0.3806,0.4021,0.4384,0.542,0.4855,0.3967,0.3577,0.5837,0.3415,0.5043,0.4451,0.2945,0.3012,0.3779,0.3066,0.3415,0.3415,0.4922,0.4155,0.4824,0.3931,0.4989,0.5366,0.3738,0.3819,0.4263,0.5272,0.3631,0.4545
10/25/2022,22.7139,0.5036,0.408,0.3432,0.7655,0.8067,0.5757,0.7258,0.7876,0.4712,0.6243,0.636,0.4933,0.3491,0.3888,0.4359,0.4256,0.4359,0.4963,0.4477,0.4683,0.3432,0.3653,0.5301,0.3403,0.4168,0.4021,0.5507,0.3153,0.6611,0.3624,0.3565,0.3653,0.3329,0.3682,0.3462,0.3741,0.4242,0.5095,0.6328,0.501,0.5684,0.4139,0.4271,0.5007,0.5021,0.486,0.3521,0.3771
10/24/2022,19.2886,0.4252,0.4376,0.4376,0.5821,0.6385,0.4703,0.3992,0.6385,0.5076,0.4692,0.5821,0.3428,0.3563,0.3733,0.38,0.3292,0.3563,0.3778,0.3292,0.3992,0.3608,0.406,0.3563,0.3416,0.2694,0.397,0.3676,0.3179,0.5369,0.3924,0.2525,0.2694,0.336,0.2694,0.3326,0.336,0.4105,0.2999,0.782,0.608,0.4432,0.2852,0.3315,0.3281,0.3157,0.4681,0.336,0.3066
10/23/2022,14.9623,0.3345,0.3421,0.2509,0.3526,0.4939,0.3567,0.3804,0.3017,0.244,0.3031,0.3268,0.2809,0.2878,0.2906,0.2843,0.3359,0.2795,0.301,0.2676,0.2899,0.2572,0.246,0.2913,0.3491,0.2822,0.2586,0.2488,0.2655,0.2586,0.2864,0.2349,0.2718,0.2272,0.2753,0.2453,0.2878,0.2976,0.2405,0.8612,0.6648,0.324,0.2335,0.2899,0.2774,0.2732,0.3003,0.3268,0.2829
10/22/2022,9.314,0.1928,0.1979,0.1903,0.2128,0.2183,0.2129,0.2157,0.2161,0.2004,0.195,0.2137,0.1908,0.1901,0.1815,0.197,0.1834,0.1957,0.1965,0.191,0.1952,0.1831,0.1939,0.1859,0.1912,0.181,0.1826,0.2025,0.1852,0.1981,0.1928,0.1814,0.1794,0.1831,0.1816,0.1798,0.1882,0.1889,0.1861,0.2197,0.2047,0.1885,0.1877,0.1961,0.1933,0.1895,0.1985,0.1981,0.186
10/21/2022,10.6359,0.2294,0.2357,0.2254,0.2381,0.2634,0.2418,0.2186,0.2755,0.2136,0.2207,0.241,0.2212,0.2173,0.2186,0.2094,0.2149,0.2133,0.1983,0.2305,0.2307,0.2152,0.207,0.2302,0.227,0.2033,0.2191,0.2004,0.2023,0.2415,0.2149,0.1994,0.2083,0.1925,0.1904,0.1917,0.2007,0.2186,0.197,0.2967,0.2599,0.207,0.2004,0.2283,0.2312,0.2231,0.2252,0.2236,0.2236
10/20/2022,19.3491,0.3346,0.3653,0.447,0.4198,0.5559,0.5457,0.4765,0.5639,0.3006,0.4561,0.447,0.321,0.3153,0.3517,0.4266,0.3085,0.3641,0.4186,0.3483,0.4209,0.3868,0.2983,0.4572,0.2836,0.2904,0.3914,0.3755,0.287,0.4617,0.3312,0.3403,0.3267,0.3369,0.3199,0.338,0.3539,0.3233,0.4413,1.1085,0.8421,0.3244,0.2768,0.3596,0.3721,0.3902,0.3868,0.3403,0.4175
10/19/2022,18.5677,0.3178,0.3484,0.433,0.4192,0.4118,0.3854,0.6221,0.4922,0.4383,0.4372,0.3389,0.3421,0.3199,0.3949,0.3093,0.4108,0.2924,0.4277,0.3696,0.3157,0.3146,0.3495,0.3727,0.4288,0.3579,0.3516,0.3072,0.3178,0.3854,0.3823,0.2491,0.266,0.3125,0.3083,0.2797,0.3558,0.3474,0.3114,1.1194,0.8499,0.2977,0.303,0.3083,0.3939,0.3516,0.4245,0.3368,0.3579
10/18/2022,16.825,0.3944,0.284,0.3873,0.397,0.4173,0.4411,0.4561,0.5091,0.4694,0.3414,0.4544,0.3167,0.292,0.3273,0.3264,0.2832,0.2796,0.3405,0.3688,0.3052,0.3564,0.3388,0.2805,0.3652,0.3167,0.2584,0.4288,0.2849,0.3396,0.2999,0.2752,0.2867,0.2576,0.2637,0.2584,0.2885,0.2735,0.2823,0.7366,0.5754,0.3899,0.3546,0.2699,0.3246,0.3352,0.4014,0.2876,0.3035
10/17/2022,12.1982,0.2196,0.2305,0.2187,0.3401,0.2758,0.2905,0.2494,0.3115,0.2179,0.238,0.2657,0.2536,0.2401,0.2254,0.2208,0.2364,0.2485,0.2275,0.2393,0.2322,0.2317,0.2389,0.2536,0.2246,0.2128,0.2259,0.254,0.2217,0.2594,0.2364,0.2024,0.2183,0.2141,0.2187,0.2019,0.228,0.2326,0.2548,0.6305,0.4993,0.2254,0.2271,0.2649,0.2636,0.2628,0.2435,0.2246,0.2452
10/16/2022,16.2844,0.3614,0.392,0.3804,0.4541,0.4077,0.4169,0.5047,0.3705,0.3324,0.3837,0.3903,0.2818,0.3067,0.2735,0.3009,0.2901,0.3315,0.2694,0.3274,0.3348,0.3025,0.3216,0.3597,0.339,0.3083,0.3034,0.4401,0.2503,0.2835,0.2777,0.2495,0.2694,0.2843,0.2611,0.2951,0.2901,0.3116,0.2793,0.7022,0.5507,0.3042,0.281,0.2893,0.3216,0.3456,0.3332,0.2735,0.3464
10/15/2022,14.3615,0.2716,0.2799,0.2608,0.3512,0.4243,0.3753,0.376,0.3047,0.3092,0.3372,0.3098,0.243,0.2901,0.2627,0.2621,0.299,0.2945,0.2653,0.271,0.2576,0.2468,0.3041,0.2933,0.2735,0.2856,0.2729,0.3397,0.2373,0.285,0.278,0.2506,0.2519,0.2201,0.2379,0.2665,0.2748,0.3155,0.2844,0.6879,0.5405,0.2812,0.2824,0.2933,0.2506,0.2685,0.2456,0.2716,0.2767
10/14/2022,12.0181,0.2575,0.2675,0.2117,0.3081,0.3724,0.3149,0.321,0.2547,0.2446,0.247,0.2731,0.2663,0.2233,0.2394,0.2575,0.235,0.2595,0.2603,0.2277,0.2643,0.2237,0.2366,0.2462,0.2089,0.2189,0.239,0.2571,0.2137,0.2257,0.2466,0.2217,0.2133,0.2209,0.2064,0.2193,0.2298,0.2579,0.2426,0.3782,0.3184,0.2217,0.2382,0.2458,0.2458,0.2563,0.2137,0.2241,0.2418
10/13/2022,15.2031,0.2553,0.323,0.3129,0.4548,0.4793,0.4325,0.3698,0.3158,0.3907,0.3424,0.4159,0.2877,0.2999,0.2661,0.3179,0.3381,0.3388,0.3244,0.3222,0.2956,0.3014,0.3258,0.2632,0.3129,0.2567,0.3122,0.31,0.2697,0.2927,0.3086,0.2416,0.2524,0.2495,0.2502,0.2639,0.2639,0.2761,0.2884,0.4448,0.3661,0.3511,0.2985,0.3014,0.2653,0.2646,0.3467,0.3359,0.3064
10/12/2022,12.198,0.2464,0.259,0.2515,0.2981,0.3694,0.2783,0.338,0.3338,0.2796,0.2796,0.2401,0.2439,0.2271,0.2288,0.2439,0.2275,0.2397,0.2464,0.2464,0.254,0.2267,0.2385,0.2338,0.2687,0.2099,0.2301,0.2771,0.2141,0.2779,0.2435,0.1994,0.2011,0.217,0.1982,0.2326,0.2246,0.233,0.2296,0.4549,0.3734,0.2166,0.2452,0.2355,0.238,0.2334,0.2162,0.2553,0.2422
10/11/2022,15.4433,0.2575,0.3193,0.2686,0.3379,0.3989,0.4659,0.4145,0.4711,0.3215,0.3088,0.4584,0.2977,0.3133,0.2694,0.326,0.2887,0.3111,0.3431,0.3066,0.2694,0.2872,0.3059,0.3602,0.346,0.2805,0.2679,0.4101,0.2552,0.3408,0.2999,0.2709,0.2575,0.2686,0.2709,0.2805,0.2686,0.2798,0.2835,0.5837,0.4657,0.3334,0.3088,0.256,0.3483,0.2627,0.2664,0.2657,0.2709
10/10/2022,13.0397,0.2292,0.2927,0.3032,0.2952,0.4161,0.3113,0.2962,0.2609,0.2312,0.2715,0.338,0.2861,0.2523,0.2297,0.2483,0.2675,0.2261,0.2886,0.267,0.2554,0.2725,0.2473,0.2297,0.279,0.2317,0.2579,0.2256,0.2251,0.3229,0.273,0.2428,0.207,0.2241,0.2241,0.2166,0.2337,0.2866,0.271,0.5306,0.4277,0.3012,0.2659,0.2498,0.2337,0.2402,0.2962,0.2347,0.2226
10/9/2022,12.3788,0.2766,0.2363,0.2161,0.3225,0.2735,0.3177,0.2801,0.3278,0.249,0.249,0.3195,0.2337,0.2424,0.2148,0.2621,0.242,0.2218,0.2358,0.2315,0.2599,0.2188,0.2529,0.2249,0.2166,0.2358,0.263,0.2893,0.2113,0.3103,0.2429,0.2337,0.2315,0.2039,0.2214,0.2253,0.2341,0.2232,0.2569,0.4928,0.4006,0.2328,0.2652,0.2551,0.2183,0.2696,0.2494,0.2267,0.2604
10/8/2022,24.6366,0.3796,0.4112,0.521,0.6857,0.6741,0.714,0.6408,0.6242,0.6641,0.719,0.5477,0.516,0.3513,0.4395,0.5077,0.4395,0.5393,0.4146,0.5726,0.4478,0.3796,0.333,0.6325,0.5643,0.378,0.3513,0.6525,0.3996,0.4212,0.4195,0.3829,0.3696,0.4195,0.3364,0.328,0.4645,0.3863,0.5493,1.5347,1.1478,0.4129,0.3231,0.4761,0.3297,0.4794,0.6159,0.4046,0.3347
10/7/2022,13.0393,0.2533,0.2785,0.2665,0.3501,0.3839,0.2896,0.3113,0.2584,0.2478,0.2352,0.2523,0.3078,0.2458,0.2564,0.2584,0.2846,0.2785,0.2725,0.2554,0.2402,0.2599,0.27,0.3032,0.2755,0.2221,0.2407,0.2362,0.2276,0.2806,0.2428,0.2468,0.209,0.2292,0.2246,0.207,0.2483,0.2579,0.2332,0.6089,0.4838,0.2236,0.2806,0.2806,0.2518,0.2654,0.2347,0.2407,0.2281
10/6/2022,15.3831,0.3704,0.2804,0.3033,0.4509,0.5395,0.3608,0.304,0.3653,0.3859,0.2604,0.3712,0.27,0.259,0.2671,0.2626,0.2538,0.3069,0.2693,0.2966,0.3439,0.3114,0.2678,0.3269,0.3483,0.2855,0.321,0.2855,0.2678,0.3291,0.3077,0.2405,0.29,0.2198,0.2494,0.2708,0.2752,0.3505,0.2486,0.7368,0.5755,0.2929,0.2575,0.2841,0.2457,0.2892,0.3601,0.3254,0.2988
10/5/2022,23.3752,0.4065,0.4419,0.4911,0.7678,0.9385,0.5464,0.6156,0.4788,0.7094,0.4496,0.6341,0.4188,0.3742,0.3742,0.4988,0.4311,0.4865,0.4081,0.4311,0.4219,0.3542,0.5034,0.405,0.3773,0.468,0.4526,0.6418,0.322,0.3911,0.448,0.405,0.4127,0.282,0.2958,0.3788,0.4327,0.3373,0.5311,1.3826,1.0387,0.3389,0.3358,0.4726,0.3635,0.5418,0.4434,0.3466,0.3481
10/4/2022,13.2198,0.305,0.2361,0.2439,0.3462,0.3003,0.3107,0.3316,0.293,0.2846,0.3139,0.2361,0.2324,0.233,0.2533,0.2528,0.2852,0.2799,0.2345,0.246,0.2951,0.2643,0.2309,0.2951,0.2695,0.2366,0.258,0.2648,0.2298,0.2596,0.2632,0.2382,0.2476,0.2392,0.2069,0.2512,0.2507,0.2721,0.2732,0.5901,0.4703,0.2867,0.2888,0.2523,0.2251,0.2591,0.2919,0.2392,0.2518
10/3/2022,13.7607,0.2928,0.3118,0.2802,0.3435,0.4616,0.3406,0.3355,0.3176,0.3141,0.3585,0.294,0.2698,0.256,0.2629,0.2594,0.2393,0.3026,0.2404,0.2652,0.2669,0.2928,0.2652,0.2634,0.2882,0.2237,0.2681,0.2744,0.2277,0.2842,0.2606,0.2151,0.2174,0.2099,0.2548,0.2237,0.2571,0.249,0.2611,0.6018,0.4787,0.2617,0.256,0.3078,0.249,0.2755,0.2802,0.2346,0.2663
10/2/2022,14.1821,0.2928,0.3218,0.3311,0.3033,0.4504,0.409,0.2909,0.4022,0.2353,0.2965,0.2996,0.2693,0.2433,0.2532,0.26,0.3101,0.2829,0.3008,0.2977,0.2551,0.2656,0.2693,0.2656,0.2495,0.2792,0.231,0.2378,0.2452,0.3719,0.2606,0.2483,0.2112,0.2378,0.2279,0.2563,0.2489,0.2841,0.2977,0.6703,0.5278,0.2668,0.3181,0.2507,0.231,0.3206,0.3039,0.2514,0.2483
10/1/2022,34.9126,0.6619,0.7345,0.8502,1.2539,1.1086,0.8664,0.6968,1.114,0.8179,0.7803,0.6269,0.6834,0.53,0.5946,0.53,0.53,0.5542,0.7991,0.5973,0.8233,0.5515,0.4815,0.8449,0.6942,0.5246,0.4708,0.8825,0.5488,0.8825,0.7238,0.3981,0.4654,0.4573,0.5838,0.3847,0.5623,0.6161,0.7345,1.9518,1.4469,0.6834,0.6538,0.6323,0.7991,0.6457,0.7399,0.6188,0.7803
9/30/2022,18.6882,0.4125,0.4178,0.4403,0.4649,0.5194,0.4413,0.3997,0.6059,0.4339,0.3366,0.5236,0.2928,0.3591,0.3355,0.3751,0.2981,0.42,0.3003,0.4146,0.3954,0.3644,0.42,0.3708,0.436,0.2981,0.3366,0.2928,0.2735,0.3088,0.3099,0.25,0.2522,0.2896,0.2447,0.2832,0.3345,0.296,0.2992,1.0841,0.8246,0.3954,0.4542,0.2928,0.311,0.3911,0.3591,0.3409,0.3879
9/29/2022,15.9839,0.2856,0.3599,0.2896,0.4429,0.5044,0.3144,0.3279,0.4804,0.391,0.4349,0.4685,0.3391,0.2593,0.2569,0.3463,0.3559,0.2944,0.3391,0.2824,0.3271,0.2784,0.3184,0.2729,0.3743,0.3032,0.2673,0.4078,0.2529,0.3766,0.3064,0.2912,0.2928,0.2713,0.2401,0.2816,0.2976,0.2832,0.2729,0.6316,0.5001,0.3735,0.2529,0.3335,0.2952,0.304,0.2752,0.2633,0.2657
9/28/2022,14.7221,0.2897,0.3307,0.3354,0.4046,0.3092,0.3139,0.4248,0.3038,0.2897,0.2628,0.2729,0.2856,0.2534,0.2877,0.2715,0.3226,0.3051,0.2957,0.3186,0.2668,0.2756,0.2735,0.3468,0.3435,0.2675,0.2554,0.3435,0.2554,0.2904,0.2917,0.2534,0.2339,0.2608,0.2493,0.2406,0.2541,0.3125,0.2554,0.6533,0.5156,0.293,0.3562,0.2588,0.2823,0.3179,0.3098,0.2735,0.3139
9/27/2022,11.7179,0.2447,0.2195,0.2295,0.3143,0.3377,0.3195,0.2942,0.2555,0.2154,0.2209,0.2325,0.2566,0.2436,0.2384,0.2511,0.2533,0.2206,0.2143,0.2429,0.2481,0.2351,0.2161,0.2354,0.2633,0.2343,0.244,0.2618,0.2128,0.2403,0.2317,0.2102,0.1942,0.2109,0.2072,0.2109,0.231,0.2566,0.2176,0.3806,0.3201,0.2529,0.241,0.2425,0.2288,0.2354,0.2131,0.2314,0.2061
9/26/2022,35.8739,0.8356,0.7799,0.7214,1.0921,1.4433,1.1701,0.9694,1.0503,1.1618,0.766,0.7241,0.5012,0.6405,0.5095,0.7799,0.5513,0.5207,0.8579,0.6015,0.7827,0.7576,0.5039,0.7158,0.6294,0.6182,0.5653,0.6238,0.5374,1.0642,0.7102,0.4789,0.5736,0.4789,0.3785,0.5764,0.5262,0.7158,0.8412,1.6179,1.2074,0.7297,0.6099,0.5123,0.6377,0.7492,0.8133,0.7799,0.4621
9/25/2022,27.1007,0.457,0.6843,0.4742,0.648,1.1122,0.9498,0.7531,0.7435,0.3768,0.6442,0.5353,0.4952,0.3787,0.5028,0.4264,0.5238,0.52,0.4895,0.5219,0.4532,0.4513,0.5334,0.6767,0.6194,0.5124,0.4646,0.7359,0.4398,0.7702,0.5105,0.287,0.4016,0.4474,0.3443,0.3558,0.4646,0.5067,0.3672,1.328,0.9995,0.5047,0.6556,0.4856,0.35,0.4895,0.669,0.6022,0.4379
9/24/2022,27.7019,0.6553,0.4622,0.6395,0.6907,1.0296,0.7085,0.8109,0.7794,0.6927,0.7774,0.8385,0.4445,0.4169,0.4011,0.407,0.4051,0.5765,0.4839,0.4819,0.6198,0.5449,0.606,0.4642,0.6848,0.5627,0.5075,0.5233,0.3932,0.7242,0.5154,0.3676,0.4149,0.3794,0.3637,0.3854,0.4307,0.5489,0.5922,1.3106,0.987,0.6828,0.5233,0.3775,0.4169,0.5824,0.6513,0.4228,0.4169
9/23/2022,26.8005,0.5502,0.4882,0.5784,0.5934,0.7363,0.9281,0.8078,0.6386,0.4374,0.6216,0.616,0.4261,0.5013,0.5634,0.4524,0.522,0.475,0.428,0.5013,0.6254,0.5803,0.4017,0.6423,0.3735,0.5389,0.4035,0.396,0.3772,0.7683,0.5164,0.3246,0.381,0.3659,0.3641,0.3434,0.4976,0.6085,0.4637,1.5812,1.1811,0.4355,0.6047,0.6085,0.4054,0.4844,0.5972,0.5446,0.5201
9/22/2022,15.7438,0.2689,0.3603,0.3355,0.3967,0.5198,0.4602,0.4114,0.4811,0.3905,0.3215,0.4679,0.3308,0.2526,0.2588,0.2782,0.3107,0.2596,0.3285,0.2882,0.3091,0.3177,0.2402,0.3525,0.2898,0.2766,0.2619,0.3215,0.2518,0.4114,0.3107,0.2542,0.2348,0.2697,0.2844,0.258,0.2759,0.2952,0.3363,0.5901,0.4703,0.2619,0.3564,0.2565,0.2991,0.3122,0.2573,0.3533,0.3138
9/21/2022,12.679,0.2874,0.2701,0.278,0.3454,0.3987,0.3342,0.3477,0.3384,0.2902,0.2654,0.2883,0.2949,0.2556,0.2177,0.2345,0.2303,0.264,0.2588,0.2443,0.2406,0.2598,0.2387,0.2565,0.2312,0.2149,0.2598,0.2228,0.2191,0.2883,0.2308,0.2233,0.2139,0.2411,0.2022,0.2041,0.2331,0.2289,0.2158,0.4054,0.3379,0.235,0.2967,0.234,0.2322,0.2733,0.264,0.2743,0.2574
9/20/2022,10.9962,0.2323,0.2179,0.2494,0.2784,0.3141,0.2305,0.2605,0.2763,0.2563,0.2101,0.2748,0.2065,0.2269,0.2227,0.2191,0.208,0.2086,0.2227,0.2173,0.2347,0.2269,0.2041,0.2242,0.2023,0.202,0.2299,0.2461,0.2059,0.2317,0.2071,0.2047,0.1882,0.2041,0.205,0.2137,0.2155,0.2392,0.2266,0.3094,0.269,0.2236,0.2215,0.2011,0.2377,0.226,0.2113,0.2272,0.2251
9/19/2022,16.7653,0.3236,0.4016,0.2718,0.5182,0.5217,0.4217,0.4463,0.3709,0.3542,0.3946,0.4726,0.3823,0.3148,0.335,0.313,0.3341,0.3376,0.3227,0.3078,0.3639,0.3183,0.3341,0.3946,0.2692,0.2885,0.3411,0.3052,0.2543,0.2999,0.3297,0.2718,0.2789,0.2596,0.2613,0.2973,0.3095,0.3367,0.3604,0.5903,0.4705,0.3402,0.3052,0.3279,0.377,0.3516,0.3797,0.3279,0.2762
9/18/2022,37.4962,0.9188,0.6858,0.7831,1.3642,0.8333,0.7389,0.9041,1.0044,1.0132,0.6268,0.9336,0.6091,0.5619,0.6681,0.6888,0.7212,0.5442,0.5531,0.8215,0.7418,0.7212,0.5118,0.9041,0.7654,0.4823,0.5265,0.7713,0.5029,0.6622,0.7979,0.382,0.4734,0.6062,0.4026,0.4262,0.6032,0.8303,0.6563,2.7725,2.0354,0.8628,0.8539,0.7448,0.4528,0.6534,0.9395,0.7123,0.7271
9/17/2022,14.3614,0.3085,0.278,0.3009,0.3365,0.4701,0.3938,0.402,0.3524,0.2379,0.2487,0.3639,0.3327,0.264,0.25,0.3098,0.2519,0.2742,0.3263,0.2907,0.299,0.3009,0.2424,0.2608,0.3181,0.2583,0.2335,0.3034,0.2417,0.3645,0.2634,0.2176,0.2366,0.2602,0.2226,0.2347,0.2494,0.3123,0.2716,0.5583,0.4475,0.3327,0.2863,0.3117,0.3225,0.2767,0.2538,0.2481,0.2405
9/16/2022,16.9453,0.2847,0.3885,0.308,0.4395,0.6086,0.3715,0.4601,0.5173,0.308,0.3187,0.4753,0.3044,0.2678,0.3581,0.3205,0.3447,0.3715,0.2901,0.3152,0.3849,0.3662,0.3599,0.3411,0.3178,0.2883,0.3339,0.2991,0.2695,0.2847,0.3017,0.2678,0.2928,0.2579,0.3035,0.291,0.2821,0.3205,0.3035,0.8152,0.6318,0.2678,0.3,0.3715,0.3599,0.3492,0.3053,0.2982,0.3277
9/15/2022,11.1167,0.2493,0.2455,0.2022,0.2723,0.3228,0.2346,0.292,0.2938,0.2754,0.2617,0.2346,0.2355,0.2019,0.234,0.2103,0.2412,0.2324,0.2312,0.2147,0.2346,0.2349,0.2265,0.2408,0.2165,0.2128,0.2253,0.2237,0.2087,0.243,0.2162,0.2028,0.2153,0.2044,0.1988,0.2072,0.2094,0.215,0.2421,0.2924,0.2569,0.2028,0.2003,0.2265,0.196,0.2144,0.2262,0.2069,0.2309
9/14/2022,10.8766,0.232,0.2187,0.2426,0.28,0.3099,0.2731,0.2846,0.2849,0.1995,0.2107,0.2731,0.2417,0.211,0.2147,0.2265,0.2239,0.232,0.2377,0.2127,0.2305,0.1997,0.2058,0.2262,0.2018,0.2239,0.2291,0.2182,0.1972,0.2104,0.2256,0.2043,0.1937,0.1874,0.1897,0.1966,0.2156,0.2173,0.2136,0.2714,0.2417,0.2438,0.244,0.2127,0.2357,0.2115,0.202,0.2104,0.2075
9/13/2022,10.3356,0.2061,0.1984,0.1994,0.2279,0.2573,0.2613,0.2113,0.2269,0.2209,0.2363,0.236,0.2246,0.1956,0.2073,0.2211,0.2157,0.222,0.2108,0.2094,0.222,0.2033,0.2171,0.2293,0.2276,0.2052,0.1924,0.2321,0.1928,0.2071,0.2078,0.1996,0.1973,0.1893,0.187,0.204,0.2026,0.1984,0.2192,0.2925,0.2569,0.2276,0.2099,0.1989,0.197,0.201,0.2124,0.2036,0.2134
9/12/2022,30.1653,0.539,0.5878,0.559,1.0222,1.1353,0.7806,0.6765,1.0134,0.7319,0.8228,0.4969,0.6632,0.4836,0.5989,0.5922,0.5435,0.4282,0.6033,0.5324,0.5945,0.5102,0.559,0.6654,0.5257,0.4216,0.5479,0.8427,0.3883,0.5346,0.5368,0.5058,0.4304,0.4482,0.4105,0.3595,0.5169,0.5945,0.6543,1.5517,1.16,0.7031,0.3928,0.6698,0.6853,0.4459,0.7474,0.4881,0.4637
9/11/2022,26.9207,0.4316,0.5053,0.4732,0.9292,0.5772,0.8573,0.5999,0.5451,0.74,0.6643,0.6908,0.3824,0.4826,0.4202,0.5205,0.5262,0.4221,0.3994,0.6094,0.4543,0.3861,0.4051,0.564,0.388,0.5016,0.5583,0.7532,0.3672,0.7721,0.5545,0.3256,0.337,0.4618,0.3142,0.3597,0.4694,0.477,0.4372,1.8911,1.4033,0.6113,0.4599,0.4259,0.4013,0.6245,0.6094,0.407,0.424
9/10/2022,24.9966,0.5372,0.5525,0.4233,0.544,1.0284,0.7157,0.527,0.7361,0.5848,0.4641,0.7599,0.5321,0.4641,0.5202,0.4114,0.5627,0.4403,0.5338,0.4913,0.4998,0.4131,0.4709,0.459,0.5236,0.3451,0.3842,0.5729,0.4046,0.5423,0.4029,0.2822,0.4386,0.3978,0.4318,0.4148,0.4607,0.476,0.5763,1.21,0.9149,0.5559,0.3485,0.5219,0.4301,0.4012,0.4403,0.4403,0.408
9/9/2022,26.3796,0.4699,0.6464,0.4203,0.571,1.0085,0.685,0.6317,0.7456,0.6317,0.5545,0.4185,0.4387,0.4203,0.378,0.4001,0.5582,0.481,0.4534,0.492,0.5673,0.4681,0.3633,0.4295,0.6225,0.5471,0.4074,0.6317,0.4038,0.6611,0.4846,0.3192,0.4093,0.3155,0.3854,0.4093,0.4846,0.5067,0.5673,1.4297,1.0724,0.5655,0.5618,0.5287,0.5949,0.4736,0.5894,0.6059,0.5692
9/8/2022,15.924,0.3006,0.337,0.3402,0.3735,0.3545,0.3711,0.3679,0.4321,0.3656,0.2713,0.4202,0.3553,0.2578,0.3354,0.3038,0.3251,0.3101,0.2665,0.2792,0.3172,0.3212,0.2451,0.299,0.3434,0.2808,0.3141,0.3703,0.2618,0.3576,0.3133,0.2435,0.2546,0.2784,0.2261,0.2364,0.3045,0.3299,0.2911,0.7624,0.5939,0.3053,0.3862,0.341,0.3267,0.3473,0.3212,0.2625,0.322
9/7/2022,10.6959,0.2265,0.2257,0.2128,0.2335,0.2928,0.2769,0.2521,0.2357,0.2017,0.2508,0.2076,0.2098,0.2155,0.2106,0.2058,0.2179,0.2004,0.2085,0.2163,0.212,0.2273,0.2273,0.2381,0.2004,0.1977,0.2165,0.2025,0.1971,0.213,0.2227,0.2025,0.2058,0.2025,0.2006,0.1974,0.2101,0.2122,0.2195,0.3658,0.3094,0.22,0.236,0.2014,0.2031,0.2279,0.1977,0.2195,0.209
9/6/2022,10.1553,0.1986,0.2022,0.2087,0.2229,0.2671,0.2486,0.2598,0.2277,0.2018,0.2371,0.1962,0.2264,0.2093,0.2044,0.1966,0.2007,0.2152,0.1938,0.2022,0.2022,0.1919,0.2184,0.2158,0.2147,0.2037,0.2016,0.1958,0.1932,0.2249,0.2072,0.1964,0.1891,0.1899,0.1854,0.1861,0.1949,0.21,0.1934,0.2985,0.2612,0.2132,0.2229,0.1891,0.2063,0.2007,0.2003,0.2171,0.2121
9/5/2022,16.6448,0.3767,0.3543,0.343,0.3655,0.5289,0.3923,0.522,0.4779,0.4623,0.4511,0.3223,0.3041,0.3093,0.3534,0.273,0.3041,0.3344,0.3767,0.3664,0.3603,0.2678,0.2834,0.2747,0.2799,0.2626,0.356,0.4398,0.2851,0.2963,0.318,0.2747,0.2747,0.2704,0.2756,0.2989,0.292,0.3551,0.2877,0.5956,0.4743,0.2946,0.3344,0.3266,0.3448,0.2782,0.3422,0.3231,0.3603
9/4/2022,28.3631,0.6432,0.6798,0.4375,0.7185,0.8814,0.6472,0.6798,1.0199,0.7389,0.8692,0.6941,0.5902,0.4151,0.4029,0.409,0.6269,0.5597,0.5088,0.4741,0.6106,0.4497,0.6106,0.6065,0.6228,0.4538,0.3968,0.4049,0.4131,0.804,0.576,0.3499,0.3744,0.4314,0.4456,0.4762,0.5088,0.6656,0.5678,1.4177,1.0639,0.4843,0.6065,0.4314,0.5169,0.4782,0.4069,0.5576,0.635
9/3/2022,31.6675,0.7891,0.7939,0.5453,0.73,1.3453,0.7584,0.8223,1.0518,0.7134,0.8223,0.7205,0.5879,0.4507,0.4767,0.6495,0.6164,0.5359,0.5453,0.6803,0.524,0.5737,0.5075,0.685,0.5169,0.3749,0.5856,0.9406,0.4175,0.7371,0.4956,0.4294,0.4104,0.472,0.5382,0.5382,0.5169,0.5619,0.4554,1.4044,1.0543,0.7962,0.6258,0.6755,0.7205,0.5501,0.6306,0.6874,0.6069
9/2/2022,11.5375,0.2512,0.2325,0.219,0.2647,0.247,0.2767,0.2282,0.2501,0.2417,0.2187,0.3046,0.2059,0.2229,0.2353,0.2279,0.2434,0.2289,0.2236,0.242,0.2346,0.2169,0.2173,0.253,0.2523,0.2282,0.2335,0.2073,0.2173,0.2204,0.23,0.2042,0.2017,0.196,0.2027,0.2013,0.2289,0.2544,0.2187,0.4652,0.3807,0.2601,0.2144,0.2374,0.2052,0.2484,0.2498,0.247,0.2463
9/1/2022,9.7341,0.1968,0.2126,0.2015,0.2099,0.2374,0.2321,0.2376,0.2194,0.2171,0.1889,0.2145,0.1871,0.2001,0.1864,0.2014,0.2064,0.1949,0.1953,0.2088,0.1995,0.1923,0.1984,0.1937,0.2043,0.1838,0.2022,0.1967,0.1845,0.1941,0.1986,0.1946,0.1792,0.1911,0.1795,0.1918,0.1942,0.2017,0.1972,0.2779,0.2464,0.1925,0.1894,0.206,0.1852,0.2055,0.2099,0.2027,0.193
8/31/2022,16.765,0.2911,0.3271,0.3516,0.363,0.4621,0.4927,0.4743,0.5146,0.3867,0.4287,0.3911,0.2789,0.2946,0.3341,0.3437,0.3157,0.3656,0.3648,0.2999,0.3306,0.3017,0.306,0.3323,0.2534,0.2832,0.3034,0.448,0.2806,0.448,0.3534,0.2298,0.2964,0.2429,0.2534,0.292,0.2806,0.2789,0.2692,0.7501,0.5851,0.3779,0.2499,0.299,0.3577,0.3271,0.3464,0.3481,0.2596
8/30/2022,35.4533,0.6746,0.8448,0.691,0.9271,0.7981,0.7404,0.7844,1.1001,0.9463,0.9244,1.1824,0.5867,0.5867,0.713,0.5043,0.5428,0.4906,0.5318,0.6718,0.573,0.7212,0.4385,0.9299,0.6663,0.7185,0.6059,0.7899,0.4906,0.853,0.5757,0.4165,0.4165,0.5867,0.562,0.4824,0.5592,0.831,0.8228,1.6743,1.2479,0.8887,0.7981,0.6855,0.7459,0.7926,0.8146,0.7734,0.7514
8/29/2022,14.3612,0.3155,0.2589,0.2373,0.4186,0.4281,0.2901,0.3651,0.2837,0.3721,0.3734,0.3467,0.292,0.257,0.2748,0.2786,0.3104,0.2844,0.3111,0.2748,0.2557,0.3053,0.2411,0.2844,0.3092,0.2799,0.2665,0.285,0.2341,0.2742,0.2926,0.2672,0.2424,0.2589,0.2347,0.2456,0.2525,0.2907,0.2748,0.5275,0.4254,0.3149,0.2786,0.2831,0.2786,0.3034,0.3187,0.2506,0.313
8/28/2022,34.071,0.5447,0.7481,0.7298,1.1052,1.2877,1.0453,0.8758,0.8341,0.6255,0.649,0.6855,0.5786,0.6359,0.7194,0.5551,0.6021,0.7402,0.6125,0.6751,0.5264,0.6724,0.7637,0.8862,0.5186,0.6021,0.4561,0.8497,0.5238,1.0114,0.6985,0.5056,0.5343,0.4378,0.5786,0.3778,0.5291,0.7089,0.6099,1.272,0.9593,0.7819,0.8836,0.5603,0.8054,0.8028,0.8002,0.6386,0.5264
8/27/2022,15.0824,0.3133,0.3487,0.3367,0.3232,0.3416,0.4415,0.3905,0.3296,0.2743,0.3869,0.3048,0.2814,0.292,0.2949,0.2998,0.2573,0.309,0.2715,0.3367,0.3345,0.326,0.2573,0.3607,0.343,0.2375,0.2644,0.3784,0.2672,0.3423,0.2835,0.2524,0.2644,0.2325,0.2559,0.2531,0.2807,0.3409,0.2828,0.5449,0.4379,0.3536,0.2892,0.2658,0.2814,0.3331,0.3579,0.2764,0.251
8/26/2022,5.1679,0.1106,0.0891,0.131,0.0565,0.0457,0.0823,0.0639,0.095,0.0724,0.1075,0.1024,0.1301,0.1344,0.118,0.1131,0.108,0.1256,0.1024,0.1044,0.1276,0.1191,0.1245,0.1157,0.1315,0.1417,0.1298,0.0755,0.1301,0.0871,0.1236,0.131,0.1449,0.1267,0.1375,0.1412,0.1284,0.0956,0.1049,-0.0482,0.0125,0.1341,0.1066,0.1332,0.1389,0.11,0.1163,0.1281,0.1276
8/25/2022,5.9488,0.1176,0.1217,0.1324,0.1193,0.1187,0.1043,0.1148,0.1021,0.0939,0.1025,0.1051,0.1402,0.1254,0.1343,0.1322,0.1367,0.1338,0.124,0.1341,0.1199,0.1406,0.1205,0.1291,0.1375,0.146,0.1359,0.1127,0.1451,0.106,0.1328,0.1371,0.1408,0.1404,0.1468,0.1357,0.1343,0.1295,0.1443,0.0243,0.0646,0.1404,0.1094,0.1273,0.1345,0.1269,0.1369,0.1363,0.1201
8/24/2022,5.2878,0.0943,0.1059,0.0937,0.0606,0.1005,0.078,0.1089,0.11,0.1292,0.0899,0.0894,0.1339,0.1322,0.1282,0.1187,0.1054,0.1075,0.1173,0.1273,0.123,0.1268,0.133,0.1263,0.1216,0.1395,0.1341,0.1105,0.1393,0.0831,0.1276,0.1287,0.1455,0.1282,0.1387,0.1442,0.1279,0.1008,0.1227,-0.0409,0.0178,0.0934,0.1292,0.1241,0.1252,0.0989,0.0932,0.1032,0.1113
8/23/2022,6.0093,0.1201,0.1253,0.1251,0.0976,0.0753,0.0916,0.0928,0.1294,0.1002,0.1406,0.1334,0.1318,0.1368,0.1348,0.1233,0.142,0.1229,0.1231,0.131,0.1233,0.1358,0.1382,0.1179,0.1225,0.1257,0.1316,0.1131,0.141,0.1352,0.1294,0.1386,0.1458,0.1489,0.1368,0.1408,0.1412,0.1446,0.127,0.0527,0.0849,0.1253,0.1274,0.1221,0.145,0.133,0.1436,0.1306,0.1302
8/22/2022,5.949,0.1304,0.1236,0.1324,0.1144,0.098,0.1232,0.1076,0.1064,0.1041,0.1236,0.1244,0.1197,0.1351,0.1367,0.1386,0.1369,0.1228,0.1408,0.1217,0.1215,0.1263,0.1211,0.1105,0.1283,0.1476,0.122,0.1226,0.1404,0.1242,0.1279,0.1371,0.1408,0.1494,0.1433,0.1371,0.1302,0.1382,0.1209,0.0178,0.0599,0.1437,0.1113,0.1244,0.1285,0.1386,0.1281,0.1222,0.1447
8/21/2022,5.949,0.1172,0.1123,0.1109,0.1174,0.0986,0.1195,0.1172,0.0955,0.1064,0.1209,0.1398,0.1341,0.1314,0.1254,0.1283,0.117,0.1244,0.1373,0.122,0.1172,0.1279,0.1248,0.1359,0.1189,0.1371,0.1295,0.1062,0.14,0.123,0.1275,0.1416,0.14,0.1359,0.1505,0.1427,0.131,0.1349,0.1425,0.0509,0.0837,0.1285,0.1189,0.1365,0.1302,0.1197,0.1293,0.1265,0.1421
8/20/2022,5.949,0.1234,0.1201,0.125,0.1185,0.0789,0.1133,0.1119,0.1261,0.0951,0.1137,0.1392,0.1429,0.1384,0.1365,0.1388,0.1236,0.117,0.1283,0.1382,0.1259,0.1433,0.1193,0.1094,0.1228,0.1252,0.1242,0.1111,0.1418,0.1347,0.1279,0.1525,0.1406,0.1398,0.1488,0.1455,0.1396,0.1213,0.1265,0.0488,0.0821,0.1142,0.1066,0.1341,0.125,0.1203,0.1142,0.1291,0.1455
8/19/2022,5.5282,0.1316,0.1214,0.1024,0.0816,0.0999,0.075,0.1051,0.071,0.1363,0.0975,0.093,0.1326,0.1343,0.1274,0.1111,0.1197,0.1219,0.1123,0.1101,0.1276,0.1382,0.1338,0.1071,0.1155,0.1328,0.118,0.1135,0.1402,0.112,0.1286,0.1486,0.1308,0.1489,0.1466,0.137,0.1266,0.1227,0.1269,-0.0315,0.0245,0.1286,0.1064,0.1318,0.1422,0.1271,0.1318,0.1162,0.1115
8/18/2022,6.67,0.1339,0.1457,0.1487,0.1172,0.1301,0.1357,0.1312,0.1159,0.1191,0.1261,0.1483,0.141,0.1518,0.1398,0.1418,0.1365,0.1407,0.1454,0.1415,0.147,0.1379,0.1455,0.147,0.1492,0.1536,0.1503,0.1362,0.1518,0.1433,0.1421,0.152,0.148,0.1491,0.1508,0.155,0.1459,0.1343,0.1442,0.0575,0.0883,0.1401,0.1426,0.1423,0.1498,0.1354,0.143,0.1506,0.1468
8/17/2022,7.8715,0.1634,0.1643,0.1645,0.1629,0.1629,0.1614,0.164,0.1623,0.1624,0.1648,0.1631,0.164,0.1647,0.165,0.1639,0.1636,0.1637,0.1649,0.1642,0.1644,0.164,0.1651,0.1637,0.1639,0.1653,0.1652,0.1634,0.1649,0.1636,0.1645,0.1656,0.1656,0.1647,0.1656,0.165,0.1649,0.1648,0.1651,0.158,0.1604,0.1648,0.1631,0.164,0.1637,0.1643,0.1648,0.165,0.1641
8/16/2022,7.3911,0.1532,0.1531,0.1593,0.1457,0.1421,0.1463,0.1555,0.1449,0.1495,0.1525,0.1576,0.151,0.1575,0.1586,0.1543,0.1546,0.1536,0.1572,0.1533,0.1566,0.1535,0.1567,0.1585,0.1596,0.1581,0.1544,0.1561,0.1582,0.1481,0.1577,0.16,0.1592,0.1581,0.1612,0.1569,0.1561,0.1565,0.1563,0.1243,0.1363,0.1535,0.1589,0.158,0.152,0.1526,0.1542,0.1591,0.1606
8/15/2022,6.61,0.1486,0.1432,0.141,0.127,0.1155,0.1163,0.1441,0.1252,0.1382,0.1398,0.1276,0.1333,0.139,0.1465,0.146,0.1343,0.1464,0.1486,0.1466,0.1378,0.1357,0.149,0.1366,0.1519,0.1451,0.1414,0.1422,0.1489,0.1344,0.1465,0.1489,0.1528,0.1471,0.1446,0.1441,0.144,0.1489,0.1426,0.038,0.0744,0.1494,0.1447,0.1476,0.1446,0.1343,0.1511,0.1336,0.1426
8/14/2022,6.9703,0.1412,0.1397,0.1467,0.1409,0.1164,0.1459,0.1337,0.146,0.1405,0.1316,0.1466,0.1537,0.1529,0.1498,0.1515,0.1423,0.154,0.1437,0.1427,0.1512,0.1499,0.1428,0.1421,0.1483,0.1575,0.1483,0.1535,0.1519,0.1339,0.1512,0.1519,0.1555,0.1543,0.1585,0.158,0.1505,0.1533,0.1444,0.0885,0.1106,0.1438,0.1546,0.1562,0.1478,0.1411,0.1522,0.1533,0.1454
8/13/2022,5.9487,0.1101,0.1386,0.1213,0.1211,0.09,0.1086,0.0781,0.0912,0.0982,0.1328,0.1322,0.1281,0.1295,0.1345,0.141,0.1283,0.1289,0.1228,0.1238,0.1293,0.1281,0.1273,0.1316,0.1312,0.141,0.1453,0.1148,0.1447,0.1199,0.1293,0.1484,0.1332,0.1496,0.1423,0.1478,0.1328,0.115,0.1371,0.0375,0.0741,0.1277,0.1185,0.1215,0.1392,0.1187,0.1416,0.1328,0.1293
8/12/2022,8.593,0.1746,0.1795,0.1799,0.1889,0.1954,0.1906,0.1869,0.1792,0.1779,0.177,0.1763,0.1758,0.1755,0.1783,0.1756,0.1751,0.1768,0.1747,0.179,0.1757,0.1753,0.1804,0.1798,0.1763,0.1781,0.1728,0.1732,0.174,0.1847,0.175,0.1743,0.174,0.1719,0.1721,0.1718,0.176,0.18,0.1776,0.2121,0.1992,0.1744,0.1834,0.1762,0.1738,0.1789,0.1807,0.1792,0.1751
8/11/2022,7.1509,0.152,0.1455,0.1479,0.1401,0.1274,0.1475,0.132,0.1356,0.1525,0.1557,0.1487,0.1458,0.1531,0.1518,0.1498,0.153,0.1527,0.1487,0.1476,0.1488,0.1571,0.1509,0.147,0.1563,0.1555,0.1552,0.1509,0.1574,0.1525,0.1493,0.155,0.1604,0.1555,0.1601,0.1555,0.1548,0.1548,0.1558,0.0946,0.115,0.153,0.1531,0.1475,0.1534,0.156,0.1558,0.1513,0.151
8/10/2022,6.7906,0.1332,0.1419,0.1399,0.1201,0.1052,0.1357,0.1195,0.1287,0.1367,0.1309,0.1367,0.1523,0.1506,0.1449,0.1442,0.1461,0.1402,0.1453,0.1492,0.1495,0.1443,0.1509,0.1428,0.1505,0.1422,0.1416,0.1381,0.1499,0.1445,0.1436,0.1583,0.1558,0.1563,0.1509,0.1512,0.1503,0.1433,0.1511,0.0894,0.1112,0.1474,0.1518,0.1431,0.1484,0.1514,0.1373,0.1482,0.146
8/9/2022,8.1125,0.1696,0.1682,0.1692,0.1713,0.1715,0.1701,0.1705,0.1696,0.1687,0.1683,0.1698,0.1685,0.1683,0.1689,0.1681,0.169,0.1689,0.1683,0.1684,0.1691,0.1686,0.169,0.1684,0.1697,0.1678,0.1687,0.1689,0.168,0.1694,0.1684,0.1681,0.1679,0.1682,0.1679,0.1681,0.1684,0.1688,0.1682,0.1743,0.1721,0.1693,0.168,0.1692,0.1685,0.1694,0.1686,0.1681,0.1682
8/8/2022,17.0056,0.2819,0.3684,0.3486,0.4116,0.444,0.4521,0.3162,0.5188,0.4404,0.3117,0.3135,0.2909,0.2837,0.345,0.2909,0.3135,0.3081,0.2864,0.318,0.3756,0.3675,0.2792,0.3693,0.2846,0.2486,0.2927,0.3144,0.2657,0.39,0.3549,0.254,0.3162,0.2549,0.2486,0.29,0.3252,0.3666,0.3621,0.9628,0.7376,0.2963,0.3747,0.3054,0.3477,0.3666,0.3225,0.3666,0.3216
8/7/2022,34.9121,0.7345,0.8153,0.6699,1.1436,1.192,0.7318,1.2781,1.0709,0.7049,0.6349,0.5488,0.9014,0.6161,0.6026,0.4815,0.4869,0.7937,0.6915,0.7049,0.5596,0.7399,0.53,0.5892,0.5865,0.5946,0.5192,0.8772,0.4519,0.7964,0.5784,0.4277,0.5757,0.3927,0.4519,0.6,0.6323,0.8099,0.6323,1.6336,1.2187,0.6968,0.783,0.7399,0.7695,0.8395,0.6376,0.7426,0.7022
8/6/2022,18.9884,0.4183,0.3337,0.3864,0.5985,0.4227,0.5601,0.3469,0.5831,0.4656,0.4919,0.5282,0.4249,0.3743,0.3645,0.4183,0.304,0.37,0.3359,0.4326,0.404,0.3293,0.3535,0.2963,0.2809,0.3403,0.3205,0.4952,0.3073,0.4436,0.3875,0.2601,0.3392,0.3414,0.2996,0.2974,0.3161,0.3062,0.3524,0.678,0.5333,0.4348,0.2897,0.3315,0.4271,0.4106,0.4469,0.3952,0.4106
8/5/2022,9.6142,0.2093,0.2043,0.1914,0.2032,0.2322,0.2145,0.2017,0.2178,0.1991,0.1977,0.1964,0.2067,0.1885,0.1849,0.1972,0.1923,0.1862,0.2006,0.202,0.1973,0.1957,0.1889,0.1907,0.1981,0.1888,0.192,0.1862,0.1886,0.2048,0.1907,0.192,0.1901,0.1865,0.1873,0.1896,0.1944,0.1881,0.1838,0.3359,0.288,0.1962,0.1889,0.1912,0.1877,0.1931,0.1849,0.1954,0.1933
8/4/2022,9.1337,0.1924,0.1866,0.1822,0.2037,0.2085,0.1933,0.2,0.188,0.1859,0.1833,0.189,0.1976,0.1853,0.188,0.1848,0.1901,0.1896,0.1875,0.1902,0.1906,0.1892,0.1774,0.1816,0.183,0.1845,0.1862,0.1888,0.1815,0.1881,0.1888,0.1802,0.183,0.1811,0.1778,0.1804,0.1813,0.1895,0.1921,0.2651,0.2373,0.1897,0.1952,0.1876,0.1893,0.1825,0.1862,0.1876,0.1821
8/3/2022,9.6142,0.2048,0.1949,0.2085,0.2161,0.213,0.2027,0.2064,0.2109,0.2175,0.2222,0.2225,0.1859,0.1946,0.1889,0.1949,0.1993,0.1952,0.1864,0.1891,0.196,0.1889,0.182,0.1967,0.1936,0.1917,0.2002,0.2075,0.1878,0.2082,0.1967,0.1923,0.1799,0.1812,0.1823,0.188,0.193,0.2044,0.1935,0.2679,0.2393,0.1906,0.2136,0.2036,0.2017,0.2064,0.1946,0.1873,0.1915
8/2/2022,10.0352,0.2047,0.2096,0.2202,0.2224,0.2192,0.2153,0.2395,0.2379,0.2395,0.2033,0.231,0.2214,0.2066,0.1895,0.1931,0.2127,0.2157,0.2078,0.2031,0.2057,0.2027,0.2,0.2165,0.1884,0.1891,0.1968,0.1952,0.1943,0.1939,0.1982,0.1954,0.1907,0.188,0.1864,0.1966,0.195,0.2084,0.1927,0.311,0.2702,0.1998,0.207,0.2127,0.2035,0.1935,0.2031,0.2015,0.2064
8/1/2022,12.9794,0.2394,0.2593,0.2986,0.3365,0.2921,0.2787,0.3668,0.3529,0.2214,0.2971,0.2379,0.2842,0.2468,0.2618,0.2349,0.2822,0.2812,0.2284,0.2827,0.2543,0.2424,0.2523,0.2996,0.2877,0.2687,0.2419,0.2663,0.2269,0.323,0.2334,0.198,0.2075,0.2075,0.209,0.2234,0.2498,0.2593,0.2194,0.5202,0.4202,0.2344,0.2852,0.2354,0.2518,0.2782,0.2692,0.2827,0.2488
7/31/2022,28.4228,0.4526,0.6956,0.4853,0.8365,0.6241,0.8427,0.6548,0.8672,0.3974,0.8631,0.8039,0.665,0.5567,0.4362,0.4791,0.5302,0.4669,0.616,0.6323,0.5098,0.3995,0.6303,0.5751,0.4362,0.3872,0.4505,0.8406,0.4383,0.7079,0.4465,0.3096,0.4485,0.471,0.4362,0.3831,0.4812,0.422,0.4036,2.0089,1.4879,0.4301,0.4996,0.3872,0.3791,0.6711,0.4036,0.5935,0.4791
7/30/2022,28.1821,0.5743,0.6591,0.6954,0.8952,0.8165,0.8549,0.5178,0.7681,0.421,0.7035,0.6248,0.5844,0.5784,0.5764,0.4795,0.5279,0.4432,0.6753,0.6369,0.6066,0.4633,0.651,0.6309,0.7055,0.4855,0.4815,0.7358,0.4371,0.5986,0.4633,0.3806,0.3423,0.3645,0.429,0.3301,0.4896,0.641,0.4573,1.4396,1.0795,0.4674,0.5259,0.3745,0.532,0.4997,0.6208,0.427,0.4896
7/29/2022,13.8206,0.2819,0.2452,0.3035,0.3558,0.3716,0.3698,0.4117,0.3378,0.272,0.2435,0.2825,0.3227,0.2749,0.2662,0.2493,0.3052,0.2918,0.2895,0.3029,0.261,0.2354,0.2231,0.24,0.2674,0.2522,0.2831,0.3454,0.2499,0.3133,0.2482,0.2493,0.2161,0.2371,0.2365,0.2348,0.2621,0.3058,0.2883,0.4802,0.3915,0.2947,0.261,0.311,0.2895,0.2889,0.272,0.2493,0.2557
7/28/2022,9.1336,0.1879,0.1856,0.1834,0.2085,0.1995,0.1981,0.1905,0.1952,0.1914,0.2025,0.1825,0.1878,0.1822,0.1804,0.1909,0.1934,0.1839,0.1866,0.1924,0.183,0.1873,0.1867,0.1922,0.1961,0.1888,0.1895,0.1932,0.1797,0.1846,0.1855,0.1832,0.1841,0.1776,0.1773,0.1822,0.1838,0.1829,0.1863,0.2532,0.2287,0.1808,0.1811,0.1926,0.1918,0.1907,0.1943,0.1922,0.1815
7/27/2022,10.1551,0.2121,0.1996,0.2223,0.2307,0.2216,0.2503,0.2203,0.2574,0.2395,0.2188,0.2343,0.2251,0.2001,0.2052,0.2169,0.2033,0.2091,0.2154,0.2029,0.2048,0.2035,0.1904,0.1951,0.2059,0.2016,0.2031,0.2009,0.1955,0.2072,0.205,0.1869,0.2024,0.1835,0.1968,0.1887,0.1958,0.2113,0.1925,0.3188,0.2758,0.193,0.1921,0.1925,0.2132,0.2042,0.1986,0.2022,0.2089
7/26/2022,9.8546,0.1999,0.2112,0.2164,0.2277,0.2551,0.203,0.2175,0.2238,0.2143,0.2258,0.2188,0.2179,0.1956,0.1926,0.1982,0.203,0.2006,0.1913,0.209,0.2004,0.1989,0.1889,0.2062,0.216,0.1986,0.2069,0.2212,0.1913,0.2017,0.2034,0.1886,0.1941,0.195,0.1954,0.1863,0.1923,0.1956,0.1928,0.2317,0.2133,0.1912,0.2093,0.1995,0.2121,0.2006,0.2002,0.2056,0.1958
7/25/2022,14.0016,0.2777,0.2831,0.3017,0.3119,0.3803,0.3665,0.3815,0.4067,0.2693,0.3437,0.2573,0.3155,0.2861,0.2951,0.2513,0.2861,0.2801,0.2501,0.3011,0.2519,0.2693,0.2807,0.2867,0.2867,0.2807,0.2813,0.3137,0.2447,0.2885,0.2669,0.2393,0.2609,0.2435,0.2483,0.2621,0.2483,0.2657,0.2855,0.3942,0.3298,0.3197,0.3299,0.3113,0.2963,0.2897,0.2363,0.2891,0.2555
7/24/2022,13.5808,0.285,0.2459,0.2548,0.3017,0.3157,0.3151,0.3564,0.3067,0.2733,0.2476,0.2705,0.2481,0.261,0.2811,0.29,0.2576,0.2677,0.2387,0.2487,0.2677,0.2593,0.2978,0.3118,0.2398,0.2465,0.2705,0.2587,0.237,0.2972,0.2481,0.2102,0.2459,0.2074,0.2487,0.2225,0.2459,0.2493,0.2928,0.7084,0.5552,0.314,0.2956,0.2465,0.2409,0.2816,0.2504,0.2939,0.2716
7/23/2022,31.7279,0.646,0.5392,0.487,0.7243,1.1134,0.8382,0.7788,0.6009,0.4372,0.6033,0.8287,0.7053,0.6483,0.5344,0.6199,0.7148,0.5155,0.6436,0.729,0.6792,0.4822,0.7432,0.6531,0.6863,0.3873,0.5938,0.831,0.4728,0.6294,0.5226,0.3707,0.3826,0.4941,0.4775,0.4443,0.5297,0.5416,0.71,2.408,1.774,0.5653,0.5344,0.4585,0.5961,0.5985,0.5202,0.4894,0.4443
7/22/2022,29.1441,0.6191,0.7291,0.4585,0.6382,1.1752,0.5642,0.9765,0.9448,0.598,0.7777,0.5071,0.4288,0.5621,0.5684,0.5663,0.5599,0.6213,0.4944,0.505,0.5388,0.5071,0.4881,0.543,0.7143,0.6043,0.5832,0.7164,0.4563,0.8242,0.5155,0.3422,0.3548,0.431,0.469,0.5029,0.5071,0.6572,0.6149,1.0557,0.8042,0.7291,0.6995,0.5473,0.5515,0.4902,0.4458,0.5494,0.6065
7/21/2022,14.1814,0.2996,0.3113,0.336,0.3638,0.4813,0.4065,0.3706,0.4201,0.362,0.3373,0.3138,0.3286,0.2668,0.2884,0.2415,0.3076,0.2823,0.2544,0.3119,0.26,0.2971,0.2674,0.2489,0.2489,0.2421,0.3008,0.3249,0.2384,0.3503,0.2785,0.2532,0.2687,0.2124,0.2198,0.2594,0.2755,0.3125,0.2625,0.2624,0.2353,0.2996,0.3113,0.2588,0.2495,0.3113,0.3064,0.2996,0.2421
7/20/2022,11.4775,0.247,0.2338,0.2366,0.263,0.2689,0.2306,0.2901,0.255,0.272,0.2619,0.2355,0.2609,0.2213,0.2293,0.24,0.2383,0.2359,0.2167,0.2279,0.2421,0.2442,0.2042,0.2609,0.214,0.2136,0.2025,0.2811,0.2136,0.2797,0.2393,0.2053,0.222,0.1997,0.2056,0.2032,0.2206,0.2147,0.2171,0.3447,0.2943,0.2567,0.2324,0.2258,0.2136,0.239,0.2463,0.2473,0.2293
7/19/2022,8.3524,0.1763,0.1749,0.1721,0.1811,0.1754,0.1813,0.1745,0.1743,0.175,0.172,0.1761,0.1708,0.1724,0.171,0.174,0.1733,0.1727,0.173,0.1728,0.1752,0.1744,0.1711,0.1741,0.1711,0.1701,0.1726,0.1714,0.1705,0.1761,0.1741,0.172,0.1704,0.1721,0.172,0.1709,0.1726,0.1711,0.171,0.1961,0.1878,0.1753,0.173,0.1719,0.1728,0.1737,0.1726,0.1722,0.1712
7/18/2022,9.9151,0.2176,0.2061,0.2174,0.223,0.2128,0.2153,0.1986,0.2459,0.2069,0.212,0.2084,0.214,0.1891,0.1952,0.1914,0.1969,0.2048,0.2088,0.1954,0.2061,0.2046,0.209,0.2067,0.1895,0.1935,0.2029,0.2101,0.1891,0.205,0.2021,0.186,0.1864,0.1822,0.1824,0.1923,0.1927,0.1916,0.2038,0.3164,0.2741,0.2023,0.2157,0.1881,0.2044,0.2103,0.1979,0.2036,0.2067
7/17/2022,21.0916,0.3486,0.4743,0.5136,0.5647,0.8173,0.7047,0.6,0.7074,0.6275,0.5503,0.3905,0.3657,0.3565,0.3526,0.3853,0.4822,0.3238,0.3251,0.363,0.4547,0.4403,0.4782,0.4612,0.4233,0.367,0.3905,0.5267,0.3473,0.3342,0.384,0.346,0.3015,0.3565,0.2635,0.3251,0.3827,0.4665,0.4062,0.7278,0.5691,0.4154,0.4062,0.3277,0.3185,0.4756,0.4887,0.3238,0.3303
7/16/2022,10.0954,0.2092,0.2157,0.2241,0.2431,0.2683,0.2264,0.2519,0.2327,0.1994,0.226,0.2155,0.1973,0.2058,0.2065,0.209,0.2019,0.2117,0.2105,0.1975,0.1956,0.2098,0.1895,0.2042,0.1931,0.1895,0.2111,0.2178,0.1891,0.2207,0.2098,0.2,0.1853,0.1895,0.1864,0.196,0.1977,0.1935,0.1926,0.287,0.2529,0.2163,0.2084,0.2119,0.2031,0.1991,0.192,0.2048,0.1962
7/15/2022,5.528,0.1059,0.117,0.137,0.0947,0.1026,0.095,0.1051,0.0671,0.0947,0.0972,0.1145,0.1026,0.1234,0.1217,0.114,0.1096,0.117,0.1049,0.1118,0.1115,0.1175,0.1377,0.1293,0.1276,0.1419,0.1249,0.1113,0.1397,0.0994,0.1284,0.1296,0.1392,0.1288,0.1387,0.1355,0.1301,0.1175,0.1281,0.0737,0.1,0.0997,0.0992,0.1101,0.1098,0.118,0.1256,0.1227,0.1167
7/14/2022,20.0702,0.3465,0.3996,0.4238,0.6193,0.7472,0.635,0.5831,0.5264,0.3743,0.5034,0.5686,0.4238,0.3212,0.3658,0.3296,0.4431,0.4117,0.3127,0.3972,0.3405,0.3863,0.4515,0.4551,0.3127,0.3417,0.3477,0.3477,0.3369,0.3344,0.3803,0.32,0.3538,0.3513,0.2705,0.2886,0.3381,0.3791,0.3006,0.7613,0.5931,0.4563,0.4395,0.4322,0.3876,0.4153,0.3381,0.4407,0.437
7/13/2022,12.4989,0.2252,0.2737,0.2787,0.2823,0.2908,0.2949,0.3102,0.339,0.2782,0.2261,0.2886,0.2814,0.2216,0.218,0.2278,0.2328,0.2216,0.235,0.2746,0.2688,0.267,0.2634,0.222,0.2791,0.2139,0.222,0.2575,0.2126,0.3183,0.2341,0.2305,0.2175,0.2198,0.2207,0.2301,0.2458,0.2157,0.227,0.5408,0.435,0.2463,0.2144,0.2521,0.2319,0.2733,0.2323,0.2467,0.2598
7/12/2022,10.2153,0.2236,0.2072,0.1941,0.232,0.2688,0.2484,0.2108,0.2389,0.2418,0.242,0.2473,0.2014,0.1939,0.1908,0.1926,0.2123,0.199,0.2205,0.2032,0.217,0.2023,0.1939,0.2287,0.205,0.2074,0.2039,0.2061,0.1968,0.2212,0.203,0.1815,0.2037,0.1966,0.1981,0.1933,0.1999,0.213,0.2141,0.2397,0.219,0.2271,0.2278,0.2158,0.1897,0.2059,0.2045,0.2192,0.2125
7/11/2022,11.9581,0.2411,0.2332,0.2502,0.2854,0.3048,0.2628,0.2375,0.2478,0.2818,0.2577,0.2783,0.2676,0.2442,0.2268,0.2173,0.2494,0.2324,0.2197,0.2411,0.2245,0.2474,0.2316,0.2644,0.2268,0.2142,0.23,0.2882,0.2209,0.2288,0.251,0.2086,0.2031,0.1952,0.2027,0.2007,0.2336,0.2252,0.2351,0.5152,0.4166,0.2126,0.2795,0.2454,0.2371,0.2375,0.2526,0.2324,0.2181
7/10/2022,23.9759,0.5181,0.4271,0.4494,0.8153,0.7434,0.4622,0.7274,0.5693,0.4175,0.5661,0.6683,0.4894,0.4335,0.4462,0.4303,0.4191,0.3855,0.4846,0.3887,0.5549,0.376,0.5261,0.5932,0.4335,0.4431,0.4063,0.5373,0.3951,0.483,0.4974,0.36,0.3504,0.3184,0.4031,0.328,0.4462,0.3488,0.36,1.2208,0.9226,0.59,0.4702,0.4782,0.3504,0.5357,0.6028,0.4542,0.3488
7/9/2022,30.9463,0.7541,0.5063,0.7954,0.9239,1.3232,0.9032,0.9239,0.9859,0.9124,0.4902,0.8321,0.6072,0.4237,0.6623,0.5223,0.504,0.4879,0.5728,0.6279,0.5453,0.582,0.6876,0.5568,0.4925,0.6118,0.6256,0.6715,0.4053,0.7013,0.6302,0.5177,0.4122,0.4833,0.4076,0.4191,0.5453,0.5476,0.5361,1.5858,1.1844,0.4328,0.5292,0.3938,0.5659,0.4719,0.6302,0.5797,0.4351
7/8/2022,12.1384,0.2751,0.2801,0.2234,0.3045,0.266,0.2618,0.2954,0.3363,0.2714,0.2821,0.3111,0.2205,0.2325,0.2391,0.2449,0.2341,0.261,0.2292,0.2412,0.2292,0.2432,0.2246,0.249,0.2494,0.2399,0.2544,0.2511,0.2246,0.242,0.2527,0.2209,0.2155,0.2238,0.2109,0.2134,0.2221,0.2511,0.2519,0.3922,0.3284,0.2631,0.2292,0.2147,0.23,0.2639,0.2722,0.2399,0.2254
7/7/2022,9.7347,0.1953,0.1903,0.2041,0.2333,0.2269,0.2031,0.234,0.2067,0.2189,0.2047,0.2244,0.2097,0.1911,0.1949,0.2003,0.208,0.2001,0.2014,0.2029,0.1942,0.2007,0.1993,0.2073,0.2048,0.1831,0.193,0.2055,0.1844,0.2159,0.2015,0.1861,0.1889,0.1903,0.1939,0.184,0.192,0.2062,0.1975,0.2289,0.2113,0.21,0.1861,0.1982,0.209,0.1995,0.2073,0.2069,0.1988
7/6/2022,8.8931,0.1808,0.1841,0.1829,0.1903,0.1982,0.2017,0.1911,0.2026,0.1967,0.1805,0.2004,0.1821,0.1835,0.1771,0.1799,0.1832,0.1787,0.1798,0.1812,0.183,0.1798,0.1773,0.1915,0.1811,0.1777,0.1794,0.1941,0.1768,0.1875,0.1849,0.1741,0.1785,0.1799,0.1761,0.178,0.1803,0.189,0.187,0.2294,0.2116,0.1882,0.1764,0.1836,0.1796,0.1795,0.1769,0.1772,0.1799
7/5/2022,9.7346,0.2097,0.1982,0.208,0.2293,0.2277,0.2159,0.2244,0.2373,0.2269,0.226,0.2052,0.2145,0.2008,0.2003,0.2001,0.1953,0.189,0.1946,0.2083,0.1911,0.2036,0.2048,0.2073,0.2104,0.1849,0.1995,0.2086,0.1847,0.2135,0.2033,0.1793,0.1828,0.1897,0.1915,0.187,0.1955,0.1965,0.2069,0.2171,0.2028,0.1968,0.2092,0.1875,0.1911,0.2015,0.1878,0.191,0.1974
7/4/2022,18.3274,0.3681,0.4249,0.3763,0.4135,0.3835,0.555,0.5529,0.4083,0.5333,0.4341,0.3071,0.3226,0.3371,0.2875,0.3515,0.3784,0.3453,0.3515,0.3443,0.3433,0.3113,0.2885,0.4083,0.3216,0.334,0.2823,0.5075,0.2875,0.367,0.3567,0.2596,0.2462,0.2772,0.2637,0.2865,0.3515,0.3794,0.3639,0.91,0.6998,0.3526,0.4476,0.4125,0.4114,0.304,0.4135,0.367,0.2978
7/3/2022,19.2888,0.4376,0.4545,0.3608,0.4489,0.6453,0.4511,0.4511,0.4162,0.31,0.3394,0.3191,0.362,0.2954,0.3687,0.3789,0.3236,0.3281,0.4342,0.4173,0.3518,0.3654,0.4353,0.3857,0.3552,0.266,0.3766,0.3168,0.2976,0.3168,0.3258,0.2671,0.3168,0.3021,0.2717,0.3349,0.3631,0.3563,0.3721,1.2501,0.9437,0.4162,0.4895,0.3755,0.3495,0.362,0.3721,0.4331,0.3778
7/2/2022,6.9704,0.1481,0.1395,0.1379,0.1264,0.1209,0.1425,0.1407,0.1284,0.132,0.1476,0.13,0.1447,0.1455,0.1445,0.1529,0.1429,0.1419,0.1513,0.1442,0.1445,0.1481,0.1519,0.1484,0.148,0.1545,0.1526,0.1341,0.1548,0.1425,0.1495,0.156,0.1533,0.1542,0.1589,0.1553,0.1507,0.1492,0.1463,0.1348,0.1438,0.151,0.1536,0.1439,0.1423,0.1497,0.1422,0.1467,0.1477
7/1/2022,11.0568,0.2431,0.2302,0.2336,0.2409,0.3213,0.2266,0.2519,0.2957,0.2186,0.2312,0.2422,0.2137,0.2211,0.2104,0.2049,0.2052,0.2061,0.2254,0.2305,0.225,0.2241,0.2361,0.2327,0.204,0.2101,0.2333,0.2293,0.1997,0.2666,0.214,0.1954,0.1948,0.1911,0.1991,0.2156,0.2199,0.2431,0.2015,0.3577,0.3036,0.2385,0.2095,0.215,0.2403,0.2162,0.2486,0.218,0.2214
6/30/2022,9.6144,0.2083,0.2012,0.2064,0.2283,0.2064,0.2064,0.2104,0.2059,0.2128,0.1965,0.2246,0.2015,0.193,0.1873,0.2041,0.1996,0.2054,0.1967,0.1996,0.2015,0.1864,0.1952,0.2053,0.208,0.1938,0.194,0.1898,0.1899,0.2148,0.1922,0.183,0.1906,0.1812,0.1922,0.1868,0.1881,0.2006,0.1933,0.2621,0.2351,0.1994,0.1912,0.2054,0.1838,0.1896,0.1859,0.1978,0.183
6/29/2022,8.653,0.1758,0.1835,0.178,0.1895,0.1856,0.1861,0.1787,0.1883,0.1757,0.1889,0.1885,0.1826,0.1746,0.1785,0.1753,0.1774,0.1808,0.1782,0.1788,0.1757,0.181,0.1729,0.1772,0.1827,0.1754,0.1795,0.1754,0.1744,0.1774,0.1786,0.1754,0.174,0.177,0.1738,0.1767,0.176,0.1811,0.1824,0.212,0.1991,0.1827,0.1795,0.1776,0.1742,0.183,0.1819,0.1781,0.1735
6/28/2022,13.8206,0.2598,0.2505,0.3064,0.3093,0.4106,0.3238,0.311,0.3774,0.2848,0.3593,0.2953,0.2505,0.2528,0.2394,0.2703,0.2645,0.2854,0.3058,0.2784,0.2685,0.2825,0.2656,0.2388,0.2755,0.2697,0.2761,0.2848,0.2289,0.272,0.2726,0.2191,0.2458,0.2231,0.2534,0.2161,0.2458,0.2709,0.2388,0.5873,0.4684,0.3174,0.3227,0.3023,0.2482,0.2959,0.2679,0.2476,0.2796
6/27/2022,13.9411,0.251,0.3229,0.2772,0.3324,0.3776,0.3395,0.3728,0.3259,0.3342,0.333,0.2926,0.2344,0.2867,0.2528,0.2825,0.2409,0.2944,0.2487,0.3087,0.2879,0.2683,0.2344,0.2588,0.2487,0.2207,0.2457,0.3021,0.2273,0.3045,0.2706,0.2635,0.2427,0.2219,0.2112,0.2225,0.2683,0.2748,0.2885,0.5967,0.4751,0.3134,0.298,0.2689,0.2421,0.3009,0.3009,0.3045,0.27
6/26/2022,24.6367,0.6109,0.3896,0.3879,0.8488,0.9652,0.5244,0.5992,0.719,0.6175,0.6242,0.4944,0.6358,0.4861,0.3547,0.4478,0.3929,0.4844,0.5676,0.546,0.5343,0.3713,0.3696,0.4911,0.4928,0.3879,0.4545,0.6458,0.3447,0.7007,0.4162,0.3713,0.4229,0.4046,0.4262,0.3713,0.4312,0.373,0.4761,0.7712,0.6002,0.4062,0.6192,0.4495,0.5044,0.4229,0.5709,0.5676,0.5427
6/25/2022,28.6031,0.5519,0.7003,0.6241,0.7889,1.1515,0.9413,1.0031,0.8033,0.4737,0.7971,0.9372,0.4263,0.4675,0.5664,0.5231,0.5931,0.5437,0.5107,0.6138,0.5519,0.4633,0.4469,0.5046,0.5849,0.4242,0.3851,0.4221,0.4427,0.5973,0.4572,0.3521,0.3912,0.3418,0.3933,0.4737,0.5046,0.5169,0.6344,1.3941,1.0469,0.4613,0.6797,0.5375,0.5025,0.5643,0.6385,0.4324,0.4407
6/24/2022,30.4061,0.4736,0.729,0.7739,0.7358,0.6798,0.7918,0.7761,1.0741,0.7694,0.8635,0.7873,0.57,0.449,0.5969,0.5319,0.561,0.5229,0.7268,0.4848,0.5476,0.4871,0.5812,0.747,0.4333,0.5162,0.4333,0.8568,0.4803,0.8949,0.4714,0.3952,0.4647,0.5117,0.3862,0.5162,0.5341,0.5028,0.5431,1.5289,1.1436,0.6506,0.3795,0.5162,0.7022,0.6439,0.6954,0.4423,0.5028
6/23/2022,11.8378,0.2572,0.2246,0.2488,0.2783,0.2814,0.2972,0.2791,0.2983,0.3021,0.263,0.2626,0.2703,0.2131,0.2085,0.2231,0.212,0.2281,0.263,0.2288,0.2415,0.2442,0.2327,0.2503,0.2047,0.2012,0.2438,0.2569,0.2196,0.2853,0.2269,0.1974,0.202,0.225,0.2246,0.2181,0.2277,0.2319,0.2212,0.4335,0.358,0.2277,0.2465,0.23,0.2315,0.2146,0.2461,0.2496,0.2058
6/22/2022,9.9148,0.2078,0.194,0.1986,0.2256,0.2157,0.231,0.2479,0.2209,0.2346,0.2036,0.241,0.2036,0.2,0.1988,0.2075,0.1954,0.1919,0.2101,0.2115,0.1935,0.1893,0.1925,0.2186,0.2055,0.1939,0.1889,0.1877,0.1927,0.1914,0.1962,0.1854,0.1935,0.1939,0.194,0.1969,0.1994,0.2075,0.1981,0.2793,0.2474,0.2126,0.2113,0.2052,0.1954,0.2126,0.1971,0.2076,0.1879
6/21/2022,10.5158,0.219,0.2059,0.2281,0.2321,0.2623,0.2371,0.2213,0.2296,0.2482,0.2308,0.2044,0.2155,0.1996,0.2042,0.2215,0.2001,0.2079,0.2132,0.2137,0.2165,0.2225,0.2054,0.2255,0.227,0.1946,0.2054,0.2195,0.1951,0.2436,0.2087,0.2001,0.1873,0.2019,0.2031,0.1913,0.2059,0.2011,0.2185,0.3743,0.3156,0.213,0.1911,0.1996,0.2011,0.2286,0.1981,0.218,0.2089
6/20/2022,17.486,0.3592,0.364,0.3232,0.5594,0.5509,0.4579,0.4664,0.3526,0.3602,0.345,0.3507,0.4247,0.272,0.3241,0.2909,0.3621,0.3194,0.3194,0.3735,0.3867,0.3184,0.2786,0.3099,0.3327,0.2947,0.3014,0.4162,0.2833,0.4626,0.3659,0.2843,0.2985,0.2501,0.2805,0.3061,0.3203,0.3792,0.2881,0.8522,0.6583,0.3668,0.3706,0.345,0.2587,0.3507,0.2786,0.3061,0.3659
6/19/2022,12.1382,0.2329,0.2267,0.2536,0.2883,0.3632,0.2486,0.3339,0.2701,0.2536,0.2279,0.2896,0.2474,0.2238,0.2519,0.2565,0.2225,0.2507,0.2424,0.2292,0.2321,0.2217,0.2159,0.2589,0.2279,0.213,0.2349,0.2676,0.2143,0.2536,0.2515,0.2155,0.2184,0.2304,0.2221,0.2035,0.23,0.2287,0.2126,0.4954,0.4024,0.2722,0.2229,0.2585,0.2432,0.2225,0.2544,0.2548,0.2465
6/18/2022,31.9683,0.6029,0.7347,0.7203,0.8138,1.2165,0.96,1.1757,1.0703,0.8282,0.5573,0.9001,0.5358,0.5358,0.5046,0.495,0.6221,0.507,0.6269,0.5957,0.5382,0.5909,0.7323,0.646,0.7491,0.5813,0.5765,0.4255,0.495,0.9097,0.5478,0.5214,0.3992,0.4687,0.3704,0.507,0.5813,0.4471,0.5454,1.4145,1.0616,0.5526,0.5957,0.4902,0.7539,0.5262,0.8282,0.531,0.5789
6/17/2022,29.3842,0.7547,0.5965,0.5601,0.9237,1.191,0.8766,0.5879,0.7141,0.5152,0.8467,0.4532,0.7483,0.5195,0.6115,0.5986,0.6029,0.4254,0.5794,0.6692,0.5965,0.5238,0.5687,0.712,0.6649,0.5216,0.6179,0.496,0.3869,0.6542,0.4767,0.3955,0.4938,0.4853,0.3848,0.4489,0.511,0.4832,0.5195,1.4631,1.0964,0.7034,0.4596,0.3955,0.3955,0.4789,0.7569,0.4703,0.4489
6/16/2022,12.3184,0.2854,0.2587,0.2241,0.2764,0.3765,0.3329,0.2941,0.2517,0.2979,0.2418,0.3213,0.225,0.2509,0.2427,0.2332,0.2587,0.2375,0.2599,0.2332,0.2323,0.2504,0.2522,0.2707,0.2245,0.2189,0.2599,0.2267,0.2142,0.3001,0.231,0.2219,0.2073,0.2124,0.2176,0.2042,0.2276,0.2163,0.2608,0.4058,0.3382,0.282,0.266,0.2297,0.2431,0.2457,0.2781,0.2479,0.231
6/15/2022,11.5974,0.2321,0.2375,0.23,0.2829,0.325,0.3073,0.244,0.2631,0.2411,0.2127,0.2591,0.2487,0.2217,0.2275,0.235,0.2343,0.2167,0.2472,0.2426,0.2188,0.2357,0.2487,0.2296,0.2411,0.2293,0.2282,0.2271,0.2163,0.2195,0.2199,0.2066,0.2188,0.2016,0.2016,0.2091,0.2156,0.2462,0.2206,0.4849,0.3949,0.2426,0.212,0.2365,0.2102,0.2138,0.2073,0.2293,0.2231
6/14/2022,12.2584,0.2816,0.2676,0.2744,0.3387,0.3357,0.254,0.2625,0.2531,0.2684,0.2582,0.2991,0.2233,0.2216,0.2322,0.2203,0.2646,0.2237,0.242,0.2472,0.2659,0.2233,0.2412,0.2693,0.2374,0.2093,0.2152,0.2497,0.222,0.2778,0.254,0.2242,0.2276,0.205,0.2088,0.2093,0.2352,0.2621,0.2442,0.4965,0.4032,0.2314,0.2582,0.2523,0.2161,0.2518,0.2237,0.2548,0.2207
6/13/2022,9.6148,0.1993,0.1972,0.1898,0.2191,0.2408,0.2319,0.2085,0.1988,0.2038,0.2091,0.2195,0.1935,0.1972,0.1846,0.2017,0.1944,0.1935,0.1898,0.1975,0.2025,0.1889,0.197,0.2085,0.183,0.1925,0.1978,0.2098,0.1844,0.2057,0.1898,0.1878,0.1868,0.1901,0.1809,0.1825,0.1893,0.1852,0.1977,0.3058,0.2665,0.1867,0.1914,0.1841,0.192,0.1904,0.1948,0.1872,0.1857
6/12/2022,27.5214,0.6059,0.5532,0.5864,0.8284,1.0041,0.7094,0.5805,0.8987,0.4595,0.4322,0.8929,0.5317,0.52,0.5454,0.4692,0.5473,0.4009,0.5883,0.479,0.5044,0.44,0.3951,0.4868,0.5532,0.4204,0.5981,0.52,0.4263,0.5161,0.4634,0.3189,0.4595,0.3873,0.4653,0.4712,0.4439,0.4478,0.6391,1.6196,1.2086,0.6137,0.6996,0.4107,0.4165,0.5024,0.4673,0.4283,0.5649
6/11/2022,35.2733,0.5403,0.8212,0.8949,1.1458,1.4703,0.7694,1.0121,0.9167,0.9685,0.9767,1.1485,0.873,0.5021,0.4694,0.6385,0.8212,0.5485,0.6058,0.6958,0.5758,0.7339,0.6467,0.6739,0.8894,0.5021,0.7039,0.7449,0.5103,0.8867,0.6058,0.5621,0.5785,0.3658,0.4367,0.5485,0.6412,0.6876,0.5758,1.5358,1.1485,0.5621,0.5049,0.5867,0.453,0.6194,0.8267,0.7558,0.5921
6/10/2022,12.5588,0.2656,0.2533,0.282,0.2879,0.354,0.3568,0.2761,0.3363,0.2674,0.2264,0.2975,0.2547,0.2328,0.2478,0.256,0.2537,0.2332,0.2382,0.2633,0.2633,0.2378,0.2528,0.2551,0.2688,0.2478,0.2638,0.2629,0.2195,0.2752,0.2442,0.2068,0.2305,0.2332,0.2091,0.2369,0.2328,0.2588,0.2241,0.5017,0.4069,0.2328,0.2113,0.2437,0.2551,0.2268,0.2282,0.2259,0.22
6/9/2022,11.4777,0.2439,0.215,0.2425,0.3016,0.3242,0.2866,0.2922,0.2877,0.23,0.2373,0.2752,0.2501,0.2126,0.2418,0.2209,0.2425,0.2505,0.222,0.2279,0.2508,0.2171,0.2136,0.2213,0.208,0.2341,0.2171,0.2133,0.215,0.231,0.2206,0.1969,0.216,0.2098,0.2195,0.2049,0.2268,0.2147,0.2251,0.3811,0.3205,0.2282,0.2254,0.2477,0.2258,0.2286,0.2195,0.2119,0.2289
6/8/2022,10.636,0.2196,0.226,0.2384,0.2278,0.2273,0.2194,0.2257,0.2178,0.1946,0.2526,0.2682,0.1999,0.1986,0.2015,0.2009,0.2286,0.1988,0.2054,0.2249,0.2065,0.2194,0.231,0.2191,0.1999,0.2104,0.1983,0.2479,0.2046,0.2117,0.2078,0.1949,0.1959,0.188,0.1885,0.1888,0.2004,0.2228,0.2168,0.4352,0.3592,0.2057,0.2328,0.2088,0.2012,0.2073,0.2223,0.2104,0.2244
6/7/2022,19.2289,0.4182,0.316,0.3295,0.4429,0.6012,0.3969,0.6046,0.5136,0.5406,0.3722,0.4463,0.4474,0.3553,0.3216,0.343,0.3003,0.3811,0.4407,0.371,0.3856,0.4025,0.3475,0.4732,0.407,0.3104,0.3508,0.3227,0.3059,0.4923,0.3912,0.3475,0.3025,0.2655,0.3205,0.3205,0.3126,0.3239,0.3699,0.765,0.5958,0.4081,0.3901,0.4238,0.4238,0.3677,0.4373,0.3418,0.3811
6/6/2022,11.8377,0.2154,0.2438,0.2618,0.2572,0.3378,0.2653,0.2699,0.2672,0.245,0.2806,0.283,0.2607,0.2223,0.2265,0.2246,0.2384,0.2499,0.2227,0.2273,0.2434,0.2365,0.2281,0.2745,0.2196,0.2024,0.2208,0.2262,0.2192,0.2361,0.23,0.2177,0.2154,0.2235,0.2043,0.2024,0.2296,0.2131,0.2484,0.5075,0.4111,0.22,0.2143,0.2603,0.2212,0.2465,0.2143,0.238,0.2139
6/5/2022,5.7087,0.1286,0.1318,0.103,0.1112,0.056,0.1174,0.0681,0.078,0.0851,0.1243,0.0984,0.1252,0.1389,0.135,0.1144,0.113,0.13,0.1185,0.1229,0.1254,0.1222,0.1128,0.1032,0.1412,0.1454,0.1257,0.1064,0.1371,0.1172,0.133,0.1344,0.1355,0.1378,0.1353,0.1444,0.1273,0.1266,0.114,0.0634,0.0926,0.1289,0.1376,0.1399,0.1444,0.1206,0.1231,0.1172,0.1163
6/4/2022,6.9703,0.1424,0.1459,0.1482,0.1391,0.1422,0.1288,0.1356,0.1401,0.1294,0.1443,0.1453,0.1498,0.1467,0.1473,0.144,0.1446,0.1454,0.1411,0.1515,0.1479,0.1536,0.1443,0.1479,0.1416,0.1574,0.1522,0.1461,0.152,0.141,0.1482,0.154,0.1531,0.1514,0.158,0.1574,0.1514,0.141,0.1558,0.1001,0.1189,0.1415,0.1485,0.1512,0.1571,0.1529,0.1424,0.1438,0.1479
6/3/2022,11.6579,0.2362,0.2373,0.2526,0.3013,0.2479,0.2779,0.2468,0.2603,0.2076,0.2526,0.3104,0.2237,0.2263,0.246,0.2186,0.253,0.2201,0.2384,0.2354,0.2347,0.2303,0.2358,0.2603,0.2373,0.2142,0.2296,0.2625,0.2157,0.2702,0.2402,0.2124,0.227,0.1945,0.219,0.2084,0.219,0.2373,0.2398,0.3809,0.3203,0.2175,0.2193,0.2475,0.2384,0.2453,0.219,0.2431,0.246
6/2/2022,10.4555,0.2158,0.2177,0.2057,0.2683,0.2931,0.2342,0.2612,0.2263,0.2008,0.204,0.2622,0.202,0.2008,0.1949,0.22,0.2128,0.1971,0.2121,0.2045,0.2109,0.1944,0.2229,0.2006,0.1981,0.2116,0.2155,0.2204,0.201,0.1998,0.2163,0.1836,0.1848,0.1947,0.2028,0.2033,0.2008,0.2062,0.2087,0.3687,0.3116,0.218,0.205,0.1907,0.1934,0.2025,0.2224,0.2229,0.2104
6/1/2022,12.3184,0.2604,0.2725,0.2245,0.3062,0.38,0.3113,0.3541,0.2893,0.3161,0.304,0.2794,0.272,0.2267,0.2146,0.2522,0.2176,0.2176,0.2198,0.2358,0.2319,0.2599,0.2595,0.2245,0.2811,0.2319,0.2612,0.2392,0.2103,0.2289,0.2237,0.2142,0.2314,0.2094,0.2077,0.2323,0.2306,0.234,0.2556,0.3457,0.2951,0.2353,0.2876,0.2435,0.2086,0.2751,0.2789,0.2625,0.2647
5/31/2022,8.2926,0.1714,0.1745,0.1717,0.1765,0.1778,0.174,0.1757,0.175,0.1761,0.1744,0.1715,0.1713,0.1712,0.171,0.1711,0.1734,0.1734,0.1708,0.1721,0.1714,0.1706,0.1711,0.1705,0.1713,0.1698,0.1723,0.1723,0.1704,0.1732,0.1726,0.1714,0.1694,0.1689,0.1699,0.1698,0.1708,0.1723,0.171,0.1928,0.1854,0.1731,0.1736,0.171,0.1701,0.1705,0.1711,0.1718,0.1713
5/30/2022,20.4305,0.4488,0.4227,0.4911,0.6614,0.4936,0.6403,0.4314,0.4563,0.5794,0.3457,0.6403,0.5147,0.4178,0.4302,0.3382,0.4588,0.4613,0.4687,0.4575,0.4265,0.3954,0.2984,0.419,0.4016,0.337,0.3966,0.4488,0.2959,0.4725,0.337,0.2872,0.2686,0.2748,0.3395,0.337,0.3854,0.4314,0.3954,0.4627,0.379,0.4737,0.4936,0.3208,0.4451,0.4426,0.5011,0.3705,0.4352
5/29/2022,17.246,0.3747,0.3155,0.3257,0.5282,0.3664,0.5273,0.5014,0.4662,0.3165,0.3858,0.4034,0.3007,0.31,0.2748,0.3599,0.3118,0.359,0.3636,0.3109,0.3303,0.2933,0.2776,0.3507,0.408,0.3451,0.3507,0.2767,0.285,0.3802,0.2952,0.2878,0.2443,0.2832,0.31,0.31,0.3275,0.2878,0.3054,0.8548,0.6602,0.3876,0.285,0.298,0.3812,0.3886,0.2702,0.3423,0.3275
5/28/2022,12.1382,0.2412,0.2536,0.2383,0.2867,0.2809,0.3239,0.3123,0.2614,0.2908,0.2213,0.2705,0.2267,0.2465,0.2536,0.2573,0.2221,0.2258,0.2267,0.2627,0.2325,0.249,0.2196,0.278,0.2436,0.2151,0.2391,0.266,0.2134,0.2333,0.2271,0.2337,0.2147,0.2138,0.2064,0.2304,0.2391,0.2387,0.2308,0.4585,0.376,0.2138,0.2863,0.2163,0.2341,0.2647,0.2709,0.2432,0.2478
5/27/2022,34.552,0.634,0.626,0.8198,0.8544,0.8915,0.6791,0.7774,1.1969,0.8066,1.0774,0.5995,0.8968,0.5437,0.5065,0.5384,0.5756,0.703,0.5437,0.5543,0.7588,0.7083,0.6526,0.5118,0.8729,0.6924,0.4508,1.0376,0.5304,0.8437,0.5888,0.403,0.4375,0.4295,0.5888,0.48,0.6419,0.4933,0.6579,1.9944,1.4774,0.5464,0.7243,0.4694,0.7614,0.7243,0.8066,0.7482,0.695
5/26/2022,32.4489,0.5701,0.531,0.4552,0.9246,1.037,0.6361,0.707,0.707,0.7143,0.8683,0.5163,0.7534,0.4601,0.6287,0.597,0.7119,0.5823,0.641,0.7583,0.7192,0.7143,0.729,0.641,0.7119,0.5114,0.5334,0.6532,0.4649,0.8537,0.6581,0.3451,0.3427,0.3892,0.5432,0.5358,0.5432,0.7608,0.4258,2.2041,1.6278,0.4649,0.8341,0.4625,0.4234,0.4992,0.8194,0.5872,0.6508
5/25/2022,10.0353,0.22,0.1962,0.1915,0.2127,0.2438,0.2432,0.2377,0.2267,0.2385,0.2324,0.2127,0.1972,0.2002,0.1964,0.2025,0.2043,0.196,0.2139,0.2123,0.2076,0.1984,0.1974,0.2023,0.2167,0.2064,0.2035,0.2308,0.1952,0.2153,0.208,0.1897,0.1901,0.1858,0.1817,0.1939,0.1925,0.1923,0.2086,0.2546,0.2297,0.2104,0.2055,0.2155,0.2053,0.2141,0.2,0.1933,0.2125
5/24/2022,10.8764,0.2176,0.2403,0.234,0.2794,0.3119,0.2478,0.2725,0.2576,0.2305,0.2642,0.2337,0.211,0.2161,0.2015,0.2233,0.2242,0.2314,0.2371,0.2242,0.2179,0.2173,0.2265,0.2072,0.2127,0.2046,0.2193,0.2524,0.2015,0.2302,0.2064,0.2072,0.1983,0.1894,0.1923,0.1986,0.2087,0.2164,0.2262,0.3008,0.2629,0.2271,0.2006,0.2115,0.2265,0.2325,0.2029,0.2141,0.2061
5/23/2022,12.4387,0.251,0.247,0.2537,0.2741,0.3487,0.3109,0.2581,0.3198,0.31,0.2408,0.2661,0.2239,0.2492,0.2217,0.259,0.2546,0.2488,0.2537,0.2528,0.2674,0.2341,0.2301,0.255,0.251,0.2159,0.2466,0.2767,0.2168,0.2914,0.2301,0.1964,0.239,0.2324,0.2266,0.2297,0.2439,0.2546,0.2563,0.4639,0.3799,0.2439,0.2754,0.2346,0.2412,0.2222,0.2723,0.2377,0.2297
5/22/2022,20.5509,0.3675,0.4867,0.4591,0.5482,0.6047,0.5444,0.5846,0.4641,0.611,0.4189,0.6223,0.439,0.4089,0.375,0.4214,0.3512,0.3286,0.3775,0.3888,0.3851,0.3198,0.4553,0.3123,0.2922,0.2834,0.3963,0.3989,0.3474,0.4491,0.3687,0.3223,0.3587,0.2834,0.3537,0.3097,0.3775,0.439,0.3185,1.0131,0.7737,0.3524,0.493,0.3524,0.4591,0.4039,0.3851,0.4516,0.2934
5/21/2022,34.7923,0.7882,0.6757,0.8552,0.807,1.166,1.083,0.8954,1.0696,1.1178,0.8258,0.9222,0.6382,0.5337,0.5927,0.5016,0.5498,0.5552,0.5953,0.5605,0.7186,0.6168,0.4399,0.4962,0.8499,0.4721,0.5739,0.7293,0.5203,0.9061,0.6972,0.5391,0.3944,0.5793,0.3649,0.4748,0.5819,0.8365,0.6302,2.0281,1.5016,0.8311,0.4587,0.7373,0.6007,0.6141,0.8231,0.4855,0.5578
5/20/2022,21.5122,0.3545,0.4261,0.3599,0.618,0.718,0.5626,0.5112,0.7207,0.3396,0.6315,0.672,0.3167,0.4248,0.3639,0.4045,0.4302,0.4585,0.4396,0.4045,0.3761,0.3221,0.3545,0.3248,0.445,0.3883,0.4639,0.5112,0.318,0.572,0.3991,0.2626,0.3302,0.2977,0.3761,0.345,0.3964,0.4112,0.4112,0.8827,0.6802,0.5058,0.5396,0.3518,0.3072,0.5058,0.4558,0.4342,0.3869
5/19/2022,34.4313,0.5261,0.6874,0.616,1.2451,1.0759,1.1605,1.1843,0.7984,0.801,0.875,0.7402,0.8777,0.6451,0.7402,0.7112,0.5843,0.6398,0.5473,0.6662,0.6609,0.4706,0.7852,0.7614,0.7112,0.5922,0.5631,0.8935,0.4627,0.5737,0.6636,0.5869,0.4336,0.5314,0.386,0.4601,0.5631,0.7535,0.5261,1.5335,1.1469,0.4891,0.8883,0.5023,0.772,0.7138,0.4838,0.7164,0.6847
5/18/2022,16.9454,0.3429,0.4082,0.3286,0.4985,0.3805,0.495,0.3125,0.4306,0.4198,0.4019,0.4574,0.3366,0.2865,0.274,0.376,0.367,0.2874,0.342,0.3143,0.3733,0.3509,0.3026,0.3751,0.3563,0.2678,0.2874,0.2839,0.2606,0.3008,0.3348,0.2839,0.2499,0.2713,0.2418,0.2856,0.3089,0.3483,0.2955,0.8689,0.6703,0.2955,0.2588,0.2937,0.3751,0.3885,0.393,0.2928,0.2704
5/17/2022,12.0785,0.2792,0.2323,0.2405,0.287,0.2698,0.3347,0.2335,0.3278,0.2254,0.3049,0.3257,0.2592,0.2185,0.2397,0.2303,0.2234,0.2564,0.2678,0.2417,0.267,0.2588,0.2393,0.2209,0.2768,0.2091,0.2095,0.2511,0.2079,0.3029,0.2307,0.2221,0.2197,0.2266,0.2066,0.227,0.2201,0.2397,0.2348,0.4137,0.3438,0.225,0.2079,0.2376,0.214,0.2601,0.238,0.2152,0.2548
5/16/2022,17.0657,0.2945,0.3072,0.3942,0.367,0.3688,0.5248,0.4686,0.3779,0.454,0.3906,0.3262,0.3969,0.3027,0.348,0.3634,0.3135,0.377,0.2981,0.3761,0.3516,0.3715,0.2619,0.2818,0.2727,0.3226,0.3498,0.2727,0.2945,0.3978,0.2891,0.3126,0.2319,0.2338,0.2936,0.3027,0.3072,0.3779,0.3489,0.8556,0.6608,0.2881,0.3725,0.2764,0.3761,0.3743,0.3425,0.3353,0.26
5/15/2022,28.7832,0.5574,0.7237,0.6073,0.9003,0.6759,0.5823,0.9003,0.9834,0.6384,0.7299,0.547,0.4701,0.3953,0.4888,0.6488,0.5013,0.468,0.4888,0.6509,0.5927,0.4389,0.5969,0.5865,0.3974,0.4202,0.3828,0.4888,0.4161,0.8754,0.4659,0.4784,0.4452,0.3516,0.3724,0.3392,0.5034,0.6239,0.4244,2.0754,1.5355,0.6405,0.4202,0.3932,0.4057,0.4576,0.7029,0.5262,0.468
5/14/2022,37.3763,0.7248,0.6837,0.8041,1.3211,0.9628,0.8247,1.3887,1.0568,1.0656,0.6719,0.6455,0.9598,0.4898,0.6837,0.5779,0.7836,0.8717,0.5456,0.7689,0.7542,0.716,0.6249,0.6602,0.7601,0.7248,0.481,0.4898,0.5721,0.9716,0.7748,0.4046,0.5074,0.4986,0.5192,0.4751,0.5574,0.5192,0.5045,3.0903,2.2634,0.6191,0.528,0.4516,0.5133,0.6161,0.7924,0.5603,0.5956
5/13/2022,19.4089,0.4633,0.4336,0.3446,0.5774,0.7109,0.4759,0.574,0.4759,0.5466,0.4656,0.4439,0.372,0.3446,0.3606,0.4302,0.3697,0.3298,0.4006,0.4131,0.4314,0.3663,0.396,0.3002,0.4165,0.3093,0.3275,0.4359,0.2876,0.4245,0.3606,0.3002,0.3424,0.3195,0.3401,0.2796,0.3195,0.3572,0.4314,0.5746,0.4592,0.4393,0.3469,0.4439,0.3538,0.4359,0.4028,0.3173,0.3572
5/12/2022,18.0273,0.301,0.4244,0.29,0.5317,0.5768,0.5126,0.5958,0.4143,0.4504,0.3883,0.3602,0.4264,0.3261,0.3281,0.301,0.3311,0.297,0.3712,0.3451,0.3943,0.3822,0.3772,0.3171,0.283,0.3331,0.3592,0.3742,0.297,0.4344,0.3281,0.2539,0.275,0.286,0.3221,0.275,0.299,0.3201,0.3111,0.7962,0.6181,0.294,0.3111,0.3411,0.3903,0.3853,0.4234,0.3512,0.3231
5/11/2022,16.3446,0.3085,0.3936,0.3728,0.3561,0.3486,0.3661,0.4304,0.4153,0.3619,0.2977,0.2902,0.2843,0.2735,0.3444,0.3619,0.3586,0.2676,0.3519,0.3553,0.2927,0.3544,0.3027,0.3778,0.2576,0.2802,0.3319,0.3928,0.286,0.2935,0.2802,0.2977,0.2927,0.2393,0.2843,0.2793,0.2943,0.3502,0.3286,0.8183,0.634,0.3744,0.3411,0.2852,0.2701,0.2835,0.3936,0.2902,0.2993
5/10/2022,17.5461,0.3108,0.4053,0.3318,0.5075,0.6363,0.4511,0.5523,0.5332,0.307,0.2946,0.4454,0.35,0.3385,0.3127,0.3175,0.3929,0.2965,0.286,0.3089,0.308,0.2927,0.3347,0.3442,0.2946,0.2545,0.2726,0.2908,0.2621,0.4282,0.3299,0.2306,0.3156,0.3137,0.307,0.2927,0.2917,0.3948,0.3796,0.8822,0.6798,0.412,0.3366,0.2955,0.2593,0.3862,0.4101,0.285,0.2831
5/9/2022,29.3841,0.4639,0.6542,0.6906,1.0391,1.1396,0.9194,1.0242,0.7291,0.8809,0.6606,0.7419,0.7055,0.4169,0.4575,0.6029,0.5901,0.4767,0.6628,0.4981,0.5067,0.4147,0.5388,0.4682,0.7098,0.5601,0.5644,0.5986,0.3976,0.7911,0.6093,0.3591,0.4682,0.4789,0.357,0.3955,0.5238,0.3998,0.5388,0.9836,0.7525,0.4767,0.5922,0.5238,0.6371,0.6777,0.6628,0.5323,0.511
5/8/2022,38.9972,0.7928,0.9385,0.8827,1.3725,1.4903,1.4469,0.6843,0.8052,0.7122,1.0346,0.9199,0.6068,0.551,0.5851,0.5262,0.7215,0.9106,0.7463,0.6502,0.8796,0.861,0.5975,0.9602,0.7711,0.6874,0.6998,1.1028,0.5077,0.7742,0.7525,0.4054,0.4984,0.6223,0.6223,0.6068,0.5603,0.923,0.5882,2.2409,1.6542,0.768,0.4767,0.5665,0.6998,0.6068,0.8517,0.799,0.5355
5/7/2022,19.1692,0.3967,0.4582,0.3912,0.5654,0.6313,0.4961,0.6257,0.5017,0.3722,0.5464,0.3331,0.4068,0.3331,0.3174,0.4135,0.3644,0.3956,0.428,0.4247,0.3889,0.3577,0.351,0.4626,0.3387,0.2772,0.3845,0.4448,0.2851,0.5408,0.3465,0.2929,0.2717,0.2605,0.2929,0.3264,0.313,0.4481,0.3119,0.8301,0.6424,0.2929,0.3275,0.3141,0.3063,0.3331,0.332,0.3007,0.3934
5/6/2022,17.6069,0.2839,0.4068,0.3405,0.5356,0.5048,0.4155,0.5769,0.3444,0.3665,0.355,0.4942,0.3742,0.355,0.28,0.3857,0.281,0.3655,0.3828,0.3732,0.4011,0.3569,0.2685,0.3194,0.3713,0.3204,0.3713,0.3511,0.2848,0.4645,0.3156,0.2964,0.3261,0.2656,0.2723,0.2839,0.33,0.3127,0.3867,0.6422,0.5077,0.3309,0.3924,0.2829,0.3559,0.3281,0.3838,0.3521,0.3108
5/5/2022,17.3662,0.4018,0.413,0.3334,0.4373,0.5638,0.5067,0.5713,0.5235,0.3605,0.4402,0.4196,0.2987,0.3324,0.3212,0.3596,0.339,0.3718,0.3868,0.3652,0.2997,0.354,0.3034,0.3615,0.2828,0.2922,0.2781,0.3409,0.2781,0.3549,0.3409,0.2388,0.236,0.2369,0.2987,0.265,0.3268,0.369,0.369,0.6603,0.5207,0.339,0.2725,0.3727,0.2884,0.3999,0.309,0.2828,0.3484
5/4/2022,22.5939,0.4352,0.4104,0.3695,0.587,0.5855,0.6059,0.7679,0.6862,0.5651,0.603,0.5286,0.3447,0.3316,0.46,0.4162,0.3841,0.479,0.371,0.4308,0.5155,0.4527,0.4673,0.5622,0.4804,0.336,0.4177,0.4454,0.3418,0.5563,0.4381,0.3272,0.3476,0.3433,0.3783,0.3506,0.4206,0.5111,0.4542,1.0327,0.7877,0.336,0.4089,0.4673,0.3199,0.5213,0.3374,0.4264,0.4483
5/3/2022,14.8421,0.283,0.3425,0.2857,0.4082,0.3507,0.3925,0.3042,0.3856,0.3227,0.361,0.3234,0.3151,0.2693,0.2508,0.3151,0.2666,0.2864,0.2939,0.3227,0.2885,0.2844,0.3268,0.3384,0.2577,0.2727,0.2474,0.2679,0.2631,0.3042,0.3062,0.2378,0.2481,0.2228,0.2488,0.2549,0.2645,0.3309,0.3117,0.6161,0.489,0.2515,0.361,0.2734,0.2611,0.3199,0.2871,0.3158,0.311
5/2/2022,15.6835,0.371,0.3734,0.2858,0.3757,0.5332,0.3165,0.4148,0.3142,0.3557,0.3818,0.4026,0.3065,0.2612,0.2704,0.3234,0.2796,0.3103,0.3265,0.2865,0.3434,0.2719,0.2696,0.3173,0.2612,0.2696,0.2512,0.4102,0.2735,0.4095,0.3034,0.2358,0.2666,0.2842,0.2758,0.2765,0.2712,0.3034,0.3357,0.6472,0.5113,0.285,0.3057,0.2589,0.3372,0.3249,0.2904,0.2689,0.3349
5/1/2022,13.4,0.2714,0.2628,0.2682,0.3071,0.3881,0.3724,0.3514,0.346,0.3454,0.3071,0.2698,0.2352,0.2622,0.279,0.2525,0.2417,0.2855,0.2622,0.2509,0.2471,0.272,0.225,0.2563,0.2207,0.273,0.2374,0.2909,0.2298,0.3211,0.2709,0.2406,0.252,0.2261,0.246,0.2207,0.2385,0.2433,0.2909,0.5349,0.4308,0.2369,0.3044,0.2196,0.2444,0.279,0.2676,0.2633,0.2579
4/30/2022,13.3997,0.2779,0.3087,0.2482,0.3022,0.3627,0.3627,0.3195,0.3011,0.2315,0.3206,0.2644,0.2714,0.2406,0.239,0.2417,0.2574,0.2639,0.2676,0.2428,0.2855,0.2568,0.2633,0.2801,0.2757,0.2385,0.2493,0.3222,0.2336,0.3103,0.259,0.246,0.2363,0.2099,0.225,0.2309,0.2617,0.2514,0.266,0.5859,0.4673,0.2547,0.2865,0.2855,0.239,0.2633,0.2628,0.2919,0.2374
4/29/2022,13.0398,0.2544,0.2997,0.2942,0.3037,0.3521,0.3405,0.3224,0.2821,0.2292,0.2357,0.2397,0.2276,0.2533,0.27,0.2418,0.2413,0.2639,0.2705,0.2438,0.2896,0.2589,0.27,0.278,0.2418,0.2276,0.2478,0.2473,0.2276,0.3249,0.2337,0.2332,0.206,0.2246,0.2428,0.2196,0.2428,0.2327,0.2428,0.626,0.4961,0.2478,0.2181,0.2619,0.2287,0.2367,0.3053,0.2851,0.2765
4/28/2022,17.6066,0.3982,0.3069,0.3655,0.5615,0.646,0.5269,0.55,0.4549,0.3386,0.3569,0.5077,0.3963,0.3184,0.2964,0.2819,0.3319,0.3684,0.3252,0.3473,0.3847,0.3473,0.2877,0.329,0.4241,0.2791,0.3636,0.3463,0.2839,0.3463,0.3098,0.2493,0.2762,0.2608,0.3127,0.2858,0.3088,0.3473,0.3694,0.5751,0.4595,0.2819,0.4039,0.3761,0.3655,0.3915,0.2906,0.3684,0.3031
4/27/2022,31.9679,0.543,0.6221,0.5717,0.8426,1.099,1.087,0.6508,0.8617,0.5765,0.5981,0.694,0.5406,0.6436,0.5693,0.5286,0.5669,0.6772,0.5238,0.6724,0.7347,0.4663,0.7491,0.6101,0.5502,0.6149,0.5118,0.682,0.483,0.8737,0.6412,0.4711,0.3872,0.4207,0.3752,0.4303,0.5573,0.5502,0.4567,2.2045,1.6281,0.7035,0.4806,0.6149,0.5597,0.4926,0.6796,0.6724,0.4974
4/26/2022,20.9718,0.3573,0.5182,0.4352,0.6751,0.4806,0.6583,0.6142,0.4378,0.3963,0.4935,0.6064,0.4404,0.3535,0.369,0.3963,0.4611,0.3885,0.3924,0.4806,0.3729,0.4287,0.4274,0.4144,0.4507,0.4027,0.3548,0.5208,0.3444,0.6012,0.3431,0.3236,0.3158,0.3119,0.3184,0.299,0.3651,0.4923,0.3989,0.7204,0.5638,0.4611,0.3094,0.4404,0.3612,0.4806,0.3548,0.395,0.4443
4/25/2022,43.9261,0.6193,0.9786,0.8924,1.6073,1.072,1.6684,1.054,1.4313,1.4564,1.0145,0.8924,0.6373,0.8277,0.5942,0.8816,0.7199,0.957,0.8457,0.9247,0.8529,0.6804,0.6553,1.0433,0.6481,0.7127,0.8708,1.2696,0.5654,0.7738,0.7882,0.7271,0.6912,0.5403,0.6086,0.5151,0.6804,0.9355,0.9822,2.2547,1.6641,1.0325,0.684,0.6229,0.666,0.9714,1.0325,0.7559,0.6265
4/24/2022,20.9712,0.452,0.3677,0.382,0.4728,0.7011,0.4209,0.5571,0.4378,0.5558,0.5818,0.6388,0.4494,0.4144,0.404,0.452,0.3457,0.4313,0.4689,0.4404,0.4832,0.4339,0.3171,0.4728,0.3444,0.3158,0.3846,0.4144,0.3184,0.4494,0.3392,0.2678,0.3236,0.3379,0.3016,0.3119,0.3677,0.334,0.4637,0.8949,0.6889,0.4935,0.5377,0.3963,0.452,0.4196,0.4157,0.3924,0.3249
4/23/2022,13.16,0.2693,0.2564,0.2957,0.3184,0.4149,0.3643,0.2539,0.355,0.2683,0.3364,0.3184,0.3091,0.2472,0.2497,0.2869,0.2745,0.2575,0.2487,0.2822,0.289,0.2379,0.2611,0.2446,0.2714,0.2508,0.2472,0.2472,0.2234,0.3416,0.2564,0.2415,0.2121,0.2394,0.2214,0.2172,0.257,0.2632,0.2807,0.2896,0.2548,0.2322,0.2951,0.2931,0.274,0.2853,0.2585,0.2822,0.2853
4/22/2022,26.9205,0.4353,0.6094,0.6851,0.7116,0.6359,0.8497,0.8043,0.8137,0.5072,0.7816,0.7381,0.5678,0.4202,0.5394,0.5299,0.4713,0.3937,0.407,0.4845,0.4997,0.5829,0.4505,0.4807,0.5262,0.407,0.4524,0.7437,0.4107,0.7286,0.5299,0.4372,0.318,0.4164,0.3597,0.337,0.4486,0.5583,0.4051,1.5473,1.1568,0.4448,0.4391,0.6245,0.3861,0.6113,0.4051,0.4013,0.4259
4/21/2022,24.0962,0.4113,0.6077,0.3727,0.7815,0.6431,0.5916,0.4483,0.5578,0.6978,0.6077,0.4516,0.5449,0.4323,0.4113,0.4097,0.4612,0.4226,0.392,0.4371,0.5353,0.3952,0.4323,0.5771,0.524,0.4902,0.3759,0.4467,0.3985,0.4371,0.4419,0.2745,0.3695,0.3067,0.3405,0.4194,0.4097,0.421,0.4693,1.4087,1.0574,0.4017,0.4902,0.553,0.5015,0.4644,0.5176,0.4999,0.4548
4/20/2022,21.5722,0.472,0.3526,0.3472,0.472,0.4829,0.6729,0.7272,0.4856,0.5399,0.4422,0.4517,0.32,0.3553,0.354,0.3662,0.4693,0.4069,0.3662,0.4938,0.4897,0.4476,0.4585,0.335,0.3119,0.2929,0.3431,0.411,0.3132,0.4625,0.4449,0.3852,0.2942,0.3513,0.3227,0.3241,0.3526,0.3621,0.3513,1.3855,1.0407,0.5114,0.4666,0.4503,0.4055,0.487,0.3431,0.4191,0.4313
4/19/2022,18.3275,0.4032,0.3908,0.4434,0.5756,0.6861,0.4042,0.5539,0.428,0.3102,0.4042,0.3009,0.2865,0.3608,0.3598,0.3722,0.3495,0.3133,0.3949,0.3443,0.3257,0.3588,0.399,0.4135,0.2761,0.2658,0.3433,0.5064,0.3154,0.3009,0.3133,0.2658,0.2679,0.2421,0.2514,0.3071,0.3092,0.2927,0.4063,0.9678,0.7412,0.3402,0.3474,0.4083,0.3113,0.3298,0.3205,0.3773,0.3412
4/18/2022,9.8549,0.1895,0.1997,0.1917,0.211,0.2088,0.2069,0.2344,0.221,0.2218,0.2138,0.2331,0.1969,0.2039,0.1889,0.2075,0.1899,0.1936,0.191,0.2088,0.2093,0.1986,0.2026,0.1954,0.2049,0.1839,0.2043,0.2218,0.1886,0.2132,0.1965,0.1963,0.1871,0.1949,0.1958,0.1817,0.1945,0.1969,0.1863,0.3265,0.2813,0.2028,0.1865,0.2008,0.1928,0.1971,0.2069,0.2091,0.1863
4/17/2022,9.9751,0.1973,0.2044,0.2093,0.2312,0.2228,0.2273,0.2295,0.2222,0.203,0.2129,0.2433,0.2044,0.1896,0.2068,0.1929,0.2064,0.1912,0.1941,0.2127,0.2093,0.1993,0.2101,0.216,0.1985,0.1872,0.2083,0.1884,0.1904,0.216,0.1985,0.1916,0.1995,0.1977,0.1862,0.1969,0.1919,0.2016,0.2083,0.3133,0.2718,0.1959,0.2085,0.186,0.202,0.1931,0.2042,0.1991,0.2042
4/16/2022,9.4344,0.1885,0.1876,0.2028,0.2235,0.2202,0.1935,0.1976,0.1976,0.211,0.1985,0.1965,0.2037,0.1836,0.1895,0.1971,0.1863,0.1846,0.1921,0.1994,0.1986,0.1951,0.1931,0.1909,0.1888,0.1799,0.1839,0.1962,0.1872,0.1985,0.1962,0.1824,0.1847,0.185,0.1834,0.1877,0.1875,0.1824,0.1862,0.2986,0.2613,0.1919,0.1836,0.1968,0.189,0.1928,0.1892,0.1978,0.1921
4/15/2022,19.349,0.4697,0.4708,0.3812,0.4277,0.4606,0.4572,0.5174,0.632,0.4107,0.3562,0.481,0.3074,0.2995,0.2904,0.4107,0.3187,0.405,0.3119,0.3562,0.4095,0.4198,0.3119,0.3959,0.3403,0.3278,0.3187,0.3846,0.3221,0.5264,0.3358,0.2926,0.2631,0.3165,0.2983,0.2972,0.3426,0.3437,0.3891,1.1468,0.8696,0.3131,0.4345,0.4424,0.2881,0.4356,0.3324,0.3017,0.3846
4/14/2022,24.0359,0.3832,0.4521,0.4633,0.5483,0.7039,0.5291,0.5708,0.5756,0.3463,0.5948,0.4585,0.5964,0.4313,0.42,0.4746,0.513,0.4184,0.5499,0.3944,0.4008,0.4617,0.5547,0.513,0.5932,0.4778,0.4265,0.6077,0.3928,0.4473,0.4104,0.4232,0.3912,0.3158,0.3671,0.3783,0.4248,0.3431,0.5002,1.4648,1.0976,0.4184,0.5339,0.5066,0.3334,0.4537,0.4778,0.3912,0.505
4/13/2022,21.1514,0.5178,0.3837,0.3455,0.5744,0.7756,0.5849,0.4481,0.7151,0.3468,0.5191,0.3784,0.4192,0.381,0.4218,0.3363,0.4836,0.4008,0.3363,0.4034,0.3995,0.3784,0.4415,0.4823,0.3179,0.2877,0.3495,0.4757,0.3271,0.5507,0.3731,0.2495,0.3311,0.3508,0.3061,0.3705,0.3521,0.4507,0.3705,1.0988,0.8351,0.3876,0.4678,0.4336,0.3613,0.41,0.4021,0.431,0.3876
4/12/2022,23.6154,0.3744,0.5883,0.4899,0.7741,0.9615,0.582,0.7241,0.4634,0.3416,0.5633,0.5805,0.4399,0.429,0.4399,0.4821,0.4384,0.4602,0.3868,0.4587,0.4977,0.4852,0.5289,0.5664,0.5508,0.3697,0.4852,0.5852,0.3525,0.6211,0.4509,0.3868,0.3244,0.3665,0.2916,0.3462,0.429,0.3744,0.4509,0.7159,0.5606,0.5165,0.543,0.5133,0.379,0.5258,0.4759,0.5008,0.4431
4/11/2022,20.0697,0.4865,0.3948,0.4684,0.6398,0.7738,0.6024,0.5988,0.5324,0.3091,0.4419,0.53,0.3658,0.3525,0.3694,0.3863,0.46,0.3815,0.3441,0.4455,0.4213,0.3827,0.326,0.3356,0.402,0.4032,0.2982,0.3936,0.3332,0.4889,0.332,0.3067,0.2813,0.3031,0.2789,0.2693,0.3441,0.3417,0.3525,0.9061,0.697,0.4684,0.3815,0.2898,0.4008,0.4189,0.3815,0.3369,0.3115
4/10/2022,35.3931,0.7556,0.657,0.5036,0.8953,0.7775,1.1583,0.8268,1.1665,0.4817,0.8871,0.7693,0.8296,0.594,0.7392,0.52,0.7912,0.5255,0.6734,0.6187,0.7008,0.6625,0.6597,0.6625,0.4899,0.4379,0.6954,0.6378,0.5146,1.0296,0.7255,0.3721,0.5611,0.4653,0.5913,0.4625,0.6269,0.6981,0.5365,2.4686,1.8175,0.8625,0.6077,0.7912,0.457,0.6241,0.8707,0.6488,0.5447
4/9/2022,45.7287,0.7288,0.7326,0.6873,1.6607,1.4079,1.0269,1.3702,1.0835,1.0457,1.291,1.6004,0.6119,0.6194,0.9665,0.8194,0.7288,0.7515,0.842,0.9099,0.9741,0.9175,0.6798,1.1287,0.8571,0.5855,0.9514,0.5628,0.5892,0.9741,0.8609,0.4459,0.6458,0.4836,0.5175,0.5704,0.7401,0.8194,0.8118,3.6777,2.6846,0.6571,0.544,1.0646,1.008,0.71,0.8194,0.9401,0.6232
4/8/2022,26.3796,0.5618,0.5967,0.6648,0.5931,0.7254,0.6151,0.6648,0.8945,0.4865,0.6923,0.8265,0.6206,0.481,0.4552,0.4332,0.3854,0.5067,0.4516,0.5434,0.4221,0.4773,0.4791,0.4589,0.6445,0.4516,0.4938,0.7162,0.3652,0.7162,0.481,0.3394,0.3762,0.424,0.413,0.3413,0.4368,0.3909,0.3633,1.3248,0.9972,0.5637,0.5453,0.6206,0.4111,0.5159,0.5545,0.4368,0.4203
4/7/2022,29.8044,0.4828,0.7052,0.6006,0.9211,0.8186,0.8731,0.6071,0.9255,0.4719,0.7837,0.8644,0.4589,0.4545,0.6355,0.4807,0.4327,0.4741,0.4719,0.618,0.6943,0.6551,0.5984,0.4414,0.5352,0.4305,0.4043,0.7859,0.3891,0.7925,0.4654,0.3607,0.3498,0.4436,0.3498,0.4501,0.4828,0.4458,0.4719,2.2225,1.641,0.5962,0.6486,0.5657,0.5068,0.5046,0.4218,0.6769,0.3934
4/6/2022,36.8954,0.8659,0.5568,0.4874,1.1896,1.4641,1.0595,1.2878,0.9642,0.7446,0.8197,0.8775,0.6521,0.6694,0.6666,0.629,0.8457,0.6983,0.5365,0.8573,0.8602,0.5568,0.8226,0.8313,0.8659,0.6723,0.6434,0.7359,0.5076,0.7677,0.629,0.4383,0.6319,0.5452,0.473,0.5163,0.6174,0.7619,0.6723,1.4792,1.108,0.9295,0.7792,0.6434,0.5654,0.7504,0.6406,0.7908,0.7879
4/5/2022,43.0848,0.8157,0.9455,0.8192,1.2578,1.6999,0.8263,1.528,1.6402,1.2017,1.135,1.4367,0.7421,0.7947,0.8754,0.8017,0.7456,1.0157,0.721,0.7947,0.9491,0.714,0.8017,0.7491,0.8859,0.5947,0.5245,1.0052,0.5245,1.1455,0.6789,0.7385,0.7526,0.5386,0.5561,0.5491,0.7,0.8964,0.914,1.1923,0.9022,0.8649,0.9736,0.721,0.8368,0.8473,1.1034,0.9631,0.6649
4/4/2022,43.3252,0.8061,1.0463,0.9403,1.4207,1.9541,0.965,1.6221,1.2441,0.6895,0.8838,0.8484,0.8908,0.6259,0.587,0.9262,0.8025,1.0215,0.9968,0.7248,0.9156,0.8908,1.0286,0.7036,1.0357,0.746,0.6118,0.5199,0.633,0.8484,0.8202,0.6542,0.7001,0.5446,0.7142,0.7213,0.7884,0.6294,0.9791,1.9935,1.4767,0.8061,0.8838,0.8555,0.5093,0.9438,0.859,0.9509,0.5658
4/3/2022,51.9181,1.1812,0.7815,0.6673,1.5413,2.0551,1.6379,0.9923,1.392,0.9001,1.4095,1.8268,1.0889,0.8562,0.8869,1.0231,0.821,0.8035,0.8518,0.8167,1.0143,0.865,1.0275,1.2866,0.5927,0.9704,0.9704,0.7156,0.6981,1.6335,0.8869,0.6849,0.8474,0.5575,0.7464,0.7859,0.9177,0.9264,1.146,3.0133,2.2081,1.1724,0.5839,1.1373,1.0889,0.9001,1.2998,0.8606,0.8474
4/2/2022,54.1408,1.1033,1.0618,1.1126,2.0769,2.3445,1.2925,1.8231,1.8601,0.7388,1.4632,0.8357,0.9834,1.0572,0.7988,0.8957,0.9326,1.0341,1.1772,1.0157,1.2648,0.8911,0.8126,1.3248,1.2971,0.7388,0.6465,1.1725,0.7619,1.717,0.988,0.7803,0.868,0.8311,0.5681,0.5358,0.868,1.1449,0.9926,2.8457,2.0879,0.6834,0.7665,0.6142,1.1725,1.2741,0.9049,1.1079,0.8726
4/1/2022,36.7755,0.5954,0.6213,0.6731,1.0645,1.3723,0.817,1.1853,0.9896,0.958,0.6386,0.5523,0.6415,0.5091,0.5551,0.6875,0.6041,0.5379,0.581,0.7048,0.6041,0.6156,0.4631,0.7163,0.7479,0.5264,0.6587,0.5264,0.5436,0.981,0.6933,0.3825,0.5839,0.4487,0.5292,0.4573,0.5983,0.7508,0.7019,3.0523,2.2361,0.7882,0.5292,0.8515,0.6789,0.8774,0.5407,0.7019,0.7019
3/31/2022,37.4357,0.8643,0.7613,0.7878,1.0762,1.1822,0.7318,1.1704,0.8996,0.8319,1.0733,0.9526,0.6641,0.7348,0.5552,0.5346,0.617,0.6141,0.7554,0.7377,0.617,0.7672,0.5523,0.7819,0.4816,0.5817,0.7466,0.5758,0.4905,1.1263,0.7348,0.617,0.5081,0.5758,0.3992,0.4934,0.5699,0.6318,0.5376,2.546,1.873,0.8084,0.4816,0.5405,0.7789,0.8849,0.8466,0.8378,0.5052
3/30/2022,28.3623,0.4619,0.5984,0.576,1.0015,0.7816,0.9242,0.5332,0.857,0.4884,0.7592,0.8081,0.7144,0.5576,0.4823,0.5413,0.4558,0.5474,0.5189,0.5413,0.523,0.6106,0.5169,0.5434,0.3784,0.4823,0.5536,0.4884,0.4395,0.7002,0.5922,0.4619,0.3723,0.3275,0.4456,0.4884,0.468,0.4823,0.3825,1.5766,1.1778,0.6941,0.7002,0.3825,0.5189,0.4497,0.637,0.4069,0.4131
3/29/2022,26.9806,0.6621,0.5975,0.533,0.7266,0.5653,0.5539,0.4893,0.6772,0.5994,0.8025,0.681,0.664,0.5064,0.3736,0.5026,0.5083,0.4115,0.6317,0.4609,0.4324,0.4381,0.4419,0.5956,0.476,0.3868,0.4912,0.5823,0.4324,0.4419,0.5197,0.4723,0.4229,0.3584,0.4191,0.4742,0.4191,0.5558,0.5216,1.7893,1.3304,0.6108,0.5615,0.4039,0.3887,0.5235,0.6602,0.4495,0.4343
3/28/2022,32.6892,0.6037,0.6382,0.8185,0.8654,1.1246,0.8752,1.0579,1.0086,0.6456,1.0012,0.6037,0.7592,0.4605,0.5518,0.4777,0.6382,0.4926,0.5963,0.7592,0.6753,0.6925,0.5963,0.4703,0.6037,0.6777,0.6284,0.7148,0.4555,0.7395,0.574,0.4086,0.5395,0.4062,0.3543,0.4852,0.5395,0.5321,0.5493,1.6562,1.2349,0.5518,0.8036,0.5987,0.7592,0.5222,0.5666,0.6407,0.7345
3/27/2022,23.6155,0.5539,0.5289,0.5399,0.5414,0.6523,0.5883,0.582,0.7554,0.5258,0.6383,0.5508,0.3447,0.4649,0.4399,0.3915,0.3525,0.4899,0.3884,0.4993,0.4571,0.4415,0.4883,0.3931,0.4649,0.3244,0.3728,0.3275,0.3447,0.4243,0.4384,0.3072,0.3619,0.3166,0.3947,0.415,0.3853,0.4415,0.3603,1.6735,1.2473,0.5055,0.3962,0.3384,0.4556,0.4415,0.4962,0.3759,0.3978
3/26/2022,27.5817,0.6131,0.619,0.4428,0.9734,0.852,0.7639,0.9793,0.9088,0.6523,0.5877,0.6582,0.384,0.4721,0.4526,0.4584,0.3997,0.5896,0.6112,0.5779,0.5818,0.5505,0.3821,0.4996,0.6131,0.3919,0.57,0.7522,0.4193,0.4369,0.525,0.4095,0.4486,0.3155,0.3174,0.3586,0.5172,0.5035,0.525,1.3617,1.0237,0.4545,0.3644,0.3821,0.6366,0.6327,0.6817,0.4232,0.5074
3/25/2022,23.0746,0.5028,0.4395,0.5827,0.7666,0.8119,0.6898,0.7109,0.6596,0.6732,0.4546,0.6702,0.4516,0.3988,0.3581,0.4862,0.4682,0.4772,0.3822,0.3762,0.3807,0.3641,0.4275,0.4606,0.3219,0.3265,0.4139,0.4998,0.3626,0.4757,0.4621,0.3702,0.2978,0.2767,0.3641,0.3174,0.3988,0.3687,0.4471,1.034,0.7887,0.4576,0.4621,0.4275,0.3204,0.5285,0.4486,0.4712,0.4395
3/24/2022,36.2945,0.5288,0.5684,0.792,1.1711,0.9674,0.9334,1.29,1.355,1.041,0.9391,0.659,0.9391,0.6307,0.7297,0.5911,0.6816,0.6448,0.6052,0.6703,0.6816,0.7778,0.7637,0.5883,0.6703,0.4157,0.659,0.809,0.509,0.7241,0.7354,0.3676,0.6307,0.3874,0.4072,0.5147,0.5543,0.8514,0.4864,1.9199,1.424,0.5939,0.4694,0.8712,0.8514,0.6448,0.775,0.8061,0.6675
3/23/2022,26.7403,0.5096,0.4478,0.6445,0.905,0.6314,0.5864,0.564,0.9144,0.8357,0.4834,0.6989,0.5864,0.504,0.5508,0.6033,0.3878,0.4328,0.5284,0.4703,0.5059,0.4309,0.4159,0.4365,0.5134,0.4665,0.4553,0.7326,0.4234,0.6183,0.5321,0.2941,0.4065,0.4347,0.4065,0.4534,0.4646,0.6221,0.4703,1.5396,1.1513,0.459,0.4328,0.3841,0.4197,0.6089,0.5152,0.4122,0.4496
3/22/2022,30.0453,0.6671,0.5547,0.5238,0.7972,1.1631,0.8942,0.8655,0.8567,0.4422,0.7134,0.8677,0.6693,0.4378,0.4555,0.5767,0.5855,0.5084,0.634,0.7024,0.5591,0.4687,0.5392,0.4643,0.6759,0.537,0.5084,0.5855,0.4202,0.5238,0.5238,0.3871,0.5348,0.5172,0.4753,0.4995,0.5569,0.515,0.4114,1.851,1.3746,0.4466,0.698,0.4466,0.5613,0.5018,0.4951,0.6583,0.3937
3/21/2022,26.5003,0.5589,0.5422,0.4904,0.7901,0.5644,0.7957,0.6107,0.7753,0.8364,0.7346,0.5459,0.3924,0.4294,0.5552,0.459,0.5644,0.4941,0.6162,0.5755,0.533,0.4627,0.4738,0.6273,0.4849,0.3628,0.5108,0.5848,0.3961,0.4904,0.5422,0.4016,0.2999,0.4331,0.3942,0.4349,0.4312,0.4053,0.422,1.6103,1.202,0.3831,0.4368,0.533,0.4386,0.4257,0.4386,0.5311,0.4793
3/20/2022,38.1576,0.6582,0.6009,0.8965,1.0292,1.192,1.2493,1.0322,0.8301,0.7608,0.5527,0.61,1.0171,0.6432,0.8211,0.7819,0.5949,0.7005,0.7547,0.6914,0.6492,0.5889,0.8723,0.8181,0.5768,0.616,0.5135,1.0382,0.5527,0.797,0.622,0.6522,0.6009,0.4833,0.616,0.5859,0.5798,0.5678,0.5889,2.6236,1.9287,0.6009,0.9809,0.6914,0.7005,0.607,0.6733,0.8754,0.7397
3/19/2022,23.6154,0.5368,0.4759,0.5961,0.5758,0.8491,0.7351,0.4571,0.6898,0.379,0.4852,0.4368,0.518,0.4384,0.4727,0.5102,0.4477,0.4571,0.4415,0.4368,0.4228,0.4743,0.3338,0.6008,0.5321,0.3041,0.3306,0.6273,0.3447,0.5086,0.404,0.3556,0.4009,0.3462,0.3197,0.3447,0.4399,0.3681,0.3306,1.4325,1.0745,0.5805,0.4134,0.3509,0.4321,0.4196,0.3775,0.3541,0.4524
3/18/2022,27.9419,0.4718,0.4518,0.6134,0.751,0.8267,0.8088,0.8427,0.5675,0.5735,0.753,0.5236,0.7051,0.4399,0.4977,0.5914,0.5675,0.4518,0.5216,0.5695,0.5316,0.402,0.6134,0.6373,0.4439,0.5316,0.4638,0.5874,0.404,0.8228,0.4598,0.3661,0.4658,0.4319,0.3262,0.4279,0.4598,0.6652,0.388,1.5707,1.1736,0.5236,0.725,0.394,0.4997,0.4837,0.6672,0.5795,0.3681
3/17/2022,20.6711,0.3352,0.4505,0.32,0.5569,0.6,0.5658,0.6102,0.5443,0.5924,0.4074,0.5417,0.3086,0.3415,0.3542,0.3428,0.3846,0.377,0.3973,0.429,0.3529,0.4467,0.4644,0.4619,0.3555,0.339,0.3795,0.3453,0.3162,0.4125,0.3681,0.3441,0.3631,0.3517,0.263,0.3605,0.3403,0.4302,0.4277,0.9592,0.735,0.5075,0.5379,0.2946,0.4176,0.3327,0.486,0.434,0.3846
3/16/2022,26.1995,0.5161,0.4797,0.6562,0.9165,0.9747,0.7236,0.7363,0.7581,0.365,0.5798,0.7163,0.6599,0.467,0.4833,0.4797,0.3905,0.5034,0.4888,0.4233,0.467,0.5707,0.5161,0.4087,0.3723,0.4178,0.4142,0.5853,0.3796,0.5798,0.5379,0.3942,0.3396,0.3123,0.3341,0.3341,0.4506,0.5288,0.5343,1.2498,0.9435,0.6417,0.6944,0.6053,0.436,0.5088,0.3923,0.4178,0.5143
3/15/2022,30.8264,0.573,0.6551,0.7898,0.888,1.0569,0.7008,0.6643,0.6163,0.9428,0.6506,0.6734,0.6962,0.4497,0.5091,0.6346,0.4703,0.5547,0.7259,0.6483,0.6985,0.6757,0.5182,0.5501,0.6163,0.4725,0.5798,0.5068,0.4931,0.7168,0.6392,0.4178,0.5228,0.5113,0.4429,0.3972,0.4908,0.5113,0.589,1.9546,1.4489,0.5068,0.6483,0.4383,0.3904,0.4862,0.5753,0.5387,0.589
3/14/2022,40.681,0.6536,1.0294,1.0425,1.5164,0.8922,0.9575,0.6928,1.3366,0.9968,0.8105,0.634,0.768,0.5686,0.7713,0.6373,0.5948,0.9151,0.8334,0.8072,0.9053,0.5817,0.7092,0.5556,0.8464,0.7615,0.7451,1.0915,0.5294,1.2713,0.7386,0.3922,0.5392,0.6503,0.4379,0.6961,0.6667,0.8105,0.8791,2.2431,1.6558,0.9412,0.9216,0.6209,0.7092,0.8791,0.9706,0.8072,0.6667
3/13/2022,44.9473,0.9906,0.9204,1.083,1.6741,2.0399,1.1088,1.3046,0.8945,0.7098,1.264,1.0238,1.1864,0.7172,0.9647,1.0312,0.9426,0.8576,0.8465,0.8871,0.7615,0.6728,0.6581,0.9278,0.6433,0.8761,0.7689,0.7689,0.6618,1.0165,0.9463,0.5768,0.6987,0.5546,0.7467,0.4955,0.6876,0.7357,0.8834,2.0967,1.5508,0.8945,1.2381,1.0793,0.5177,1.0017,0.7394,0.6802,0.6211
3/12/2022,46.0288,0.8816,1.163,0.9957,1.6802,1.5852,1.0527,1.6232,1.3266,1.1706,1.1935,1.5243,0.9196,0.855,0.6534,0.8702,1.0527,0.6192,0.6268,0.9234,1.0642,0.8398,0.6687,1.1896,0.7599,0.8208,0.5926,1.4064,0.6572,0.8702,0.7789,0.7409,0.6306,0.4595,0.5584,0.6458,0.6801,0.7523,0.6915,1.9672,1.4579,0.7409,0.9158,0.8284,1.0642,0.912,1.1744,0.7789,0.6648
3/11/2022,31.5473,0.4728,0.7765,0.6565,1.1133,1.3417,0.9249,0.7059,0.7977,0.6894,0.9579,0.7765,0.6046,0.5646,0.534,0.567,0.7365,0.4634,0.5882,0.6894,0.7318,0.5317,0.3951,0.4869,0.4139,0.6376,0.494,0.6565,0.4116,0.6423,0.6046,0.5481,0.5293,0.4351,0.4681,0.421,0.5034,0.5458,0.6635,1.3528,1.0173,0.7977,0.6117,0.7271,0.6282,0.5646,0.4751,0.713,0.5787
3/10/2022,27.221,0.6203,0.6818,0.6972,0.7337,1.0297,0.5895,0.5011,0.6991,0.8586,0.774,0.5511,0.6241,0.4511,0.5626,0.5684,0.5914,0.4646,0.6376,0.5684,0.6049,0.5338,0.5472,0.5453,0.676,0.3685,0.5223,0.4723,0.3704,0.5472,0.5434,0.455,0.4819,0.3666,0.3224,0.3281,0.4185,0.6049,0.3762,1.1674,0.8843,0.553,0.5107,0.578,0.3531,0.4242,0.6145,0.4877,0.3589
3/9/2022,35.8741,0.7297,0.7771,0.7855,1.2036,0.7687,1.0977,0.6823,0.883,1.1367,0.6684,0.8775,0.7883,0.543,0.6015,0.7409,0.8106,0.5987,0.5513,0.6322,0.7994,0.5346,0.6851,0.6043,0.4426,0.7046,0.4677,1.0698,0.5179,0.7214,0.7353,0.4816,0.4287,0.5012,0.3785,0.5179,0.6433,0.7966,0.7771,1.9458,1.4425,0.8552,0.7186,0.6572,0.7269,0.844,0.6684,0.5764,0.7548
3/8/2022,39.4793,0.6137,0.664,0.6987,1.2527,1.5958,1.2086,0.6987,1.4447,0.9631,1.2496,0.6955,0.5381,0.7585,0.8088,0.664,0.62,0.834,0.6577,0.7333,0.875,0.6735,0.6703,0.9064,0.6609,0.5539,0.4941,0.7931,0.579,0.6231,0.7711,0.557,0.62,0.4248,0.6452,0.557,0.642,0.7301,0.8718,2.5224,1.8561,0.5381,0.7805,0.9222,0.5098,0.6829,0.9631,0.6672,0.6892
3/7/2022,47.0506,0.9203,0.8891,0.6197,1.6857,1.8107,1.5295,1.0922,0.9594,1.1078,1.139,1.6037,1.182,0.7134,0.6197,1.0453,0.9086,0.7954,0.8032,1.0297,0.8579,0.768,0.8032,0.8618,0.7602,0.936,0.7837,1.0102,0.6743,0.7485,0.8383,0.6314,0.7641,0.5064,0.4635,0.6236,0.7837,0.6509,0.7251,3.0321,2.2216,0.9711,0.6079,0.9047,0.9086,0.7954,1.2327,0.893,0.8383
3/6/2022,45.6081,0.7158,0.7195,0.8887,1.4942,1.9004,1.0806,1.2761,1.3589,1.2385,1.2686,0.9978,1.1821,0.6932,0.8549,0.9752,1.0768,0.7684,0.6518,1.0317,0.7759,0.979,0.9301,1.2159,0.7684,0.6894,0.7797,0.9903,0.6894,0.9752,0.8436,0.4863,0.5841,0.5916,0.4751,0.6894,0.6706,1.0016,0.9226,2.013,1.4908,1.0542,0.7985,0.7458,0.9376,0.9978,0.9564,0.7609,0.6217
3/5/2022,37.6764,0.6148,0.7068,0.959,1.0688,1.6297,0.9679,1.0837,0.7958,0.6059,0.7988,1.3033,0.959,0.6741,0.7958,0.6118,0.7305,0.5406,0.5999,0.8848,0.7839,0.6652,0.8106,0.8314,0.8552,0.781,0.7246,0.8374,0.505,1.0599,0.6979,0.6415,0.5465,0.4516,0.5792,0.4249,0.6801,0.5584,0.87,0.9668,0.7405,0.8017,0.9561,0.5406,0.6029,0.9086,0.9531,0.7572,0.8136
3/4/2022,38.4581,0.922,0.6388,0.657,1.385,1.12,0.8489,1.1048,1.1992,0.5078,0.7545,0.9312,0.8367,0.6418,0.5931,0.5718,0.8885,0.8916,0.6844,0.6022,0.785,0.8002,0.7667,0.6388,0.8489,0.5657,0.7971,0.8702,0.5322,1.1261,0.785,0.4103,0.6509,0.5687,0.52,0.5718,0.6814,0.7271,0.8002,1.6105,1.2021,0.785,0.8794,0.8977,0.8367,0.6692,0.7941,0.8398,0.718
3/3/2022,38.0369,0.5932,0.8966,0.8545,1.3351,1.6775,1.0438,1.4432,0.7974,1.0798,1.1218,0.9116,0.6743,0.6112,0.7133,0.7674,0.7163,0.6112,0.8275,0.6563,0.7554,0.6112,0.6473,0.7284,0.8605,0.5632,0.5301,1.0107,0.4941,1.0978,0.7644,0.5842,0.461,0.5241,0.5391,0.6142,0.5481,0.6803,0.8245,1.2512,0.9444,0.7103,0.8545,0.4851,0.8725,0.9056,0.5722,0.6443,0.6262
3/2/2022,36.5348,0.7117,0.6831,0.5576,0.7944,1.1454,0.9828,0.8772,1.0712,1.0826,1.1197,0.7545,0.8658,0.5005,0.6974,0.7174,0.7516,0.7202,0.6432,0.8287,0.8686,0.7288,0.7859,0.6946,0.5376,0.6803,0.6546,0.8772,0.5062,0.9314,0.6489,0.4349,0.5348,0.5918,0.4292,0.5576,0.589,0.7745,0.686,2.2023,1.6265,0.589,0.6632,0.4606,0.5975,0.5662,0.569,0.6232,0.6204
3/1/2022,36.2947,0.925,0.6477,0.8769,1.1202,1.5955,1.1938,1.2419,0.8769,1.1513,1.0777,1.2107,0.7693,0.6703,0.6307,0.625,0.543,0.6505,0.7552,0.5939,0.8571,0.6958,0.6703,0.8712,0.6109,0.5769,0.7269,0.6194,0.509,0.5854,0.7184,0.4524,0.526,0.56,0.427,0.4355,0.5402,0.8203,0.7326,1.0647,0.8107,0.4836,0.9306,0.6618,0.5288,0.6194,0.7382,0.6816,0.6845
2/28/2022,44.7071,1.0219,0.8311,1.0513,1.3596,1.9727,1.3303,1.0843,1.2569,1.1211,1.0403,1.367,0.5704,0.7246,0.7173,0.7613,1.0513,0.9338,0.9889,0.8127,0.754,0.6916,0.5154,0.6806,0.9962,0.8604,0.8127,1.2238,0.5594,1.1211,0.9522,0.5301,0.7393,0.7283,0.7356,0.6328,0.7246,0.5815,0.6806,2.191,1.6185,0.5815,0.9375,0.8311,0.7577,0.6365,0.9118,0.7209,1.0036
2/27/2022,33.1095,0.8245,0.5734,0.7191,1.0505,1.4171,0.7768,0.6513,0.6387,0.9024,0.9802,1.1007,0.709,0.4605,0.5383,0.5534,0.6212,0.5408,0.7693,0.5534,0.5282,0.5634,0.7216,0.5433,0.596,0.5734,0.6588,0.4404,0.5157,0.6588,0.6086,0.4127,0.3751,0.4479,0.4178,0.4278,0.5282,0.4504,0.4956,2.015,1.4922,0.6714,0.7467,0.4579,0.5835,0.5107,0.8421,0.7618,0.6839
2/26/2022,34.6723,0.5481,0.6548,0.7188,1.0388,0.8895,1.1189,0.8041,0.7935,0.8281,0.9402,1.0842,0.8841,0.7001,0.7348,0.4974,0.5854,0.7294,0.7935,0.5961,0.6201,0.4867,0.4494,0.8655,0.5294,0.6788,0.6788,0.7855,0.5454,1.0548,0.7348,0.4974,0.4094,0.4867,0.5454,0.4654,0.6014,0.8095,0.7801,1.1685,0.8852,0.8361,0.8175,0.7348,0.5294,0.7268,0.6468,0.5908,0.7721
2/25/2022,30.7663,0.6129,0.6015,0.6652,0.7358,0.8656,0.9589,0.9931,1.009,0.4308,0.8565,0.4899,0.6835,0.449,0.4899,0.5059,0.663,0.6607,0.7085,0.5423,0.6311,0.6402,0.3829,0.6721,0.7222,0.5674,0.6311,0.7814,0.4763,0.6265,0.647,0.3829,0.3852,0.3693,0.3921,0.3761,0.5582,0.6243,0.5787,1.759,1.3086,0.4945,0.8178,0.4308,0.4968,0.4512,0.6721,0.4899,0.4786
2/24/2022,33.3503,0.6027,0.8106,0.8739,1.1097,0.8587,1.1655,1.1832,0.6458,0.4937,0.7244,0.7218,0.5925,0.6686,0.5292,0.5013,0.6559,0.5672,0.6432,0.6103,0.6534,0.5799,0.6128,0.6711,0.6306,0.5418,0.4937,0.6686,0.4633,0.8334,0.6509,0.5799,0.5672,0.3593,0.4988,0.4734,0.6179,0.4759,0.6382,2.0017,1.4827,0.6737,0.7548,0.4911,0.5165,0.6458,0.5875,0.7066,0.5216
2/23/2022,38.8782,0.5526,0.636,1.0251,1.1362,1.3555,0.812,1.4821,1.2968,0.8954,0.9294,1.0004,0.6515,0.8058,0.6453,0.6607,0.8738,0.5557,0.7811,0.8707,0.8707,0.6978,0.5002,0.8213,0.636,0.8058,0.7781,0.8028,0.4847,0.8336,0.7564,0.5681,0.6823,0.531,0.6082,0.5094,0.6484,0.5835,0.5279,2.1106,1.5607,0.6175,0.6329,0.7781,0.5002,0.7595,0.846,0.5959,0.8645
2/22/2022,31.0667,0.658,0.6441,0.688,0.8241,0.9671,0.6418,0.5842,0.6903,0.8379,0.598,1.0271,0.711,0.6049,0.6649,0.485,0.7087,0.6626,0.6488,0.5057,0.6534,0.6649,0.5842,0.6372,0.7595,0.425,0.4735,0.4112,0.4435,0.9371,0.5057,0.4758,0.4181,0.4135,0.4619,0.4412,0.5334,0.515,0.6349,1.3756,1.0337,0.6072,0.7064,0.5011,0.6557,0.6764,0.7387,0.5496,0.6811
2/21/2022,31.6671,0.4909,0.7229,0.4412,0.9524,1.3169,0.9051,0.5666,0.6329,0.827,0.4767,0.756,0.7016,0.4459,0.6542,0.5335,0.543,0.4862,0.6329,0.5382,0.5501,0.5453,0.5548,0.5477,0.6329,0.5264,0.6329,0.853,0.4649,0.9595,0.4885,0.524,0.543,0.453,0.5311,0.5075,0.5595,0.614,0.5075,2.1983,1.6236,0.5572,0.4057,0.7134,0.401,0.4838,0.6566,0.5737,0.4341
2/20/2022,39.5996,0.6091,0.9061,0.6944,1.32,1.2695,1.1241,1.339,1.2189,0.884,1.0009,0.8745,0.647,0.7544,0.6343,0.6059,0.8081,0.6849,0.5427,0.6091,0.6565,0.7102,0.5016,0.5901,0.8808,0.6375,0.5111,1.0957,0.6217,1.162,0.7671,0.6185,0.4985,0.5996,0.6343,0.5711,0.726,0.5206,0.7734,2.1357,1.5788,0.8808,0.8492,0.7228,0.7418,0.8461,0.9124,0.6249,0.7039
2/19/2022,46.5099,1.1333,0.7289,0.6095,1.2257,0.9831,1.3836,1.7148,1.1679,0.7405,0.7058,1.0639,0.6943,0.8252,0.598,0.6288,0.8483,0.9292,1.1063,0.7289,0.8406,0.6711,0.8829,0.9292,0.8791,0.7751,0.8829,0.8483,0.6018,0.9446,0.7751,0.4362,0.6904,0.5325,0.7174,0.752,0.779,0.9099,0.933,4.1137,2.9973,0.8406,1.2295,0.7482,0.6057,0.9831,0.6288,0.9138,0.8521
2/18/2022,23.6157,0.5258,0.4134,0.5149,0.5992,0.7554,0.6742,0.785,0.4618,0.5883,0.6976,0.7398,0.454,0.4618,0.4696,0.3603,0.4321,0.4821,0.4446,0.4274,0.5149,0.5165,0.3993,0.415,0.4009,0.4321,0.3744,0.6336,0.39,0.6976,0.379,0.3853,0.3041,0.2807,0.415,0.3181,0.4462,0.3541,0.5258,1.0315,0.7869,0.4993,0.3822,0.3494,0.404,0.4165,0.3868,0.4165,0.4727
2/17/2022,23.9758,0.4047,0.5453,0.3823,0.5613,0.8185,0.6188,0.5197,0.5613,0.5261,0.6683,0.6028,0.5022,0.3839,0.3983,0.3919,0.5245,0.4958,0.5133,0.4175,0.4814,0.3536,0.368,0.6044,0.4446,0.4031,0.5149,0.3919,0.336,0.3855,0.4031,0.4271,0.3057,0.3073,0.3216,0.3248,0.4223,0.4207,0.4446,1.8079,1.3436,0.3983,0.5565,0.336,0.4143,0.4079,0.4782,0.3664,0.3696
2/16/2022,33.4701,0.7372,0.6404,0.8263,0.8747,0.8493,1.132,0.6506,0.9257,0.9843,0.834,1.132,0.7066,0.6582,0.5615,0.7015,0.5895,0.5334,0.5513,0.6455,0.5207,0.5283,0.5818,0.5258,0.6582,0.6837,0.6735,0.8162,0.4901,0.6379,0.7041,0.48,0.4188,0.401,0.3628,0.4723,0.6098,0.7296,0.6633,1.6648,1.241,0.699,0.8034,0.4239,0.6048,0.7321,0.727,0.5691,0.5131
2/15/2022,44.4067,0.7965,1.0513,1.0186,1.2006,1.0659,0.8293,1.288,1.5428,1.2115,0.7528,1.4191,0.5708,0.7674,0.8001,0.6108,0.9967,1.0404,0.7018,0.9421,0.6982,0.8293,0.5417,0.6072,0.5235,0.7601,0.8511,1.3681,0.5526,1.1788,0.72,0.4179,0.5671,0.4652,0.5526,0.498,0.7419,0.7346,0.5708,3.3448,2.4459,0.964,1.2188,0.5344,0.5344,0.8475,1.055,0.8438,0.8329
2/14/2022,57.8668,1.3435,1.3734,1.4084,1.3884,1.3086,1.1291,2.1913,1.6128,1.523,1.2189,1.8372,0.805,1.0693,1.1092,1.0244,1.3236,0.9994,1.1889,1.3734,1.0493,1.0294,1.159,0.9346,1.2737,1.0693,0.8399,0.9147,0.8249,1.0443,0.9396,0.8249,0.8548,0.5207,0.5756,0.8349,0.9795,0.9446,1.0194,3.5876,2.62,1.528,1.5779,1.3236,0.7252,0.8498,0.9246,0.795,1.0742
2/13/2022,42.9043,0.8124,0.6972,0.5611,1.0916,1.8002,1.0044,1.5279,1.6327,1.0567,0.6798,0.6763,0.8543,0.5995,0.6763,0.76,0.582,0.6588,1.0114,0.8403,0.8717,0.9101,0.7915,0.6623,0.973,0.5506,0.6518,0.6623,0.5716,1.3464,0.7251,0.6274,0.4668,0.589,0.4843,0.6588,0.6204,0.6134,0.8787,3.2137,2.3518,0.603,1.0323,0.9415,0.7077,0.6379,0.6204,0.788,0.8299
2/12/2022,36.5951,0.953,0.9502,0.5212,0.8415,0.9645,0.9788,0.7357,0.7672,0.8158,0.5441,1.1275,0.6842,0.71,0.5384,0.7529,0.5098,0.8072,0.69,0.6242,0.8186,0.79,0.5355,0.5756,0.5556,0.7043,0.7958,0.8072,0.5756,0.8615,0.7471,0.4583,0.6328,0.4955,0.4097,0.4154,0.6528,0.8186,0.7014,2.6712,1.9628,0.6785,0.5699,0.7614,0.8015,0.5527,0.4841,0.7414,0.5041
2/11/2022,40.6811,0.6177,1,0.9477,1.4347,1.8465,1.4314,1.1373,1.4249,1.3007,1.2484,1.2844,0.8628,0.768,0.7647,0.8007,0.9543,0.7255,0.6634,0.9477,0.6928,0.5425,0.9314,0.6798,0.902,0.6079,0.6275,0.6667,0.5065,0.7941,0.7255,0.4804,0.4314,0.6275,0.6471,0.6798,0.7419,0.6242,0.9151,0.6786,0.5338,0.8007,1.0654,0.6111,0.8987,0.7843,0.8366,0.6471,0.8399
2/10/2022,34.0711,0.5004,0.7637,0.6073,0.8862,0.9123,1.1808,0.9201,0.6698,0.7272,0.8263,1.1782,0.7037,0.5942,0.5238,0.5473,0.6125,0.4952,0.7402,0.5786,0.7376,0.7428,0.6255,0.7272,0.4613,0.5499,0.6933,0.8628,0.4926,0.503,0.6855,0.5786,0.4222,0.4508,0.5786,0.5082,0.5317,0.7924,0.4613,1.978,1.4656,0.4899,0.6933,0.7585,0.7298,0.7976,0.5473,0.5656,0.6724
2/9/2022,37.0759,0.6406,0.6551,0.911,0.8936,1.2715,1.3268,0.8092,1.1233,1.1233,0.6755,1.1145,0.911,0.533,0.4836,0.5766,0.6144,0.8674,0.6522,0.7307,0.629,0.7831,0.8587,0.6697,0.8296,0.565,0.597,0.5301,0.4574,1.1262,0.5592,0.4313,0.4981,0.3847,0.4836,0.4865,0.5999,0.8877,0.4865,2.4509,1.8048,0.6668,0.6988,0.7802,0.4836,0.6028,0.5941,0.629,0.5883
2/8/2022,35.8139,0.9121,0.862,0.7702,1.0317,0.8787,1.0929,1.0122,1.3043,0.7758,0.7619,1.2236,0.7786,0.5366,0.6033,0.5922,0.6006,0.7508,0.62,0.6451,0.8147,0.7174,0.773,0.6228,0.6618,0.6033,0.5783,0.4949,0.5477,1.0484,0.6729,0.353,0.5894,0.5255,0.5143,0.4698,0.5811,0.6367,0.8036,1.328,0.9995,0.684,0.5561,0.7953,0.481,0.8259,0.8731,0.7869,0.7229
2/7/2022,45.4282,0.6719,1.0837,0.7805,1.2483,1.4767,1.6339,1.7723,1.5141,1.5029,0.7056,0.7431,0.6645,0.889,0.8291,0.8441,0.8254,0.7543,0.6121,0.7243,1.0238,0.9414,0.7655,0.7655,1.1435,0.5634,0.7655,0.5671,0.6607,1.3868,0.7767,0.5185,0.4361,0.4324,0.6907,0.4811,0.6532,0.7468,0.6308,2.7147,1.994,0.6682,1.2147,0.9789,0.9527,0.9714,1.0313,0.9789,0.6981
2/6/2022,51.7378,1.2251,0.9408,0.8009,1.5269,2.3973,1.2032,1.5532,1.5444,0.6478,0.884,0.7528,1.0589,0.9102,0.8359,0.8971,0.7178,0.6828,1.2426,0.9933,1.2295,0.9408,1.2207,0.8402,1.2295,0.9933,0.9058,0.7396,0.7834,1.3563,1.0196,0.6784,0.6084,0.8271,0.6478,0.6215,0.8883,1.1508,0.8708,3.0933,2.2655,1.2689,0.7834,1.107,0.8227,1.1333,1.1158,0.8315,0.9496
2/5/2022,50.5962,1.3125,1.2869,1.0995,1.8875,1.8492,1.6149,1.4275,1.091,0.9164,1.5894,1.6107,0.6352,0.7332,0.8738,0.9632,0.8013,0.78,0.7673,1.074,0.9334,0.976,0.9547,1.1719,0.8823,1.0186,0.746,1.189,0.7502,0.9675,0.8184,0.763,0.533,0.8312,0.8312,0.7375,0.8951,0.6778,0.7502,2.1264,1.5721,0.9249,1.0186,1.1379,0.9504,1.0612,1.2017,1.1634,0.6991
2/4/2022,33.47,0.5589,0.643,0.8111,0.9155,1.2874,1.2135,1.1243,0.778,0.4927,0.8416,0.6175,0.6659,0.6302,0.7066,0.5971,0.6633,0.5869,0.7143,0.6786,0.6149,0.6073,0.4316,0.7652,0.7601,0.592,0.4621,0.941,0.4494,0.5283,0.7041,0.3348,0.5411,0.4392,0.4188,0.3704,0.5283,0.643,0.7703,1.4571,1.0921,0.8238,0.564,0.4978,0.6455,0.783,0.7881,0.6888,0.7015
2/3/2022,47.0505,0.9477,0.9321,0.7212,1.5881,1.5842,1.3538,1.018,1.0219,0.9008,1.5061,1.5764,1.0609,0.8227,0.7641,0.6236,0.9399,0.6821,0.6314,0.8774,0.854,1.0219,0.6899,1.0648,0.6001,0.5923,0.9906,0.8657,0.6899,0.9789,0.7602,0.6782,0.6665,0.5494,0.7759,0.7641,0.8618,0.8461,0.8813,2.7001,1.9835,1.2288,0.9516,1.0531,1.0961,1.0687,0.7485,0.686,0.8501
2/2/2022,41.2822,0.9055,0.9222,0.6592,1.2517,1.4014,1.265,0.9355,1.1618,0.5594,1.1518,0.9488,1.0187,0.799,0.5661,0.6226,0.6293,0.6526,0.6559,0.6592,0.7325,0.6959,0.6193,0.8257,0.7591,0.7291,0.7757,1.022,0.586,0.7957,0.809,0.5561,0.5527,0.6193,0.6493,0.4629,0.6027,0.8856,0.6093,2.6069,1.9167,0.789,0.9754,0.6992,0.8689,0.8123,0.7325,0.8955,0.9322
2/1/2022,46.9306,1.2217,0.9063,1.0154,1.4475,1.7511,1.7667,1.1399,1.2528,0.8402,1.0621,1.1905,1.0037,0.7701,0.8012,1.0387,0.7973,1.0076,1.1088,0.8051,1.0037,0.7973,1.0037,0.7234,0.9647,0.7973,0.7039,1.1711,0.7195,1.4475,0.9881,0.7195,0.5638,0.4742,0.7506,0.7662,0.7973,1.1244,0.7857,1.1733,0.8886,0.883,1.2957,0.6728,1.066,0.9141,0.7934,0.9647,1.0504
1/31/2022,6.4894,0.1402,0.1466,0.1443,0.1129,0.0893,0.1037,0.136,0.1387,0.1467,0.139,0.1384,0.1405,0.1501,0.1463,0.1321,0.1319,0.1484,0.1309,0.1366,0.1452,0.1401,0.1328,0.1455,0.1369,0.1393,0.1505,0.1386,0.1473,0.1369,0.139,0.1498,0.1436,0.1494,0.1487,0.1476,0.1434,0.1402,0.1479,0.0244,0.0647,0.1336,0.1389,0.1475,0.1419,0.1294,0.146,0.1399,0.1478
1/30/2022,47.0507,1.018,0.8266,0.8188,1.3148,1.1468,1.4905,1.3655,0.9516,1.2367,1.2601,1.6935,0.7524,0.854,0.7563,0.9203,0.8618,0.7134,0.8969,0.893,0.8501,0.7134,0.5806,0.8774,0.7798,0.9242,0.9008,0.6821,0.729,0.9164,0.854,0.4713,0.7134,0.729,0.6548,0.7095,0.6665,1.1273,0.686,3.4483,2.5201,1.0141,1.2015,0.8696,0.7641,0.6821,0.729,0.6782,0.8071
1/29/2022,44.7072,0.7283,0.7833,0.5925,1.2605,1.378,0.9595,1.6166,1.1321,1.0843,0.9449,0.7944,0.9742,0.7907,0.9008,0.9779,0.9595,0.9669,0.7687,0.9045,0.7833,0.7173,0.6879,0.9449,0.743,0.6842,0.5925,1.1724,0.5448,1.2348,0.743,0.4603,0.7466,0.497,0.5851,0.6659,0.7833,0.5741,0.7907,2.9692,2.1765,1.1651,1.1908,0.765,0.798,0.6549,1.0954,0.6439,0.7797
1/28/2022,48.8536,0.7631,0.9756,1.2166,1.5434,2.05,1.7763,1.6823,1.1676,1.0981,1.3678,1.4127,0.8653,0.9429,0.8653,1.0736,1.1431,0.6896,0.8489,0.8775,0.9102,1.0123,0.8162,1.1226,0.6161,0.612,0.8489,1.0328,0.755,1.4781,0.8326,0.6447,0.8285,0.7223,0.7018,0.6773,0.8162,1.1471,0.9306,0.8138,0.6308,1.1512,1.3596,0.7958,0.7999,1.1431,1.2615,1.1145,0.9184
1/27/2022,45.5488,0.9552,0.7975,0.9514,1.0078,1.9202,1.1692,1.7475,1.1242,0.8613,0.8914,0.651,0.9514,0.6285,0.7299,1.019,0.8425,0.775,0.6661,0.6961,0.9777,0.7299,0.5572,0.606,0.9289,0.5384,0.9589,0.8838,0.5534,1.2668,0.7336,0.591,0.6811,0.6736,0.5196,0.4783,0.805,0.5985,0.8125,3.8884,2.8357,0.82,1.0904,0.7299,0.9327,0.8238,0.7825,0.7074,0.6586
1/26/2022,45.7284,0.6458,0.8835,1.1929,1.6494,1.9512,1.5098,0.8722,1.1514,1.0193,0.9741,1.6305,0.7213,0.7552,0.7816,0.8382,0.7175,0.6835,0.7062,0.8533,1.042,0.6647,0.9477,0.7477,0.7741,0.6496,0.7703,1.1438,0.5628,1.0533,0.8533,0.5628,0.793,0.5213,0.6119,0.7175,0.7401,0.9703,0.8005,2.4715,1.8196,1.1702,1.0457,0.7854,0.7854,0.8156,0.8156,0.8873,0.6685
1/25/2022,47.0508,0.6431,1.1,1.2445,1.2601,0.9867,0.9164,0.8305,1.592,1.5295,1.3929,1.471,1.2601,0.9711,0.7368,0.7563,0.8696,0.6314,1.0492,0.9789,0.7524,0.8501,0.8461,0.8501,1.1,0.893,0.9789,1.0453,0.6665,0.9321,0.9008,0.5767,0.4752,0.5767,0.647,0.4947,0.8305,1.1,1.1078,2.5318,1.8628,0.7524,0.6431,0.9321,0.9203,0.8227,0.6939,1.0102,1.0375
1/24/2022,57.2059,1.3968,1.0179,1.0524,1.7216,2.1251,1.8495,1.136,1.5936,1.9282,0.954,1.943,1.3033,0.949,0.7375,0.9589,1.3378,0.7867,1.0376,1.2836,0.8555,1.1754,0.7325,1.1016,0.6833,1.0671,1.1852,1.5297,0.767,1.8101,0.9786,0.5948,0.6784,0.7571,0.7424,0.954,0.8457,0.7817,0.9441,3.1039,2.2731,0.7178,1.6084,1.1311,1.2148,1.1311,1.1016,0.7965,0.8309
1/23/2022,51.3171,1.0677,0.7601,1.098,1.8777,1.5008,1.1326,1.4705,1.2279,1.6135,1.1153,1.7001,0.8554,0.7471,0.9334,0.8294,0.7298,1.1413,1.2366,1.0287,0.8987,0.8857,0.8208,1.0287,0.6172,0.8901,0.929,1.3146,0.6085,1.0937,0.8381,0.7471,0.8467,0.7298,0.7991,0.7558,0.8554,0.8337,1.0417,2.6464,1.945,1.3146,1.2323,0.7428,0.6691,0.7514,1.3232,1.072,1.02
1/22/2022,44.1664,1.1685,0.7887,0.7309,1.5735,1.0166,1.2625,0.8249,1.0238,0.6296,0.6296,1.5591,0.937,0.9117,0.5862,0.6766,1.0166,0.9479,0.7164,0.7598,0.7779,0.9334,0.6007,0.6513,0.9659,0.6838,0.5681,1.2661,0.6224,0.8683,0.7236,0.7526,0.6585,0.456,0.7164,0.5102,0.6947,0.89,0.8285,3.1385,2.2979,0.9334,0.6007,0.9732,0.89,0.7598,1.1287,0.7923,0.7236
1/21/2022,45.0077,1.0956,1.1437,1.0178,1.0771,1.3842,1.5433,1.2695,1.7173,1.3953,1.0363,1.1918,1.0734,0.707,0.57,0.8698,0.6663,1.0437,0.8846,0.6996,0.9919,0.7625,0.6959,0.6885,0.6367,0.9068,0.6182,1.3398,0.5663,1.2658,0.7255,0.4997,0.5589,0.6663,0.6959,0.5515,0.7033,0.6848,0.9623,1.505,1.1265,1.1067,1.2103,1.0882,0.8032,0.7921,0.9364,0.6959,0.8365
1/20/2022,36.6552,0.8974,0.757,0.6567,1.1811,0.9289,0.9346,0.8888,1.2126,0.608,0.8487,1.2183,0.7856,0.6624,0.7512,0.6825,0.8573,0.5048,0.6595,0.585,0.6137,0.6882,0.628,0.9375,0.5908,0.4962,0.6853,0.6108,0.4618,0.6509,0.7369,0.393,0.3787,0.5392,0.3787,0.5621,0.628,0.5621,0.5134,2.6865,1.9738,0.8658,0.8716,0.5564,0.7512,0.6681,0.522,0.5249,0.5592
1/19/2022,46.8704,1.1034,0.7342,0.9985,1.5932,1.7759,1.2589,0.9713,1.1307,1.4649,1.2512,1.2434,1.0568,0.6681,0.602,0.8935,1.0918,0.637,0.7031,0.9868,0.9791,0.7536,0.6059,0.7147,0.7419,0.9596,0.7381,0.7536,0.6564,1.4494,0.9246,0.431,0.567,0.7497,0.5515,0.5437,0.7886,1.0257,1.0413,2.5526,1.8777,0.9791,0.602,1.0918,0.6487,1.0063,1.0529,0.9324,0.9868
1/18/2022,54.8622,1.1039,0.954,1.0477,1.3101,2.5566,1.9053,1.8771,1.2304,1.0992,1.3054,1.4179,1.2726,0.8134,1.1789,0.8883,1.2304,0.9399,1.3148,0.8883,0.8181,0.954,0.7196,0.7665,0.9212,1.0992,0.6447,1.2398,0.7431,1.432,1.0805,0.7478,0.7524,0.6728,0.5931,0.6165,0.9305,1.0664,0.8602,3.5807,2.6151,1.446,0.8087,0.7571,0.9399,0.7524,1.1039,1.1555,0.7103
1/17/2022,45.6689,0.9539,0.8183,0.9652,1.3532,1.8881,1.18,1.7224,1.6131,0.8598,0.9351,1.6395,0.7995,0.92,0.8673,0.8259,0.7468,0.6338,1.0933,0.8711,0.8673,0.8485,0.9615,0.8259,1.1762,0.5773,0.6451,0.9276,0.6225,0.679,0.8522,0.6903,0.694,0.4341,0.566,0.5697,0.7505,0.7016,0.8296,2.3691,1.7462,0.905,0.63,1.0895,0.5208,1.0481,0.9464,0.6036,0.905
1/16/2022,47.2309,0.7159,0.9474,0.8689,1.7202,1.1514,1.3554,1.2102,1.3201,0.8885,0.967,1.6653,0.7159,0.6884,0.6217,0.814,0.6727,0.7198,0.6688,1.0415,0.8964,0.7747,0.8022,0.7394,0.8414,0.5904,0.6963,0.8022,0.6884,1.2847,0.8571,0.4884,0.5668,0.7434,0.5197,0.6492,0.7826,0.8101,0.5825,4.7931,3.4845,0.712,0.7669,0.5786,1.0258,0.8493,0.7316,0.7787,0.6414
1/15/2022,42.9644,0.824,1.0932,0.9219,1.303,1.3939,1.2541,1.5548,1.1107,0.6981,1.0093,1.324,1.1247,0.7156,0.7226,0.6002,0.796,0.9953,0.9184,0.7121,1.0023,0.8275,0.782,0.9394,0.9219,0.5268,0.6597,0.9429,0.5478,1.3485,0.7925,0.4254,0.5338,0.5128,0.4394,0.5723,0.7226,0.6737,0.6911,1.8893,1.402,1.0128,0.8729,0.831,1.0198,0.7541,0.866,0.782,0.6002
1/14/2022,40.2606,0.6151,1.0377,0.5925,1.3151,1.0829,1.3571,1.2474,0.8312,0.8732,0.9409,0.5861,0.97,0.7183,0.8441,0.7054,0.8441,0.8732,0.6344,0.8474,0.9409,0.7506,0.5506,0.8474,1.0377,0.5312,0.8635,0.7474,0.5796,0.6119,0.6312,0.4957,0.5667,0.5183,0.4925,0.6377,0.6925,0.857,0.9248,2.3854,1.7579,0.5473,1.0861,0.6215,0.9345,0.8409,0.5506,0.6377,0.7054
1/13/2022,39.4788,0.812,0.7238,0.9599,1.4038,0.9127,1.0827,0.9599,0.7679,0.5255,0.6892,1.2149,0.7176,0.642,0.7585,0.7616,0.642,0.7207,0.8246,0.6955,0.8151,0.8183,0.9001,0.6042,0.8592,0.4468,0.6672,0.7931,0.4909,0.7081,0.8183,0.4563,0.6294,0.6074,0.4846,0.5413,0.6577,0.6231,0.8183,2.724,2.0007,0.9662,0.9033,0.9253,0.5822,0.5979,0.9662,0.6357,0.6231
1/12/2022,41.162,0.8266,0.8233,0.7636,0.9493,1.072,1.4069,1.4666,0.7868,0.558,1.0322,1.4003,0.7205,0.7669,0.8597,0.9261,0.6873,0.8299,0.7802,0.873,0.747,0.7404,0.8929,0.7569,0.5049,0.4784,0.7337,0.7105,0.5182,0.6973,0.6541,0.6376,0.5812,0.6309,0.5779,0.558,0.6376,0.6674,0.5679,2.9399,2.1555,1.0654,0.9725,0.5314,0.7006,0.6608,1.0156,0.6641,0.6342
1/11/2022,33.29,0.8141,0.5485,0.5283,1.024,1.1075,0.6699,1.2137,0.7913,0.809,0.5081,0.9051,0.6624,0.6472,0.6674,0.6194,0.632,0.7281,0.5081,0.6851,0.5207,0.5789,0.6017,0.7332,0.6219,0.4777,0.6118,0.8748,0.4499,0.4929,0.632,0.546,0.3892,0.4878,0.546,0.4803,0.5207,0.5941,0.6042,1.9222,1.4257,0.5966,0.7483,0.6244,0.6345,0.584,0.7382,0.7205,0.4626
1/10/2022,26.9808,0.4039,0.5766,0.5785,0.6583,0.7532,0.6526,0.4742,0.9601,0.5937,0.4931,0.7892,0.5178,0.5083,0.4704,0.4685,0.5861,0.5672,0.5482,0.44,0.4419,0.4685,0.5368,0.5178,0.6431,0.5558,0.4931,0.6545,0.4058,0.4457,0.5102,0.3318,0.366,0.3299,0.4305,0.3242,0.4723,0.4988,0.4628,1.6998,1.2661,0.4134,0.4058,0.5387,0.626,0.5785,0.4628,0.5026,0.5577
1/9/2022,27.3412,0.5245,0.598,0.4258,0.6521,1.0757,0.8185,0.5748,0.7624,0.4568,0.5999,0.6541,0.6096,0.5225,0.5303,0.5999,0.5844,0.5999,0.4239,0.6076,0.6018,0.5264,0.3581,0.4432,0.5864,0.5206,0.5516,0.6425,0.4316,0.6676,0.5516,0.3272,0.422,0.4104,0.3485,0.4181,0.5013,0.4548,0.422,1.3741,1.0326,0.5999,0.7063,0.5013,0.4703,0.4626,0.4703,0.5109,0.4065
1/8/2022,31.0666,0.6557,0.741,0.8033,0.8564,1.2669,0.718,0.6995,0.6465,0.4319,0.8402,0.6626,0.5957,0.4273,0.4181,0.6488,0.7064,0.5219,0.5911,0.6534,0.6534,0.6649,0.5357,0.4527,0.7618,0.4619,0.6557,0.8079,0.4988,0.7456,0.6049,0.4066,0.4988,0.395,0.4296,0.455,0.568,0.5588,0.6511,1.5906,1.1878,0.7895,0.5196,0.6095,0.6211,0.4596,0.5357,0.515,0.5473
1/7/2022,43.1449,0.9645,1.1261,0.62,1.3405,1.2843,1.3194,1.59,1.1507,0.7747,0.7817,1.3862,0.5638,0.8239,0.7184,0.7255,0.7958,0.7044,0.5884,0.9363,0.7747,0.8977,0.8906,0.7712,0.6482,0.49,0.5287,1.2597,0.5884,0.6482,0.8801,0.6446,0.4654,0.4549,0.5884,0.6025,0.6341,0.8028,0.8836,2.7516,2.0205,0.9328,1.1085,0.6482,0.7325,0.6587,1.0347,0.9855,0.6235
1/6/2022,35.5134,0.8765,0.7995,0.9095,0.8903,1.4873,1.0141,0.849,1.0966,0.86,0.6234,0.8875,0.6096,0.5106,0.5656,0.7252,0.4913,0.5574,0.5216,0.6674,0.5601,0.6949,0.7307,0.9233,0.6261,0.7334,0.4501,0.6784,0.5298,0.5876,0.6757,0.4693,0.5326,0.4335,0.4335,0.5519,0.5629,0.8215,0.4886,2.3233,1.7133,0.783,0.7885,0.7142,0.4748,0.6702,0.5381,0.4886,0.5931
1/5/2022,34.6121,0.51,0.7867,0.6989,1.0555,1.2764,1.0874,0.8426,1.0715,0.4993,0.5951,0.5658,0.8187,0.4754,0.6084,0.6883,0.7069,0.7814,0.6776,0.5499,0.6377,0.6244,0.5845,0.5951,0.8559,0.643,0.5233,0.5951,0.494,0.7814,0.6217,0.345,0.3716,0.3663,0.4275,0.4275,0.6271,0.6324,0.5419,2.6556,1.9516,0.6723,0.7096,0.7521,0.4275,0.7787,0.7308,0.4993,0.4434
1/4/2022,24.8173,0.5551,0.5434,0.4391,0.7855,0.8898,0.498,0.6762,0.5232,0.4929,0.3853,0.5787,0.6291,0.4963,0.4156,0.5451,0.3786,0.3802,0.5703,0.4996,0.4526,0.3987,0.355,0.5602,0.4105,0.3567,0.35,0.7132,0.3702,0.4912,0.429,0.392,0.3046,0.313,0.4055,0.4324,0.3836,0.4946,0.4492,1.7268,1.2855,0.4156,0.3735,0.4072,0.4879,0.4105,0.4206,0.5148,0.4307
1/3/2022,26.7405,0.5302,0.444,0.5171,0.8057,0.8638,0.9032,0.9088,0.7907,0.3691,0.4609,0.8994,0.4984,0.519,0.4009,0.5284,0.4496,0.4215,0.5883,0.5977,0.6052,0.4927,0.5077,0.4272,0.5508,0.5265,0.3897,0.4852,0.4347,0.7945,0.4815,0.3222,0.3841,0.4459,0.3953,0.4084,0.4628,0.6333,0.4197,1.1871,0.8985,0.4721,0.4103,0.5902,0.3972,0.6052,0.6708,0.4272,0.4178
1/2/2022,30.165,0.59,0.508,0.4748,0.7274,1.0821,1.0112,1.0688,0.672,0.8161,0.8427,0.457,0.4282,0.4836,0.5102,0.6787,0.4526,0.6432,0.61,0.5324,0.6033,0.5102,0.5257,0.4615,0.7208,0.3928,0.5036,0.8782,0.4792,0.4969,0.5523,0.4349,0.3861,0.4969,0.375,0.5014,0.5058,0.641,0.5523,1.806,1.3423,0.4814,0.61,0.6787,0.5124,0.4592,0.6942,0.4371,0.5368
1/1/2022,29.1437,0.4288,0.6001,0.5959,0.7925,1.2239,0.7439,0.8856,0.894,0.7418,0.5092,0.6339,0.5494,0.5451,0.6255,0.4415,0.45,0.5536,0.6699,0.6805,0.6022,0.6339,0.5811,0.7037,0.5726,0.376,0.4838,0.4373,0.4162,0.7354,0.5726,0.4754,0.4035,0.3802,0.4014,0.4986,0.4923,0.4521,0.4733,1.462,1.0956,0.4183,0.5325,0.6297,0.505,0.6487,0.4521,0.6762,0.4669
12/31/2021,36.0743,0.7394,0.7646,0.4839,1.11,1.5956,1.3093,1.2756,1.2531,0.9134,1.0398,0.832,0.5176,0.5878,0.5064,0.6888,0.8208,0.5204,0.5148,0.6327,0.7366,0.4895,0.8152,0.8124,0.8994,0.7141,0.5906,1.0959,0.4755,0.5822,0.5822,0.3435,0.6074,0.4979,0.4165,0.4306,0.5569,0.6159,0.5737,1.3373,1.0062,0.9022,0.8798,0.8096,0.5962,0.6299,0.5232,0.6411,0.8068
12/30/2021,22.963,0.3702,0.421,0.4525,0.7697,0.7308,0.6096,0.5497,0.647,0.5063,0.4884,0.5781,0.5422,0.421,0.4016,0.5153,0.5243,0.4914,0.5198,0.5258,0.4061,0.454,0.3672,0.5168,0.4001,0.3492,0.4749,0.3387,0.3208,0.4405,0.427,0.3283,0.3657,0.2789,0.3851,0.3043,0.4031,0.5123,0.5123,0.8821,0.6797,0.5751,0.448,0.3432,0.4674,0.4061,0.5542,0.4614,0.4958
12/29/2021,22.0607,0.3888,0.3888,0.3382,0.6363,0.7179,0.715,0.7769,0.5562,0.4212,0.5308,0.5182,0.4212,0.3621,0.3663,0.3677,0.4071,0.3888,0.3776,0.4521,0.4015,0.4268,0.3396,0.3565,0.5041,0.3284,0.4141,0.5618,0.3452,0.3607,0.3832,0.282,0.3509,0.3143,0.2749,0.3649,0.4071,0.334,0.4394,1.3646,1.0258,0.4957,0.3973,0.3537,0.431,0.3565,0.5196,0.4268,0.3691
12/28/2021,22.061,0.4901,0.4226,0.4071,0.611,0.4887,0.7446,0.6939,0.6124,0.3157,0.4479,0.3579,0.5449,0.431,0.3945,0.3663,0.4113,0.4591,0.3579,0.4788,0.3973,0.3382,0.3213,0.514,0.4648,0.4015,0.3579,0.5154,0.327,0.4802,0.4212,0.3241,0.2834,0.2834,0.3059,0.2848,0.4099,0.3326,0.4352,1.3622,1.024,0.3804,0.4099,0.4043,0.4085,0.5041,0.476,0.372,0.4858
12/27/2021,30.8017,0.5383,0.609,0.7664,1.0423,0.9237,1.0719,1.0103,0.8553,0.7071,0.8872,0.5064,0.6888,0.6136,0.5931,0.4654,0.6295,0.5839,0.4517,0.6751,0.6478,0.4768,0.7025,0.7755,0.422,0.552,0.5817,0.5452,0.3947,0.5953,0.5566,0.4722,0.3833,0.3833,0.4722,0.5247,0.5155,0.5155,0.6523,1.4056,1.0552,0.6706,0.666,0.5725,0.5041,0.5087,0.4175,0.6409,0.5725
12/26/2021,36.3514,0.7649,0.6146,0.7082,0.8925,1.4425,0.8811,1.3858,0.9662,1.1533,0.745,0.7989,0.8499,0.7479,0.7734,0.66,0.5551,0.7932,0.8471,0.7932,0.8386,0.5778,0.5069,0.7337,0.9038,0.6231,0.7847,0.5919,0.5154,0.6401,0.66,0.4927,0.4077,0.4984,0.4247,0.5749,0.6231,0.745,0.6401,1.4875,1.1139,0.677,0.8329,0.643,0.7054,0.5437,0.6118,0.7876,0.7932
12/25/2021,30.3857,0.6614,0.5898,0.5651,0.8584,1.1986,0.7487,0.6032,0.8405,0.9793,0.845,0.4823,0.6636,0.4734,0.5338,0.4622,0.5204,0.7017,0.4331,0.4823,0.5584,0.5539,0.6166,0.6278,0.6009,0.4331,0.583,0.7285,0.4756,0.5965,0.6054,0.5114,0.3323,0.3816,0.4286,0.3502,0.4823,0.5047,0.4554,1.9566,1.4503,0.648,0.5136,0.6883,0.6009,0.5539,0.5763,0.4823,0.4465
12/24/2021,26.7783,0.4728,0.4821,0.4577,0.7169,0.6943,0.8464,0.7826,0.5479,0.668,0.6812,0.5253,0.5967,0.484,0.4897,0.4784,0.5479,0.5197,0.499,0.576,0.5497,0.4089,0.6192,0.5892,0.362,0.5516,0.5291,0.5047,0.4014,0.5648,0.4821,0.3845,0.3732,0.4446,0.3901,0.3789,0.4127,0.5742,0.4089,1.3772,1.0348,0.5723,0.6399,0.5723,0.4803,0.4277,0.5648,0.5798,0.5328
12/23/2021,30.0387,0.5612,0.5568,0.5744,0.7771,0.8366,0.7551,0.8675,0.9953,0.8058,0.5303,0.6405,0.4201,0.4267,0.5678,0.4399,0.4884,0.5061,0.4686,0.5039,0.5193,0.6074,0.4311,0.5678,0.6758,0.5479,0.4664,0.592,0.4289,0.6096,0.5325,0.4113,0.5039,0.5149,0.3628,0.5127,0.5061,0.4928,0.678,2.0777,1.5372,0.7176,0.3915,0.7066,0.4069,0.5898,0.6758,0.6074,0.6449
12/22/2021,29.4838,0.7489,0.7188,0.678,0.9959,0.6479,0.7532,0.9809,0.6157,0.4954,0.6909,0.6178,0.5706,0.4202,0.4846,0.5792,0.6049,0.6243,0.5448,0.4911,0.6844,0.4223,0.5319,0.7639,0.6737,0.5405,0.446,0.476,0.4266,0.794,0.62,0.4266,0.4159,0.3579,0.4008,0.3407,0.5297,0.5985,0.635,1.6655,1.2416,0.4374,0.6006,0.3922,0.6543,0.6801,0.4438,0.476,0.5448
12/21/2021,38.3636,0.6828,0.7982,0.692,0.9045,1.1778,0.7922,0.9106,1.029,0.5098,1.2021,0.9045,0.5128,0.7557,0.5948,0.8681,0.7861,0.5978,0.8347,0.6221,0.7679,0.7254,0.5887,0.5492,0.7041,0.6191,0.5158,0.777,0.4733,0.9926,0.7952,0.3883,0.5219,0.4308,0.4733,0.6373,0.6737,0.61,0.5523,3.1444,2.3022,0.9774,0.7982,0.8468,0.6039,0.6221,0.9804,0.5189,0.5978
12/20/2021,45.0232,0.8479,1.1663,0.9108,1.6032,1.381,1.6698,1.5439,1.6032,1.2922,1.0441,1.0515,0.7553,0.8442,0.759,0.7183,0.8257,0.6813,1.0886,0.8812,1.0515,0.8109,0.722,0.6406,1.1552,0.5295,0.9664,0.7405,0.6406,0.7664,0.7442,0.6702,0.7257,0.5036,0.5221,0.7627,0.8294,1.0663,0.8331,1.7255,1.2846,1.0737,0.5776,1.0886,0.8405,0.6369,0.6109,0.8257,1.0108
12/19/2021,41.9711,0.9208,0.931,0.9684,1.3726,1.0907,1.4474,0.9718,1.1858,0.9242,1.1179,0.7714,0.897,0.7883,0.8631,0.7476,0.6932,0.8903,0.8087,0.7544,0.9412,0.7102,0.8053,0.7544,0.9242,0.8563,0.8325,1.0091,0.5879,1.0737,0.8325,0.3943,0.4452,0.7,0.5607,0.486,0.7747,0.5471,0.8461,1.9808,1.4677,1.0601,0.6898,0.9752,0.5879,1.0024,0.7204,0.6559,0.6049
12/18/2021,47.7983,0.9467,0.7796,0.8631,1.4482,1.48,0.9069,0.8313,1.1537,0.8114,1.293,1.5875,0.7278,0.6721,1.0064,0.7477,1.086,0.7875,0.8313,0.7756,0.895,0.9626,0.9029,0.9388,1.2412,0.9268,1.0024,0.9029,0.5726,1.3447,1.0024,0.5527,0.5766,0.505,0.6363,0.5925,0.684,0.7318,0.688,2.9039,2.1297,0.9507,1.3288,0.9308,0.8671,1.1616,1.1457,1.098,0.887
12/17/2021,44.4685,0.8705,0.6663,1.0529,1.2315,1.1841,0.9726,1.5744,1.4248,0.8122,1.3482,1.0638,0.6189,0.6043,0.721,0.7757,0.8596,0.8669,1.0601,1.0127,0.8049,0.6152,0.6553,0.7575,0.896,0.6553,0.7356,0.6699,0.5678,1.2206,0.9252,0.7137,0.6079,0.659,0.6845,0.5678,0.7793,0.7538,0.7575,3.1039,2.2731,0.9617,0.5751,0.9216,0.7684,0.9653,0.7356,0.7028,0.7137
12/16/2021,40.0983,0.7765,0.738,0.815,1.1617,1.4859,0.9531,1.4634,1.1168,0.9434,0.9948,0.8022,0.6674,0.5711,0.7958,0.6,0.7476,0.7926,0.6546,0.6867,0.8857,0.7412,0.6289,0.8215,1.0269,0.8183,0.876,1.0526,0.4909,1.1778,0.7316,0.6867,0.539,0.6128,0.4299,0.4459,0.6706,0.7059,0.7027,1.8826,1.3973,1.0365,1.0911,0.7765,0.5936,0.6417,0.5583,0.6867,0.6225
12/15/2021,43.7055,0.9986,0.6844,0.6737,1.2093,1.3557,1.07,0.8058,0.8201,1.4449,0.6237,0.9629,0.9058,0.7987,0.8272,0.9558,0.9522,0.9629,0.8201,0.8879,0.7451,0.945,0.7272,0.638,0.7165,0.8665,0.7308,0.638,0.5737,1.2878,0.7165,0.6844,0.5951,0.6987,0.5487,0.7237,0.6558,1.0414,0.6058,3.3543,2.4527,1.0807,0.8808,0.5559,0.8094,0.8415,0.6094,0.6844,0.538
12/14/2021,43.8439,0.9373,0.6757,0.8154,1.1918,1.6936,1.009,0.7688,1.2061,1.2993,1.1631,1.3782,0.5896,0.6757,0.733,0.7438,0.9158,0.7617,0.7904,0.7796,0.6792,0.5789,0.5645,0.6936,0.8656,0.733,0.6649,0.7868,0.586,0.7402,0.8154,0.4247,0.6649,0.7258,0.6577,0.6398,0.7115,0.5789,0.9158,4.0618,2.9601,0.7617,0.5968,0.5574,0.9373,0.69,0.9588,0.6326,0.5323
12/13/2021,43.9139,0.9747,0.6587,0.9783,1.5386,1.7038,1.535,0.8023,1.3231,1.0214,0.6335,0.6587,0.7844,0.8275,0.5581,0.6982,0.6874,0.9927,1.0035,0.8239,0.8526,0.6479,0.6479,1.0214,1.0681,0.5186,0.6982,1.1615,0.63,1.3554,0.9316,0.4791,0.5474,0.4719,0.5366,0.4612,0.6946,0.6838,0.8275,2.3041,1.6996,0.8849,1.0035,0.9963,0.9891,0.7341,1.1579,0.9101,0.7952
12/12/2021,42.5954,0.741,0.8932,1.0627,1.3637,0.9727,1.2772,1.3671,1.419,0.8793,1.3118,1.4363,1.0696,0.5818,0.7755,0.7582,0.9693,0.6302,0.7721,0.8136,0.9035,0.8655,0.9762,0.6337,0.7306,0.4919,0.5299,0.9139,0.5334,1.0212,0.8482,0.5541,0.6095,0.6994,0.7167,0.5749,0.6718,0.7755,0.6787,1.4702,1.1015,1.0558,1.1284,0.907,0.8759,0.7133,0.8655,0.7825,0.8724
12/11/2021,39.8897,0.5812,1.0181,0.6769,1.2031,1.5698,1.337,1.0181,1.3466,0.8842,0.5908,1.3466,0.6514,0.5557,0.5685,0.7726,0.8427,0.6067,0.7981,0.7471,0.6418,0.8013,0.5398,0.7949,0.661,0.6259,0.6291,0.543,0.5238,0.9767,0.7311,0.5972,0.4632,0.4983,0.6099,0.5493,0.712,0.9288,0.7088,2.6032,1.9141,0.7343,0.7598,0.7566,0.4664,0.6482,0.8651,0.7056,0.7853
12/10/2021,45.3013,0.6553,0.7523,1.1402,1.6512,1.5916,1.6289,1.0955,1.7035,1.5058,0.9836,1.0283,0.8828,0.7075,0.6628,0.7635,0.991,1.0582,0.6478,0.7635,0.8045,0.7113,0.5807,1.0582,0.8717,0.7075,0.7821,1.2074,0.6255,1.3491,0.8567,0.6516,0.7299,0.4875,0.6852,0.7411,0.7971,0.7747,0.8344,2.0044,1.4846,0.6963,0.7374,0.6478,0.8269,0.7486,1.0246,0.9164,0.7448
12/9/2021,54.458,1.2584,1.3374,1.1887,1.277,1.2306,1.4025,1.277,1.8996,1.3792,1.1376,0.8728,1.4071,1.0772,0.6777,1.0494,1.1655,1.2491,1.0447,0.8496,1.0261,1.1562,0.7056,1.4025,1.2491,0.6312,1.0169,0.8124,0.7939,1.0494,1.1469,0.8403,0.7939,0.8031,0.6684,0.8357,0.9704,1.1051,1.068,3.527,2.5765,0.7195,1.0494,0.766,1.198,0.7892,1.1423,0.7381,1.0958
12/8/2021,51.5448,1.0376,1.1072,0.8416,1.8518,1.264,1.4948,1.399,1.878,0.9026,0.8634,1.5122,0.8634,0.7502,0.8939,0.9243,1.0114,0.7937,1.2074,0.7981,1.1638,1.0419,1.1856,1.2596,1.2466,0.9287,0.7197,1.2814,0.6544,1.3467,1.0289,0.8024,0.5978,0.7763,0.7589,0.6718,0.8329,0.8068,0.981,2.279,1.6816,1.203,0.846,1.1943,0.5803,0.8242,1.2204,1.1682,1.068
12/7/2021,46.8272,1.2383,0.7724,1.1995,1.215,1.4713,1.7042,1.8129,1.4363,0.6171,1.0558,1.0053,0.9432,0.8384,0.6248,0.6365,0.982,0.7374,0.7996,1.0403,1.0908,0.9782,0.9121,0.9549,1.1762,0.8073,0.784,0.6598,0.6209,1.048,0.8151,0.485,0.652,0.4618,0.784,0.5821,0.6831,1.1373,0.7219,2.1994,1.6245,1.2266,0.9587,1.0015,0.8617,0.6831,1.1373,1.0636,0.586
12/6/2021,48.5615,0.7305,0.7386,0.7832,1.2781,2.1947,1.5701,1.3064,1.2537,1.1118,0.7791,1.6634,0.982,0.7224,0.9495,0.7873,0.9738,0.8643,0.7142,0.7791,0.9779,0.8927,0.767,1.1685,0.9536,0.9089,0.8116,1.274,0.5723,0.7183,0.8481,0.4912,0.4952,0.5723,0.5479,0.8116,0.7061,0.913,0.7467,3.5611,2.601,1.0225,0.6047,1.055,1.1239,1.0469,0.7102,0.844,0.6331
12/5/2021,46.4105,1.0501,1.2076,1.1116,1.6109,0.9925,1.7454,0.9771,1.1654,1.0463,1.2345,0.6967,1.2268,0.7697,0.6929,0.6276,1.0002,0.8734,0.7774,0.7812,1.0194,0.6353,0.9157,1.0847,0.9963,0.7851,0.8004,1.3843,0.7121,0.7812,0.7889,0.7121,0.5661,0.7774,0.4624,0.7697,0.8273,0.593,1.0693,2.0143,1.4917,1.1077,0.5853,0.8696,0.9733,0.8465,1.2038,1.0271,1.0232
12/4/2021,33.6462,0.5437,0.6103,0.6745,1.1592,0.8668,0.636,0.5847,1.1566,0.7001,0.9258,0.8027,0.8617,0.5231,0.6078,0.6309,0.5026,0.5975,0.6565,0.695,0.7514,0.7155,0.7309,0.677,0.5385,0.595,0.6437,0.7129,0.4565,0.9258,0.7104,0.5539,0.4154,0.3821,0.4872,0.4385,0.6257,0.6847,0.459,1.6931,1.2613,0.7206,0.913,0.7642,0.4334,0.5437,0.8053,0.7309,0.5411
12/3/2021,42.5959,0.9278,1.0904,0.869,1.2011,1.0212,1.1526,1.1699,0.869,0.5922,1.0627,1.336,0.651,0.7963,0.9105,0.7928,0.5991,0.8344,0.99,0.8828,0.7064,0.8171,0.7133,1.1388,0.8828,0.7271,0.8863,1.2045,0.5368,1.3187,0.6406,0.6164,0.6164,0.5126,0.4642,0.5784,0.696,0.8932,0.7306,2.4131,1.7777,0.6475,1.1388,0.6372,0.6545,0.9416,0.7029,0.7271,0.5265
12/2/2021,49.5328,0.8187,0.7191,1.1344,1.3047,1.558,1.8986,1.5788,1.2008,0.8021,0.9433,1.6535,0.9184,0.8852,1.0472,0.7149,0.8021,0.8021,1.2008,0.8478,1.1676,0.6609,1.1261,0.9766,0.7357,0.8893,0.827,0.9807,0.6111,1.1676,0.9807,0.7814,0.5861,0.6194,0.5363,0.5903,0.8935,0.9184,1.1718,3.4779,2.5413,0.7232,0.8976,0.6609,0.7107,1.1095,0.7066,0.8644,0.7897
12/1/2021,45.8558,0.9427,0.7799,0.7383,1.2796,1.2228,1.6998,1.4689,1.696,1.45,0.8784,0.6929,1.1888,0.8708,0.9427,0.6058,1.0487,0.8064,0.7496,1.0449,0.9465,0.9049,0.7194,1.0146,0.9465,0.5074,0.6058,1.2304,0.5679,1.2115,0.9162,0.443,0.4847,0.6399,0.7307,0.5301,0.6626,0.655,1.0109,2.0736,1.5342,0.9768,1.2191,0.9881,0.7648,0.9692,0.8973,0.6285,0.9692
11/30/2021,46.272,0.8249,0.8632,0.7178,1.4526,1.6822,0.9398,0.9627,1.3416,1.1158,1.2536,1.0508,0.9168,0.7714,0.7063,1.001,0.9704,0.714,0.7828,0.978,1.1082,0.8556,0.7446,0.6145,0.5609,0.6298,0.5915,0.7828,0.6259,1.4335,0.7599,0.5149,0.4422,0.7254,0.5379,0.691,0.8249,0.9512,0.9359,3.8375,2.7992,1.1694,0.6374,0.89,0.7101,0.6987,0.5877,0.7599,0.8058
11/29/2021,48.9778,1.1092,0.7854,0.9248,1.3796,1.8345,0.9985,1.8222,1.7074,1.5517,1.0559,0.9534,1.0313,0.6994,0.8592,1.1051,1.06,0.7567,1.0272,0.8551,0.851,0.9985,1.1501,1.019,0.5764,0.6953,0.7977,0.7486,0.5764,0.769,0.8428,0.5273,0.5682,0.556,0.6994,0.7158,0.6994,0.9248,0.8264,2.9683,2.1758,1.1747,0.769,1.0436,1.1133,0.769,1.2977,0.7977,0.81
11/28/2021,42.8727,1.0594,0.9374,0.9164,0.9408,1.1571,1.4465,1.0036,1.3802,1.1396,0.6479,0.8362,0.9722,0.8014,0.5956,0.9687,1.0036,0.8258,0.8327,0.7944,0.7072,0.9234,0.77,1.1292,0.6444,0.5886,0.6584,1.0699,0.5851,1.2721,0.6409,0.3968,0.5607,0.4387,0.5572,0.5259,0.6688,0.6444,0.5677,2.7337,2.0076,1.0176,1.0385,0.5886,0.9374,0.7735,0.62,0.6932,0.8537
11/27/2021,40.7222,0.9487,0.9226,0.7426,1.2989,1.6555,1.0305,0.9618,1.1811,0.952,0.7033,0.9193,0.7491,0.651,0.5266,0.664,0.579,0.9291,0.6542,0.6248,0.8473,0.6248,0.9258,0.7459,0.7164,0.5986,0.844,1.0698,0.5953,0.9389,0.6444,0.4088,0.5364,0.664,0.6444,0.435,0.7,0.6935,0.6608,2.4134,1.7779,1.0142,1.1254,0.9651,0.4808,0.7589,0.9062,0.772,0.5201
11/26/2021,46.0643,0.8709,0.9927,0.5968,1.6283,1.5598,1.5408,1.1107,0.8632,1.1145,0.7871,1.3086,0.9927,0.8594,0.9051,0.9203,0.8632,0.7681,0.9203,0.9394,1.0269,0.8747,0.6881,0.9965,0.7605,0.6729,0.7414,0.6805,0.6729,1.0688,0.8138,0.4636,0.6843,0.5245,0.7643,0.7681,0.711,0.8518,0.9774,3.0107,2.2063,1.1107,0.6196,0.73,0.81,0.8252,0.7034,0.8442,0.9203
11/25/2021,45.3008,1.0507,0.8455,0.7821,1.4759,1.8639,1.5319,0.8754,1.3155,0.8567,1.3528,0.991,0.9201,0.7971,0.9649,0.8791,0.9463,0.7971,1.0694,0.8082,0.7374,0.6031,1.0768,0.6105,0.8381,0.715,0.8903,0.5994,0.6031,1.1477,0.9015,0.48,0.7262,0.7299,0.618,0.5919,0.8082,0.7336,1.0432,2.554,1.8787,1.0171,1.226,0.5397,0.5434,0.9276,0.6367,0.756,0.6441
11/24/2021,50.0877,0.7896,0.819,1.3325,1.5808,1.8418,1.8123,0.9748,1.8502,0.6212,1.0716,0.7391,1.0758,0.7685,0.9453,1.0168,0.8822,1.181,1.1894,1.0631,1.0168,0.7727,0.7896,0.7517,0.5833,0.7769,0.596,1.5261,0.7306,1.0253,0.8611,0.5202,0.537,0.6675,0.638,0.7896,0.7391,1.202,0.9663,3.6937,2.6961,0.6591,0.7601,1.0968,0.8232,0.7769,0.8274,0.7096,1
11/23/2021,46.8273,0.7957,0.951,0.6481,1.3237,2.0964,1.6537,1.1024,1.4635,1.4596,0.7724,1.3781,0.8112,0.9238,0.8461,0.8656,0.7219,1.0209,0.6986,1.0675,0.8578,1.0092,0.7374,1.149,1.1218,0.9044,0.6559,0.9471,0.6753,0.8966,0.7219,0.4656,0.652,0.7297,0.6714,0.6365,0.8034,0.7685,0.7102,2.265,1.6715,1.1995,0.5782,0.8578,0.6714,0.7957,1.1995,0.885,0.9898
11/22/2021,42.4565,0.8248,0.9626,0.7972,1.0315,1.6586,0.9419,1.221,0.8696,0.9178,0.8627,0.6353,0.8213,0.5664,0.7352,0.6904,0.9936,0.6112,0.8351,0.6732,0.9971,0.7111,0.7111,1.0625,1.097,0.6973,0.7731,0.7318,0.6628,1.1762,0.8834,0.5457,0.5388,0.6112,0.5629,0.4492,0.7111,0.5939,0.6422,3.2408,2.3713,0.9247,1.0798,0.5629,0.6387,0.6146,0.7662,0.5801,0.8696
11/21/2021,30.1774,0.4727,0.5947,0.7455,1.0028,0.639,0.9007,1.0161,0.7167,0.5526,0.8963,0.9939,0.557,0.6124,0.5282,0.5459,0.4372,0.5415,0.7255,0.6657,0.4749,0.4505,0.5858,0.6124,0.73,0.4838,0.588,0.7943,0.4727,0.5082,0.4927,0.5215,0.4261,0.4838,0.3951,0.3751,0.4505,0.6923,0.679,1.4944,1.1188,0.577,0.5259,0.5215,0.4616,0.4594,0.4395,0.5858,0.6324
11/20/2021,36.2828,0.6022,0.7125,0.6022,1.1056,1.2329,0.6814,0.8426,1.3178,0.8568,0.9388,0.7465,0.6673,0.5485,0.5485,0.6277,0.6871,0.6871,0.5145,0.7945,0.6758,0.6079,0.7974,0.7663,0.5004,0.4834,0.4778,0.9755,0.5287,1.117,0.557,0.4269,0.4947,0.5428,0.5315,0.4269,0.6729,0.6644,0.8058,2.5203,1.8546,0.5174,0.7804,0.5711,0.7578,0.7974,0.6079,0.5004,0.6079
11/19/2021,40.1674,0.7811,0.8615,0.6878,1.225,0.8808,0.7553,0.7682,0.7746,1.2571,1.2668,1.3183,0.6717,0.5559,0.8615,0.6846,0.8936,0.8068,0.765,0.6299,0.7489,0.6234,0.5302,0.6395,0.5269,0.5848,0.855,0.7296,0.5752,1.2153,0.8325,0.3983,0.617,0.6138,0.4723,0.6653,0.6781,0.5495,0.6363,2.7724,2.0354,0.8904,0.884,0.9644,0.8936,0.7232,0.9451,0.572,0.5495
11/18/2021,42.8035,1.0298,0.727,0.7966,1.531,1.8929,0.8801,1.1829,1.4648,0.7966,0.8558,0.901,0.9671,0.8593,0.5669,0.9567,0.72,0.7479,0.9532,0.8384,0.6852,0.6783,0.7444,0.7096,0.6783,0.5182,0.6017,0.6783,0.5843,0.6922,0.8488,0.5704,0.5982,0.4521,0.6957,0.4451,0.7166,0.6191,0.8314,3.2069,2.347,0.7096,0.9219,0.9045,0.9602,0.647,0.8314,0.5773,0.6818
11/17/2021,43.7053,0.9486,1.07,0.5701,1.4021,1.8305,1.1593,1.0272,0.9843,1.2807,1.0522,0.7522,0.8415,0.588,0.8344,0.8236,0.8379,0.6058,0.6915,0.8415,1.045,0.9308,0.7022,0.7415,0.7808,0.6701,0.7808,1.3021,0.5951,0.9808,0.688,0.6915,0.4523,0.6344,0.6523,0.5666,0.7594,0.7272,0.8558,3.0403,2.2275,0.613,0.7201,0.7915,0.5273,0.663,1.0807,0.6558,0.688
11/16/2021,42.873,0.8885,0.9269,0.8816,1.4116,1.8929,1.6139,1.5372,1.1605,1.4256,1.1466,1.0664,0.9199,0.7839,0.906,0.5817,0.7351,0.9653,0.8327,1.0176,0.906,0.9443,0.756,0.8118,0.634,0.5572,0.7944,1.2163,0.613,0.6758,0.8781,0.3968,0.7002,0.6549,0.498,0.5921,0.7316,0.8432,0.7979,0.8693,0.6706,0.9269,0.613,1.0176,0.8537,0.8397,0.7177,0.7944,0.8746
11/15/2021,37.4616,0.7412,0.8325,0.7824,0.8767,1.027,1.2626,1.3982,0.7765,0.8531,0.5615,0.9916,0.9739,0.7117,0.5939,0.6086,0.5526,0.7323,0.588,0.8266,0.7412,0.641,0.4966,0.7382,0.4907,0.5467,0.5791,0.6322,0.4701,0.7677,0.641,0.5673,0.423,0.6174,0.5909,0.4171,0.6056,0.6793,0.6292,2.8827,2.1145,0.7618,0.7588,0.4701,0.6381,0.6822,0.641,0.7559,0.7913
11/14/2021,39.2657,0.9077,0.9983,0.9546,0.9108,1.1609,1.0765,1.0046,1.0515,0.6419,0.5888,1.089,0.9827,0.6732,0.5481,0.8764,0.7013,0.7513,0.6325,0.7107,0.7732,0.6513,0.6513,0.6732,0.8076,0.5356,0.7513,0.7357,0.5888,0.9577,0.7826,0.5043,0.5043,0.5262,0.4043,0.5731,0.6419,0.9389,0.7576,2.7449,2.0156,0.6263,0.5888,0.7013,0.5888,0.6356,1.014,0.5512,0.7795
11/13/2021,32.5365,0.7163,0.4979,0.7016,1.0475,1.3493,0.9911,0.8782,0.7923,0.8071,0.5617,0.8463,0.6083,0.5421,0.5568,0.6623,0.7261,0.4636,0.6697,0.52,0.5102,0.704,0.4341,0.7016,0.5077,0.5298,0.6108,0.4636,0.4979,0.7359,0.6255,0.5642,0.3949,0.5004,0.4881,0.4856,0.5592,0.4464,0.7138,2.0242,1.4988,0.6059,0.5028,0.5568,0.52,0.6378,0.5715,0.4783,0.7285
11/12/2021,33.7159,0.537,0.5447,0.6681,0.9458,0.789,1.0744,1.0693,0.8996,0.4418,0.5113,0.8456,0.6887,0.609,0.5575,0.6244,0.5087,0.5678,0.771,0.6604,0.5524,0.4727,0.7093,0.6913,0.6038,0.6733,0.5267,0.6681,0.4958,0.8507,0.7067,0.4907,0.393,0.5344,0.4573,0.465,0.4933,0.4675,0.4367,2.4834,1.8281,0.5653,0.7556,0.6295,0.4907,0.7787,0.7838,0.7093,0.6887
11/11/2021,37.9475,0.8884,0.8135,0.8135,1.2148,1.3226,0.7357,1.0112,0.8555,0.7357,0.7716,0.9363,0.9723,0.6878,0.6758,0.6338,0.7057,0.8195,0.8255,0.8255,0.7626,0.559,0.8644,0.6698,0.5111,0.7237,0.562,0.9723,0.556,0.5979,0.7746,0.6039,0.6548,0.5051,0.4272,0.4811,0.6518,0.6578,0.7866,2.1775,1.6088,0.6189,0.4721,0.8465,0.547,0.5829,0.9872,0.8135,0.7267
11/10/2021,40.5835,0.7467,0.8314,0.7858,1.193,0.8542,1.4342,1.382,1.1637,1.3364,1.2419,1.1116,0.5479,0.5805,0.6326,0.7792,0.9128,0.7206,0.8574,0.7043,0.9552,0.8086,0.7141,1.0366,0.9682,0.8379,0.6163,1.0399,0.5283,0.7173,0.6131,0.4078,0.4534,0.5544,0.6098,0.4762,0.675,0.9552,0.9487,1.2198,0.9219,1.0432,1.1018,0.5446,0.8086,0.7988,0.8574,0.8216,0.7336
11/9/2021,42.2484,1.0571,1.0606,0.6153,1.5092,1.4167,1.5126,1.3414,1.1359,1.2558,1.1838,1.2626,0.54,0.6427,0.7283,0.8585,0.9578,0.6153,0.6461,0.7181,0.6427,0.6941,0.5503,1.0332,0.5263,0.8619,0.7215,0.9475,0.516,0.6393,0.7318,0.4544,0.5845,0.4509,0.6324,0.6701,0.6598,1.0023,0.5776,2.1612,1.597,0.6633,0.9989,0.9167,0.9133,0.7866,0.9167,0.7318,0.6085
11/8/2021,40.861,1.0703,0.8962,0.6136,0.9718,0.8863,1.5337,1.1459,0.7812,1.3168,1.0539,0.929,0.9093,0.6662,0.6169,0.6497,0.9422,0.7549,0.6892,0.8699,0.7647,0.538,0.6793,1.0309,0.6464,0.8239,0.5709,0.6563,0.6399,1.2182,0.6629,0.469,0.4361,0.6136,0.4098,0.492,0.745,0.975,0.6399,2.3961,1.7655,0.814,0.6333,0.8403,0.8929,0.768,0.6563,0.9422,0.8436
11/7/2021,45.7867,1.1945,1.1113,0.6428,1.4627,1.5421,1.0509,1.2663,1.1113,0.6655,0.7901,0.8808,0.6428,0.6655,0.9073,0.7561,0.7826,1.0055,0.9035,0.8582,0.9677,0.8242,0.7108,0.7486,0.5634,0.8506,0.6957,1.2549,0.6957,0.6655,0.7599,0.673,0.7939,0.6125,0.5559,0.7561,0.7561,1.1038,0.9602,3.1726,2.3224,1.1869,0.6806,1.0698,0.6201,0.9035,1.2058,0.8582,0.5785
11/6/2021,34.9644,0.6305,0.7653,0.6871,1.1724,0.8327,0.9217,0.9702,1.1482,0.9999,0.7437,0.5711,0.8327,0.563,0.5954,0.6736,0.4848,0.6062,0.7464,0.6224,0.5496,0.6089,0.4525,0.6655,0.5873,0.5711,0.6817,0.706,0.5334,0.6736,0.5603,0.5981,0.5253,0.5846,0.3959,0.5226,0.5981,0.563,0.7976,2.1672,1.6014,0.501,0.9513,0.7194,0.4633,0.7545,0.7761,0.6412,0.6466
11/5/2021,34.6174,0.5473,0.5979,0.6618,1.1196,1.4869,1.0158,0.8694,1.2207,1.1329,0.699,1.1595,0.8294,0.4887,0.534,0.6378,0.5233,0.6458,0.715,0.5579,0.7496,0.7097,0.4701,0.9066,0.872,0.6298,0.6271,0.9253,0.4648,0.8614,0.6511,0.345,0.4195,0.3557,0.3929,0.3823,0.5979,0.8028,0.6937,1.385,1.0404,0.6564,0.6671,0.7123,0.6325,0.5233,0.4914,0.6484,0.5606
11/4/2021,27.6801,0.6075,0.4835,0.6941,0.9558,0.8161,0.6921,1.0168,0.7945,0.8535,0.4638,0.8161,0.6921,0.5642,0.5721,0.4815,0.5544,0.5367,0.6252,0.4737,0.5032,0.6075,0.4442,0.5996,0.6882,0.4894,0.3989,0.6213,0.4107,0.4875,0.517,0.3615,0.3182,0.3477,0.4166,0.332,0.4245,0.4953,0.6036,0.9529,0.7305,0.5071,0.5091,0.454,0.5209,0.5032,0.6567,0.5898,0.4953
11/3/2021,25.9457,0.6225,0.6368,0.3712,0.8719,0.6153,0.6422,0.6099,0.8199,0.3784,0.6333,0.5866,0.5615,0.4269,0.5023,0.5579,0.4664,0.5651,0.4323,0.5328,0.5417,0.4071,0.4502,0.5615,0.5489,0.443,0.452,0.6099,0.4179,0.6548,0.4771,0.3228,0.3443,0.321,0.4161,0.391,0.4161,0.6117,0.5166,1.4281,1.0713,0.4179,0.3659,0.4233,0.4807,0.5471,0.5292,0.5597,0.3856
11/2/2021,20.1881,0.3288,0.4884,0.4385,0.6432,0.7712,0.4604,0.3739,0.4982,0.3202,0.4677,0.5311,0.3848,0.4092,0.3873,0.4129,0.3873,0.4019,0.386,0.3617,0.3544,0.3544,0.3154,0.308,0.3617,0.2959,0.4092,0.3885,0.33,0.358,0.3349,0.2934,0.3373,0.347,0.319,0.2873,0.3739,0.464,0.3141,1.1518,0.8732,0.3702,0.419,0.4141,0.3519,0.4726,0.3763,0.3288,0.4311
11/1/2021,17.4822,0.3279,0.2928,0.3876,0.4028,0.5023,0.416,0.4748,0.3421,0.3895,0.4597,0.5213,0.2956,0.3629,0.3582,0.3117,0.3411,0.3497,0.2842,0.3971,0.3582,0.3307,0.3279,0.325,0.27,0.326,0.3478,0.2653,0.2861,0.3317,0.3042,0.2691,0.2691,0.2937,0.2767,0.3155,0.3212,0.3544,0.3241,0.9293,0.7136,0.381,0.3004,0.2823,0.3411,0.3136,0.3582,0.3734,0.3753
10/31/2021,16.4414,0.365,0.3017,0.3009,0.3532,0.4233,0.4807,0.4208,0.4148,0.284,0.365,0.3887,0.3473,0.3211,0.3026,0.3439,0.3423,0.3,0.3,0.284,0.2975,0.3119,0.3414,0.3093,0.2874,0.333,0.2536,0.3726,0.2832,0.3541,0.3262,0.2764,0.2334,0.2502,0.2975,0.273,0.3144,0.2604,0.349,0.8116,0.6292,0.3676,0.3811,0.284,0.3321,0.3743,0.3465,0.2739,0.2773
10/30/2021,18.1066,0.4032,0.3789,0.3759,0.4264,0.674,0.5467,0.3769,0.3688,0.4537,0.3526,0.3627,0.3071,0.2819,0.3789,0.295,0.3627,0.3142,0.4092,0.3435,0.3476,0.3476,0.3021,0.3961,0.2698,0.2708,0.3294,0.4668,0.2991,0.3587,0.3405,0.297,0.2455,0.2516,0.297,0.2698,0.3223,0.2981,0.3597,0.9077,0.6981,0.4395,0.3082,0.391,0.389,0.3597,0.4395,0.3688,0.3233
10/29/2021,19.7716,0.3856,0.4103,0.4009,0.4869,0.5116,0.5022,0.428,0.6152,0.3644,0.4715,0.6022,0.4433,0.3421,0.408,0.3774,0.4315,0.3444,0.3115,0.3362,0.3833,0.3173,0.3633,0.4021,0.4292,0.3103,0.3491,0.3279,0.295,0.4115,0.3986,0.3044,0.2867,0.3303,0.3326,0.2926,0.3432,0.388,0.375,1.1614,0.88,0.302,0.4198,0.4209,0.375,0.3821,0.3774,0.3527,0.2867
10/28/2021,21.2284,0.3796,0.3426,0.3876,0.6601,0.5582,0.5701,0.4273,0.5503,0.5926,0.5939,0.6601,0.4087,0.4339,0.3479,0.3386,0.3254,0.381,0.4789,0.3505,0.4326,0.4564,0.418,0.4127,0.3823,0.4021,0.3426,0.4736,0.3545,0.5741,0.4458,0.3042,0.3849,0.373,0.3532,0.299,0.3545,0.336,0.4246,1.105,0.8396,0.3876,0.3519,0.4511,0.3267,0.3942,0.3744,0.3624,0.3241
10/27/2021,24.0729,0.501,0.5797,0.5444,0.636,0.6505,0.6601,0.5363,0.7164,0.3692,0.4238,0.5829,0.4431,0.3788,0.4544,0.4512,0.4383,0.5476,0.4158,0.3965,0.4254,0.3997,0.3692,0.546,0.3499,0.3708,0.3756,0.6971,0.3547,0.5669,0.4897,0.366,0.2969,0.3419,0.3242,0.3129,0.3772,0.4206,0.3531,1.6839,1.2548,0.4769,0.4254,0.4994,0.337,0.4978,0.4512,0.4994,0.4833
10/26/2021,22.1993,0.4776,0.5288,0.4322,0.5699,0.5628,0.6395,0.5699,0.4776,0.506,0.5046,0.4933,0.5117,0.391,0.347,0.4194,0.4933,0.3569,0.3385,0.4791,0.4137,0.4421,0.4989,0.3683,0.3257,0.347,0.3995,0.4152,0.3143,0.5813,0.4421,0.2732,0.3456,0.2859,0.3754,0.3754,0.401,0.4322,0.3839,1.3508,1.0159,0.4904,0.4535,0.3768,0.3044,0.3726,0.4677,0.4507,0.3967
10/25/2021,19.0774,0.4558,0.3218,0.4757,0.458,0.5444,0.6153,0.5799,0.633,0.468,0.5112,0.5267,0.3085,0.3018,0.3639,0.335,0.3051,0.4347,0.2985,0.4292,0.417,0.2996,0.3339,0.4724,0.304,0.3572,0.3273,0.2985,0.3162,0.3384,0.3661,0.2619,0.3472,0.3018,0.3074,0.304,0.314,0.3184,0.324,0.797,0.6187,0.3062,0.3494,0.4159,0.3029,0.4314,0.4115,0.3915,0.3771
10/24/2021,16.9271,0.3934,0.2952,0.2675,0.3738,0.5809,0.4032,0.339,0.3684,0.3702,0.3881,0.3443,0.305,0.3247,0.2961,0.289,0.33,0.3309,0.3568,0.3684,0.3381,0.3122,0.28,0.2711,0.297,0.3113,0.3175,0.4131,0.2747,0.4354,0.3104,0.2309,0.2354,0.2354,0.3024,0.2899,0.3265,0.3631,0.355,0.9959,0.7613,0.2863,0.3282,0.3131,0.2934,0.3086,0.3363,0.3077,0.372
10/23/2021,17.3433,0.3872,0.3937,0.29,0.5385,0.6385,0.4956,0.4311,0.4759,0.3563,0.3246,0.4563,0.3003,0.332,0.3526,0.3264,0.2928,0.3909,0.3021,0.3946,0.3162,0.3657,0.3713,0.2919,0.3797,0.3311,0.2853,0.304,0.2685,0.4189,0.3526,0.2367,0.2891,0.3078,0.2909,0.3031,0.3264,0.3498,0.3106,0.683,0.537,0.3722,0.376,0.3218,0.2891,0.2956,0.3489,0.2797,0.261
10/22/2021,26.1541,0.5751,0.4589,0.4117,0.6877,0.5987,0.6477,0.7712,0.773,0.606,0.7712,0.6151,0.5207,0.4045,0.488,0.488,0.6024,0.39,0.5679,0.5897,0.5661,0.517,0.5751,0.5606,0.6496,0.3773,0.4099,0.3972,0.3773,0.6477,0.4662,0.321,0.4081,0.3264,0.4208,0.4172,0.4553,0.4844,0.4481,1.4945,1.1189,0.4009,0.5025,0.4063,0.5134,0.5642,0.4717,0.3791,0.5098
10/21/2021,18.0373,0.4156,0.3795,0.2901,0.4367,0.4768,0.4598,0.4417,0.5009,0.3303,0.3664,0.4447,0.3614,0.3152,0.3594,0.3263,0.3453,0.3202,0.3694,0.3242,0.3544,0.3032,0.2731,0.3343,0.3253,0.3132,0.3253,0.4879,0.2881,0.4166,0.3022,0.3132,0.3323,0.3212,0.2951,0.2982,0.3152,0.3473,0.3092,1.0961,0.8332,0.3694,0.2971,0.3082,0.2971,0.3222,0.4015,0.3072,0.2861
10/20/2021,16.5801,0.3837,0.3949,0.2671,0.4472,0.4009,0.3263,0.5391,0.5107,0.3451,0.4078,0.3571,0.2739,0.2954,0.2919,0.3331,0.2937,0.3657,0.3194,0.2868,0.2928,0.3391,0.3168,0.2782,0.2834,0.2739,0.2593,0.4043,0.2731,0.4575,0.322,0.255,0.2919,0.2808,0.2576,0.2387,0.2988,0.2851,0.2799,0.8712,0.6719,0.2997,0.4001,0.2782,0.2542,0.3477,0.3606,0.3057,0.2628
10/19/2021,16.7191,0.3393,0.3158,0.3367,0.3803,0.4396,0.3358,0.4901,0.3472,0.437,0.3472,0.3489,0.3977,0.3079,0.2818,0.2844,0.3323,0.3585,0.3236,0.2905,0.3689,0.2913,0.3794,0.2757,0.2521,0.3358,0.2835,0.3489,0.2783,0.4483,0.2992,0.2643,0.2626,0.2652,0.2669,0.2809,0.2992,0.3323,0.3227,0.9334,0.7165,0.2844,0.3541,0.2669,0.3402,0.3689,0.2809,0.2783,0.3454
10/18/2021,21.0899,0.3774,0.38,0.5201,0.5292,0.8172,0.6916,0.6327,0.5201,0.3735,0.4965,0.5109,0.3565,0.3696,0.384,0.346,0.3879,0.3277,0.49,0.4847,0.3499,0.3264,0.4429,0.4088,0.3041,0.4206,0.3251,0.3866,0.329,0.558,0.3578,0.3525,0.3525,0.3146,0.3578,0.3264,0.3748,0.3277,0.4717,0.8977,0.6909,0.4232,0.5135,0.4128,0.4612,0.38,0.4782,0.4193,0.3303
10/17/2021,21.7137,0.4752,0.4821,0.5301,0.7248,0.6576,0.7262,0.5328,0.6604,0.6302,0.4025,0.611,0.5123,0.3888,0.4313,0.4793,0.4012,0.4725,0.467,0.4067,0.3902,0.3216,0.3765,0.3998,0.478,0.3532,0.3998,0.3998,0.3093,0.6192,0.4039,0.2942,0.2805,0.3257,0.3079,0.2983,0.3943,0.3806,0.3628,0.7401,0.5779,0.3628,0.4903,0.4327,0.382,0.3559,0.4889,0.419,0.3765
10/16/2021,19.286,0.4522,0.3439,0.4285,0.4229,0.7084,0.424,0.3608,0.5188,0.3156,0.4849,0.5955,0.2919,0.4003,0.3935,0.4025,0.3574,0.3235,0.3822,0.3935,0.3822,0.3427,0.3202,0.31,0.3303,0.3721,0.2886,0.4691,0.3123,0.3247,0.3337,0.3021,0.3134,0.301,0.3224,0.266,0.3574,0.4071,0.2965,1.0842,0.8247,0.3393,0.3495,0.38,0.4262,0.3777,0.4172,0.4262,0.3089
10/15/2021,20.2571,0.353,0.451,0.4939,0.5846,0.6962,0.6141,0.4927,0.6337,0.6091,0.4596,0.6177,0.3076,0.3125,0.326,0.3959,0.353,0.4633,0.3432,0.4179,0.4412,0.3996,0.3407,0.4804,0.4008,0.3763,0.2929,0.3517,0.315,0.3223,0.4155,0.3138,0.3383,0.3113,0.3358,0.3481,0.3505,0.4645,0.3088,0.7448,0.5813,0.4167,0.3334,0.4094,0.3358,0.4106,0.4866,0.3922,0.3138
10/14/2021,22.4077,0.5528,0.4952,0.4937,0.524,0.9029,0.6364,0.4808,0.7041,0.6119,0.4087,0.7271,0.5326,0.4087,0.3352,0.4894,0.3842,0.4274,0.4649,0.4937,0.4952,0.3367,0.4678,0.4606,0.4346,0.3972,0.3237,0.3655,0.3525,0.5514,0.4649,0.2949,0.3597,0.3496,0.3122,0.3266,0.3713,0.5254,0.3929,0.7364,0.5752,0.475,0.426,0.3871,0.5024,0.4274,0.5081,0.3986,0.3151
10/13/2021,21.7139,0.4355,0.4259,0.4067,0.5534,0.5575,0.4766,0.4259,0.7248,0.659,0.3902,0.6028,0.4999,0.4451,0.4067,0.408,0.4396,0.3504,0.3477,0.3641,0.3737,0.3792,0.4464,0.4464,0.3779,0.3779,0.3175,0.4231,0.3559,0.6165,0.3587,0.3449,0.2873,0.2668,0.3491,0.3326,0.4108,0.4121,0.3587,1.4333,1.075,0.3669,0.3052,0.3724,0.3148,0.3765,0.4368,0.4409,0.4368
10/12/2021,26.9865,0.4306,0.5711,0.5483,0.8141,0.8388,0.628,0.6812,0.6641,0.5977,0.5274,0.5502,0.497,0.5122,0.5388,0.4173,0.6185,0.573,0.609,0.609,0.4667,0.5312,0.5198,0.6356,0.4439,0.5046,0.4173,0.7837,0.4268,0.6793,0.5008,0.3034,0.3034,0.3983,0.4439,0.3983,0.423,0.4818,0.4097,1.6406,1.2237,0.554,0.3812,0.5882,0.3755,0.5635,0.4344,0.4761,0.4515
10/11/2021,21.5061,0.3503,0.4922,0.4192,0.5354,0.7758,0.5259,0.6016,0.661,0.5138,0.3747,0.5192,0.4206,0.3652,0.3868,0.4327,0.3706,0.4584,0.4192,0.4246,0.48,0.4111,0.4165,0.426,0.5057,0.376,0.4314,0.376,0.3517,0.4462,0.3949,0.3125,0.3693,0.3801,0.3693,0.3436,0.3963,0.4584,0.4179,0.8911,0.6862,0.3706,0.4354,0.4705,0.376,0.4125,0.403,0.349,0.4017
10/10/2021,17.6209,0.3283,0.4284,0.3687,0.4457,0.4649,0.4784,0.3389,0.3466,0.4919,0.3697,0.5226,0.3552,0.2792,0.3168,0.362,0.3956,0.3764,0.3687,0.3908,0.3023,0.2956,0.3418,0.3456,0.2869,0.3475,0.2648,0.4774,0.2908,0.4399,0.3726,0.3129,0.2513,0.2927,0.3196,0.2985,0.336,0.2965,0.3937,0.7942,0.6167,0.3591,0.3216,0.285,0.2908,0.3408,0.311,0.3427,0.2638
10/9/2021,22.1997,0.4478,0.3598,0.4436,0.7375,0.4805,0.4464,0.7361,0.5472,0.6551,0.6253,0.6239,0.5657,0.4379,0.4066,0.4024,0.4109,0.5075,0.4478,0.472,0.4208,0.4137,0.3328,0.4081,0.5486,0.32,0.4166,0.5273,0.3527,0.5671,0.4478,0.3101,0.3655,0.3214,0.3839,0.2803,0.3839,0.5004,0.462,0.5686,0.4549,0.4805,0.3839,0.5089,0.4918,0.5174,0.4734,0.4279,0.3754
10/8/2021,18.4535,0.3935,0.3695,0.45,0.5649,0.6778,0.4144,0.4918,0.4489,0.3987,0.4959,0.4959,0.4531,0.3026,0.3036,0.3611,0.3162,0.3381,0.3141,0.3371,0.3235,0.3193,0.3966,0.4155,0.4447,0.3517,0.3078,0.358,0.2712,0.4364,0.3601,0.3182,0.2754,0.2764,0.2827,0.2524,0.3506,0.3057,0.3548,0.8807,0.6788,0.3057,0.2994,0.3444,0.2869,0.3109,0.3768,0.3088,0.3329
10/7/2021,20.5347,0.4512,0.4274,0.4412,0.549,0.6317,0.475,0.386,0.4888,0.366,0.5778,0.6192,0.4688,0.3146,0.3346,0.4499,0.4424,0.4286,0.4236,0.4136,0.3484,0.3271,0.4349,0.3522,0.4913,0.3798,0.4236,0.3196,0.3422,0.5615,0.4299,0.2657,0.2569,0.302,0.2845,0.3497,0.3835,0.3296,0.3747,1.1733,0.8886,0.3058,0.3359,0.3309,0.3422,0.3735,0.475,0.3296,0.3334
10/6/2021,22.893,0.4526,0.3767,0.3513,0.6447,0.5196,0.5167,0.5509,0.6686,0.4824,0.6745,0.5092,0.4094,0.3454,0.4303,0.3692,0.4511,0.4973,0.463,0.4526,0.4452,0.4779,0.4124,0.3588,0.5226,0.3588,0.4571,0.3394,0.3335,0.5003,0.4362,0.2828,0.393,0.3752,0.3647,0.2903,0.4035,0.4258,0.3275,1.6125,1.2035,0.5584,0.3692,0.4154,0.3379,0.5122,0.3737,0.3394,0.5003
10/5/2021,21.9219,0.5509,0.5272,0.4381,0.608,0.6498,0.7138,0.7528,0.53,0.5871,0.4437,0.672,0.4479,0.3546,0.3992,0.4395,0.4228,0.3964,0.4131,0.3769,0.4187,0.356,0.3379,0.3936,0.5342,0.3268,0.4632,0.3532,0.3518,0.3755,0.4089,0.3852,0.3045,0.3254,0.3156,0.3393,0.3449,0.3713,0.4493,0.9831,0.7522,0.395,0.4702,0.3504,0.459,0.4187,0.4089,0.4549,0.3504
10/4/2021,18.5227,0.3098,0.4424,0.3108,0.5308,0.5876,0.5087,0.5476,0.3645,0.4097,0.5044,0.5413,0.3897,0.3508,0.2866,0.3792,0.4129,0.3813,0.4045,0.3803,0.3382,0.3792,0.3413,0.4224,0.3803,0.2793,0.3603,0.4392,0.2982,0.394,0.3403,0.3245,0.3329,0.3087,0.3329,0.2887,0.334,0.3003,0.2908,0.5448,0.4378,0.3329,0.4129,0.2729,0.3771,0.4224,0.4182,0.3677,0.4076
10/3/2021,20.1879,0.3739,0.3592,0.458,0.6371,0.6651,0.6249,0.67,0.5884,0.3215,0.3921,0.3751,0.4007,0.319,0.4019,0.4519,0.4421,0.4372,0.4238,0.4433,0.4458,0.3239,0.3605,0.4616,0.4055,0.2739,0.3166,0.3824,0.3324,0.525,0.341,0.3166,0.2556,0.2946,0.3056,0.3312,0.3739,0.3056,0.3166,1.0397,0.7927,0.436,0.3154,0.3483,0.3251,0.3349,0.3921,0.4482,0.302
10/2/2021,18.523,0.334,0.3761,0.2824,0.5865,0.4213,0.3677,0.3897,0.5507,0.4666,0.3319,0.4382,0.3519,0.2835,0.3413,0.3719,0.314,0.295,0.3719,0.3277,0.3466,0.4003,0.3477,0.4476,0.3403,0.294,0.2803,0.395,0.3056,0.3214,0.3266,0.3087,0.2845,0.2498,0.2929,0.3087,0.3108,0.2866,0.3077,1.3169,0.9916,0.4224,0.3277,0.4245,0.3508,0.3392,0.3371,0.3277,0.3277
10/1/2021,18.3145,0.4421,0.3451,0.3874,0.5318,0.3884,0.4235,0.3678,0.3802,0.5349,0.4142,0.3977,0.3626,0.2904,0.2791,0.3544,0.3616,0.3791,0.3699,0.4183,0.406,0.3544,0.3234,0.2884,0.3781,0.3699,0.3781,0.4555,0.277,0.4328,0.3843,0.2585,0.2873,0.2482,0.2605,0.2636,0.31,0.3389,0.3905,0.8172,0.6332,0.3709,0.4287,0.4091,0.4091,0.3255,0.3967,0.342,0.3482
9/30/2021,17.8292,0.3721,0.3505,0.3554,0.55,0.4763,0.3613,0.3888,0.5608,0.3505,0.4429,0.4861,0.4144,0.3141,0.3023,0.3505,0.4006,0.3554,0.3013,0.3947,0.3298,0.3662,0.2817,0.3721,0.3013,0.2807,0.3338,0.3318,0.2905,0.3564,0.3229,0.2846,0.3013,0.3033,0.2895,0.3023,0.3377,0.4124,0.2895,0.7694,0.5989,0.3809,0.3908,0.4055,0.3377,0.3888,0.3515,0.319,0.2709
9/29/2021,14.1524,0.2768,0.3057,0.2719,0.3346,0.414,0.2922,0.3678,0.2891,0.3832,0.2891,0.3026,0.3014,0.2768,0.238,0.2713,0.2423,0.2479,0.2811,0.2916,0.3168,0.2817,0.251,0.2614,0.3094,0.2565,0.2534,0.3082,0.246,0.3205,0.2614,0.2645,0.2319,0.2565,0.2614,0.262,0.2731,0.2762,0.2436,0.6446,0.5094,0.243,0.2319,0.2263,0.2737,0.3211,0.3045,0.2928,0.2922
9/28/2021,17.3432,0.4012,0.4161,0.3236,0.39,0.5488,0.4862,0.3451,0.3676,0.4049,0.4031,0.4825,0.4199,0.2965,0.3115,0.3049,0.2984,0.3872,0.375,0.3246,0.333,0.3489,0.3554,0.3358,0.3049,0.276,0.2825,0.2975,0.2779,0.3517,0.332,0.2694,0.2358,0.304,0.3021,0.2517,0.2993,0.3292,0.2863,0.7472,0.583,0.3993,0.4245,0.3816,0.3937,0.3601,0.3881,0.29,0.3152
9/27/2021,19.633,0.4214,0.3667,0.3109,0.5378,0.4226,0.6401,0.4238,0.6227,0.3865,0.5587,0.3784,0.4935,0.3446,0.3586,0.3039,0.3889,0.4261,0.4296,0.3353,0.404,0.3295,0.3505,0.4203,0.3377,0.3726,0.3342,0.5145,0.3144,0.468,0.3574,0.2562,0.2842,0.3307,0.3365,0.2749,0.3272,0.3551,0.3807,1.0609,0.808,0.2958,0.3307,0.3191,0.283,0.4377,0.3586,0.4191,0.4214
9/26/2021,17.0661,0.3716,0.367,0.4196,0.4296,0.4414,0.5148,0.4822,0.3398,0.3444,0.3688,0.3163,0.2764,0.3172,0.3525,0.3625,0.3706,0.3172,0.3552,0.3135,0.3045,0.2927,0.3144,0.3679,0.2682,0.3462,0.2673,0.3036,0.2936,0.3054,0.3607,0.2555,0.3008,0.2773,0.26,0.2845,0.3135,0.2691,0.3788,0.9665,0.7403,0.348,0.299,0.2628,0.3779,0.3036,0.3072,0.3308,0.3054
9/25/2021,15.7479,0.3054,0.2953,0.2806,0.3433,0.489,0.4092,0.4278,0.4378,0.2488,0.3015,0.4386,0.3797,0.2984,0.3278,0.3177,0.3123,0.3201,0.2914,0.3085,0.293,0.2968,0.3046,0.2999,0.2906,0.2899,0.2744,0.2674,0.2534,0.2937,0.2829,0.2217,0.2465,0.279,0.2565,0.2472,0.2728,0.3441,0.3301,0.8313,0.6433,0.3007,0.2542,0.3263,0.2984,0.3255,0.2821,0.3007,0.3077
9/24/2021,14.4293,0.2483,0.3017,0.339,0.4251,0.3255,0.31,0.3878,0.3364,0.3821,0.3538,0.3949,0.2509,0.274,0.3049,0.2753,0.294,0.2483,0.2477,0.31,0.2708,0.24,0.247,0.3216,0.2374,0.265,0.2695,0.3396,0.2329,0.2625,0.2715,0.2091,0.2181,0.2226,0.2541,0.2316,0.2663,0.3261,0.2965,0.6463,0.5107,0.276,0.2766,0.2811,0.2959,0.3107,0.2766,0.2554,0.3081
9/23/2021,16.5801,0.364,0.3014,0.2928,0.4121,0.3511,0.3786,0.4335,0.509,0.4112,0.3082,0.2885,0.2945,0.3082,0.2816,0.3022,0.3366,0.3674,0.3408,0.3031,0.3657,0.3451,0.3366,0.2885,0.3932,0.3288,0.3263,0.2876,0.2722,0.3777,0.3125,0.2508,0.2499,0.2405,0.2791,0.3057,0.2808,0.3829,0.3057,0.7903,0.6139,0.3125,0.3065,0.3271,0.3606,0.3383,0.3829,0.3451,0.2885
9/22/2021,16.5109,0.279,0.3241,0.3777,0.365,0.3565,0.4348,0.4109,0.4254,0.4594,0.3369,0.4697,0.4016,0.3267,0.3224,0.3616,0.3037,0.3156,0.3786,0.296,0.3607,0.3131,0.2671,0.2892,0.3743,0.296,0.279,0.3505,0.2518,0.3224,0.3258,0.2228,0.2807,0.2279,0.2816,0.2977,0.3071,0.3471,0.3531,0.6663,0.525,0.2739,0.359,0.3531,0.3309,0.3037,0.3777,0.2833,0.3445
9/21/2021,19.3549,0.3313,0.3461,0.3166,0.5879,0.4381,0.5675,0.4335,0.6243,0.4642,0.5107,0.4312,0.4256,0.3711,0.3222,0.3143,0.4017,0.3563,0.3415,0.3336,0.3449,0.337,0.4051,0.4278,0.4562,0.3756,0.3745,0.3211,0.3007,0.3404,0.404,0.3063,0.2938,0.2859,0.2552,0.3131,0.3586,0.3177,0.3711,1.1222,0.8519,0.2995,0.4278,0.396,0.3154,0.3359,0.3824,0.4074,0.3097
9/20/2021,18.3146,0.3389,0.3626,0.3451,0.4142,0.5679,0.5989,0.3833,0.3957,0.3688,0.4183,0.3905,0.3554,0.3647,0.3069,0.3131,0.3637,0.4132,0.3884,0.375,0.407,0.3152,0.3802,0.4328,0.3957,0.2708,0.277,0.31,0.2987,0.5184,0.3606,0.2616,0.2956,0.2492,0.2904,0.2585,0.3338,0.2791,0.3183,0.9127,0.7017,0.3255,0.4194,0.2915,0.3492,0.406,0.4359,0.408,0.3472
9/19/2021,19.8409,0.4698,0.4461,0.3431,0.5574,0.4828,0.4994,0.3644,0.6296,0.4106,0.5361,0.3763,0.4757,0.4011,0.3928,0.3455,0.3644,0.349,0.3715,0.3834,0.3478,0.426,0.4224,0.3869,0.439,0.3017,0.3502,0.2898,0.3301,0.3952,0.3443,0.3407,0.2626,0.3372,0.3549,0.3514,0.3466,0.439,0.3573,1.0852,0.8254,0.3313,0.413,0.368,0.3265,0.3336,0.3028,0.4094,0.4236
9/18/2021,16.7882,0.3934,0.3336,0.2809,0.5006,0.5261,0.4699,0.3556,0.4417,0.2774,0.4347,0.404,0.3714,0.3187,0.3029,0.3714,0.3266,0.3503,0.3222,0.3178,0.2906,0.3152,0.36,0.3319,0.3477,0.2484,0.3301,0.3275,0.2853,0.2888,0.3152,0.2528,0.2748,0.2493,0.2387,0.244,0.3029,0.382,0.2844,0.81,0.628,0.3785,0.2642,0.3029,0.2783,0.2985,0.3618,0.3363,0.3609
9/17/2021,15.2621,0.3344,0.3366,0.2676,0.4085,0.4891,0.4296,0.3163,0.4288,0.41,0.3584,0.2952,0.3657,0.2495,0.2988,0.2531,0.3366,0.3126,0.3228,0.2967,0.3431,0.2705,0.256,0.2611,0.2545,0.2545,0.301,0.3983,0.2393,0.2727,0.2821,0.2829,0.2843,0.2495,0.2574,0.2386,0.2669,0.3424,0.3228,0.5363,0.4317,0.325,0.3424,0.2371,0.2814,0.3061,0.3598,0.28,0.2741
9/16/2021,16.2334,0.3379,0.3585,0.2844,0.4598,0.3692,0.4944,0.3091,0.4161,0.3355,0.4458,0.3577,0.305,0.3066,0.2704,0.3091,0.3519,0.2795,0.3206,0.3593,0.2844,0.3297,0.2712,0.2984,0.3544,0.2424,0.2926,0.4375,0.2778,0.3593,0.333,0.2556,0.2688,0.2416,0.235,0.2803,0.3066,0.3709,0.2935,0.7516,0.5862,0.3173,0.3346,0.3404,0.2729,0.3437,0.2638,0.2902,0.3289
9/15/2021,16.3024,0.395,0.3526,0.3717,0.3535,0.5029,0.3734,0.3991,0.4398,0.4581,0.3684,0.4398,0.3028,0.258,0.3078,0.2837,0.3601,0.2713,0.292,0.2912,0.3419,0.2613,0.2954,0.3377,0.2879,0.2572,0.3111,0.2555,0.2522,0.4066,0.3435,0.2339,0.2472,0.2746,0.2281,0.2912,0.3095,0.3269,0.3186,0.6932,0.5443,0.3427,0.3933,0.3701,0.302,0.3327,0.3253,0.2812,0.3161
9/14/2021,14.7071,0.2559,0.3357,0.2612,0.4061,0.4316,0.2934,0.2861,0.3162,0.28,0.2908,0.2606,0.3209,0.2586,0.2713,0.3028,0.2787,0.2733,0.2478,0.3297,0.3048,0.2492,0.2317,0.3089,0.2451,0.2713,0.3115,0.3263,0.2612,0.2887,0.284,0.2599,0.2277,0.223,0.2458,0.2726,0.2686,0.278,0.3136,0.7869,0.6115,0.3297,0.3612,0.3062,0.272,0.2961,0.2894,0.282,0.2995
9/13/2021,16.5804,0.394,0.3194,0.3632,0.4833,0.5588,0.4103,0.3923,0.5185,0.4412,0.2851,0.3589,0.3477,0.2791,0.3357,0.2902,0.3374,0.3245,0.2937,0.3709,0.3314,0.3383,0.2748,0.3632,0.358,0.2791,0.2636,0.3923,0.2842,0.3469,0.3254,0.2705,0.2842,0.2345,0.2653,0.2593,0.2937,0.2894,0.3657,0.6159,0.4888,0.2696,0.3597,0.3589,0.3194,0.3211,0.3297,0.3022,0.2911
9/12/2021,19.6326,0.4377,0.4749,0.4633,0.6343,0.7204,0.5063,0.6704,0.575,0.3702,0.4982,0.3702,0.3505,0.3563,0.3656,0.4226,0.3807,0.4156,0.4598,0.3935,0.4249,0.3726,0.3132,0.3028,0.354,0.3132,0.3609,0.2946,0.3295,0.4377,0.3935,0.2655,0.2807,0.2586,0.283,0.2725,0.3144,0.3528,0.3923,0.6998,0.549,0.4726,0.4889,0.2935,0.3528,0.3819,0.4144,0.3749,0.4226
9/11/2021,16.9275,0.2908,0.4006,0.3381,0.3756,0.5416,0.3791,0.3997,0.3809,0.3515,0.2845,0.4282,0.3943,0.347,0.28,0.3033,0.3095,0.347,0.314,0.3077,0.3363,0.2863,0.2649,0.3041,0.3773,0.2515,0.2943,0.2783,0.2836,0.364,0.3488,0.2363,0.2524,0.2684,0.3086,0.2756,0.28,0.3711,0.2925,0.985,0.7535,0.3684,0.4113,0.2533,0.3149,0.2899,0.3791,0.3747,0.3497
9/10/2021,14.5681,0.342,0.2711,0.2547,0.4123,0.4025,0.3723,0.2941,0.2921,0.3374,0.3591,0.4248,0.3348,0.2514,0.2665,0.2711,0.3046,0.2796,0.3131,0.3066,0.2908,0.3079,0.2553,0.2645,0.2895,0.2501,0.3007,0.3039,0.2409,0.2921,0.2796,0.2153,0.2369,0.2343,0.2212,0.2632,0.254,0.2967,0.2606,0.6131,0.4868,0.2856,0.2376,0.3151,0.281,0.3197,0.2567,0.321,0.3039
9/9/2021,16.5111,0.376,0.3522,0.3845,0.5063,0.3479,0.3267,0.3854,0.4645,0.2969,0.3267,0.3428,0.2731,0.3114,0.2637,0.3497,0.2935,0.3352,0.3794,0.3684,0.2909,0.3079,0.3216,0.3403,0.3531,0.3173,0.2977,0.2969,0.2628,0.388,0.3173,0.262,0.2501,0.2722,0.2475,0.2637,0.3071,0.3292,0.296,0.9166,0.7045,0.3071,0.3973,0.2782,0.2543,0.342,0.3216,0.2935,0.2901
9/8/2021,17.2047,0.3995,0.3867,0.383,0.3922,0.3867,0.4106,0.3305,0.4226,0.4087,0.394,0.3839,0.3922,0.2983,0.3103,0.3139,0.3388,0.3775,0.3057,0.3572,0.3011,0.302,0.3719,0.2863,0.394,0.3351,0.3333,0.4603,0.2817,0.4124,0.3452,0.2458,0.2698,0.3066,0.2845,0.2817,0.3185,0.3848,0.2725,0.8726,0.673,0.3093,0.313,0.3563,0.2707,0.3664,0.2891,0.2955,0.279
9/7/2021,17.6904,0.3711,0.3905,0.2994,0.5407,0.4225,0.4932,0.5145,0.5446,0.5,0.313,0.4855,0.3808,0.344,0.2965,0.3149,0.3508,0.3362,0.2994,0.345,0.3789,0.312,0.3576,0.408,0.2849,0.2791,0.2742,0.4506,0.2975,0.3934,0.3304,0.3081,0.3111,0.2849,0.2374,0.281,0.3198,0.2975,0.3043,0.7231,0.5657,0.3392,0.3178,0.3421,0.3295,0.314,0.4041,0.3159,0.3857
9/6/2021,16.3029,0.3518,0.2837,0.2788,0.4324,0.5909,0.3651,0.3244,0.4324,0.2663,0.4166,0.4191,0.4008,0.2962,0.3468,0.3211,0.2987,0.2962,0.2688,0.2854,0.2821,0.3095,0.3419,0.2821,0.2663,0.2945,0.2821,0.3377,0.2746,0.2821,0.3419,0.2979,0.2281,0.2281,0.2854,0.263,0.3111,0.2895,0.302,0.9011,0.6934,0.302,0.3394,0.3709,0.3169,0.3327,0.3086,0.2945,0.268
9/5/2021,13.5973,0.259,0.2825,0.2294,0.301,0.4006,0.2792,0.39,0.3256,0.254,0.2898,0.3178,0.2993,0.2366,0.2327,0.2422,0.2338,0.2378,0.2378,0.245,0.2663,0.2624,0.2198,0.3072,0.2809,0.2277,0.2534,0.2249,0.2238,0.3575,0.2629,0.2075,0.2092,0.2344,0.2433,0.2148,0.2529,0.2562,0.268,0.8108,0.6286,0.2702,0.2629,0.2361,0.2473,0.2529,0.2932,0.2937,0.2344
9/4/2021,12.9726,0.2273,0.3004,0.2333,0.3561,0.4039,0.3611,0.3039,0.289,0.2631,0.3318,0.3074,0.2786,0.2219,0.2447,0.2268,0.2512,0.2278,0.2631,0.2398,0.2621,0.2293,0.2796,0.2597,0.294,0.2691,0.2721,0.2885,0.2209,0.2989,0.2671,0.2293,0.2408,0.2442,0.2179,0.2074,0.2502,0.2512,0.2323,0.4285,0.3544,0.2437,0.2487,0.2482,0.2214,0.2865,0.2865,0.2323,0.2766
9/3/2021,14.7074,0.3491,0.2887,0.3323,0.3424,0.3377,0.3411,0.4142,0.435,0.3216,0.3632,0.2747,0.28,0.2981,0.2954,0.278,0.2559,0.2612,0.3008,0.2639,0.2901,0.3042,0.3203,0.2894,0.3471,0.2874,0.2371,0.3364,0.2485,0.3109,0.2639,0.2096,0.223,0.2411,0.2733,0.272,0.2827,0.2881,0.3095,0.6155,0.4885,0.3169,0.2653,0.2512,0.2612,0.2941,0.3022,0.2532,0.2914
9/2/2021,10.6834,0.2399,0.2386,0.2209,0.2528,0.2512,0.2614,0.2815,0.2166,0.2217,0.2214,0.2203,0.2257,0.215,0.2128,0.2252,0.212,0.2273,0.2018,0.2112,0.215,0.2158,0.2026,0.2104,0.2321,0.1975,0.2075,0.2324,0.1983,0.2474,0.2128,0.2024,0.1975,0.2045,0.2029,0.193,0.2147,0.2201,0.2064,0.2868,0.2529,0.2144,0.2362,0.2276,0.2238,0.2136,0.2198,0.2163,0.2214
9/1/2021,16.303,0.3684,0.3302,0.3776,0.4498,0.3493,0.434,0.3834,0.5063,0.2663,0.395,0.395,0.3751,0.3078,0.2829,0.2729,0.3236,0.3145,0.3477,0.3327,0.2912,0.2655,0.3684,0.2804,0.3908,0.2887,0.3037,0.3153,0.2597,0.2879,0.2821,0.2962,0.3037,0.2347,0.2671,0.2846,0.3136,0.302,0.3161,0.8059,0.6251,0.2763,0.3643,0.351,0.2555,0.3709,0.2721,0.2663,0.2514
8/31/2021,13.3199,0.263,0.239,0.289,0.3034,0.3725,0.2768,0.2747,0.3284,0.3539,0.2385,0.3119,0.2385,0.2693,0.2294,0.2481,0.2614,0.2832,0.2896,0.2672,0.2858,0.2587,0.2358,0.2933,0.2816,0.2544,0.2661,0.3082,0.2268,0.3316,0.2693,0.2374,0.2273,0.2151,0.2257,0.2401,0.2507,0.2395,0.2683,0.505,0.4093,0.2582,0.3135,0.2534,0.2614,0.2906,0.2262,0.2635,0.2853
8/30/2021,15.6093,0.3204,0.3592,0.3386,0.4771,0.4999,0.4672,0.3949,0.4003,0.4284,0.3257,0.3166,0.3067,0.2892,0.2702,0.2869,0.3447,0.3386,0.3371,0.3036,0.3173,0.309,0.3013,0.2709,0.2816,0.2991,0.2549,0.2717,0.2717,0.3394,0.293,0.2663,0.2344,0.261,0.2382,0.2663,0.274,0.2504,0.3402,0.6187,0.4908,0.2823,0.2831,0.2846,0.3531,0.3341,0.2542,0.3006,0.2618
8/29/2021,11.9323,0.2583,0.2253,0.2489,0.3232,0.2748,0.2941,0.2968,0.2772,0.2779,0.2319,0.2779,0.2528,0.2162,0.2201,0.2225,0.2335,0.239,0.2178,0.2536,0.228,0.2304,0.2343,0.2603,0.2728,0.2028,0.2087,0.2288,0.219,0.2634,0.2414,0.23,0.1969,0.2072,0.2135,0.2072,0.2249,0.217,0.2516,0.4882,0.3972,0.2382,0.219,0.2146,0.2406,0.2347,0.261,0.2406,0.2182
8/28/2021,15.5395,0.368,0.2722,0.2828,0.4404,0.3898,0.4796,0.2926,0.3438,0.4373,0.4253,0.3235,0.3619,0.2556,0.2979,0.3107,0.3182,0.2556,0.2775,0.3408,0.3431,0.285,0.2481,0.3227,0.3016,0.239,0.3303,0.3092,0.2534,0.4215,0.2971,0.2308,0.2443,0.2315,0.285,0.285,0.2677,0.2858,0.2896,0.5386,0.4334,0.3491,0.3144,0.3009,0.3438,0.2986,0.371,0.3152,0.3303
8/27/2021,7.3534,0.1581,0.1565,0.1502,0.1437,0.1345,0.1497,0.1454,0.1435,0.1581,0.1484,0.1573,0.1566,0.1554,0.1537,0.1576,0.1561,0.1541,0.1517,0.1544,0.1525,0.157,0.1551,0.158,0.1599,0.159,0.1585,0.1478,0.1592,0.1566,0.154,0.1578,0.1565,0.1616,0.1608,0.1575,0.1565,0.1507,0.1538,0.1191,0.1325,0.1556,0.1583,0.1552,0.1519,0.1541,0.1577,0.1515,0.1597
8/26/2021,6.1745,0.1351,0.1296,0.1364,0.1033,0.0799,0.0914,0.0918,0.1068,0.1103,0.1227,0.1075,0.1227,0.138,0.1276,0.14,0.1437,0.1407,0.1336,0.1318,0.1289,0.1327,0.1322,0.1196,0.1314,0.1378,0.1347,0.1181,0.1417,0.113,0.1316,0.1468,0.1395,0.1497,0.1495,0.1431,0.1427,0.1353,0.1267,0.1203,0.1334,0.136,0.1413,0.1245,0.1378,0.1291,0.1291,0.1356,0.1395
8/25/2021,7.9777,0.1663,0.1663,0.1661,0.166,0.1658,0.1658,0.1661,0.1658,0.1661,0.1661,0.1663,0.1664,0.1663,0.1662,0.1663,0.1663,0.1663,0.1664,0.1663,0.1663,0.1663,0.1663,0.1662,0.1662,0.1663,0.1664,0.1661,0.1664,0.1661,0.1663,0.1664,0.1664,0.1664,0.1663,0.1664,0.1664,0.1663,0.1662,0.165,0.1655,0.1662,0.1662,0.1664,0.1663,0.1662,0.1664,0.1664,0.1662
8/24/2021,6.1047,0.1142,0.124,0.1432,0.1161,0.1032,0.1136,0.1346,0.1223,0.1343,0.1346,0.1242,0.1337,0.1322,0.1274,0.1305,0.135,0.1373,0.1208,0.1236,0.1301,0.1434,0.1221,0.1183,0.1244,0.1316,0.1341,0.1204,0.1443,0.1399,0.131,0.1466,0.15,0.1413,0.1464,0.1413,0.1422,0.1295,0.1454,0.0007,0.0476,0.1282,0.1219,0.1316,0.1462,0.1382,0.1367,0.1231,0.1434
8/23/2021,6.1741,0.1225,0.1294,0.1453,0.1177,0.113,0.111,0.1062,0.1254,0.117,0.1427,0.0958,0.1353,0.1345,0.1285,0.1418,0.13,0.1252,0.13,0.1303,0.1404,0.1296,0.1236,0.1218,0.1464,0.1459,0.1287,0.1079,0.1482,0.1296,0.142,0.1433,0.1409,0.1455,0.1469,0.1517,0.1389,0.144,0.1469,0.043,0.078,0.1373,0.13,0.1263,0.125,0.1239,0.1309,0.1302,0.1457
8/22/2021,6.1048,0.1199,0.1299,0.1398,0.1049,0.0751,0.0914,0.1081,0.095,0.1269,0.1227,0.0958,0.1434,0.1439,0.1413,0.1377,0.1399,0.1367,0.1344,0.1354,0.121,0.1307,0.1447,0.1405,0.1236,0.1473,0.1379,0.1142,0.1475,0.1036,0.1386,0.139,0.1363,0.1494,0.1441,0.1485,0.1327,0.1411,0.1326,0.0745,0.1006,0.1248,0.1255,0.1329,0.1221,0.143,0.1153,0.1278,0.1428
8/21/2021,6.1048,0.1189,0.1149,0.1159,0.0899,0.0713,0.1132,0.1208,0.1183,0.1113,0.1022,0.1032,0.1403,0.1367,0.1331,0.1308,0.1274,0.1373,0.1399,0.125,0.1382,0.1326,0.1451,0.1267,0.1244,0.1434,0.1466,0.1381,0.1434,0.1019,0.1415,0.1507,0.1422,0.1417,0.1411,0.1396,0.1411,0.1286,0.1409,0.0734,0.0998,0.136,0.1386,0.1348,0.1316,0.1424,0.1227,0.1329,0.1344
8/20/2021,6.3128,0.1292,0.1392,0.1284,0.1078,0.0985,0.1144,0.1329,0.1312,0.1452,0.1348,0.1056,0.1366,0.1368,0.1365,0.1393,0.1459,0.1323,0.1373,0.1263,0.1324,0.1432,0.1294,0.127,0.1311,0.1437,0.1412,0.1299,0.1442,0.1203,0.1317,0.1392,0.1468,0.152,0.1535,0.1422,0.1365,0.1366,0.1289,0.0757,0.1014,0.1317,0.1255,0.127,0.1437,0.1294,0.1437,0.1277,0.139
8/19/2021,6.1741,0.1219,0.1245,0.1263,0.1261,0.1163,0.094,0.1044,0.1028,0.1424,0.134,0.0951,0.1208,0.138,0.1316,0.1249,0.1345,0.142,0.1208,0.1378,0.1367,0.134,0.1435,0.1375,0.1422,0.1345,0.1265,0.1223,0.1457,0.1365,0.1391,0.153,0.151,0.1449,0.138,0.1449,0.1422,0.1327,0.1274,0.0289,0.0678,0.1406,0.1446,0.1488,0.1462,0.125,0.1448,0.1228,0.1338
8/18/2021,6.8681,0.1356,0.1384,0.1526,0.1307,0.118,0.129,0.1265,0.1321,0.1317,0.1295,0.1258,0.1404,0.1444,0.1439,0.1512,0.1441,0.1481,0.152,0.1482,0.1482,0.1481,0.1405,0.1524,0.1426,0.1543,0.1518,0.1449,0.1532,0.1383,0.1475,0.1518,0.1568,0.152,0.1576,0.152,0.1489,0.1395,0.1534,0.1168,0.1309,0.1414,0.1392,0.1454,0.1495,0.1403,0.1542,0.141,0.1534
8/17/2021,6.1049,0.1254,0.1299,0.139,0.0939,0.0996,0.117,0.0935,0.0876,0.1409,0.1206,0.1343,0.1318,0.1405,0.1259,0.1236,0.1312,0.136,0.1229,0.1282,0.1219,0.1371,0.1269,0.1254,0.1206,0.147,0.1344,0.132,0.1456,0.1073,0.1413,0.1381,0.1356,0.1494,0.1443,0.1396,0.135,0.1454,0.1437,0.0337,0.0713,0.1424,0.1335,0.143,0.1409,0.1331,0.1417,0.1261,0.1468
8/16/2021,6.3129,0.1454,0.1216,0.1274,0.1125,0.1144,0.1098,0.1102,0.1179,0.1432,0.1378,0.1206,0.1243,0.1343,0.1366,0.1439,0.1368,0.1437,0.1425,0.1285,0.1353,0.14,0.1285,0.1301,0.1353,0.1486,0.1334,0.1294,0.1436,0.1398,0.135,0.142,0.1515,0.1495,0.1508,0.143,0.1451,0.136,0.1466,0.0337,0.0713,0.1297,0.138,0.1348,0.1427,0.1245,0.1436,0.1306,0.1491
8/15/2021,5.4113,0.1172,0.1051,0.0996,0.0603,0.1074,0.1089,0.0823,0.1092,0.1198,0.1289,0.0952,0.1167,0.1328,0.1146,0.1066,0.1338,0.1211,0.1084,0.1188,0.1043,0.1183,0.1113,0.1177,0.1151,0.1284,0.1374,0.1022,0.1328,0.1252,0.1172,0.1421,0.1457,0.1351,0.1353,0.1296,0.1271,0.1195,0.1214,-0.0473,0.0132,0.1273,0.1131,0.1299,0.1227,0.1198,0.1172,0.1346,0.1284
8/14/2021,6.7983,0.1419,0.1372,0.137,0.1369,0.1196,0.121,0.1362,0.1324,0.1363,0.1426,0.1214,0.1424,0.1442,0.1527,0.1521,0.1454,0.1468,0.1453,0.1462,0.1395,0.1502,0.1462,0.145,0.1513,0.1447,0.1506,0.1535,0.153,0.131,0.1507,0.1536,0.1479,0.1501,0.1509,0.1554,0.1509,0.142,0.1502,0.0888,0.1108,0.1352,0.1474,0.142,0.1474,0.1366,0.1388,0.1456,0.1514
8/13/2021,6.1045,0.1293,0.1276,0.1149,0.1174,0.0983,0.0912,0.1295,0.1007,0.1269,0.1418,0.0954,0.1233,0.1373,0.1331,0.1259,0.1413,0.121,0.1276,0.1274,0.1308,0.142,0.1386,0.1183,0.1223,0.128,0.1284,0.1379,0.1418,0.1151,0.1307,0.1417,0.1384,0.1424,0.1413,0.1365,0.1344,0.1276,0.129,0.1065,0.1235,0.1331,0.1373,0.1235,0.1206,0.1405,0.1223,0.1261,0.136
8/12/2021,6.1742,0.1409,0.1407,0.1448,0.1086,0.1108,0.1278,0.1334,0.0924,0.1309,0.1364,0.1239,0.127,0.1453,0.134,0.1285,0.1365,0.1433,0.1302,0.13,0.1281,0.1354,0.1382,0.1378,0.1188,0.1362,0.1437,0.1349,0.1426,0.1234,0.1426,0.1409,0.1391,0.1404,0.1475,0.1515,0.1426,0.1444,0.1265,-0.0248,0.0293,0.1278,0.1413,0.1471,0.1261,0.1387,0.1358,0.1391,0.1338
8/11/2021,13.8057,0.2984,0.2863,0.2892,0.3815,0.3223,0.353,0.2799,0.3849,0.2294,0.2915,0.3768,0.3141,0.2648,0.2416,0.2799,0.3037,0.2938,0.2358,0.2897,0.3043,0.2416,0.2938,0.2717,0.2741,0.27,0.2503,0.3437,0.2398,0.3362,0.252,0.2497,0.2456,0.2561,0.2259,0.2381,0.2683,0.2775,0.27,0.4659,0.3812,0.3008,0.2659,0.2677,0.2392,0.2996,0.2462,0.27,0.2439
8/10/2021,11.4467,0.2442,0.2204,0.2194,0.2577,0.2563,0.3087,0.3011,0.2959,0.2887,0.2297,0.2346,0.2546,0.2242,0.2201,0.2091,0.2394,0.2149,0.2139,0.2432,0.2363,0.2222,0.2373,0.2587,0.2215,0.2201,0.2359,0.227,0.2042,0.2418,0.2387,0.206,0.2025,0.2197,0.2108,0.1942,0.2259,0.239,0.2153,0.4051,0.3377,0.2366,0.2291,0.2191,0.2415,0.2225,0.2066,0.2118,0.2035
8/9/2021,6.8681,0.1362,0.1428,0.1373,0.1323,0.1182,0.1333,0.1256,0.1395,0.1476,0.1396,0.1415,0.1361,0.1499,0.1443,0.1499,0.1498,0.1403,0.1486,0.1448,0.1435,0.1448,0.1515,0.1503,0.1395,0.1547,0.1522,0.1498,0.1524,0.1452,0.1452,0.1578,0.1533,0.1547,0.1506,0.1503,0.148,0.1456,0.1428,0.0957,0.1158,0.1424,0.1373,0.1509,0.1498,0.1454,0.1406,0.1458,0.1546
8/8/2021,13.1121,0.3067,0.2479,0.2868,0.2873,0.3824,0.3313,0.2674,0.2817,0.229,0.3277,0.3492,0.228,0.2295,0.2301,0.2623,0.2536,0.2669,0.2531,0.2403,0.2699,0.2623,0.2735,0.2602,0.2612,0.2229,0.2352,0.2761,0.2295,0.2633,0.2556,0.2428,0.2321,0.2091,0.2265,0.2249,0.2352,0.273,0.226,0.6114,0.4856,0.2566,0.2352,0.2515,0.2674,0.2924,0.2449,0.2689,0.2577
8/7/2021,15.9561,0.325,0.3425,0.3083,0.4149,0.4117,0.4937,0.4006,0.4865,0.2526,0.4149,0.3767,0.3504,0.2733,0.2757,0.2812,0.2757,0.2645,0.278,0.2956,0.29,0.2598,0.3202,0.3178,0.356,0.3059,0.2677,0.3703,0.278,0.3449,0.3322,0.2534,0.2494,0.282,0.2884,0.243,0.2701,0.2605,0.2948,0.7467,0.5827,0.3139,0.3337,0.251,0.2948,0.3457,0.3473,0.3441,0.29
8/6/2021,12.0711,0.2375,0.2542,0.2216,0.325,0.2847,0.2794,0.2436,0.2469,0.2701,0.2762,0.2355,0.2509,0.2314,0.2416,0.2391,0.2395,0.2196,0.264,0.264,0.2253,0.2371,0.2416,0.2526,0.2631,0.2171,0.231,0.2823,0.2233,0.268,0.2237,0.2123,0.2273,0.229,0.2139,0.2066,0.2395,0.2151,0.2188,0.5332,0.4295,0.2119,0.2224,0.2338,0.2273,0.2391,0.2204,0.2587,0.2424
8/5/2021,12.0017,0.2263,0.2531,0.2439,0.3007,0.3523,0.2843,0.2703,0.3179,0.2923,0.2935,0.2979,0.2111,0.2275,0.2223,0.2159,0.2467,0.2419,0.2287,0.2419,0.2503,0.2267,0.2147,0.2191,0.2703,0.2127,0.2403,0.2255,0.2171,0.2639,0.2499,0.2091,0.2183,0.2163,0.2287,0.1991,0.2319,0.2135,0.2591,0.478,0.3899,0.2215,0.2179,0.2059,0.2131,0.2627,0.2271,0.2147,0.2359
8/4/2021,11.7243,0.2557,0.224,0.2706,0.2762,0.278,0.2367,0.3015,0.2352,0.281,0.2542,0.2207,0.2475,0.2214,0.2151,0.2225,0.2367,0.2255,0.2438,0.2318,0.2553,0.2222,0.2199,0.2534,0.2218,0.2184,0.2441,0.281,0.2039,0.2482,0.2415,0.2155,0.2236,0.2125,0.2184,0.2259,0.224,0.2352,0.2177,0.3556,0.3021,0.2583,0.2631,0.2516,0.2449,0.2274,0.265,0.2505,0.2452
8/3/2021,12.7646,0.2682,0.2848,0.2229,0.3554,0.3563,0.3234,0.363,0.3339,0.2539,0.3277,0.2348,0.2844,0.251,0.2696,0.2577,0.2296,0.2372,0.2643,0.281,0.2581,0.2548,0.2505,0.2548,0.2891,0.2458,0.2558,0.2391,0.2176,0.3177,0.2386,0.2286,0.2115,0.2343,0.2396,0.2338,0.2424,0.251,0.2577,0.2951,0.2588,0.2381,0.2925,0.2581,0.2543,0.2658,0.2886,0.2329,0.2605
8/2/2021,13.6667,0.2981,0.3089,0.2755,0.3945,0.3242,0.3996,0.3848,0.3786,0.3049,0.3576,0.3378,0.2562,0.233,0.242,0.2641,0.2896,0.2573,0.3072,0.2874,0.2534,0.284,0.2596,0.2885,0.2341,0.2182,0.2709,0.242,0.229,0.2919,0.2817,0.2109,0.2307,0.216,0.2199,0.2517,0.2636,0.2783,0.2806,0.3977,0.3323,0.3214,0.263,0.3072,0.267,0.2647,0.3202,0.2585,0.2284
8/1/2021,10.3362,0.2113,0.2052,0.215,0.2573,0.2704,0.2615,0.2087,0.2204,0.2104,0.2094,0.2435,0.198,0.2101,0.2052,0.2101,0.2078,0.222,0.2085,0.2062,0.2003,0.2157,0.222,0.2125,0.2272,0.2148,0.2003,0.2094,0.1987,0.2351,0.2073,0.2015,0.1886,0.1914,0.2034,0.2017,0.2066,0.2029,0.2059,0.2977,0.2606,0.2211,0.2085,0.2078,0.1982,0.212,0.2008,0.2001,0.2031
7/31/2021,14.0824,0.3193,0.2859,0.309,0.368,0.3771,0.4069,0.3589,0.4124,0.351,0.3279,0.3394,0.2737,0.278,0.2908,0.2524,0.2768,0.2755,0.3193,0.2804,0.2512,0.2792,0.2828,0.2421,0.281,0.2841,0.2962,0.3333,0.2464,0.2804,0.2926,0.2269,0.2451,0.2159,0.2421,0.2208,0.2743,0.2585,0.2506,0.3583,0.3041,0.3041,0.2962,0.3041,0.2555,0.2476,0.3187,0.3017,0.2859
7/30/2021,7.9779,0.1664,0.1662,0.1664,0.1661,0.1657,0.166,0.1659,0.1662,0.1661,0.1664,0.1659,0.1664,0.1663,0.1664,0.1662,0.1662,0.1662,0.1662,0.1661,0.1661,0.1664,0.1663,0.1661,0.1661,0.1663,0.1664,0.1661,0.1664,0.1661,0.1663,0.1663,0.1664,0.1664,0.1665,0.1664,0.1664,0.1663,0.1663,0.1653,0.1657,0.1661,0.1663,0.1662,0.1662,0.1664,0.1664,0.1661,0.1663
7/29/2021,10.4755,0.2172,0.2031,0.2303,0.2674,0.2595,0.2635,0.2746,0.2597,0.2355,0.2258,0.2573,0.2095,0.2117,0.2167,0.2189,0.2003,0.206,0.2063,0.2043,0.2127,0.2013,0.2003,0.1991,0.2018,0.1927,0.2107,0.2159,0.2023,0.236,0.2092,0.1932,0.187,0.1969,0.2023,0.1971,0.2013,0.2169,0.2147,0.313,0.2716,0.2038,0.1939,0.1917,0.1949,0.2243,0.2147,0.2172,0.1914
7/28/2021,8.1168,0.1693,0.1695,0.1688,0.1697,0.1723,0.1696,0.1686,0.171,0.1704,0.17,0.1702,0.17,0.1688,0.168,0.1683,0.1681,0.1681,0.1688,0.1693,0.1686,0.1691,0.1691,0.1699,0.1696,0.1685,0.1687,0.169,0.1678,0.1686,0.1687,0.1682,0.1683,0.1684,0.168,0.168,0.1683,0.1684,0.169,0.1728,0.1711,0.1694,0.169,0.1681,0.1693,0.1691,0.1682,0.1689,0.1679
7/27/2021,8.8799,0.1883,0.1887,0.1886,0.1994,0.2028,0.1897,0.1961,0.1858,0.183,0.1844,0.1874,0.1899,0.1835,0.1796,0.1789,0.1872,0.1783,0.1796,0.1828,0.1826,0.1822,0.1773,0.1848,0.1784,0.1753,0.1762,0.1815,0.1791,0.1883,0.1851,0.1784,0.1802,0.1789,0.1767,0.1742,0.1807,0.1764,0.1792,0.236,0.2164,0.1823,0.1756,0.1786,0.1777,0.1851,0.1908,0.1836,0.1843
7/26/2021,9.3656,0.1843,0.1948,0.2024,0.2044,0.1996,0.1926,0.2138,0.2207,0.2116,0.1888,0.2079,0.1929,0.1932,0.1836,0.1937,0.1878,0.1862,0.1932,0.1874,0.1904,0.1859,0.1832,0.1865,0.19,0.1854,0.184,0.1833,0.1844,0.2086,0.1925,0.187,0.1866,0.1844,0.1824,0.1795,0.1882,0.1958,0.1921,0.2644,0.2368,0.2038,0.196,0.1895,0.1975,0.1937,0.19,0.196,0.1888
7/25/2021,11.169,0.2392,0.2212,0.251,0.2934,0.3118,0.2392,0.2744,0.2899,0.2814,0.2453,0.2142,0.2037,0.2145,0.2354,0.2123,0.2291,0.231,0.2234,0.2392,0.2218,0.2262,0.2028,0.2266,0.2304,0.211,0.2028,0.2621,0.2079,0.2738,0.225,0.1933,0.2028,0.1898,0.2022,0.2104,0.2104,0.2237,0.2351,0.299,0.2616,0.25,0.2332,0.2025,0.1999,0.2329,0.2269,0.2253,0.23
7/24/2021,8.8798,0.1892,0.1813,0.1892,0.194,0.1895,0.2,0.1834,0.1889,0.1881,0.1858,0.1785,0.1851,0.1845,0.1837,0.1843,0.1861,0.1788,0.1821,0.181,0.1874,0.1865,0.1781,0.1815,0.188,0.1843,0.1783,0.1928,0.178,0.1814,0.1797,0.1807,0.1734,0.1778,0.1785,0.1788,0.1786,0.1795,0.1846,0.2274,0.2102,0.18,0.1893,0.1807,0.1847,0.1835,0.1794,0.1771,0.1861
7/23/2021,8.0472,0.1674,0.1674,0.168,0.168,0.169,0.1678,0.1685,0.1679,0.1678,0.1679,0.1679,0.1677,0.1673,0.1677,0.1673,0.1674,0.1675,0.1676,0.1678,0.1675,0.1675,0.1676,0.1674,0.1673,0.1675,0.1676,0.168,0.1672,0.1681,0.1676,0.1671,0.1672,0.1671,0.1674,0.1673,0.1675,0.1677,0.1672,0.1688,0.1682,0.1679,0.1675,0.1673,0.1677,0.1674,0.1678,0.1677,0.1672
7/22/2021,10.1286,0.1982,0.2095,0.2244,0.2512,0.2175,0.2116,0.2552,0.2261,0.2335,0.2118,0.2354,0.1984,0.1999,0.2124,0.209,0.1986,0.2033,0.2122,0.2154,0.2184,0.2092,0.2105,0.1999,0.2158,0.1965,0.199,0.218,0.1928,0.2314,0.1982,0.1924,0.1931,0.1926,0.1841,0.1999,0.2009,0.1977,0.2154,0.2718,0.2421,0.1909,0.1965,0.199,0.1911,0.1988,0.2229,0.2107,0.2154
7/21/2021,10.5448,0.1995,0.2216,0.215,0.2473,0.2606,0.2366,0.2718,0.2377,0.228,0.2059,0.2621,0.2351,0.2081,0.212,0.2046,0.2242,0.2089,0.2295,0.2193,0.2153,0.2178,0.198,0.2089,0.2311,0.1995,0.199,0.2435,0.1985,0.2209,0.2023,0.1962,0.1921,0.2041,0.2056,0.2043,0.2064,0.2145,0.2199,0.2686,0.2398,0.2183,0.2338,0.1949,0.1992,0.2275,0.2316,0.2193,0.2061
7/20/2021,11.1692,0.206,0.2339,0.2037,0.2849,0.2611,0.283,0.2991,0.2392,0.2706,0.2335,0.2304,0.2126,0.2285,0.2335,0.2373,0.2434,0.2434,0.2079,0.2415,0.2224,0.212,0.1993,0.2114,0.2193,0.198,0.2177,0.2047,0.2031,0.2224,0.2158,0.2018,0.2072,0.1961,0.2095,0.2164,0.2161,0.2174,0.2006,0.4334,0.3579,0.2389,0.2351,0.2047,0.1987,0.2361,0.238,0.2158,0.2259
7/19/2021,11.4468,0.2511,0.2456,0.2211,0.2432,0.2949,0.2453,0.2242,0.2594,0.2611,0.2725,0.2997,0.2184,0.2173,0.2253,0.2094,0.2108,0.2246,0.249,0.2218,0.2153,0.2322,0.2342,0.2301,0.217,0.2232,0.2328,0.2673,0.2139,0.2628,0.2318,0.2153,0.2097,0.1915,0.2122,0.2094,0.2146,0.2218,0.227,0.3877,0.3252,0.2428,0.2442,0.2139,0.1987,0.2473,0.2552,0.2411,0.2339
7/18/2021,11.0998,0.228,0.2147,0.2442,0.2634,0.3179,0.255,0.2572,0.2411,0.2615,0.238,0.277,0.2169,0.2299,0.2113,0.2039,0.2367,0.2181,0.2172,0.2392,0.2395,0.2352,0.2367,0.2528,0.2144,0.2104,0.2336,0.2259,0.2048,0.2525,0.224,0.202,0.216,0.1896,0.2029,0.2036,0.2063,0.2287,0.2153,0.273,0.2429,0.2395,0.2076,0.2392,0.2141,0.2197,0.2522,0.2324,0.2138
7/17/2021,12.0709,0.2648,0.2778,0.2725,0.323,0.3348,0.3104,0.2965,0.2998,0.2452,0.2473,0.2884,0.2212,0.2387,0.2269,0.233,0.2155,0.2562,0.2432,0.2322,0.2579,0.242,0.2387,0.2387,0.2167,0.2338,0.2509,0.2941,0.2123,0.2921,0.2391,0.229,0.1984,0.209,0.2196,0.2017,0.2334,0.2684,0.2424,0.3438,0.2937,0.2558,0.2709,0.2094,0.2098,0.2241,0.2171,0.2522,0.2485
7/16/2021,14.0135,0.3116,0.3002,0.2791,0.4036,0.4126,0.2839,0.3597,0.2845,0.3399,0.3669,0.3044,0.2683,0.2412,0.2719,0.2713,0.2887,0.2803,0.3014,0.2701,0.2575,0.2875,0.2382,0.3356,0.2292,0.2731,0.2491,0.2587,0.2268,0.3609,0.2605,0.234,0.2575,0.2376,0.2136,0.231,0.2557,0.3044,0.3068,0.5599,0.4487,0.3128,0.225,0.237,0.2551,0.3164,0.2899,0.2509,0.2605
7/15/2021,12.6262,0.2273,0.2712,0.23,0.2786,0.3929,0.3448,0.3411,0.336,0.292,0.2615,0.298,0.2879,0.2546,0.2407,0.224,0.2634,0.2453,0.2458,0.2643,0.2495,0.2634,0.2425,0.2837,0.2162,0.2532,0.2629,0.2259,0.2199,0.2809,0.2578,0.212,0.2351,0.2157,0.2393,0.2152,0.2416,0.2708,0.2573,0.4296,0.3552,0.2569,0.224,0.2407,0.225,0.2388,0.2314,0.255,0.2273
7/14/2021,12.4875,0.2748,0.2331,0.2268,0.3287,0.3798,0.2986,0.2438,0.3399,0.3215,0.2883,0.3192,0.2389,0.2573,0.2578,0.2497,0.2672,0.2483,0.2753,0.2376,0.2519,0.2555,0.2371,0.2847,0.2851,0.2515,0.2497,0.3013,0.2192,0.264,0.2389,0.2057,0.2035,0.2129,0.2026,0.2053,0.2416,0.2259,0.2447,0.3663,0.3098,0.2524,0.2156,0.26,0.2654,0.2573,0.2349,0.2443,0.2138
7/13/2021,13.1808,0.3102,0.2791,0.2884,0.2931,0.3589,0.3407,0.3003,0.3335,0.319,0.2604,0.3449,0.247,0.2506,0.2553,0.2806,0.2558,0.2496,0.292,0.2516,0.2501,0.2402,0.2527,0.2765,0.3055,0.2123,0.2682,0.3268,0.2345,0.3226,0.2677,0.2392,0.2413,0.2423,0.206,0.2288,0.2527,0.2433,0.2884,0.3543,0.3013,0.2853,0.2475,0.2926,0.2895,0.2547,0.2589,0.2604,0.2262
7/12/2021,14.7072,0.3504,0.3035,0.3377,0.4168,0.3216,0.2988,0.3156,0.3136,0.2626,0.3578,0.4001,0.3444,0.28,0.2941,0.2881,0.2847,0.28,0.3102,0.3109,0.3256,0.2572,0.2505,0.3169,0.2861,0.2934,0.3042,0.2653,0.2626,0.3612,0.2928,0.2425,0.2156,0.2304,0.2498,0.2666,0.2619,0.2606,0.2981,0.5983,0.4762,0.2485,0.2793,0.3229,0.2364,0.3229,0.3216,0.2988,0.2901
7/11/2021,10.7531,0.2212,0.2338,0.2358,0.244,0.2801,0.2534,0.2305,0.2798,0.1989,0.2515,0.2245,0.2382,0.2047,0.2234,0.2088,0.2319,0.219,0.2047,0.2179,0.2104,0.2173,0.2256,0.2253,0.2049,0.1992,0.2044,0.2446,0.1972,0.2506,0.2168,0.2091,0.2093,0.1873,0.2049,0.2066,0.2132,0.1978,0.214,0.3204,0.2769,0.2107,0.217,0.2217,0.1934,0.2176,0.2314,0.2198,0.2036
7/10/2021,8.3939,0.1719,0.1743,0.1759,0.1795,0.1789,0.1788,0.1834,0.1809,0.1784,0.176,0.1738,0.1754,0.172,0.1738,0.1755,0.1756,0.1737,0.1748,0.1723,0.1747,0.1716,0.171,0.1744,0.1762,0.1707,0.1745,0.175,0.171,0.1737,0.174,0.1701,0.1703,0.171,0.1701,0.1698,0.1729,0.175,0.1734,0.1935,0.1859,0.1766,0.1762,0.1747,0.1707,0.1741,0.1738,0.1734,0.1707
7/9/2021,10.3366,0.2015,0.208,0.205,0.2543,0.2653,0.2204,0.2153,0.2477,0.1949,0.2244,0.2164,0.2001,0.201,0.2001,0.2069,0.2234,0.2139,0.1982,0.2211,0.2052,0.2083,0.1989,0.2052,0.2085,0.2143,0.2057,0.2188,0.1991,0.2274,0.2164,0.2003,0.1966,0.1926,0.2012,0.1865,0.2041,0.197,0.2034,0.3312,0.2847,0.2101,0.233,0.2001,0.2202,0.2206,0.2256,0.2029,0.2008
7/8/2021,10.6833,0.2402,0.2332,0.2045,0.2319,0.2397,0.2354,0.2719,0.2372,0.2576,0.2115,0.2689,0.2289,0.2032,0.2088,0.2195,0.2069,0.23,0.2134,0.2136,0.2195,0.227,0.1967,0.2112,0.1935,0.2144,0.2179,0.2195,0.1954,0.2195,0.2058,0.2072,0.1983,0.1978,0.1954,0.1978,0.2034,0.2185,0.1973,0.3287,0.2829,0.2386,0.2128,0.2096,0.2249,0.23,0.2155,0.2254,0.2225
7/7/2021,14.2915,0.3032,0.2529,0.2837,0.395,0.4793,0.4259,0.3875,0.417,0.2812,0.3013,0.3831,0.3221,0.2359,0.2875,0.2554,0.3007,0.3107,0.3057,0.2774,0.2856,0.2919,0.3114,0.2459,0.3076,0.283,0.2969,0.2617,0.2573,0.3007,0.295,0.2082,0.2145,0.2252,0.2201,0.2214,0.251,0.2535,0.3007,0.4825,0.3931,0.3051,0.2648,0.2415,0.2812,0.2459,0.3019,0.2849,0.2535
7/6/2021,11.4464,0.2366,0.2197,0.2153,0.3052,0.2656,0.2973,0.2535,0.3018,0.2542,0.2845,0.2463,0.257,0.2142,0.2266,0.2259,0.2432,0.2197,0.2204,0.2397,0.2377,0.2259,0.2129,0.2118,0.2273,0.2318,0.2318,0.2149,0.2018,0.2763,0.2263,0.1956,0.1929,0.2156,0.2087,0.2184,0.2284,0.2053,0.2421,0.4031,0.3362,0.206,0.2163,0.2353,0.2477,0.2125,0.2073,0.2425,0.2073
7/5/2021,14.5683,0.3296,0.2626,0.2948,0.3486,0.4491,0.4307,0.4222,0.3946,0.2383,0.2783,0.3348,0.3466,0.2875,0.2672,0.2704,0.3092,0.2862,0.275,0.3099,0.277,0.2875,0.2448,0.2461,0.3427,0.258,0.2954,0.3276,0.2468,0.3591,0.3046,0.2704,0.2521,0.2245,0.2461,0.2402,0.2685,0.3309,0.3184,0.364,0.3082,0.2934,0.3565,0.3276,0.3138,0.2652,0.3342,0.2501,0.279
7/4/2021,16.9962,0.3736,0.3871,0.2953,0.5121,0.4015,0.5391,0.4348,0.4267,0.2845,0.4366,0.334,0.3844,0.3025,0.2701,0.271,0.3385,0.3142,0.2827,0.3223,0.3367,0.3268,0.3637,0.343,0.3304,0.2575,0.2809,0.3547,0.2782,0.3979,0.3142,0.2728,0.2557,0.2881,0.2737,0.2998,0.3232,0.3187,0.3088,0.9405,0.7216,0.3628,0.2629,0.2683,0.3115,0.3295,0.2764,0.3691,0.3178
7/3/2021,11.7936,0.2338,0.2281,0.216,0.2915,0.3605,0.3249,0.3127,0.2862,0.2835,0.2862,0.2805,0.2554,0.2357,0.2194,0.227,0.246,0.2296,0.235,0.2581,0.2342,0.2513,0.2148,0.2129,0.2634,0.2391,0.2486,0.2706,0.2054,0.2441,0.2334,0.2251,0.194,0.1985,0.2057,0.2042,0.2327,0.2156,0.2448,0.316,0.2738,0.2532,0.2065,0.2494,0.2092,0.2607,0.2243,0.2391,0.2129
7/2/2021,13.3198,0.2869,0.2763,0.2768,0.3316,0.4034,0.3566,0.3252,0.3204,0.3438,0.3491,0.356,0.2502,0.2518,0.238,0.239,0.2342,0.2864,0.2401,0.2438,0.2975,0.2661,0.2656,0.263,0.2215,0.264,0.2592,0.2374,0.2374,0.3177,0.2518,0.2012,0.2513,0.2502,0.2188,0.2225,0.2427,0.231,0.2353,0.522,0.4215,0.2763,0.2534,0.2566,0.2321,0.2901,0.2353,0.2635,0.2252
7/1/2021,11.5159,0.2363,0.2542,0.2194,0.2665,0.2616,0.3129,0.2296,0.3084,0.2057,0.2841,0.2859,0.2598,0.2205,0.2317,0.2187,0.2082,0.2394,0.2236,0.2419,0.238,0.2145,0.2053,0.2106,0.224,0.2338,0.2046,0.243,0.2131,0.2736,0.238,0.1976,0.2092,0.2078,0.2159,0.2067,0.2229,0.2451,0.2359,0.4036,0.3366,0.2113,0.2075,0.2472,0.2169,0.2293,0.2535,0.2468,0.2152
6/30/2021,14.4295,0.2779,0.2843,0.3191,0.3158,0.4059,0.2914,0.3576,0.2933,0.3017,0.3088,0.3088,0.3403,0.2773,0.2766,0.3133,0.2445,0.2721,0.3081,0.2888,0.292,0.2985,0.2297,0.2734,0.2753,0.2882,0.2875,0.285,0.2496,0.2625,0.2991,0.2316,0.2149,0.2676,0.2207,0.2393,0.2541,0.312,0.2766,0.7178,0.5619,0.283,0.2425,0.2901,0.2785,0.3274,0.2875,0.3062,0.2914
6/29/2021,10.2672,0.2118,0.2057,0.2063,0.2487,0.2614,0.2406,0.2141,0.2544,0.2075,0.2392,0.2245,0.2131,0.1952,0.2,0.2036,0.2036,0.1986,0.207,0.2032,0.2197,0.2075,0.1966,0.2302,0.2268,0.2077,0.1941,0.2381,0.1896,0.2215,0.2145,0.1832,0.1844,0.1939,0.1882,0.1948,0.2002,0.2165,0.2131,0.3045,0.2655,0.2109,0.1946,0.2063,0.2052,0.2215,0.2066,0.2025,0.1905
6/28/2021,13.7361,0.3227,0.2688,0.2504,0.36,0.3617,0.2952,0.3433,0.3181,0.2751,0.3009,0.2751,0.2487,0.2395,0.2544,0.2487,0.302,0.2361,0.2797,0.2579,0.2653,0.2636,0.2779,0.3072,0.2252,0.2642,0.2516,0.2452,0.2361,0.3565,0.2888,0.2166,0.2344,0.2539,0.2223,0.2303,0.2584,0.2613,0.2963,0.6898,0.5418,0.2596,0.3313,0.2659,0.2252,0.2997,0.2418,0.255,0.2326
6/27/2021,16.5803,0.2722,0.3529,0.3786,0.4078,0.3872,0.4816,0.3623,0.5064,0.2799,0.3014,0.4498,0.3228,0.2808,0.2859,0.3477,0.2954,0.3537,0.3391,0.2859,0.358,0.3331,0.3717,0.3031,0.2997,0.3331,0.316,0.4172,0.2662,0.4103,0.2937,0.2542,0.2653,0.2997,0.3014,0.2525,0.2979,0.3005,0.3117,0.7668,0.597,0.3915,0.334,0.3331,0.3228,0.3117,0.2937,0.2842,0.2688
6/26/2021,13.389,0.3127,0.241,0.2572,0.3386,0.289,0.3747,0.2556,0.3332,0.3402,0.351,0.372,0.2615,0.2545,0.2432,0.2292,0.2497,0.2879,0.2858,0.2685,0.255,0.2647,0.2518,0.2669,0.268,0.2179,0.2561,0.2691,0.2443,0.3057,0.2453,0.2389,0.2189,0.2443,0.2356,0.2491,0.2405,0.2594,0.2378,0.5452,0.4381,0.289,0.2669,0.2669,0.2259,0.3003,0.2685,0.2297,0.2437
6/25/2021,13.6665,0.2596,0.3208,0.2494,0.3078,0.3622,0.2947,0.3848,0.3593,0.3004,0.2675,0.3729,0.2942,0.2596,0.2284,0.2369,0.2981,0.2449,0.3049,0.2647,0.2743,0.2636,0.2709,0.3129,0.2681,0.2256,0.2471,0.2647,0.2466,0.2675,0.2585,0.2092,0.2233,0.2522,0.2318,0.2171,0.246,0.2381,0.2704,0.6049,0.481,0.2443,0.259,0.2256,0.2579,0.2998,0.3095,0.2925,0.293
6/24/2021,12.071,0.2448,0.2249,0.2627,0.3063,0.3743,0.2522,0.2807,0.2953,0.2566,0.2554,0.277,0.2127,0.2298,0.2257,0.2395,0.2493,0.2249,0.2159,0.2416,0.2595,0.2192,0.2554,0.2249,0.2224,0.2098,0.2379,0.244,0.2245,0.2505,0.2355,0.2147,0.22,0.2192,0.218,0.2269,0.2294,0.2171,0.2196,0.481,0.3921,0.2184,0.2786,0.2408,0.2619,0.2558,0.2542,0.2228,0.2473
6/23/2021,12.1404,0.2457,0.2511,0.2437,0.3381,0.2992,0.3203,0.3348,0.2689,0.3149,0.2797,0.225,0.2727,0.2139,0.2271,0.2482,0.2607,0.2379,0.2441,0.2652,0.2346,0.2553,0.2627,0.2636,0.2391,0.2325,0.2217,0.2184,0.225,0.2942,0.2433,0.2002,0.2246,0.225,0.2097,0.2114,0.2284,0.2371,0.2126,0.4097,0.341,0.2486,0.2462,0.2097,0.225,0.2528,0.2176,0.2192,0.24
6/22/2021,15.7479,0.3487,0.317,0.3418,0.3441,0.4456,0.3991,0.4053,0.489,0.3697,0.3108,0.4099,0.2868,0.3201,0.3208,0.2767,0.3441,0.2713,0.3573,0.3456,0.2906,0.262,0.3232,0.348,0.3441,0.2395,0.2922,0.3968,0.2573,0.3317,0.3116,0.217,0.279,0.2488,0.2302,0.2441,0.2666,0.3162,0.3154,0.5737,0.4585,0.327,0.2798,0.3433,0.3069,0.286,0.3061,0.3061,0.3425
6/21/2021,13.667,0.2749,0.2443,0.3095,0.2913,0.4188,0.3735,0.3724,0.403,0.2585,0.2726,0.3752,0.2874,0.2324,0.267,0.2636,0.3038,0.2392,0.2568,0.246,0.297,0.2817,0.2879,0.2772,0.2454,0.2806,0.2392,0.2313,0.2483,0.2607,0.2636,0.2347,0.2211,0.2199,0.2562,0.2415,0.2426,0.2925,0.2777,0.46,0.3771,0.3038,0.2403,0.2976,0.2738,0.2834,0.3151,0.2483,0.2783
6/20/2021,11.031,0.2149,0.2406,0.2261,0.2361,0.2755,0.2852,0.2745,0.2309,0.2752,0.2221,0.2545,0.2055,0.2091,0.2185,0.2285,0.2124,0.2352,0.2042,0.2379,0.2155,0.2024,0.2173,0.217,0.1985,0.2273,0.217,0.2188,0.2055,0.2218,0.2255,0.2064,0.2164,0.1958,0.2091,0.2118,0.2167,0.2249,0.2252,0.409,0.3404,0.2088,0.2397,0.2042,0.2073,0.2133,0.2115,0.2176,0.2194
6/19/2021,14.7071,0.3437,0.3263,0.2733,0.3484,0.4698,0.3343,0.4155,0.443,0.3632,0.3276,0.2713,0.3531,0.2592,0.2881,0.2633,0.2518,0.2874,0.2928,0.2881,0.3115,0.2606,0.2666,0.2505,0.2364,0.2787,0.2411,0.3243,0.2358,0.3169,0.2559,0.2666,0.2351,0.2243,0.2297,0.2572,0.2854,0.2465,0.2592,0.7358,0.5748,0.2599,0.2874,0.3122,0.3015,0.2592,0.3022,0.2512,0.2404
6/18/2021,12.2098,0.2475,0.2256,0.2664,0.3363,0.3376,0.2909,0.2424,0.2677,0.2134,0.2921,0.285,0.2433,0.2294,0.2269,0.2408,0.226,0.2593,0.2517,0.2509,0.2395,0.2509,0.2155,0.2795,0.2631,0.2357,0.2277,0.2892,0.2184,0.2913,0.2243,0.2328,0.2046,0.2058,0.2134,0.2239,0.2378,0.2365,0.2138,0.4819,0.3928,0.2201,0.2184,0.2252,0.2572,0.2643,0.242,0.237,0.234
6/17/2021,11.3775,0.2092,0.2464,0.221,0.2832,0.2832,0.3041,0.2991,0.2599,0.2346,0.2362,0.2633,0.2153,0.2295,0.2126,0.2312,0.2116,0.2183,0.2511,0.2318,0.2396,0.2055,0.243,0.2582,0.2349,0.1977,0.2403,0.2731,0.2109,0.2579,0.2356,0.2119,0.1984,0.2004,0.2045,0.1944,0.2241,0.2396,0.2373,0.3266,0.2813,0.24,0.2629,0.2254,0.2221,0.2248,0.2129,0.2268,0.2058
6/16/2021,14.2217,0.2544,0.3054,0.3073,0.3452,0.3309,0.395,0.3496,0.4118,0.3707,0.2569,0.3682,0.2619,0.2544,0.2488,0.2581,0.2706,0.2513,0.2998,0.2625,0.2874,0.2699,0.2824,0.3396,0.2724,0.2774,0.2668,0.3458,0.2525,0.2507,0.2762,0.2376,0.2488,0.2314,0.2432,0.2295,0.2619,0.2376,0.2625,0.5714,0.4569,0.3091,0.3166,0.316,0.2594,0.2861,0.3048,0.2874,0.2376
6/15/2021,14.7764,0.2812,0.2615,0.3178,0.3828,0.4852,0.3476,0.2927,0.3517,0.309,0.2771,0.3815,0.3408,0.2622,0.3103,0.2907,0.2907,0.248,0.2954,0.3279,0.3002,0.2642,0.2446,0.3029,0.3239,0.2731,0.2744,0.2561,0.2432,0.3856,0.2947,0.2622,0.2629,0.2209,0.2466,0.2229,0.2548,0.3164,0.246,0.6864,0.5394,0.3069,0.3361,0.3178,0.2554,0.3198,0.2466,0.2717,0.2466
6/14/2021,15.7478,0.3456,0.3472,0.2852,0.3526,0.5277,0.4673,0.4812,0.3635,0.2782,0.3697,0.4619,0.3247,0.2573,0.2875,0.3162,0.272,0.2906,0.2953,0.3038,0.2759,0.3387,0.255,0.3162,0.2457,0.2883,0.3007,0.3751,0.2705,0.4084,0.2968,0.2178,0.2426,0.2457,0.2651,0.2922,0.2736,0.3116,0.2829,0.6824,0.5365,0.3635,0.2604,0.3239,0.2573,0.3449,0.3139,0.2875,0.2472
6/13/2021,17.5515,0.3816,0.4055,0.2746,0.48,0.5392,0.4322,0.4695,0.4561,0.4532,0.3395,0.3033,0.33,0.2927,0.288,0.3491,0.3119,0.331,0.3883,0.3548,0.3061,0.3672,0.3873,0.3147,0.3271,0.3357,0.3739,0.4484,0.2908,0.3892,0.3147,0.3052,0.244,0.2631,0.3185,0.2717,0.3004,0.3663,0.3424,0.8987,0.6916,0.3224,0.2832,0.3644,0.309,0.3539,0.2994,0.3138,0.2679
6/12/2021,16.0251,0.3039,0.2782,0.3553,0.4203,0.3962,0.3248,0.3191,0.3842,0.4403,0.393,0.332,0.3922,0.328,0.3071,0.344,0.3521,0.2782,0.2774,0.348,0.3079,0.328,0.3312,0.279,0.336,0.2614,0.2622,0.4307,0.2549,0.3962,0.2838,0.2854,0.2798,0.2654,0.2943,0.2501,0.3087,0.3384,0.3456,0.727,0.5685,0.2662,0.2766,0.2477,0.2549,0.3448,0.3512,0.2766,0.2983
6/11/2021,13.0424,0.2478,0.2983,0.2443,0.3628,0.3658,0.3648,0.3694,0.3295,0.2564,0.2569,0.3653,0.267,0.2494,0.2448,0.2388,0.2751,0.271,0.2726,0.2847,0.2781,0.263,0.262,0.2357,0.2731,0.2398,0.2468,0.3174,0.2322,0.3114,0.2352,0.2171,0.2105,0.2252,0.2131,0.2403,0.2468,0.271,0.2589,0.389,0.3261,0.2247,0.261,0.2484,0.2564,0.2378,0.2675,0.2605,0.2287
6/10/2021,12.3487,0.2223,0.2384,0.2423,0.3102,0.2715,0.3376,0.2571,0.2602,0.321,0.2854,0.2262,0.2371,0.2567,0.2497,0.2449,0.2293,0.271,0.251,0.2397,0.2654,0.2319,0.2262,0.2467,0.2167,0.2254,0.2315,0.3028,0.2132,0.2689,0.2345,0.2106,0.2341,0.2223,0.2162,0.2088,0.2354,0.2706,0.2676,0.5235,0.4226,0.241,0.2354,0.2389,0.2484,0.2597,0.2302,0.218,0.2506
6/9/2021,12.8343,0.2484,0.289,0.2692,0.3649,0.303,0.3218,0.376,0.2837,0.3421,0.2339,0.3243,0.2377,0.2595,0.2421,0.274,0.2566,0.2445,0.2803,0.2735,0.2701,0.231,0.2397,0.2227,0.2363,0.2406,0.2687,0.2764,0.2261,0.2986,0.2416,0.2169,0.2469,0.2107,0.2087,0.2179,0.2426,0.2276,0.2716,0.4642,0.3801,0.287,0.2213,0.2575,0.2382,0.2585,0.2213,0.2546,0.2324
6/8/2021,14.7768,0.3063,0.3279,0.2717,0.3679,0.334,0.4472,0.3998,0.3022,0.3957,0.2839,0.3503,0.3551,0.2778,0.2568,0.292,0.267,0.3056,0.2588,0.2656,0.3151,0.2805,0.2819,0.349,0.3429,0.2663,0.3069,0.3503,0.2575,0.3327,0.3076,0.2365,0.2297,0.2283,0.2202,0.2344,0.2568,0.2419,0.3286,0.6245,0.495,0.2582,0.2724,0.3185,0.2419,0.29,0.3205,0.248,0.2751
6/7/2021,13.5278,0.2706,0.3093,0.3098,0.3673,0.2949,0.2993,0.2662,0.3198,0.2634,0.322,0.3491,0.2601,0.249,0.2623,0.2711,0.2645,0.2358,0.2855,0.2767,0.2772,0.2783,0.2501,0.2535,0.2407,0.2551,0.2319,0.2717,0.2242,0.2916,0.2794,0.2103,0.2358,0.2452,0.2474,0.2286,0.2468,0.2496,0.2905,0.6579,0.519,0.2302,0.3148,0.2623,0.2772,0.2501,0.2612,0.2441,0.2264
6/6/2021,16.7189,0.3053,0.3742,0.3166,0.3986,0.3716,0.4875,0.4343,0.3733,0.2931,0.4204,0.4875,0.3742,0.2696,0.3201,0.3567,0.2983,0.3018,0.2826,0.3027,0.3803,0.3419,0.348,0.341,0.321,0.3036,0.3044,0.3271,0.2591,0.4248,0.3018,0.307,0.2791,0.2286,0.2521,0.2783,0.3062,0.2678,0.2791,0.9496,0.7282,0.3506,0.2791,0.2634,0.3062,0.3184,0.2818,0.2757,0.3463
6/5/2021,12.0711,0.2676,0.2245,0.22,0.3169,0.2668,0.3161,0.2892,0.2424,0.2855,0.2729,0.2916,0.2355,0.2318,0.2151,0.2355,0.2351,0.2465,0.2591,0.2265,0.255,0.2285,0.2261,0.2811,0.2583,0.2277,0.2428,0.2526,0.2155,0.288,0.2522,0.2143,0.1988,0.2167,0.2281,0.2131,0.2245,0.2513,0.2416,0.4229,0.3505,0.268,0.2233,0.22,0.2188,0.2619,0.2473,0.2151,0.2485
6/4/2021,15.5398,0.3031,0.3627,0.3182,0.4441,0.5037,0.4577,0.4554,0.4758,0.3393,0.3258,0.2979,0.3288,0.2594,0.3227,0.3288,0.3182,0.2798,0.3303,0.3318,0.2979,0.3039,0.285,0.2767,0.2587,0.236,0.3107,0.2828,0.2504,0.2994,0.2948,0.239,0.2587,0.2858,0.2398,0.2707,0.2835,0.2828,0.2571,0.5373,0.4324,0.2956,0.3597,0.3152,0.3348,0.319,0.3386,0.3295,0.2805
6/3/2021,11.724,0.2121,0.2505,0.2229,0.2866,0.2594,0.2907,0.2289,0.2482,0.256,0.2207,0.2601,0.2587,0.2106,0.2277,0.2143,0.2143,0.2136,0.2236,0.2553,0.2441,0.2259,0.2125,0.211,0.259,0.2207,0.2456,0.2531,0.208,0.2791,0.2341,0.2136,0.2147,0.205,0.2035,0.2188,0.2277,0.2482,0.208,0.5473,0.4396,0.2218,0.224,0.2203,0.2534,0.2155,0.2661,0.2233,0.2259
6/2/2021,12.418,0.2267,0.2789,0.2767,0.2859,0.327,0.3262,0.2926,0.3398,0.278,0.2502,0.2568,0.2674,0.2321,0.2382,0.2563,0.2338,0.2718,0.2453,0.2519,0.2374,0.2338,0.2502,0.2493,0.2457,0.229,0.2307,0.2321,0.2272,0.2723,0.2307,0.2188,0.2091,0.2303,0.2206,0.2228,0.2435,0.2745,0.2321,0.4914,0.3995,0.2493,0.2135,0.2652,0.2086,0.2718,0.2179,0.2581,0.217
6/1/2021,14.4298,0.2599,0.3383,0.2715,0.4007,0.3017,0.3512,0.2888,0.3756,0.3371,0.2548,0.2683,0.2631,0.274,0.2863,0.2882,0.283,0.3081,0.31,0.3139,0.2734,0.2515,0.2631,0.2965,0.3043,0.2451,0.2837,0.2773,0.2387,0.2657,0.2972,0.265,0.231,0.2181,0.2207,0.2194,0.2605,0.2535,0.2837,0.8212,0.6361,0.2432,0.3493,0.2998,0.2599,0.2541,0.3293,0.2451,0.2689
5/31/2021,13.0422,0.2453,0.2867,0.2796,0.3184,0.4173,0.3699,0.3366,0.3426,0.2685,0.3205,0.2907,0.2902,0.2282,0.2277,0.2776,0.2605,0.2569,0.2352,0.272,0.2826,0.2312,0.2181,0.2393,0.2877,0.2519,0.2418,0.3139,0.2171,0.2564,0.2403,0.2337,0.2342,0.205,0.2085,0.2211,0.2433,0.2287,0.2226,0.4333,0.3579,0.2973,0.3038,0.2857,0.267,0.2544,0.2655,0.2408,0.2347
5/30/2021,17.4821,0.3345,0.4113,0.4113,0.4075,0.5659,0.4075,0.4426,0.5251,0.454,0.4597,0.3686,0.3999,0.3089,0.2899,0.2918,0.3819,0.3658,0.3165,0.3819,0.3089,0.3098,0.3933,0.3667,0.3269,0.3535,0.3705,0.4635,0.2842,0.4521,0.3023,0.252,0.2681,0.2605,0.3004,0.3155,0.3298,0.2786,0.2748,0.5118,0.4142,0.288,0.4331,0.3629,0.3876,0.3611,0.3051,0.3487,0.3336
5/29/2021,15.5396,0.3491,0.273,0.3748,0.4471,0.3876,0.3861,0.3273,0.3567,0.3755,0.4049,0.426,0.3748,0.2775,0.2903,0.3235,0.2926,0.331,0.3039,0.334,0.3491,0.2994,0.3423,0.273,0.3604,0.2926,0.2564,0.319,0.2707,0.3114,0.2835,0.2443,0.2262,0.2406,0.2579,0.2413,0.2926,0.2647,0.2654,0.51,0.4129,0.3635,0.3785,0.3084,0.3454,0.3009,0.2858,0.2933,0.3144
5/28/2021,13.4587,0.26,0.314,0.3124,0.3463,0.2878,0.3386,0.3435,0.3124,0.3408,0.2475,0.2802,0.2409,0.2338,0.2764,0.2731,0.2764,0.2955,0.2349,0.2944,0.2606,0.2327,0.2737,0.3102,0.2229,0.2262,0.2431,0.2551,0.224,0.2895,0.2747,0.2267,0.2174,0.2273,0.2087,0.2125,0.2595,0.2846,0.2453,0.5802,0.4633,0.2993,0.2857,0.2873,0.2917,0.2993,0.2485,0.2556,0.2442
5/27/2021,15.956,0.3672,0.3767,0.3218,0.4077,0.4857,0.4539,0.5096,0.3385,0.3465,0.3664,0.356,0.3059,0.2709,0.317,0.3425,0.2987,0.3083,0.3067,0.2979,0.3282,0.3417,0.3298,0.3361,0.2486,0.255,0.2844,0.3497,0.2478,0.3242,0.3011,0.2605,0.2335,0.2605,0.2757,0.2733,0.2844,0.3441,0.3083,0.5795,0.4627,0.3218,0.3051,0.3337,0.3075,0.3624,0.3417,0.29,0.2868
5/26/2021,21.506,0.3679,0.3963,0.3233,0.692,0.738,0.5165,0.6637,0.5003,0.4922,0.3544,0.4098,0.5273,0.4233,0.4111,0.3936,0.3544,0.3436,0.3274,0.3747,0.4381,0.3557,0.4692,0.4732,0.3314,0.3004,0.4057,0.3584,0.3598,0.399,0.3625,0.2639,0.372,0.372,0.268,0.3112,0.349,0.3449,0.3139,1.5769,1.178,0.4746,0.3463,0.3666,0.3274,0.3652,0.5259,0.4462,0.4408
5/25/2021,26.8475,0.553,0.6397,0.5644,0.7095,0.602,0.5549,0.6134,0.6661,0.7491,0.4305,0.6548,0.4814,0.4041,0.5135,0.489,0.619,0.3947,0.5587,0.5606,0.6247,0.3853,0.4494,0.6605,0.5191,0.3476,0.5191,0.6737,0.3608,0.7208,0.5191,0.4286,0.3646,0.325,0.4004,0.3702,0.44,0.5248,0.4795,1.6737,1.2474,0.5945,0.6284,0.4475,0.4852,0.4286,0.4569,0.4192,0.5945
5/24/2021,26.7783,0.5235,0.6286,0.6436,0.7075,0.8521,0.7281,0.5366,0.8765,0.8032,0.4634,0.6643,0.6136,0.3732,0.4615,0.5648,0.576,0.5535,0.4183,0.6061,0.6249,0.4258,0.5948,0.6267,0.5798,0.4652,0.3976,0.5047,0.4296,0.6699,0.4465,0.3939,0.407,0.3995,0.3751,0.4164,0.499,0.3713,0.5573,1.1028,0.838,0.3995,0.5422,0.6211,0.546,0.4221,0.638,0.4934,0.3958
5/23/2021,27.5413,0.4735,0.5673,0.6142,0.7119,0.7959,0.5458,0.8838,0.8623,0.8428,0.7099,0.6845,0.5497,0.5712,0.45,0.5008,0.4285,0.6161,0.5849,0.5282,0.5575,0.4168,0.3894,0.3953,0.5008,0.4109,0.4051,0.4148,0.4051,0.7803,0.538,0.3191,0.4871,0.3484,0.4148,0.4735,0.5067,0.4188,0.5516,1.4981,1.1215,0.6454,0.4363,0.6103,0.5516,0.6083,0.4246,0.5438,0.4461
5/22/2021,27.2642,0.4441,0.4787,0.6868,0.6579,0.8486,0.6059,0.9314,0.9488,0.577,0.5038,0.9199,0.5038,0.5654,0.3843,0.4171,0.525,0.5404,0.5635,0.604,0.5577,0.3901,0.3998,0.6425,0.6001,0.4961,0.5019,0.5924,0.3863,0.6868,0.4672,0.3285,0.3285,0.4306,0.3516,0.4595,0.4595,0.4826,0.4383,1.431,1.0734,0.6444,0.5616,0.4383,0.5423,0.4556,0.4576,0.5789,0.3747
5/21/2021,23.8647,0.4665,0.5776,0.5712,0.7505,0.6093,0.7203,0.4824,0.7172,0.6775,0.4237,0.4046,0.5236,0.4935,0.4951,0.4982,0.5284,0.3919,0.4237,0.3951,0.5284,0.4475,0.4649,0.3618,0.5173,0.4332,0.4602,0.3983,0.3507,0.3713,0.403,0.357,0.2904,0.3555,0.384,0.3142,0.3935,0.4887,0.4237,1.2504,0.9439,0.457,0.3713,0.5268,0.4982,0.5538,0.4126,0.5204,0.4364
5/20/2021,16.7195,0.2818,0.355,0.2765,0.403,0.4544,0.328,0.4274,0.4561,0.2774,0.3219,0.3437,0.3829,0.328,0.3123,0.3236,0.2687,0.2983,0.2975,0.2948,0.3428,0.2704,0.362,0.2844,0.2512,0.2957,0.2957,0.2757,0.2826,0.3951,0.2879,0.2661,0.273,0.2913,0.2478,0.3053,0.2983,0.3358,0.3149,1.1609,0.8797,0.3463,0.2879,0.3367,0.294,0.3219,0.3724,0.2748,0.3376
5/19/2021,22.2691,0.5591,0.4321,0.4934,0.7389,0.7446,0.5805,0.7075,0.7317,0.4777,0.619,0.4549,0.4663,0.462,0.4763,0.3679,0.3379,0.345,0.3935,0.4178,0.502,0.4264,0.4392,0.3821,0.4021,0.2937,0.3636,0.3564,0.3165,0.532,0.4692,0.2865,0.3193,0.3336,0.3593,0.2837,0.3836,0.3222,0.4777,1.0392,0.7924,0.4891,0.4792,0.3436,0.4934,0.3978,0.3679,0.3407,0.4706
5/18/2021,21.9219,0.4911,0.4228,0.459,0.5105,0.4646,0.427,0.7444,0.5843,0.363,0.6289,0.5607,0.5467,0.4228,0.3978,0.4117,0.4646,0.4103,0.3616,0.3908,0.4423,0.4799,0.3532,0.3574,0.3797,0.3616,0.3421,0.4451,0.3588,0.3546,0.3797,0.2572,0.3101,0.3852,0.3449,0.3198,0.395,0.324,0.3128,1.6252,1.2127,0.3323,0.3894,0.459,0.3532,0.3671,0.4284,0.4604,0.3282
5/17/2021,21.5754,0.3445,0.3798,0.5006,0.6839,0.5916,0.5699,0.7042,0.5413,0.54,0.3513,0.4327,0.5101,0.3676,0.3174,0.4409,0.3472,0.3486,0.3567,0.4857,0.373,0.3486,0.3404,0.5291,0.4178,0.4192,0.3174,0.4056,0.3024,0.392,0.3852,0.2916,0.3866,0.3146,0.3119,0.2916,0.4083,0.3459,0.4232,1.3193,0.9933,0.4667,0.5264,0.3581,0.4287,0.3988,0.4667,0.4667,0.3323
5/16/2021,17.4818,0.4132,0.4075,0.3231,0.471,0.6095,0.5327,0.416,0.4426,0.3563,0.3165,0.5317,0.3648,0.2776,0.3184,0.3326,0.3961,0.3402,0.2795,0.3061,0.3942,0.3724,0.2567,0.4075,0.4104,0.3203,0.27,0.4293,0.27,0.2899,0.3563,0.2757,0.2435,0.2511,0.27,0.2947,0.326,0.3573,0.3402,0.5747,0.4593,0.4198,0.4075,0.2681,0.38,0.38,0.3885,0.3535,0.2795
5/15/2021,12.6261,0.2675,0.2934,0.2226,0.3281,0.3462,0.2814,0.3369,0.3508,0.3179,0.2596,0.2398,0.2527,0.2361,0.2527,0.2721,0.2448,0.2476,0.2564,0.2583,0.2337,0.2384,0.2472,0.2213,0.2504,0.2624,0.2444,0.2509,0.2245,0.3175,0.23,0.2143,0.2009,0.2139,0.2037,0.2319,0.2361,0.2365,0.2467,0.4353,0.3593,0.2874,0.2393,0.2717,0.2684,0.225,0.2721,0.2416,0.2564
5/14/2021,14.4991,0.3096,0.3415,0.2414,0.3642,0.385,0.3831,0.3077,0.3051,0.2888,0.2875,0.3727,0.3064,0.27,0.2414,0.3012,0.3226,0.3012,0.3239,0.3005,0.3187,0.2875,0.2304,0.2856,0.2888,0.2875,0.259,0.3116,0.2453,0.283,0.2661,0.2408,0.2369,0.2694,0.2538,0.2473,0.2512,0.2375,0.2642,0.6606,0.5209,0.285,0.3454,0.2713,0.2999,0.32,0.2486,0.2895,0.2395
5/13/2021,20.8119,0.387,0.3768,0.4626,0.6151,0.8252,0.4511,0.4357,0.5113,0.3576,0.446,0.5382,0.3268,0.4191,0.4306,0.3627,0.437,0.4652,0.323,0.3793,0.3896,0.387,0.3127,0.3345,0.3319,0.4319,0.3627,0.5664,0.3127,0.5421,0.3448,0.3294,0.3665,0.3332,0.3076,0.3742,0.3742,0.3268,0.3422,1.1411,0.8655,0.487,0.3755,0.3742,0.4075,0.4613,0.314,0.4203,0.3448
5/12/2021,24.9051,0.6079,0.3915,0.5284,0.8429,0.8158,0.5031,0.4997,0.8277,0.5961,0.7431,0.7482,0.498,0.4743,0.5115,0.5352,0.5504,0.4236,0.449,0.5386,0.5521,0.476,0.4963,0.4794,0.471,0.4574,0.4676,0.4084,0.3864,0.6113,0.4405,0.3628,0.4169,0.3966,0.4287,0.3831,0.4557,0.4084,0.3847,0.7219,0.5649,0.5758,0.4794,0.4963,0.4828,0.4963,0.5267,0.5065,0.4862
5/11/2021,20.8815,0.3341,0.5067,0.3161,0.6562,0.812,0.66,0.4179,0.6884,0.5596,0.5557,0.4939,0.432,0.3457,0.3934,0.4217,0.4256,0.4707,0.4011,0.4011,0.4488,0.4243,0.441,0.4591,0.481,0.2942,0.3792,0.3728,0.2993,0.5248,0.3766,0.2865,0.289,0.3599,0.2955,0.3225,0.3818,0.3534,0.4153,0.6843,0.5379,0.4423,0.4088,0.3869,0.2865,0.4217,0.3496,0.4771,0.3895
5/10/2021,20.1182,0.369,0.3957,0.4587,0.5435,0.4442,0.5981,0.632,0.506,0.3133,0.4636,0.5957,0.4018,0.3799,0.4054,0.3484,0.3921,0.3157,0.4624,0.3969,0.3739,0.3678,0.4418,0.3606,0.3533,0.2975,0.4102,0.3787,0.2891,0.3581,0.4199,0.34,0.2782,0.3181,0.2975,0.3145,0.3727,0.4393,0.4151,1.1342,0.8605,0.3884,0.3278,0.3424,0.4624,0.3497,0.3266,0.3581,0.3194
5/9/2021,14.36,0.3289,0.2722,0.3384,0.3568,0.4605,0.4332,0.4185,0.3289,0.2805,0.3155,0.3721,0.2506,0.2411,0.3021,0.2455,0.2881,0.2614,0.2455,0.311,0.3219,0.2697,0.2455,0.3257,0.2506,0.2722,0.2404,0.3537,0.2474,0.278,0.2646,0.2659,0.2258,0.2398,0.215,0.2315,0.2786,0.2398,0.2335,0.5808,0.4636,0.2443,0.3524,0.2913,0.2996,0.2939,0.2519,0.2417,0.2901
5/8/2021,18.3841,0.4356,0.3972,0.3453,0.5052,0.4927,0.5966,0.5571,0.5031,0.2809,0.473,0.392,0.3245,0.2923,0.3422,0.2923,0.3432,0.3525,0.3557,0.3567,0.3255,0.3318,0.3401,0.2882,0.3214,0.311,0.3453,0.3141,0.2871,0.419,0.3754,0.2445,0.3276,0.3245,0.2497,0.285,0.3141,0.3359,0.3494,0.9994,0.7638,0.2934,0.3692,0.4086,0.3557,0.3588,0.418,0.2892,0.4003
5/7/2021,20.1877,0.3227,0.3751,0.358,0.5628,0.7651,0.497,0.5884,0.6115,0.5055,0.503,0.4957,0.4506,0.3263,0.3519,0.3495,0.4116,0.4165,0.3653,0.3592,0.425,0.3251,0.3531,0.4397,0.4324,0.3617,0.3105,0.5213,0.3032,0.5006,0.3787,0.3032,0.3653,0.3422,0.3446,0.3044,0.3446,0.3531,0.3897,0.902,0.694,0.3239,0.4372,0.3934,0.341,0.3605,0.3836,0.3263,0.3117
5/6/2021,15.4707,0.3093,0.3191,0.2593,0.4162,0.3773,0.4774,0.4685,0.4251,0.2586,0.3557,0.4281,0.3258,0.3086,0.3049,0.2922,0.2929,0.275,0.2869,0.3467,0.3004,0.3019,0.2959,0.3706,0.3684,0.2944,0.2459,0.3938,0.2436,0.4117,0.3116,0.2167,0.2683,0.2406,0.2586,0.2451,0.2668,0.325,0.346,0.4542,0.3729,0.3325,0.3273,0.2802,0.2429,0.3079,0.3333,0.2989,0.2877
5/5/2021,17.5513,0.3615,0.3013,0.3367,0.3864,0.606,0.543,0.4838,0.5382,0.4207,0.4418,0.2985,0.3902,0.2717,0.3625,0.3501,0.3176,0.2803,0.3739,0.3357,0.3434,0.2908,0.265,0.4303,0.3911,0.3529,0.3778,0.4618,0.2918,0.2975,0.2937,0.2507,0.2679,0.2393,0.2421,0.2851,0.3176,0.308,0.3787,0.7958,0.6178,0.3176,0.4341,0.266,0.3567,0.393,0.2927,0.2889,0.3033
5/4/2021,22.9627,0.43,0.3986,0.5392,0.5198,0.7592,0.7577,0.5632,0.7801,0.6141,0.6215,0.451,0.5766,0.4121,0.3941,0.5123,0.3836,0.3552,0.3761,0.4495,0.3776,0.3732,0.4749,0.3776,0.3118,0.3806,0.4091,0.3522,0.3447,0.5437,0.4435,0.3776,0.4091,0.2924,0.3088,0.4061,0.3866,0.4061,0.454,1.2602,0.9509,0.3387,0.5108,0.4405,0.4061,0.5303,0.3417,0.4315,0.4285
5/3/2021,25.1828,0.512,0.6117,0.5945,0.6787,0.5756,0.6907,0.8368,0.6134,0.476,0.4227,0.6186,0.4124,0.5,0.5344,0.5412,0.4433,0.3866,0.3814,0.4502,0.4674,0.4416,0.4038,0.5395,0.4364,0.4124,0.4038,0.5584,0.3419,0.61,0.4897,0.433,0.2973,0.2921,0.3729,0.3746,0.4588,0.4794,0.4966,1.3734,1.0321,0.3918,0.5447,0.5189,0.5791,0.543,0.6169,0.4708,0.5223
5/2/2021,29.6224,0.6705,0.6099,0.478,0.9018,0.6294,0.5948,0.6164,0.597,0.904,0.7224,0.7029,0.4218,0.5948,0.4369,0.5386,0.5667,0.5364,0.6705,0.5905,0.5537,0.5926,0.4845,0.7548,0.731,0.4932,0.3872,0.7786,0.4607,0.5018,0.6056,0.3959,0.3461,0.4888,0.478,0.4369,0.5278,0.6726,0.4369,1.825,1.356,0.6251,0.517,0.5753,0.6683,0.6316,0.4629,0.5407,0.5105
5/1/2021,30.9407,0.5177,0.5635,0.7494,0.887,1.1394,0.8044,1.1233,0.7677,0.653,0.4993,0.5957,0.6737,0.4603,0.5796,0.52,0.6048,0.5085,0.5475,0.6989,0.5727,0.6828,0.4121,0.7654,0.5154,0.442,0.614,0.6324,0.4947,0.5222,0.5658,0.5131,0.364,0.3387,0.4374,0.4488,0.4878,0.5498,0.5131,1.9261,1.4285,0.7172,0.6966,0.6691,0.4855,0.6599,0.5406,0.6461,0.4052
4/30/2021,29.9695,0.7049,0.5907,0.4655,0.9795,1.2893,0.9817,0.9092,0.94,0.6698,0.5401,0.5423,0.4918,0.5775,0.4523,0.5226,0.5489,0.5204,0.5423,0.672,0.628,0.505,0.5621,0.7203,0.6039,0.5929,0.5863,0.6983,0.4347,0.7489,0.5929,0.4589,0.5314,0.3336,0.5028,0.4567,0.5533,0.628,0.6126,0.9113,0.7007,0.6961,0.5445,0.6742,0.393,0.5226,0.7137,0.5643,0.5577
4/29/2021,24.5585,0.4233,0.4697,0.5194,0.5939,0.8075,0.5839,0.7313,0.829,0.5823,0.6171,0.5276,0.4846,0.42,0.4316,0.3621,0.4432,0.5376,0.4184,0.5111,0.4432,0.372,0.5641,0.3985,0.3488,0.4713,0.3919,0.3687,0.3604,0.5707,0.4266,0.2826,0.3554,0.2975,0.3736,0.2991,0.4299,0.4597,0.4432,1.6729,1.2469,0.4415,0.5011,0.4366,0.5144,0.5144,0.4597,0.3985,0.4217
4/28/2021,24.3502,0.3923,0.5444,0.6098,0.5738,0.9449,0.6032,0.7095,0.7144,0.5133,0.4544,0.7585,0.4332,0.4659,0.4708,0.4888,0.4757,0.4479,0.425,0.4005,0.4185,0.3629,0.5345,0.3661,0.3482,0.3612,0.389,0.6408,0.3694,0.4871,0.4577,0.2958,0.34,0.2844,0.3678,0.4168,0.4446,0.4986,0.4119,1.2931,0.9745,0.4675,0.6359,0.4871,0.4773,0.4168,0.5493,0.4005,0.4266
4/27/2021,20.9514,0.3247,0.4464,0.3687,0.5345,0.7857,0.6977,0.3907,0.6187,0.3726,0.5746,0.5332,0.4309,0.392,0.4024,0.3998,0.3622,0.3234,0.3545,0.3959,0.4853,0.3286,0.291,0.4477,0.4322,0.4257,0.4373,0.3817,0.3078,0.5397,0.3596,0.3311,0.3493,0.3052,0.2806,0.3726,0.3545,0.4529,0.4645,1.0725,0.8163,0.4309,0.4283,0.3078,0.3078,0.3532,0.4607,0.3428,0.3752
4/26/2021,18.8006,0.3708,0.427,0.3319,0.4421,0.6203,0.5263,0.5512,0.4615,0.4572,0.4334,0.3233,0.3578,0.3686,0.3956,0.4086,0.4043,0.3611,0.3946,0.3254,0.3697,0.3978,0.4172,0.3308,0.4496,0.2833,0.3676,0.306,0.2973,0.4885,0.3773,0.2423,0.2498,0.3071,0.3071,0.3276,0.3427,0.3762,0.3827,0.6617,0.5217,0.4129,0.4399,0.3805,0.2693,0.3384,0.3784,0.427,0.3892
4/25/2021,16.2333,0.3758,0.3025,0.3412,0.4334,0.4137,0.4285,0.3931,0.3725,0.4178,0.2869,0.3857,0.277,0.2605,0.3305,0.328,0.2655,0.3305,0.356,0.3602,0.3692,0.3404,0.3313,0.3,0.333,0.2531,0.3355,0.2885,0.2803,0.4384,0.3165,0.277,0.2852,0.2712,0.2399,0.2655,0.2893,0.2729,0.3437,0.568,0.4545,0.3741,0.3791,0.2762,0.314,0.3313,0.3816,0.3363,0.328
4/24/2021,21.7141,0.3573,0.5219,0.3696,0.7289,0.8003,0.6508,0.7577,0.4259,0.6165,0.3902,0.6933,0.5095,0.3545,0.4629,0.4629,0.4313,0.4094,0.4437,0.4684,0.4108,0.3395,0.3559,0.4149,0.3134,0.3449,0.4643,0.4766,0.3079,0.408,0.4451,0.3779,0.3573,0.3024,0.3683,0.3381,0.3888,0.3765,0.3916,0.8551,0.6604,0.4025,0.4396,0.4588,0.323,0.4972,0.3902,0.3271,0.323
4/23/2021,19.0778,0.3295,0.4558,0.4491,0.6042,0.6718,0.3982,0.3938,0.5854,0.5001,0.3583,0.55,0.3461,0.3029,0.3915,0.3284,0.3705,0.3882,0.4093,0.376,0.417,0.3871,0.3229,0.3639,0.3062,0.335,0.3251,0.3771,0.2797,0.5012,0.355,0.3373,0.3173,0.3384,0.2797,0.2719,0.365,0.4192,0.3539,0.6589,0.5197,0.3229,0.4636,0.4071,0.396,0.3339,0.3018,0.4192,0.3927
4/22/2021,22.408,0.4145,0.4404,0.4217,0.7242,0.632,0.7271,0.7718,0.6263,0.658,0.5341,0.4102,0.5456,0.3453,0.3799,0.4419,0.3957,0.4116,0.5009,0.4174,0.5009,0.377,0.4779,0.4001,0.3079,0.4433,0.3597,0.426,0.3525,0.4073,0.4058,0.3871,0.2877,0.3468,0.3079,0.3151,0.3785,0.488,0.4966,1.1039,0.8388,0.4548,0.3064,0.3713,0.498,0.4793,0.3396,0.3367,0.4145
4/21/2021,22.5463,0.3703,0.5391,0.3267,0.5245,0.894,0.4445,0.6962,0.4561,0.3863,0.5521,0.7383,0.4532,0.35,0.4183,0.3572,0.4241,0.3572,0.5231,0.4256,0.3689,0.3805,0.4838,0.3616,0.3238,0.331,0.4067,0.5201,0.3616,0.478,0.4692,0.363,0.4009,0.3063,0.3645,0.2859,0.4154,0.4125,0.446,1.5085,1.129,0.3674,0.3369,0.3179,0.4532,0.3878,0.3645,0.5085,0.4561
4/20/2021,24.5581,0.4035,0.3902,0.3505,0.6651,0.5144,0.6717,0.7263,0.5657,0.5276,0.5425,0.4548,0.5293,0.4896,0.3902,0.4283,0.5343,0.4531,0.3952,0.4813,0.4829,0.4614,0.372,0.4929,0.6104,0.3372,0.4912,0.6204,0.3852,0.7048,0.415,0.3438,0.4018,0.3902,0.3074,0.3107,0.4299,0.5574,0.3455,1.7172,1.2787,0.4713,0.5806,0.3935,0.3521,0.3952,0.5177,0.3621,0.516
4/19/2021,30.9407,0.6186,0.5291,0.6553,0.9008,0.9099,0.9444,0.6392,0.6048,0.9398,0.9489,0.7333,0.7723,0.5039,0.4695,0.4993,0.4901,0.5245,0.4947,0.6782,0.5337,0.4259,0.5085,0.7654,0.7769,0.403,0.6691,0.419,0.4603,0.6897,0.6232,0.38,0.3479,0.3938,0.4351,0.497,0.4764,0.637,0.5796,1.9155,1.4208,0.4764,0.6232,0.5475,0.7195,0.5934,0.5383,0.6163,0.6117
4/18/2021,35.1029,0.9174,0.538,0.7711,1.2671,0.9581,1.2508,0.8768,0.847,0.9608,0.5515,1.1478,0.7141,0.7169,0.725,0.5163,0.8171,0.7656,0.5244,0.6491,0.8063,0.6328,0.4269,0.7873,0.8442,0.4296,0.5298,0.7738,0.5,0.5271,0.6654,0.397,0.3618,0.4512,0.5461,0.4052,0.6274,0.7873,0.4919,1.4988,1.122,0.6789,0.6898,0.8226,0.6952,0.7927,0.8578,0.706,0.7331
4/17/2021,34.2702,0.6658,0.855,0.763,0.9784,1.3935,0.9968,0.6211,0.805,0.5213,0.8523,0.6658,0.6763,0.6711,0.5423,0.7472,0.7656,0.7919,0.6579,0.7735,0.6343,0.5108,0.4399,0.8733,0.6632,0.5686,0.5187,0.5213,0.4294,0.8628,0.6395,0.4425,0.4478,0.3821,0.4189,0.4793,0.5371,0.4793,0.5423,2.3422,1.7268,0.4977,0.7262,0.6579,0.6474,0.5371,0.8366,0.65,0.5134
4/16/2021,26.57,0.5845,0.5492,0.4694,0.8779,0.8983,0.8519,0.7238,0.7163,0.4062,0.4935,0.8705,0.4359,0.4025,0.4619,0.4322,0.6068,0.4081,0.5251,0.5492,0.6161,0.5065,0.5548,0.6588,0.3969,0.4285,0.3691,0.3635,0.3858,0.6068,0.4285,0.4211,0.4619,0.3635,0.4396,0.3375,0.4062,0.4025,0.5808,1.2795,0.9647,0.6272,0.5826,0.3747,0.5789,0.4211,0.6736,0.5139,0.5622
4/15/2021,29.3452,0.4271,0.5936,0.4954,0.6789,1.1699,0.6597,1.0375,0.7323,0.9052,0.886,0.9052,0.7152,0.4313,0.5402,0.4826,0.5808,0.6384,0.6,0.4762,0.585,0.5658,0.4527,0.7216,0.711,0.5061,0.5103,0.6747,0.3887,0.6192,0.5808,0.5018,0.4079,0.4399,0.3289,0.4548,0.521,0.4377,0.4783,1.2581,0.9494,0.4954,0.3694,0.5274,0.5893,0.585,0.521,0.6491,0.5594
4/14/2021,35.1721,0.6503,0.5688,0.8052,1.2644,0.8786,1.172,0.9302,1.0715,1.0144,1.0579,0.5878,0.6069,0.5226,0.5906,0.4873,0.7454,0.4873,0.5389,0.6748,0.7128,0.7617,0.7563,0.8704,0.7346,0.7047,0.702,0.5933,0.5281,1.0606,0.615,0.509,0.5444,0.5552,0.5525,0.4683,0.5253,0.4846,0.4601,1.9105,1.4172,0.5661,0.615,0.827,0.5389,0.6232,0.7373,0.6069,0.5362
4/13/2021,35.1027,0.6084,0.8795,0.7819,1.1776,0.809,0.8659,1.0394,0.8605,1.0285,0.6762,0.7114,0.8686,0.6166,0.5732,0.5759,0.6789,0.5244,0.7385,0.6383,0.725,0.7114,0.6084,0.8524,0.5244,0.6166,0.6627,0.5678,0.5271,0.8957,0.7358,0.4323,0.4892,0.5163,0.4296,0.4079,0.5868,0.6003,0.4729,2.2264,1.6438,0.8009,0.8063,0.809,0.4973,0.5732,0.603,0.5163,0.6112
4/12/2021,30.2474,0.5337,0.7251,0.467,0.7495,0.9498,0.6027,0.9609,0.8141,0.6072,0.7073,0.5983,0.6895,0.5782,0.5048,0.6161,0.645,0.4492,0.6005,0.4803,0.6183,0.5716,0.4292,0.4581,0.4915,0.3691,0.5671,0.7874,0.427,0.487,0.5093,0.4826,0.4158,0.4626,0.5182,0.507,0.5293,0.4848,0.4626,2.4482,1.8028,0.487,0.3847,0.4714,0.6072,0.5137,0.625,0.4626,0.5871
4/11/2021,26.2233,0.4291,0.4127,0.4145,0.7316,0.8974,0.9084,0.6587,0.6532,0.4947,0.686,0.7535,0.4674,0.4181,0.4601,0.4509,0.4528,0.5439,0.5002,0.5002,0.5876,0.4437,0.5111,0.5402,0.4546,0.4291,0.3653,0.6587,0.4036,0.6532,0.4819,0.3689,0.3781,0.3835,0.3216,0.3398,0.4109,0.4546,0.5694,1.5091,1.1294,0.5074,0.5093,0.5894,0.5402,0.4528,0.5858,0.3853,0.4254
4/10/2021,24.4195,0.4047,0.4852,0.5279,0.5558,0.7643,0.5755,0.8202,0.587,0.5033,0.7249,0.4589,0.4885,0.3506,0.408,0.3801,0.5443,0.3883,0.3752,0.5033,0.4655,0.4901,0.4622,0.4392,0.5279,0.3818,0.4261,0.3834,0.3424,0.4885,0.4179,0.3621,0.3834,0.3982,0.39,0.3128,0.4179,0.408,0.5591,1.5914,1.1884,0.4951,0.4458,0.5377,0.4228,0.4146,0.5657,0.3834,0.4721
4/9/2021,19.9103,0.3882,0.337,0.3298,0.6383,0.5526,0.5478,0.4978,0.6609,0.5192,0.5454,0.3537,0.3382,0.387,0.3429,0.3322,0.4073,0.3144,0.3191,0.387,0.3882,0.4156,0.3918,0.3382,0.3072,0.3751,0.3263,0.3727,0.331,0.3263,0.3596,0.2441,0.3179,0.3453,0.2739,0.2893,0.3227,0.3525,0.3298,1.1731,0.8884,0.4477,0.4073,0.4394,0.2786,0.3703,0.4847,0.4394,0.3751
4/8/2021,29.6224,0.5905,0.5515,0.7548,1.0164,1.1786,1.0121,0.7656,0.9191,0.6251,0.7656,1.0164,0.4651,0.6121,0.5537,0.4499,0.6878,0.4651,0.4391,0.6467,0.4888,0.4867,0.3764,0.5213,0.4499,0.5343,0.5883,0.6834,0.4564,0.6661,0.6251,0.3656,0.3786,0.3418,0.4175,0.398,0.4651,0.6488,0.638,1.038,0.7916,0.7007,0.7353,0.4521,0.3786,0.4932,0.7332,0.6034,0.651
4/7/2021,30.1084,0.7393,0.6597,0.7636,0.9206,0.7017,0.7614,0.8343,0.9537,0.7393,0.7967,0.474,0.5867,0.5182,0.4563,0.611,0.5491,0.4342,0.5359,0.6575,0.5337,0.4298,0.5735,0.4762,0.5005,0.4806,0.5978,0.4961,0.3966,0.6597,0.4983,0.3082,0.3723,0.3369,0.3413,0.4784,0.5093,0.5712,0.485,2.2885,1.6883,0.5867,0.4585,0.7083,0.5071,0.5469,0.4762,0.5823,0.527
4/6/2021,26.6395,0.4071,0.5078,0.3829,0.8414,1.1042,0.5711,0.7855,0.6998,0.8023,0.5805,0.5208,0.6699,0.4034,0.4425,0.4891,0.4053,0.5152,0.6177,0.5916,0.5935,0.4537,0.4481,0.4407,0.519,0.3326,0.5245,0.7426,0.4053,0.4164,0.4724,0.4313,0.3754,0.3754,0.4556,0.381,0.4202,0.3736,0.4854,1.4302,1.0728,0.5152,0.5637,0.4556,0.5637,0.5134,0.5283,0.4425,0.5693
4/5/2021,27.8883,0.5843,0.5684,0.4889,0.8628,0.8727,0.6102,0.5286,0.8389,0.3954,0.646,0.5843,0.4192,0.4749,0.4391,0.5803,0.6181,0.6002,0.5963,0.4471,0.6241,0.6022,0.6082,0.4491,0.3655,0.3437,0.5366,0.644,0.4451,0.6997,0.5247,0.4292,0.3496,0.4471,0.3238,0.467,0.4192,0.5068,0.6241,1.8542,1.3769,0.5624,0.4968,0.3874,0.4809,0.5724,0.5247,0.463,0.6042
4/4/2021,26.4314,0.5998,0.5666,0.5593,0.7362,0.6496,0.6735,0.4671,0.7251,0.6256,0.4081,0.6698,0.3731,0.4431,0.5371,0.4063,0.6109,0.4616,0.5648,0.4579,0.5279,0.4579,0.4063,0.6551,0.4818,0.5169,0.4192,0.3989,0.3915,0.6127,0.4966,0.2846,0.3381,0.4505,0.3584,0.386,0.48,0.574,0.4487,1.7703,1.3167,0.6422,0.5556,0.4929,0.4007,0.5464,0.6698,0.4542,0.362
4/3/2021,18.0371,0.2931,0.3503,0.4096,0.5129,0.4116,0.4608,0.3634,0.4417,0.2771,0.3253,0.3825,0.3273,0.3704,0.3724,0.3704,0.3232,0.3624,0.4086,0.3975,0.3102,0.3594,0.3644,0.4196,0.3975,0.3594,0.2891,0.4156,0.3082,0.4066,0.3524,0.2831,0.258,0.3182,0.262,0.3162,0.3162,0.2941,0.3965,0.8774,0.6764,0.3795,0.4306,0.3092,0.3222,0.4116,0.3564,0.4025,0.2841
4/2/2021,15.4009,0.2636,0.2799,0.2584,0.425,0.4856,0.4694,0.3857,0.3487,0.3095,0.4153,0.402,0.3502,0.2621,0.2784,0.3265,0.2799,0.311,0.2688,0.3132,0.3021,0.3095,0.2444,0.2806,0.2695,0.3043,0.3236,0.2925,0.2518,0.3095,0.3236,0.2348,0.274,0.2725,0.2673,0.2422,0.2925,0.2799,0.2947,0.6218,0.4931,0.3332,0.2962,0.3191,0.2755,0.3006,0.365,0.3147,0.2792
4/1/2021,17.0662,0.2954,0.2882,0.4078,0.464,0.3788,0.4396,0.4468,0.5375,0.4314,0.4767,0.3108,0.4078,0.2755,0.3407,0.2882,0.2981,0.3652,0.3915,0.3362,0.3036,0.3271,0.3761,0.2727,0.3725,0.3208,0.2882,0.3725,0.2764,0.4151,0.3099,0.2736,0.2981,0.3036,0.2718,0.2718,0.2936,0.3489,0.2746,0.6893,0.5415,0.3344,0.3444,0.3353,0.3308,0.3362,0.3317,0.3326,0.3389
3/31/2021,15.2623,0.2952,0.3526,0.3155,0.4659,0.4993,0.3097,0.2923,0.3359,0.4194,0.3192,0.3947,0.3097,0.2596,0.2967,0.2792,0.3301,0.264,0.2792,0.3032,0.2938,0.2487,0.2386,0.3489,0.2393,0.2996,0.2916,0.3279,0.2618,0.3983,0.3032,0.2451,0.2378,0.2574,0.2727,0.2618,0.2887,0.2894,0.2763,0.6564,0.5179,0.333,0.3293,0.2611,0.2567,0.2909,0.3366,0.2945,0.2836
3/30/2021,19.4939,0.4471,0.3379,0.3931,0.4586,0.4529,0.3851,0.3655,0.4724,0.3632,0.3782,0.5862,0.3402,0.3034,0.3172,0.431,0.3667,0.3391,0.3207,0.3713,0.3678,0.3816,0.3575,0.4598,0.4379,0.3919,0.3069,0.4287,0.3092,0.508,0.4023,0.2563,0.2609,0.3437,0.2517,0.3368,0.3126,0.3264,0.3391,1.3347,1.0043,0.3839,0.3046,0.3483,0.308,0.4517,0.4023,0.3805,0.3667
3/29/2021,22.6852,0.4677,0.4956,0.4266,0.5074,0.898,0.6527,0.4486,0.7644,0.5955,0.6616,0.406,0.4765,0.3811,0.4707,0.4413,0.4457,0.4178,0.3679,0.4971,0.3825,0.4222,0.3458,0.5353,0.4207,0.4222,0.3267,0.5088,0.3708,0.6043,0.4383,0.293,0.2988,0.2856,0.29,0.3855,0.3708,0.3429,0.4104,1.1467,0.8695,0.3561,0.4193,0.3884,0.4104,0.4648,0.5617,0.4295,0.362
3/28/2021,30.7327,0.5372,0.7145,0.8009,1.0805,0.985,1.0578,0.5327,0.7532,0.469,0.8009,0.569,0.7395,0.4395,0.4395,0.6395,0.6691,0.5031,0.5963,0.4826,0.5849,0.494,0.6327,0.7759,0.394,0.5418,0.4622,0.8555,0.4054,0.4622,0.61,0.5077,0.5077,0.3599,0.3713,0.4008,0.5258,0.4849,0.6509,1.9856,1.4711,0.4826,0.3804,0.4281,0.6895,0.7191,0.6827,0.5099,0.5463
3/27/2021,32.1197,0.6708,0.7841,0.6611,1.1652,0.9264,0.678,0.6322,0.8782,0.6298,0.7021,0.8469,0.4489,0.4368,0.5357,0.4609,0.6973,0.4537,0.5116,0.5212,0.7431,0.5815,0.4754,0.4754,0.7359,0.4223,0.4826,0.7311,0.5068,0.7431,0.5429,0.3741,0.5622,0.4489,0.5019,0.5236,0.4754,0.5454,0.6032,2.3902,1.7613,0.5864,0.7745,0.4875,0.6611,0.4826,0.8276,0.6249,0.4079
3/26/2021,33.5075,0.7202,0.7993,0.5059,0.7278,0.789,0.7355,0.6028,0.8197,0.6998,0.6233,1.0288,0.6513,0.46,0.5467,0.7482,0.6488,0.5977,0.7559,0.5646,0.5773,0.6207,0.7839,0.5799,0.5238,0.4753,0.5595,0.8095,0.4294,1.0059,0.7125,0.483,0.4192,0.4677,0.3631,0.4472,0.534,0.7278,0.6437,2.3339,1.7209,0.7508,0.8554,0.5034,0.4319,0.7431,0.7508,0.7329,0.4957
3/25/2021,29.1372,0.4478,0.5704,0.5619,0.86,1.0016,0.7691,0.5387,0.5619,0.6296,0.8811,0.5281,0.7183,0.4097,0.414,0.6127,0.4541,0.638,0.5873,0.674,0.6021,0.6063,0.5746,0.7606,0.4626,0.5492,0.4076,0.7205,0.3992,0.4901,0.5873,0.4013,0.3252,0.4182,0.3358,0.4795,0.4985,0.6887,0.5281,1.8518,1.3752,0.7057,0.4837,0.3823,0.5704,0.4562,0.7226,0.4499,0.4457
3/24/2021,34.4789,0.6459,0.7969,0.6883,1.149,0.7333,1.1014,1.1782,0.8657,0.8286,0.5427,0.9531,0.6883,0.548,0.7227,0.6804,0.7518,0.5374,0.5559,0.7916,0.5824,0.7042,0.5029,0.4791,0.4262,0.6327,0.6936,0.5983,0.4897,0.9796,0.6698,0.4606,0.5268,0.585,0.5691,0.4844,0.5533,0.4738,0.6856,2.2083,1.6308,0.6724,0.4844,0.7518,0.4526,0.6274,0.4606,0.6195,0.7148
3/23/2021,33.6461,0.5975,0.5334,0.6898,0.895,0.9232,0.8694,0.5796,1.1464,0.7822,0.7052,0.9822,0.6719,0.4796,0.6796,0.5975,0.4821,0.6565,0.5283,0.6463,0.5385,0.6078,0.4898,0.4949,0.5565,0.618,0.5257,0.6437,0.436,0.972,0.5847,0.3564,0.4616,0.4488,0.5231,0.5257,0.5052,0.4462,0.5103,2.3203,1.7112,0.8617,0.8873,0.7232,0.695,0.7232,0.8206,0.736,0.477
3/22/2021,39.4041,0.5655,0.5875,0.6377,0.9361,1.0774,1.3192,1.4009,1.3286,0.9078,1.1119,1.1904,0.5121,0.7162,0.8356,0.7508,0.8513,0.7508,0.8607,0.8827,0.7665,0.6157,0.8199,0.7602,0.5121,0.5624,0.845,0.9361,0.5592,0.666,0.7162,0.443,0.6848,0.4273,0.3959,0.4273,0.644,0.5624,0.6126,2.8917,2.1209,0.7633,0.7005,0.4901,0.5749,0.6409,0.6848,0.6786,0.6786
3/21/2021,42.4567,0.656,0.9626,0.8386,1.5622,0.9867,1.4347,1.0936,1.4243,0.8834,0.8076,0.6422,0.8799,0.7869,0.6525,0.6697,0.6008,0.9247,0.9867,0.9316,0.9626,0.6284,0.8868,0.8971,0.556,0.7628,0.6353,0.687,0.5629,1.1315,0.7111,0.5974,0.5629,0.4699,0.6249,0.7076,0.6353,0.5801,1.0005,2.5445,1.8719,0.9833,1.0798,0.6456,0.6077,0.9626,0.8765,0.7145,0.8455
3/20/2021,41.9019,0.8447,1.0413,0.5837,1.4109,1.1057,1.0481,1.0786,1.1091,0.7227,0.9396,0.9193,0.7125,0.6447,0.5938,0.726,0.5904,0.6481,0.7667,0.7599,0.7227,0.5938,0.8718,1.0956,1.0515,0.5091,0.6311,0.8956,0.6074,1.0854,0.6955,0.4786,0.6786,0.4447,0.6311,0.4718,0.6481,0.9939,0.8786,3.3927,2.4802,0.6447,0.8888,0.9057,0.5803,0.7057,0.8345,0.5837,0.6549
3/19/2021,41.0692,0.8743,0.7322,0.7619,1.5225,1.625,1.1554,1.4597,1.3605,0.6296,0.8743,0.8347,0.547,0.5668,0.5635,0.8181,0.6362,0.8942,0.7454,0.9372,0.6991,0.7156,0.5933,0.7685,0.8016,0.5337,0.666,0.838,0.5701,0.6594,0.666,0.5701,0.6263,0.6462,0.4511,0.6164,0.6594,0.7553,0.8777,2.988,2.19,0.6164,0.7619,0.871,0.5304,0.7553,0.7818,0.5536,0.7685
3/18/2021,30.3164,0.7,0.613,0.5527,0.8049,0.9433,0.729,0.8384,0.796,0.5751,0.9277,0.5059,0.7447,0.5684,0.6242,0.4501,0.6732,0.671,0.4925,0.4813,0.5215,0.6509,0.6353,0.7514,0.7156,0.517,0.6465,0.7156,0.4389,0.6732,0.5661,0.3407,0.3564,0.4903,0.4479,0.488,0.459,0.5795,0.6554,1.556,1.163,0.5438,0.5862,0.6911,0.401,0.5505,0.5617,0.4367,0.4858
3/17/2021,31.4954,0.5731,0.5191,0.6178,0.7564,1.3508,1.0947,0.9373,1.0619,0.6789,0.552,0.8645,0.4768,0.5919,0.6483,0.5543,0.6836,0.6131,0.6107,0.6718,0.5708,0.6507,0.3946,0.7329,0.801,0.4674,0.4251,0.653,0.4345,0.5872,0.5308,0.5426,0.4792,0.3899,0.5355,0.4557,0.5215,0.6178,0.4533,1.4447,1.0832,0.747,0.4463,0.6272,0.7141,0.6037,0.6013,0.5778,0.5496
3/16/2021,31.1485,0.7037,0.5556,0.4838,0.8449,1.2315,0.8704,1.1528,0.7338,0.757,0.8426,0.4722,0.7824,0.4745,0.5741,0.4722,0.4722,0.4421,0.6273,0.6759,0.7037,0.6019,0.5903,0.4884,0.4792,0.6227,0.4607,0.5162,0.4907,0.6574,0.5023,0.4491,0.4167,0.3542,0.4491,0.4931,0.5648,0.5533,0.5116,1.9704,1.4602,0.7222,0.7847,0.5741,0.4167,0.6111,0.5023,0.4421,0.5903
3/15/2021,41.069,0.9669,0.7784,0.6925,1.2282,1.6482,1.1521,1.4134,1.3241,0.7123,0.7454,1.1819,0.8214,0.8314,0.5536,0.7288,0.7255,0.8082,0.7024,0.7685,0.8181,0.8677,0.5007,0.59,1.0529,0.7652,0.59,1.2613,0.6362,0.6892,0.7288,0.5701,0.4676,0.5403,0.5437,0.6296,0.6032,0.9471,0.7487,1.6572,1.2356,1.0496,0.9173,0.7917,0.6759,0.9405,0.9636,0.8281,0.6759
3/14/2021,35.3113,0.5681,0.7539,0.7675,0.8331,1.1417,0.7839,0.9532,0.945,0.9587,0.874,0.5545,0.4971,0.5845,0.6856,0.631,0.6446,0.5135,0.5026,0.5818,0.7429,0.6228,0.6173,0.7593,0.5108,0.4097,0.6392,0.8604,0.549,0.5955,0.5572,0.5627,0.5299,0.3606,0.366,0.5518,0.5627,0.7184,0.5873,2.8816,2.1137,0.8057,0.5709,0.8057,0.6091,0.7894,0.6938,0.631,0.5326
3/13/2021,37.878,0.7284,0.7463,0.9554,0.827,1.302,1.1855,1.4096,1.0869,0.6059,0.8897,1.1736,0.5192,0.5192,0.6238,0.567,0.6716,0.7612,0.7523,0.7553,0.5999,0.5312,0.4983,0.567,0.8539,0.4505,0.5909,1.1616,0.4893,1.1228,0.7553,0.3698,0.582,0.5312,0.4326,0.4565,0.6985,0.83,0.7164,2.4304,1.7901,0.7134,0.6746,0.5431,0.809,0.564,0.6358,0.585,0.815
3/12/2021,34.0624,0.5472,0.6384,0.727,1.0293,1.4489,0.7765,0.7192,0.7114,1.1127,0.8938,0.7426,0.8365,0.5889,0.5185,0.5341,0.6332,0.7296,0.7009,0.6983,0.7036,0.6202,0.4977,0.5811,0.6697,0.6775,0.4351,0.641,0.5237,0.7505,0.5732,0.3569,0.555,0.4507,0.4273,0.4872,0.6306,0.7062,0.5029,2.0851,1.5425,0.8495,0.5732,0.4534,0.5133,0.7583,0.5758,0.6671,0.6671
3/11/2021,34.7566,0.7821,0.8516,0.6697,1.2102,1.2851,0.7071,0.7152,1.2476,0.5172,0.7259,0.7874,0.5306,0.5573,0.5172,0.6403,0.6001,0.6483,0.552,0.56,0.5787,0.5466,0.8168,0.667,0.7473,0.7205,0.6028,0.6001,0.5225,0.8222,0.6483,0.5252,0.4877,0.552,0.576,0.5306,0.6162,0.7928,0.5145,2.0754,1.5355,0.7259,0.461,0.7473,0.453,0.7473,0.7098,0.6724,0.6563
3/10/2021,36.9068,0.9269,0.7043,0.7882,1.2304,1.3865,1.3172,0.8055,0.9298,0.6465,0.9905,0.8864,0.6754,0.5569,0.7159,0.58,0.7477,0.6205,0.7159,0.7824,0.7535,0.739,0.5396,0.9298,0.6957,0.6754,0.7564,0.4933,0.5338,0.6986,0.5511,0.476,0.6494,0.3921,0.5338,0.45,0.5771,0.7968,0.6986,1.7777,1.322,0.5107,0.9818,0.5829,0.8229,0.6986,0.9587,0.7679,0.5367
3/9/2021,43.636,0.6478,0.744,0.5943,1.3712,1.699,1.2001,1.7204,1.1538,0.7796,0.9043,0.7547,1.1324,0.8687,0.6549,0.6905,0.8651,0.9863,0.7582,0.8901,0.8152,0.7796,0.605,1.1217,1.0683,0.7903,0.6264,1.2892,0.5872,1.0718,0.9186,0.4731,0.4624,0.7119,0.5515,0.5337,0.7725,1.0326,0.9934,1.6298,1.2159,1.0362,0.9542,0.6192,0.9792,0.8865,1.0718,0.9899,0.6335
3/8/2021,40.7918,0.734,0.9799,0.8192,1.5046,0.8717,1.2455,0.793,0.9733,0.5175,0.6389,1.3373,0.9832,0.6126,0.8389,0.6028,0.8422,0.8455,0.875,0.7569,0.6651,0.6258,0.6815,0.7241,0.4979,0.7668,0.5766,1.0455,0.5208,0.6258,0.6159,0.629,0.5405,0.5241,0.6356,0.4946,0.7504,0.8159,0.5208,3.3252,2.4318,0.7799,0.8192,0.7995,0.4749,0.7372,0.9537,0.7799,0.6618
3/7/2021,44.8156,0.9067,1.0024,1.1275,1.654,1.157,1.3705,1.4294,1.1128,0.6232,0.741,1.3374,1.0024,0.6342,0.6637,0.6637,0.7557,0.9398,0.7005,1.0429,0.8257,0.7005,0.9214,0.7668,0.5569,0.7299,0.7263,0.9398,0.6048,1.3374,0.9251,0.4575,0.5422,0.66,0.568,0.5495,0.7852,0.9803,0.9177,2.7394,2.0117,0.6674,0.8036,0.9324,0.8073,0.752,1.1533,0.752,0.8367
3/6/2021,41.902,0.7125,0.7633,0.5938,1.2786,1.499,1.1668,1.2278,1.4482,0.5667,0.7159,0.8718,0.7193,0.821,0.6582,0.7193,0.7769,0.7396,0.9634,0.6515,0.8888,0.6142,0.7227,1.0922,0.7227,0.6277,0.587,1.1566,0.5294,0.8413,0.6752,0.7057,0.4243,0.5938,0.4209,0.4447,0.6955,0.7362,0.543,3.0886,2.2622,1.0312,0.5057,0.9634,0.5091,1.0074,0.8074,0.8922,0.9193
3/5/2021,38.2248,0.7016,0.7319,0.889,1.0069,1.4996,0.7651,0.9706,1.4391,1.1611,1.155,0.744,0.744,0.5475,0.6231,0.7077,0.9011,0.5324,0.6896,0.6382,0.8105,0.8346,0.6865,0.7591,0.8346,0.7047,0.6896,0.5143,0.5384,0.8528,0.7288,0.5324,0.6714,0.4357,0.614,0.5898,0.6744,0.5384,0.6049,2.0113,1.4896,0.9042,0.7137,0.5203,0.8437,0.5928,0.886,0.6654,0.5354
3/4/2021,35.1723,0.7237,0.6585,0.6313,0.9329,0.74,0.8541,1.0226,0.9058,0.8949,1.0769,0.6639,0.7672,0.4791,0.5281,0.6639,0.5308,0.7482,0.7916,0.6748,0.7346,0.778,0.7889,0.6857,0.5987,0.5498,0.6041,0.9438,0.5362,0.5308,0.6041,0.577,0.5389,0.4982,0.3868,0.384,0.5498,0.7183,0.7101,2.2317,1.6476,0.6965,0.4955,0.7753,0.6911,0.6721,0.8215,0.6884,0.4465
3/3/2021,29.6225,0.6597,0.5148,0.571,0.7137,0.7743,0.7526,0.9537,0.9256,0.4694,0.7353,0.4867,0.757,0.5494,0.5602,0.4305,0.4759,0.4651,0.5234,0.4975,0.4715,0.4153,0.5537,0.6488,0.7267,0.5429,0.5515,0.7894,0.4499,0.7721,0.6099,0.504,0.5213,0.4391,0.3505,0.4456,0.4694,0.478,0.4153,1.8301,1.3596,0.6834,0.7721,0.4478,0.5213,0.478,0.6618,0.4326,0.4651
3/2/2021,25.3213,0.6049,0.4057,0.5096,0.6794,0.688,0.5443,0.7383,0.8734,0.7175,0.4369,0.8058,0.6361,0.4126,0.5425,0.4715,0.5391,0.4005,0.423,0.5304,0.4906,0.3676,0.3451,0.4767,0.3763,0.3988,0.4733,0.3884,0.352,0.4213,0.4022,0.2931,0.3433,0.2948,0.326,0.3174,0.4126,0.4733,0.4542,2.0429,1.5122,0.4473,0.397,0.3866,0.5425,0.4733,0.4455,0.3676,0.3399
3/1/2021,38.7798,0.6376,1.0008,0.9608,1.0439,0.9731,0.7299,1.1424,1.167,0.9239,0.6284,0.6961,0.573,0.6653,0.8284,0.5945,0.6222,0.8684,0.8684,0.6561,0.6314,0.8469,0.7176,0.6222,0.5576,0.733,0.5822,0.7915,0.5576,1.0931,0.6961,0.6376,0.5176,0.5699,0.4283,0.5114,0.6222,0.7884,0.8161,2.7389,2.0113,0.5268,0.5206,0.8069,0.7853,0.8746,0.613,0.7546,0.8469
2/28/2021,40.0982,0.9595,0.8696,1.059,1.3768,0.998,1.1649,0.9338,1.0911,1.0911,1.0173,0.8857,0.8696,0.815,0.7637,0.5422,0.7829,0.661,0.8664,0.7476,0.6899,0.7605,0.6546,0.5968,0.9274,0.4973,0.5422,0.7188,0.5358,1.0397,0.815,0.5101,0.6,0.5647,0.5262,0.6738,0.6738,0.8375,0.6064,2.2341,1.6493,0.8728,0.7188,0.7541,0.9081,0.6385,0.7444,0.7573,0.5551
2/27/2021,33.9237,0.6592,0.6307,0.8562,1.1051,0.8407,1.1881,1.2581,0.7292,0.8407,0.584,0.7474,0.6696,0.6566,0.54,0.4726,0.54,0.5711,0.6151,0.7577,0.6903,0.7266,0.4363,0.7214,0.4181,0.4881,0.6618,0.6437,0.4674,0.5477,0.6825,0.5866,0.5166,0.3844,0.3766,0.4389,0.6203,0.7266,0.5115,2.4252,1.7864,0.737,0.5296,0.5789,0.5115,0.6281,0.4752,0.654,0.6903
2/26/2021,36.6987,0.689,0.6459,0.9674,0.9014,1.283,0.9788,1.4122,1.108,1.1969,0.5283,1.0161,0.9731,0.7033,0.6201,0.8009,0.8612,0.8526,0.6201,0.623,0.7636,0.6488,0.6287,0.9587,0.7292,0.5541,0.4623,0.8353,0.5283,0.6201,0.5512,0.3647,0.5598,0.5684,0.5771,0.5684,0.6086,0.6201,0.7148,2.0536,1.5199,0.5484,0.4967,0.4537,0.5111,0.8353,0.6287,0.5369,0.4709
2/25/2021,32.8137,0.4892,0.5637,0.7672,1.055,0.7597,0.854,0.5637,0.8044,0.7423,1.0054,1.0823,0.782,0.4818,0.4644,0.6356,0.591,0.5463,0.6332,0.5116,0.6332,0.5587,0.6878,0.5562,0.5289,0.5041,0.653,0.6952,0.4495,0.5364,0.6555,0.4793,0.4396,0.4942,0.5289,0.4992,0.5141,0.5339,0.4446,2.512,1.8486,0.5414,0.4198,0.725,0.4818,0.6381,0.8193,0.462,0.6406
2/24/2021,35.3807,0.8074,0.613,0.498,0.8567,1.0018,0.7417,0.7773,1.1359,0.487,0.832,0.6896,0.7718,0.654,0.7252,0.6267,0.8074,0.7471,0.5336,0.5938,0.6458,0.5692,0.4843,0.7553,0.602,0.4323,0.4761,1.0237,0.539,0.7855,0.654,0.3939,0.4679,0.4569,0.5473,0.3857,0.5226,0.5774,0.7033,2.9571,2.1678,0.487,0.832,0.5582,0.4323,0.7334,0.9224,0.6787,0.6896
2/23/2021,40.0286,0.8136,0.708,0.7272,0.8681,0.8713,1.1467,1.0218,1.1884,0.6343,0.6439,0.8585,0.7368,0.7944,0.7144,0.6983,0.7432,0.6439,0.7304,0.6151,0.9482,0.7432,0.9482,0.6471,0.9834,0.5478,0.8361,1.214,0.583,0.5894,0.7784,0.5286,0.567,0.6247,0.5638,0.4325,0.6823,0.5926,0.8809,3.1156,2.2815,0.5958,0.9418,0.7976,0.5702,0.7496,0.6823,0.8969,0.5478
2/22/2021,35.7966,0.5642,0.7643,0.8755,0.7893,0.9672,0.6753,1.0117,0.9061,0.8644,0.5947,1.2063,0.8088,0.7365,0.5419,0.528,0.503,0.7365,0.7865,0.8449,0.5614,0.617,0.4863,0.881,0.6003,0.4697,0.7393,1.0228,0.5002,0.6448,0.5975,0.4947,0.4085,0.4252,0.553,0.5558,0.5753,0.4974,0.5808,2.836,2.081,0.6253,0.8088,0.528,0.4669,0.5669,0.6114,0.6614,0.6948
2/21/2021,28.582,0.4816,0.5495,0.5721,0.7018,0.9652,0.6936,0.6318,0.7718,0.6133,0.6256,0.5701,0.5104,0.4816,0.533,0.6174,0.5639,0.5392,0.6154,0.6462,0.5721,0.5474,0.5433,0.7265,0.7059,0.4919,0.6195,0.6545,0.4507,0.6545,0.5577,0.4672,0.463,0.4939,0.3601,0.3951,0.4445,0.5104,0.4754,1.2047,0.9111,0.4939,0.4095,0.6565,0.6586,0.6483,0.5454,0.6545,0.5824
2/20/2021,28.3738,0.6108,0.6719,0.566,0.9877,1.0978,0.782,0.7229,0.784,0.6312,0.7392,0.7779,0.5538,0.4275,0.4397,0.5782,0.5762,0.5599,0.4376,0.6067,0.4662,0.6149,0.5578,0.5436,0.6943,0.4906,0.5497,0.5028,0.4315,0.4926,0.4519,0.405,0.3256,0.3724,0.4295,0.3561,0.4845,0.5986,0.5966,1.4469,1.0848,0.5436,0.4825,0.4213,0.5599,0.4417,0.513,0.5904,0.3745
2/19/2021,31.6347,0.793,0.7883,0.6252,1.0081,1.0695,0.7292,0.923,0.6157,0.7173,0.7008,0.7575,0.5259,0.5921,0.6772,0.6677,0.4479,0.6843,0.5354,0.6795,0.7221,0.4361,0.5046,0.5094,0.5826,0.5377,0.5425,0.8828,0.4385,0.6843,0.4905,0.4928,0.559,0.4952,0.4786,0.4196,0.4952,0.7315,0.715,1.5238,1.1399,0.6204,0.4385,0.4125,0.6866,0.4952,0.7859,0.7268,0.5495
2/18/2021,29.7613,0.5954,0.7194,0.6454,0.9066,0.961,0.6737,0.6084,1.0741,0.43,0.85,0.4844,0.5649,0.5518,0.5801,0.6432,0.554,0.5279,0.5344,0.6759,0.48,0.4452,0.4256,0.6367,0.6889,0.467,0.3908,0.6389,0.43,0.7281,0.5083,0.4561,0.4147,0.393,0.3429,0.4017,0.5018,0.5562,0.5518,1.7863,1.3282,0.5083,0.6802,0.541,0.6781,0.5671,0.7151,0.5257,0.393
2/17/2021,29.8307,0.6775,0.7452,0.695,0.7059,1.1141,0.6317,0.5705,0.6011,0.9045,0.8762,1.0159,0.6557,0.4919,0.4483,0.6557,0.5465,0.4614,0.6841,0.5356,0.6557,0.6338,0.5924,0.4439,0.5989,0.4046,0.4767,0.767,0.4155,0.5334,0.5072,0.3391,0.4286,0.3872,0.4243,0.385,0.5203,0.6338,0.6644,1.3897,1.0438,0.6404,0.3959,0.5509,0.6993,0.5072,0.4919,0.6906,0.5924
2/16/2021,35.5195,0.7996,0.7501,0.6648,1.0253,1.0033,1.0418,1.1381,0.8409,0.4639,0.9702,0.9427,0.596,0.4886,0.6538,0.618,0.6235,0.7528,0.5354,0.5602,0.6483,0.4997,0.7831,0.7115,0.7088,0.4116,0.4501,0.7226,0.4529,0.9234,0.5602,0.5987,0.3676,0.5574,0.5437,0.4721,0.5382,0.7748,0.5134,2.2148,1.6355,0.8574,0.9482,0.629,0.8326,0.7859,0.6813,0.7693,0.4584
2/15/2021,34.8255,0.5288,0.6522,0.6764,1.0975,0.8266,1.2155,1.0492,1.0921,0.8373,0.7917,0.6173,0.7998,0.5288,0.7246,0.6737,0.7971,0.6039,0.679,0.6227,0.6012,0.7649,0.6871,0.8024,0.8561,0.6281,0.7354,0.4671,0.5315,0.6039,0.6656,0.553,0.51,0.5422,0.4483,0.5932,0.5905,0.789,0.7327,1.7836,1.3262,0.4913,0.5422,0.4752,0.5074,0.8105,0.8158,0.6656,0.4913
2/14/2021,36.3516,0.867,0.8046,0.4899,0.9095,1.0966,0.8273,1.2043,1.1448,0.9152,1.0597,1.1391,0.7762,0.6033,0.4785,0.8216,0.6118,0.5863,0.6997,0.8017,0.6203,0.7592,0.6968,0.7195,0.6345,0.6486,0.5608,0.9066,0.5097,0.8386,0.6798,0.385,0.5324,0.6146,0.6004,0.402,0.6316,0.5863,0.6004,1.8277,1.3579,0.6401,0.8613,0.7422,0.5608,0.5579,0.6203,0.7195,0.6997
2/13/2021,33.0913,0.8291,0.8341,0.7588,0.7237,1.3309,0.7914,0.7889,1.1452,0.942,0.5631,0.9169,0.6886,0.4427,0.5807,0.6033,0.6509,0.5029,0.7563,0.5731,0.5205,0.7262,0.4477,0.5129,0.5907,0.4753,0.6585,0.8918,0.4828,0.8366,0.5355,0.5405,0.5857,0.4427,0.4176,0.4552,0.6007,0.4653,0.5129,1.7638,1.312,0.4929,0.4602,0.6083,0.7513,0.5305,0.6384,0.7111,0.7011
2/12/2021,34.2706,0.6028,0.6973,0.8576,0.8366,0.7183,0.9022,0.8366,1.0599,0.9128,0.7341,1.094,0.6185,0.5187,0.5581,0.6474,0.7709,0.7236,0.7157,0.7867,0.587,0.5108,0.5239,0.6422,0.4583,0.4241,0.4819,0.8182,0.545,0.7683,0.7052,0.4005,0.3795,0.545,0.3847,0.5528,0.5476,0.7919,0.5423,2.463,1.8135,0.5949,0.432,0.432,0.6789,0.6842,0.8602,0.5423,0.5686
2/11/2021,35.8661,0.8968,0.7964,0.6738,1.1169,0.8912,1.1225,1.22,0.7379,0.4843,0.5847,0.7602,0.5038,0.7296,0.6655,0.5094,0.5401,0.763,0.7324,0.6292,0.6627,0.7017,0.8132,0.5038,0.8494,0.632,0.5958,0.5401,0.5373,1.1141,0.5874,0.5317,0.384,0.515,0.4537,0.5234,0.5429,0.7296,0.5122,2.312,1.7052,0.8633,0.6571,0.6097,0.6404,0.5819,0.8159,0.8132,0.7797
2/10/2021,40.5146,0.7682,0.8267,0.9047,0.895,1.581,1.5193,0.8495,0.9503,1.012,0.6869,1.0153,0.7064,0.8365,0.5991,0.7844,0.7714,0.7487,0.9405,0.6349,0.7747,0.8625,0.7617,0.7162,0.7552,0.6966,0.6056,0.6934,0.6349,0.8267,0.6154,0.6674,0.5601,0.6056,0.5016,0.5243,0.6414,0.7812,0.8495,2.117,1.5653,0.7357,1.0283,0.9438,0.8072,0.7454,0.8657,0.895,0.7064
2/9/2021,39.2655,0.5481,0.9358,0.6732,1.3985,1.6643,0.9452,1.3829,1.114,1.0015,1.1984,1.1828,0.9452,0.6919,0.6419,0.6763,0.6732,0.6513,0.7013,0.8889,0.8295,0.8201,0.6638,0.8107,0.9827,0.6013,0.5293,0.67,0.4981,0.7232,0.6544,0.6138,0.4355,0.6263,0.4793,0.5825,0.6231,0.8014,0.7232,1.4758,1.1055,0.5168,0.9389,0.8795,0.9014,0.5919,0.8389,0.6669,0.767
2/8/2021,41.2775,0.7157,1.0485,1.0851,1.0452,1.4013,1.2781,0.8721,1.2815,1.2216,1.0086,0.9154,0.769,0.586,0.6093,0.6625,0.9254,0.7856,0.5627,0.8888,0.6991,0.8189,0.7224,0.6991,0.7723,0.6991,0.8256,0.7424,0.5394,1.0452,0.6725,0.586,0.6924,0.6425,0.5061,0.6392,0.759,0.8788,0.9088,2.1182,1.5662,0.8622,1.0252,0.6991,0.7523,0.6858,0.6392,0.7523,0.6658
2/7/2021,44.5379,0.7257,0.7988,1.0582,1.577,1.6063,1.6026,1.4638,0.9815,1.0217,1.2482,0.7659,0.7732,0.5978,0.8974,0.839,0.9486,0.7695,1.0582,0.7915,0.8718,0.9193,0.9742,1.0034,0.828,0.6928,0.5394,1.0509,0.5795,1.1605,0.6965,0.448,0.7659,0.7038,0.6819,0.7294,0.817,0.7074,1.0143,1.9157,1.421,1.018,0.6197,0.7549,0.5211,0.9047,1.0545,0.6526,0.9668
2/6/2021,36.2827,0.8143,0.7097,0.6984,0.9699,0.9699,1.1283,1.2188,1.2584,0.8681,0.9614,1.2442,0.7323,0.6616,0.6927,0.7549,0.721,0.8483,0.82,0.7634,0.721,0.6871,0.6786,0.7691,0.9218,0.5598,0.6135,0.8879,0.5004,1.1368,0.5626,0.5768,0.5598,0.5259,0.5881,0.4665,0.5485,0.557,0.6135,0.8897,0.6852,0.7889,0.5145,0.6475,0.5739,0.7521,0.8002,0.5089,0.8115
2/5/2021,39.196,0.8717,0.9871,0.9965,0.9528,1.0651,1.087,1.4644,0.7843,0.6752,0.7313,0.7563,0.7282,0.7968,0.7875,0.6346,0.8155,0.6783,0.5878,0.7188,0.8405,0.7532,0.5067,0.6471,0.5379,0.7313,0.7157,0.9154,0.5161,1.0214,0.6908,0.4474,0.672,0.4755,0.5722,0.4786,0.7251,0.7282,0.8093,2.3776,1.7523,0.7376,0.9902,0.6128,0.6939,0.6377,0.9778,0.8623,0.6502
2/4/2021,31.6344,0.7812,0.8119,0.6866,1.0104,0.8733,0.8686,0.5732,1.0411,0.7363,0.8473,0.9395,0.689,0.4975,0.585,0.585,0.5755,0.6937,0.6252,0.7339,0.5874,0.5495,0.611,0.6748,0.5212,0.4219,0.5023,0.4692,0.4432,0.8615,0.663,0.5141,0.3487,0.3605,0.5401,0.3959,0.5401,0.4786,0.4361,1.6132,1.2041,0.7859,0.8497,0.6488,0.4716,0.481,0.4668,0.5614,0.4786
2/3/2021,32.7444,0.4859,0.5378,0.4908,0.9956,0.6888,0.763,0.862,0.6739,0.5057,0.5032,0.4859,0.5873,0.5032,0.4908,0.6492,0.5848,0.7086,0.6616,0.6294,0.6269,0.617,0.7605,0.5848,0.7729,0.4883,0.4438,0.6368,0.5156,0.5626,0.5947,0.4611,0.4191,0.5007,0.5453,0.4092,0.523,0.7704,0.5824,2.6654,1.9586,0.6368,0.5601,0.6517,0.622,0.7655,0.8075,0.7407,0.7135
2/2/2021,30.1779,0.7322,0.5792,0.7788,1.0272,1.056,0.7677,0.8874,0.8897,0.8253,0.4838,0.5925,0.4616,0.5015,0.4195,0.4528,0.6457,0.679,0.5725,0.6058,0.4882,0.5947,0.4151,0.7145,0.7522,0.435,0.4084,0.6147,0.486,0.5548,0.5792,0.4173,0.3774,0.3995,0.3507,0.4749,0.5304,0.4816,0.6634,1.794,1.3337,0.4173,0.4927,0.5526,0.5104,0.5392,0.6923,0.6546,0.4949
2/1/2021,37.9474,0.5919,0.7476,0.7417,1.2148,1.2178,0.9183,1.1789,1.0321,1.0052,0.5799,0.7866,0.6249,0.571,0.7207,0.8405,0.5859,0.8734,0.6249,0.8644,0.6668,0.7716,0.6249,0.9902,0.7447,0.565,0.7716,0.8315,0.562,1.101,0.7357,0.3553,0.4422,0.5111,0.4751,0.4781,0.6608,0.5171,0.7956,2.4077,1.7738,0.8734,0.7417,0.544,0.8854,0.559,0.5051,0.5799,0.7566
1/31/2021,39.0569,0.8002,0.9742,0.6884,1.1698,1.0425,0.7599,0.9058,0.7412,1.1543,0.5953,0.6201,0.7288,0.6915,0.7009,0.8344,0.9151,0.7443,0.9276,0.794,0.8872,0.7661,0.5797,0.8499,0.8437,0.8033,0.5331,0.881,0.5145,0.6915,0.5766,0.412,0.5456,0.4182,0.5766,0.5642,0.617,0.6046,0.5456,2.9194,2.1408,0.9276,0.589,0.5673,0.8033,0.881,0.7971,0.912,0.5207
1/30/2021,37.9475,0.7566,0.7087,0.6069,1.116,1.095,0.8525,1.3676,0.7686,1.1729,0.8045,0.6518,0.7147,0.6279,0.6069,0.553,0.8225,0.559,0.7746,0.7117,0.6518,0.6249,0.8345,0.6878,0.4781,0.5859,0.8016,0.7237,0.5949,1.0172,0.7806,0.4781,0.571,0.52,0.565,0.4512,0.6638,0.7207,0.568,2.6344,1.9364,0.7417,0.6069,0.7357,0.6398,0.7686,0.9393,0.5889,0.7656
1/29/2021,33.0911,0.6208,0.5782,0.5305,0.7789,0.9796,0.8466,0.9244,0.809,0.6559,0.5857,0.7914,0.8517,0.6309,0.7086,0.6233,0.5179,0.5957,0.6534,0.528,0.7187,0.6007,0.6785,0.5807,0.4903,0.4452,0.7036,0.7588,0.5255,0.9646,0.5481,0.5731,0.4828,0.3799,0.5481,0.4502,0.5656,0.5029,0.5531,2.227,1.6442,0.7965,0.538,0.4452,0.7463,0.7513,0.681,0.5305,0.4502
1/28/2021,27.7499,0.4787,0.4827,0.6466,0.617,1.0495,0.6841,0.692,0.6209,0.6288,0.7868,0.4827,0.4491,0.4985,0.5024,0.5676,0.4629,0.4688,0.4688,0.5597,0.5044,0.5854,0.4195,0.5004,0.5952,0.3602,0.5478,0.3977,0.4432,0.5755,0.4412,0.3187,0.376,0.4412,0.3642,0.3642,0.4353,0.4669,0.6446,1.8516,1.375,0.694,0.5143,0.538,0.6229,0.4827,0.6841,0.5557,0.5024
1/27/2021,32.5365,0.6427,0.7899,0.6181,1.0107,0.8439,1.023,0.9052,0.9862,0.6844,0.52,0.5887,0.7997,0.6059,0.5151,0.5519,0.7285,0.6279,0.7604,0.5347,0.7016,0.5789,0.7335,0.8488,0.7703,0.6525,0.5887,0.601,0.4439,0.9886,0.6108,0.4905,0.3507,0.3482,0.5151,0.4685,0.5151,0.5715,0.6844,1.3541,1.0182,0.6279,0.4586,0.6648,0.6697,0.6451,0.5715,0.6574,0.6697
1/26/2021,41.5549,0.925,0.9049,0.6901,1.5189,0.9619,1.2169,1.5323,1.3847,0.6901,1.2572,1.1498,0.6767,0.6129,0.8378,0.7002,0.5693,0.7203,0.6834,0.868,0.9351,0.6834,0.8512,0.8411,0.8445,0.519,0.774,1.0223,0.5458,0.7405,0.6096,0.4921,0.6029,0.6264,0.415,0.6096,0.7304,0.5425,0.9183,2.4608,1.8119,0.5626,0.7136,0.623,0.9653,0.7707,1.0559,0.8311,0.5559
1/25/2021,43.2892,0.696,0.943,0.629,1.1195,1.5112,1.1159,1.61,1.0101,0.816,1.37,1.243,1.1512,0.8583,0.7807,0.6219,0.9501,0.8972,0.9501,1.0171,0.9183,0.7419,0.6925,1.0454,0.6784,0.4878,0.5795,1.25,0.6607,1.2465,0.876,0.456,0.6395,0.569,0.4807,0.5337,0.6184,0.6819,0.8372,2.1971,1.6228,0.943,0.5443,0.5372,0.7172,0.8936,0.8442,0.8019,0.9042
1/24/2021,41.2773,0.8222,0.8222,0.566,1.0552,1.1816,1.3114,1.2315,1.3314,0.6459,0.6459,0.7324,1.0119,0.7324,0.556,0.6159,0.576,0.5993,0.9953,0.6825,0.972,0.7856,0.5826,0.8821,1.0518,0.6525,0.6192,0.8921,0.6126,1.0186,0.7257,0.3896,0.7058,0.4529,0.6192,0.6325,0.7291,0.7823,0.6625,3.0368,2.225,0.789,1.0618,0.6059,0.4828,0.8555,0.7523,0.6558,0.9287
1/23/2021,44.5381,0.6965,0.8499,0.9486,1.6136,1.8364,0.9376,1.303,0.8865,0.7147,0.8463,0.8426,1.0107,0.7732,0.6672,0.8901,0.7257,0.9595,0.8024,0.8609,0.8938,0.649,0.8828,0.9084,0.6855,0.7367,0.722,0.6745,0.6344,1.1313,0.7805,0.744,0.7038,0.554,0.6709,0.6855,0.7513,0.9888,0.8572,2.8647,2.1016,1.1642,1.018,0.532,1.018,0.6819,0.9778,0.7184,0.6417
1/22/2021,36.9758,0.6303,0.7549,0.6216,0.8389,1.43,0.7056,1.1461,0.8969,0.6969,0.9374,0.7607,0.5549,0.7404,0.5115,0.6245,0.6622,0.5578,0.6969,0.8012,0.8505,0.5115,0.61,0.5781,0.9316,0.7288,0.5347,0.4651,0.5173,0.694,0.5839,0.5376,0.6216,0.4622,0.5984,0.4564,0.5549,0.6506,0.6998,2.7434,2.0146,0.7839,0.8534,0.552,0.8273,0.8099,0.8273,0.6824,0.7259
1/21/2021,36.213,0.7055,0.8579,0.4911,0.8269,0.8805,0.8805,1.0074,0.7591,1.03,0.5616,0.9341,0.5899,0.6068,0.4883,0.7253,0.8099,0.7563,0.5814,0.7309,0.6209,0.5419,0.4629,0.8607,0.5165,0.4262,0.7027,1.0836,0.4742,0.841,0.7507,0.4234,0.635,0.5447,0.4516,0.4685,0.5899,0.7084,0.6068,3.0436,2.2299,0.4939,0.5983,0.5983,0.6378,0.7055,0.5955,0.7676,0.6096
1/20/2021,35.797,0.9116,0.667,0.7226,1.3119,1.2063,1.0006,0.7671,0.9672,0.7699,0.6448,0.7004,0.8338,0.6309,0.6281,0.6059,0.7587,0.5475,0.7754,0.6948,0.8171,0.6753,0.7448,0.7726,0.5364,0.503,0.5086,1.02,0.4446,1.0673,0.7254,0.4641,0.5225,0.4141,0.3696,0.4613,0.6031,0.6086,0.6781,1.8437,1.3694,0.7643,0.6587,0.5558,0.8171,0.5892,0.7921,0.6476,0.6781
1/19/2021,44.3298,0.8242,0.9841,1.0095,0.9732,1.7252,1.2929,0.9151,0.9696,0.7697,1.3292,1.282,1.1003,0.6208,0.7043,0.9986,0.7043,0.9877,1.0749,1.0132,1.0386,0.8061,0.8606,0.7007,0.6426,0.7661,0.777,1.1948,0.6353,1.0931,0.6717,0.5191,0.6862,0.45,0.4864,0.5917,0.6934,0.5772,0.6717,2.8113,2.0633,0.6499,1.0858,0.5227,1.0349,0.7007,0.9187,0.6898,0.7116
1/18/2021,43.844,1.009,0.9015,0.8656,1.0126,1.0413,1.5503,1.3137,0.9517,1.2026,1.1237,0.6613,0.8154,0.8441,0.7294,0.7939,0.6075,0.8979,0.7653,0.8262,0.7724,0.9373,0.8656,0.9481,0.5789,0.8119,0.5681,1.2743,0.5681,0.6613,0.6936,0.4104,0.6828,0.5072,0.6326,0.6864,0.7581,0.6398,0.6075,3.3291,2.4346,1.1452,1.0305,0.7473,0.5538,0.9839,0.6828,0.6506,0.7688
1/17/2021,36.8374,0.9164,0.8242,0.8097,1.3432,0.8443,1.1731,0.8184,1.2279,0.9309,0.7002,0.5848,0.5271,0.5646,0.5589,0.6684,0.53,0.7751,0.654,0.6252,0.8357,0.5069,0.853,0.7117,0.4695,0.5848,0.5531,0.7809,0.5704,0.8126,0.654,0.3628,0.5906,0.4723,0.4868,0.605,0.68,0.5531,0.5502,2.6488,1.9467,0.5243,0.9741,0.879,0.6165,0.5617,0.6223,0.7175,0.6367
1/16/2021,44.399,0.891,0.8146,0.9456,1.528,2.0121,1.6481,0.9565,0.9165,1.1931,1.1458,1.2623,1.0912,0.9128,0.7745,0.5962,0.6544,0.9784,0.7709,0.8874,0.7927,0.6581,0.9856,0.8219,0.7927,0.6471,0.6653,0.9638,0.6617,1.0038,0.891,0.6799,0.5088,0.669,0.6508,0.6435,0.6945,0.6435,1.0475,1.7586,1.3083,0.9238,1.1349,1.0366,1.0475,0.8073,0.6799,0.6289,0.6726
1/15/2021,45.093,0.686,1.0309,0.7527,1.3165,1.0903,1.4798,1.6801,1.7171,1.2016,0.9975,1.5836,1.1645,0.7268,0.5784,0.6266,0.7416,0.9085,0.6785,1.0717,0.9642,0.7676,1.0013,1.0198,0.5932,0.5079,0.6266,0.6563,0.5636,1.1051,0.9048,0.6266,0.4634,0.7379,0.686,0.5228,0.686,0.9642,0.6785,2.4931,1.8351,0.9642,1.209,0.7824,0.89,0.8863,0.6823,0.7008,0.5413
1/14/2021,37.323,0.7297,0.8176,0.6182,1.2897,0.9115,1.1197,0.7062,1.0405,0.6006,1.0757,1.017,0.9906,0.7443,0.7326,0.7385,0.6358,0.5303,0.6769,0.8734,0.6505,0.759,0.6212,0.6476,0.7209,0.759,0.6886,0.4658,0.5625,0.7209,0.7912,0.4599,0.454,0.5889,0.5889,0.5068,0.542,0.8997,0.7854,2.1834,1.613,0.8206,0.4863,0.7619,0.63,0.7942,0.7209,0.7062,0.5449
1/13/2021,43.2888,0.7983,0.9254,0.6678,1.0348,1.5077,0.8089,1.1336,1.3912,1.2112,1.0665,0.7736,0.8901,0.8654,0.7631,0.7701,0.6748,0.7736,1.0383,0.8936,0.7878,0.6854,1.0171,0.816,0.6607,0.516,0.5301,0.6431,0.6678,1.0171,0.7913,0.456,0.5301,0.4984,0.4772,0.6113,0.7631,0.8795,0.7983,3.1445,2.3022,0.9536,0.8336,0.6713,0.6748,0.8336,0.9219,0.9677,0.8513
1/12/2021,56.8169,1.2455,1.4359,0.855,1.5433,1.8509,1.4115,2.0705,1.4945,0.7329,1.3676,1.3969,0.9819,0.7622,0.8599,0.772,1.1332,1.06,1.2846,1.2358,1.348,1.0307,0.8501,0.9575,1.1821,0.8843,0.8403,1.3334,0.7964,0.9282,0.9233,0.8989,0.7427,0.7769,0.6402,0.8452,0.9673,0.9233,1.1332,3.8425,2.8028,1.0014,1.3578,1.1332,0.8013,1.0747,1.2309,0.8648,1.2114
1/11/2021,58.4123,0.8624,1.0388,0.8926,1.6488,2.7226,1.7597,1.5984,1.9059,1.7395,1.5933,2.1227,1.5328,0.9581,1.1043,1.1094,1.0086,0.8523,1.4119,1.3715,1.1043,1.1598,1.1447,1.5379,0.8573,1.0237,0.9077,1.2405,0.6758,1.8101,1.1295,0.9834,0.5851,0.7464,0.8674,0.6405,1.0035,1.0791,1.0489,1.934,1.4341,1.18,0.6506,1.311,0.7313,1.2505,1.2052,0.8321,1.1043
1/10/2021,55.7764,0.9502,0.9168,0.8738,1.4853,1.6955,1.213,1.3563,1.7242,1.4614,1.0744,0.8499,0.8116,0.9454,0.7543,1.2607,0.9406,1.2416,1.1031,1.1939,0.9215,0.7209,0.9072,0.8308,1.2416,1.0362,0.7018,1.5474,0.7161,1.0553,0.8212,0.697,0.6444,0.5489,0.7591,0.7782,0.9789,1.1986,0.8499,4.5878,3.3373,0.8116,1.2894,1.0792,1.2607,1.1031,1.2082,1.2177,1.0744
1/9/2021,56.7475,1.2342,0.9125,0.7273,1.4731,1.9313,1.1952,1.4146,1.0685,1.8387,0.9564,1.3415,1.0051,0.7321,0.8345,1.0636,0.776,1.1514,1.3561,1.1367,1.0344,0.854,1.2684,0.7955,1.2732,0.7175,1.1124,1.2196,0.7565,0.9466,0.971,0.9515,0.5956,0.7711,0.776,0.8589,0.8833,1.0051,0.9271,4.8338,3.5137,0.8345,1.2391,1.1319,1.0051,0.8833,1.3659,1.1709,0.9028
1/8/2021,7.1453,0.153,0.1526,0.1539,0.1362,0.1359,0.1503,0.1458,0.1397,0.142,0.1544,0.1334,0.1427,0.1511,0.1565,0.155,0.1485,0.1555,0.1488,0.1545,0.1548,0.1495,0.1517,0.1563,0.158,0.1518,0.1517,0.1554,0.1554,0.138,0.1536,0.1551,0.16,0.1536,0.1585,0.1539,0.1519,0.1568,0.1529,0.0897,0.1115,0.1565,0.1579,0.1485,0.1577,0.1452,0.1456,0.1466,0.1574
1/7/2021,59.8,1.0162,1.4254,1.2286,2.0263,1.5186,1.6585,2.1092,2.2439,1.4876,1.7984,1.7051,1.4617,1.1353,0.7313,1.3425,1.2441,1.0265,1.1664,1.2804,1.011,0.9955,0.752,1.5186,1.4306,0.9229,0.9333,1.1664,0.8867,1.7828,0.9903,0.752,0.6121,0.7313,0.5448,0.752,1.0369,1.4099,0.8401,2.4684,1.8173,0.9696,1.3891,1.4513,0.6588,0.9281,1.4202,0.9281,1.0939
1/6/2021,50.3652,0.9504,0.8869,1.2385,1.1114,2.2637,1.3148,1.9121,1.2004,1.5478,1.0563,1.3571,0.9928,0.6878,0.9758,0.7767,1.0394,0.7598,1.1029,1.1241,1.1368,1.0902,0.6454,1.0013,1.2173,0.8953,1.0309,1.1877,0.7217,1.0309,0.9335,0.5649,0.6454,0.6793,0.5141,0.7555,0.9165,0.7471,1.0182,2.2391,1.6529,0.9081,0.8149,0.6666,0.7555,1.0733,1.2851,0.9208,1.0182
1/5/2021,47.2432,0.9162,0.8534,1.2459,1.6383,2.0229,1.5245,1.4342,0.8966,1.238,1.1988,0.6768,0.8966,0.8063,0.822,0.9044,0.9162,0.771,0.9594,0.9594,0.9908,1.0104,0.7161,0.9044,0.6376,0.6611,0.8024,0.771,0.6297,1.2027,0.8377,0.4374,0.6533,0.618,0.5983,0.5709,0.8456,0.7749,0.7318,2.6783,1.9679,0.9476,1.3087,1.081,0.6533,0.8024,0.9633,1.03,0.7357
1/4/2021,48.7698,0.6844,0.978,1.1329,1.5773,1.9157,1.6915,1.8749,1.8749,0.8149,1.4835,0.8231,1.2756,0.819,0.7823,0.6437,0.6844,0.9168,1.1655,0.7864,1.1288,0.9087,1.1411,1.084,1.0962,0.6274,1.0147,1.3979,0.7293,1.2308,0.9005,0.6233,0.607,0.7293,0.5662,0.7252,0.8231,0.9535,1.0065,0.9882,0.7558,0.9005,1.2878,1.1737,1.1492,0.6967,0.7904,1.1492,0.66
1/3/2021,52.5849,0.8265,0.7819,1.366,1.4908,1.9189,1.2367,1.1788,1.9902,0.6482,1.5845,1.8921,1.2679,0.666,0.9157,0.8488,0.88,0.8845,1.1832,0.9202,1.1208,0.6749,1.1788,1.1386,0.7552,1.0316,0.938,1.366,0.6437,1.152,0.8399,0.5813,0.7284,0.7151,0.6393,0.7819,0.8756,1.1475,1.1654,2.2386,1.6526,1.094,1.3437,0.9514,1.0182,1.0985,1.1832,1.0316,1.0182
1/2/2021,49.0472,1.2257,0.9384,0.8152,1.71,1.903,1.6895,0.8275,1.4227,0.8316,1.3981,1.1066,1.0861,0.6715,0.7906,1.082,0.6962,0.8234,1.1641,0.9712,0.9548,0.9917,0.6715,0.9178,1.0943,0.8686,0.61,1.4761,0.7413,1.1641,0.7865,0.5895,0.8111,0.5484,0.7167,0.5115,0.7619,0.9712,1.0204,2.6933,1.9787,1.279,0.5936,0.8522,0.5895,1.16,0.9219,0.9425,0.6757
1/1/2021,39.1958,0.5753,0.8405,0.8717,1.3708,1.3708,1.4301,1.3334,0.828,1.1369,0.8686,1.1805,0.5348,0.6377,0.6658,0.672,0.541,0.5566,0.8623,0.8904,0.6159,0.5192,0.8842,0.6845,0.7126,0.5816,0.5254,1.1057,0.5785,0.8155,0.6471,0.5348,0.5722,0.4817,0.4599,0.4318,0.5878,0.644,0.8748,2.087,1.5438,0.6408,0.9902,0.7469,0.7282,0.5847,0.8873,0.7906,0.7719
12/31/2020,30.9479,0.6784,0.683,0.7151,0.7335,0.7771,1.0112,0.7748,0.8528,0.6371,0.5017,1.0226,0.5683,0.4581,0.5958,0.4581,0.6279,0.6394,0.4581,0.6807,0.4948,0.605,0.6371,0.8046,0.5017,0.5843,0.4994,0.5935,0.4237,0.6738,0.6348,0.4214,0.4788,0.4558,0.4007,0.3755,0.4696,0.5866,0.7174,1.6594,1.2372,0.4214,0.6692,0.6738,0.7082,0.683,0.6417,0.5683,0.4535
12/30/2020,37.9763,0.7572,0.8741,0.9401,0.9251,1.5486,1.1469,0.9011,1.1679,1.1679,1.1079,1.033,0.8681,0.5084,0.7032,0.8561,0.6103,0.5743,0.9101,0.8201,0.8022,0.6942,0.5534,0.7512,0.8561,0.5803,0.6823,0.7782,0.5174,0.6463,0.6733,0.5653,0.4664,0.5594,0.5743,0.4215,0.5534,0.8142,0.6912,0.8807,0.6787,0.955,0.973,0.8861,0.8531,0.7152,0.9011,0.8771,0.6553
12/29/2020,33.3524,0.7498,0.7295,0.8284,0.7523,1.4216,0.7903,0.9856,0.8639,0.547,0.7599,1.0819,0.5393,0.4481,0.5723,0.6686,0.552,0.585,0.6534,0.5393,0.5216,0.6205,0.4405,0.4684,0.4962,0.4227,0.6179,0.6839,0.514,0.5419,0.5875,0.5774,0.3568,0.5115,0.5241,0.3974,0.4937,0.5672,0.5698,2.6101,1.919,0.5977,0.7954,0.7447,0.5571,0.5393,0.6408,0.4937,0.4734
12/28/2020,39.1476,0.6401,0.6526,0.7367,0.9672,0.8488,1.1758,1.478,1.0108,1.1945,1.0886,1.3814,0.6837,0.8114,0.8052,0.855,0.5996,0.9204,0.7149,0.8426,0.7117,0.6401,0.6744,0.6962,0.9329,0.5373,0.7086,0.8332,0.5747,0.7149,0.8114,0.5311,0.4813,0.5093,0.5093,0.4937,0.5654,0.6775,0.7834,2.1184,1.5664,0.5342,1.0793,0.5716,0.6027,0.7055,0.6837,0.7336,0.7585
12/27/2020,43.2777,1.0521,0.6676,1.0733,1.3943,0.971,1.0028,1.3802,1.2356,1.4049,0.65,1.479,0.7911,0.7946,0.7876,0.8899,0.6464,0.6747,0.7311,0.8793,0.9675,0.8969,0.7699,0.9004,0.8828,0.7029,0.9075,1.3167,0.5724,1.1227,0.784,0.6076,0.4418,0.5265,0.4877,0.7064,0.7558,1.038,0.657,1.6993,1.2658,1.0451,0.6535,0.9886,0.6747,0.8546,1.0557,0.6676,0.8228
12/26/2020,33.229,0.7268,0.7621,0.8075,0.868,0.8706,1.0522,0.6157,1.1506,1.0673,0.7898,1.0699,0.641,0.5274,0.5804,0.4694,0.7141,0.6132,0.5098,0.6359,0.5981,0.5274,0.5628,0.7772,0.7646,0.6233,0.7167,0.6157,0.4417,0.8479,0.6157,0.5476,0.5375,0.3584,0.4089,0.4417,0.5602,0.5022,0.6359,1.5037,1.1255,0.6687,0.7394,0.5426,0.5224,0.7545,0.4795,0.6839,0.6536
12/25/2020,36.1885,0.9475,0.6741,0.612,1.0433,1.3619,0.7445,0.7643,1.0236,1.1448,0.7868,1.2576,0.5698,0.7502,0.7473,0.5867,0.5416,0.519,0.6712,0.6712,0.8263,0.7361,0.4824,0.7586,0.5698,0.4739,0.6628,0.722,0.4598,0.7586,0.7135,0.3583,0.488,0.3753,0.519,0.4993,0.6092,0.4796,0.6036,2.4632,1.8136,0.7502,0.5923,0.6459,0.5472,0.7304,0.7051,0.6628,0.7643
12/24/2020,32.8592,0.8254,0.6912,0.823,1.1834,0.8453,0.8031,0.8031,1.1784,0.8105,0.7434,0.5744,0.4451,0.5793,0.5246,0.7409,0.5321,0.4699,0.6539,0.7683,0.5619,0.6589,0.6116,0.7857,0.4327,0.5246,0.7036,0.8826,0.4476,0.8428,0.5072,0.5619,0.5818,0.5122,0.4401,0.3805,0.5619,0.7111,0.5843,1.5449,1.1551,0.5172,0.7235,0.5868,0.6962,0.731,0.4799,0.5669,0.5694
12/23/2020,31.5641,0.5319,0.7251,0.8123,0.9443,1.3025,0.8312,1.0032,1.015,0.9066,0.5131,0.6874,0.7204,0.6238,0.6285,0.4706,0.5201,0.5955,0.6686,0.5649,0.5673,0.5861,0.4023,0.4589,0.5626,0.4141,0.4212,0.5201,0.4117,0.5696,0.6097,0.3905,0.4329,0.5225,0.3905,0.3787,0.4989,0.7039,0.44,2.1318,1.576,0.5107,0.7888,0.7181,0.4824,0.6285,0.44,0.5296,0.4117
12/22/2020,26.9411,0.5246,0.6667,0.4072,0.6364,0.6383,0.6459,0.6989,0.6023,0.483,0.5114,0.4243,0.625,0.5322,0.3731,0.536,0.4167,0.3959,0.447,0.5,0.6212,0.4811,0.6137,0.6175,0.6629,0.3485,0.3826,0.6951,0.4281,0.697,0.5322,0.3655,0.3239,0.358,0.4243,0.3845,0.483,0.5152,0.625,1.8058,1.3422,0.644,0.6421,0.5531,0.3996,0.5322,0.5777,0.4565,0.3637
12/21/2020,31.2565,0.5271,0.5644,0.4481,0.9388,1.1806,0.9574,0.6062,0.869,0.7109,0.7969,0.8806,0.6271,0.5248,0.6225,0.5574,0.4969,0.5295,0.7178,0.4946,0.6644,0.5667,0.562,0.6388,0.6946,0.5597,0.5644,0.4737,0.4295,0.7527,0.6644,0.3457,0.455,0.362,0.4527,0.4992,0.5248,0.4318,0.462,1.7513,1.3031,0.7946,0.5341,0.7155,0.583,0.4853,0.6132,0.6434,0.6783
12/20/2020,27.6192,0.5551,0.4511,0.5296,0.922,0.8886,0.5375,0.7827,0.5551,0.4256,0.4845,0.5689,0.457,0.3903,0.4099,0.4511,0.5492,0.5983,0.614,0.4806,0.563,0.5571,0.5551,0.563,0.5434,0.4413,0.5944,0.7964,0.4296,0.7258,0.4708,0.3197,0.4198,0.459,0.3158,0.4551,0.4315,0.4845,0.5669,1.7354,1.2917,0.4531,0.6375,0.4649,0.5944,0.4237,0.6199,0.5806,0.4747
12/19/2020,33.7227,0.712,0.7686,0.5602,1.1595,1.3062,0.8509,1.1467,1.0387,0.5294,0.7454,0.8972,0.7017,0.6091,0.4599,0.5319,0.5551,0.4933,0.73,0.7506,0.7634,0.6657,0.5551,0.8406,0.5474,0.5319,0.5088,0.8174,0.4599,0.9692,0.622,0.5808,0.5088,0.5731,0.5011,0.4728,0.5782,0.5088,0.6245,1.5972,1.1926,0.4676,0.5499,0.7609,0.4625,0.73,0.6528,0.6374,0.4959
12/18/2020,31.4413,0.7668,0.809,0.7785,0.966,0.7293,0.6425,0.8043,0.6988,0.9449,0.5558,0.4972,0.7879,0.5183,0.53,0.4808,0.5628,0.5933,0.6074,0.7152,0.5534,0.4316,0.6824,0.5417,0.5347,0.5628,0.6824,0.4948,0.4198,0.5464,0.5441,0.3354,0.3378,0.4808,0.394,0.5324,0.5042,0.4831,0.5699,2.2853,1.6861,0.6167,0.5441,0.6425,0.68,0.4995,0.7316,0.455,0.68
12/17/2020,27.3722,0.5909,0.6122,0.5599,0.9377,1.0055,0.649,0.6355,0.5386,0.3759,0.4592,0.8118,0.496,0.4146,0.4824,0.4166,0.5541,0.3953,0.4863,0.587,0.5212,0.4611,0.6316,0.3953,0.4669,0.5192,0.4844,0.6917,0.4185,0.6878,0.5192,0.3294,0.4863,0.3875,0.3662,0.4379,0.4863,0.4204,0.4011,1.6683,1.2435,0.5561,0.7323,0.5328,0.3778,0.6316,0.5289,0.4592,0.5212
12/16/2020,29.2836,0.6817,0.6647,0.4731,0.835,0.9116,0.7179,0.7137,0.8307,0.4434,0.7307,0.5519,0.6519,0.4519,0.405,0.5157,0.5221,0.6626,0.5966,0.5455,0.4774,0.5306,0.6136,0.5157,0.7349,0.4285,0.6264,0.7158,0.4689,0.5051,0.554,0.4987,0.3667,0.4221,0.388,0.3497,0.4859,0.4731,0.5072,1.8474,1.372,0.7073,0.554,0.686,0.5413,0.4519,0.5817,0.5817,0.3923
12/15/2020,28.6055,0.4613,0.5128,0.6097,0.9435,0.9208,0.9064,0.9126,0.6365,0.6777,0.7106,0.7498,0.4119,0.4304,0.449,0.5973,0.5747,0.5808,0.484,0.5458,0.4613,0.5396,0.4345,0.5149,0.4654,0.5376,0.4964,0.4675,0.3974,0.8137,0.5005,0.4902,0.3439,0.4242,0.3913,0.3892,0.4469,0.5953,0.4593,1.5394,1.1512,0.6571,0.6962,0.6117,0.6097,0.4531,0.6159,0.4634,0.5231
12/14/2020,29.0988,0.4937,0.4958,0.5739,0.8545,1.0001,0.9684,0.8144,0.6984,0.9325,0.5929,0.9009,0.7195,0.462,0.5675,0.4958,0.6329,0.4853,0.4262,0.481,0.6034,0.4409,0.3988,0.6667,0.3945,0.422,0.4684,0.4431,0.4557,0.8123,0.5507,0.308,0.3903,0.4283,0.3397,0.4578,0.5275,0.6329,0.6034,1.3352,1.0047,0.6751,0.7743,0.4768,0.4241,0.6182,0.7089,0.5359,0.6055
12/13/2020,29.5298,0.6059,0.6834,0.5219,0.8836,0.7824,0.5714,0.7437,0.6145,0.7953,0.8879,0.804,0.6296,0.5327,0.4121,0.5391,0.6855,0.6446,0.6016,0.6489,0.6145,0.5004,0.5628,0.7071,0.4638,0.3604,0.4939,0.692,0.4444,0.72,0.5284,0.3518,0.4336,0.4379,0.397,0.3755,0.5456,0.4121,0.4896,1.665,1.2412,0.5262,0.6274,0.6339,0.636,0.5736,0.5585,0.5284,0.4207
12/12/2020,29.2838,0.5583,0.5732,0.6115,1.0265,1.2351,0.7073,0.6115,0.5562,0.8946,0.8669,0.786,0.6775,0.4221,0.5051,0.5029,0.5796,0.5604,0.4561,0.4753,0.4646,0.4668,0.6753,0.7179,0.5157,0.4455,0.6285,0.7647,0.3944,0.7711,0.4604,0.4774,0.4114,0.3178,0.4583,0.4923,0.4689,0.5753,0.5413,1.2723,0.9596,0.5051,0.7094,0.3838,0.6328,0.5625,0.5923,0.5838,0.4285
12/11/2020,27.6807,0.5268,0.639,0.4363,0.6508,0.9421,0.6154,0.6941,0.6036,0.7551,0.6016,0.5583,0.5249,0.4127,0.3871,0.4245,0.5957,0.454,0.6331,0.4776,0.4422,0.4658,0.5308,0.639,0.4402,0.5741,0.4757,0.4048,0.391,0.4265,0.578,0.3497,0.3576,0.454,0.3654,0.4087,0.4638,0.4855,0.4363,1.903,1.4119,0.6528,0.7256,0.5229,0.5819,0.5859,0.5701,0.6311,0.4737
12/10/2020,33.4143,0.4945,0.8478,0.7868,1.0816,1.3205,0.9342,0.7664,0.891,0.8198,0.9596,1.1604,0.6673,0.5123,0.6597,0.6927,0.5428,0.6495,0.6241,0.6343,0.7258,0.6394,0.5148,0.7105,0.586,0.6038,0.7232,0.6826,0.4793,0.8554,0.68,0.5631,0.5098,0.4869,0.4056,0.4056,0.5936,0.4767,0.6978,1.182,0.8948,0.6267,0.4691,0.7029,0.4081,0.7385,0.8096,0.6978,0.4996
12/9/2020,40.4423,0.7733,0.8901,0.676,1.4838,1.0037,1.3443,1.1918,1.26,1.3346,1.1205,0.9258,0.9031,0.6663,0.5625,0.822,0.5689,0.9485,0.9615,0.8285,0.9128,0.5495,0.5398,0.7636,0.6306,0.8123,0.5884,1.1594,0.5657,1.1205,0.7085,0.3711,0.6857,0.5527,0.5138,0.5041,0.6857,0.9777,0.9031,1.5874,1.1856,0.7896,0.7214,0.6728,0.5787,0.7312,1.0296,0.6436,0.6922
12/8/2020,36.003,0.5475,0.9032,0.5419,1.1916,0.99,1.228,0.9928,0.7015,0.5139,0.6259,0.976,0.8696,0.6399,0.7519,0.7127,0.7127,0.5839,0.8443,0.7715,0.5615,0.6147,0.4691,0.8191,0.4915,0.5783,0.7799,0.6455,0.5447,0.9144,0.5867,0.6175,0.6147,0.4999,0.4439,0.5783,0.6231,0.6343,0.5167,2.3503,1.7327,0.8892,0.4775,0.5699,0.5643,0.8696,0.4831,0.6427,0.7911
12/7/2020,34.4624,0.4895,0.8415,0.7038,0.8785,0.8415,0.9949,0.9235,1.1405,0.4842,0.7647,0.5345,0.4948,0.4948,0.5186,0.4763,0.4922,0.6615,0.7012,0.7753,0.7435,0.5345,0.4816,0.6827,0.6403,0.5583,0.561,0.5504,0.5186,0.8997,0.7144,0.5954,0.3837,0.4842,0.5318,0.463,0.598,0.4763,0.7965,3.1625,2.3151,0.6959,0.6192,0.5424,0.4789,0.5901,0.6006,0.5266,0.5054
12/6/2020,42.5384,1.0992,0.961,0.5949,1.0267,1.79,0.9921,0.7469,1.2788,0.5915,1.1234,1.3997,0.7435,0.7987,0.8125,0.6088,0.9058,0.664,0.8333,0.8816,0.9507,0.6295,0.8402,0.9507,1.0474,0.5293,0.8782,1.2753,0.5224,1.1614,0.8747,0.5466,0.6122,0.5673,0.4913,0.5569,0.7573,0.5466,0.816,2.4999,1.8399,0.7745,0.6951,0.7953,0.7124,0.8125,0.7435,0.5949,0.664
12/5/2020,40.3808,0.7722,0.824,0.8143,1.0118,1.2806,1.3615,1.3065,1.1802,1.1964,0.9891,0.6362,1.015,0.5229,0.6427,0.892,0.7009,0.9438,0.743,0.9017,0.824,0.5423,0.8013,0.6265,0.5585,0.7851,0.5261,0.9341,0.5876,1.2417,0.6394,0.6006,0.5067,0.6589,0.4128,0.5779,0.5876,0.6006,0.879,2.1353,1.5785,0.9503,0.6686,0.8272,0.7398,0.9729,0.5585,0.5876,0.7366
12/4/2020,36.3116,0.58,0.9169,0.5715,1.0415,1.0698,1.0783,0.6225,1.2935,0.9028,1.0472,0.5828,0.6536,0.7216,0.7131,0.6253,0.4979,0.7216,0.7584,0.5885,0.8461,0.8037,0.7584,0.5291,0.8971,0.7499,0.5659,0.8999,0.5121,0.9226,0.7187,0.5432,0.4696,0.5319,0.396,0.5857,0.6395,0.764,0.4724,1.6703,1.245,0.8801,0.6536,0.866,0.8377,0.5234,0.5715,0.8008,0.6706
12/3/2020,30.0233,0.5036,0.5389,0.4287,0.9155,0.9969,0.6754,0.5256,0.8956,0.7613,0.5367,0.812,0.4684,0.5367,0.4111,0.5433,0.519,0.5587,0.5256,0.5036,0.6974,0.5411,0.4596,0.5785,0.3979,0.4926,0.4265,0.3869,0.4662,0.4552,0.6159,0.3649,0.3803,0.4155,0.4331,0.4001,0.464,0.6137,0.4376,2.9011,2.1276,0.6446,0.7525,0.453,0.5367,0.4618,0.5234,0.5455,0.3935
12/2/2020,34.4004,0.7052,0.6656,0.5046,1.1646,0.7211,0.692,0.9534,0.8927,0.7844,0.7607,0.6445,0.7264,0.5732,0.5257,0.6049,0.4888,0.5468,0.6445,0.7052,0.626,0.5759,0.568,0.861,0.4333,0.597,0.597,0.663,0.465,0.7739,0.5468,0.5442,0.4993,0.5231,0.4676,0.4756,0.5917,0.5785,0.5759,3.0909,2.2638,0.7554,0.8108,0.5706,0.5284,0.6683,0.4808,0.5204,0.4439
12/1/2020,27.8659,0.56,0.568,0.4468,0.713,0.6832,0.5521,0.7944,0.5401,0.4944,0.6097,0.9057,0.6613,0.568,0.4706,0.5739,0.413,0.5123,0.6077,0.6474,0.5918,0.4746,0.6156,0.4984,0.4865,0.3832,0.564,0.5163,0.4269,0.5183,0.4766,0.3077,0.4845,0.4627,0.3673,0.3594,0.4488,0.6057,0.5501,1.7667,1.3141,0.6474,0.6395,0.6415,0.5799,0.4229,0.4666,0.4249,0.5024
11/30/2020,25.9543,0.4809,0.6478,0.3731,0.7628,0.7915,0.8202,0.8507,0.5617,0.5796,0.752,0.4378,0.6407,0.4611,0.4252,0.5401,0.5922,0.4575,0.5688,0.497,0.4575,0.4791,0.3696,0.3965,0.5347,0.3354,0.3929,0.576,0.3552,0.6281,0.4881,0.4306,0.4557,0.3731,0.3857,0.4539,0.4414,0.4827,0.3588,1.1809,0.894,0.5365,0.4863,0.5922,0.5383,0.5419,0.5204,0.4916,0.5365
11/29/2020,30.2081,0.5042,0.7241,0.7507,0.864,0.9728,0.9817,0.8085,0.7485,0.6641,0.5886,0.5997,0.6419,0.6197,0.4532,0.4465,0.6997,0.6797,0.5375,0.7041,0.6797,0.4909,0.502,0.5575,0.5686,0.4309,0.4576,0.522,0.4487,0.7374,0.5109,0.3799,0.4487,0.3932,0.4554,0.5087,0.482,0.6908,0.4776,1.5583,1.1647,0.6597,0.5531,0.6863,0.6353,0.7152,0.5864,0.4487,0.4687
11/28/2020,31.0097,0.7695,0.5693,0.6292,0.712,0.9536,0.827,0.9099,0.857,0.6614,0.4566,0.9835,0.5532,0.4221,0.4681,0.5026,0.6821,0.7235,0.521,0.6821,0.6821,0.4382,0.6752,0.8086,0.6568,0.5992,0.5716,0.5417,0.4865,0.5164,0.5946,0.4842,0.5118,0.4796,0.3461,0.4083,0.5647,0.4451,0.7143,1.5201,1.1373,0.4244,0.4727,0.6867,0.5463,0.712,0.7718,0.6798,0.6499
11/27/2020,27.9888,0.4765,0.7024,0.5225,0.6784,0.9562,0.6984,0.8623,0.9322,0.4885,0.5245,0.7523,0.6484,0.5005,0.4145,0.4345,0.6064,0.4625,0.4725,0.5764,0.6484,0.4485,0.4905,0.4785,0.5005,0.4885,0.4105,0.6024,0.3845,0.6884,0.5125,0.4685,0.4545,0.3486,0.4005,0.4105,0.4685,0.4405,0.4505,1.6415,1.2244,0.4445,0.6444,0.6484,0.4485,0.6524,0.5305,0.4745,0.4745
11/26/2020,30.2083,0.5886,0.5242,0.6219,0.7241,1.1594,0.733,0.542,0.6508,0.4265,0.8418,0.9839,0.4953,0.5509,0.5598,0.4731,0.4465,0.6775,0.5842,0.5065,0.5242,0.4221,0.5553,0.5886,0.5731,0.5087,0.5331,0.5287,0.4709,0.8684,0.4998,0.4087,0.4043,0.4865,0.3821,0.3488,0.4842,0.4665,0.693,2.28,1.6822,0.4287,0.6575,0.7041,0.4509,0.4576,0.5198,0.5797,0.6108
11/25/2020,31.2561,0.4667,0.5992,0.7481,1.0551,0.9597,0.8085,0.8016,0.8341,0.6434,0.7155,0.8434,0.7644,0.5039,0.5504,0.6737,0.5085,0.6085,0.7318,0.7271,0.6644,0.6504,0.469,0.7713,0.7899,0.6295,0.5295,0.4271,0.4876,0.9318,0.5992,0.3271,0.3364,0.4155,0.3643,0.4806,0.4806,0.583,0.4504,1.4127,1.0602,0.683,0.5155,0.6946,0.462,0.5527,0.5992,0.6667,0.6783
11/24/2020,32.5504,0.6184,0.7215,0.4465,0.9204,1.0873,0.8958,0.6651,1.1806,0.7436,0.9498,0.7215,0.7043,0.6012,0.557,0.638,0.5079,0.6773,0.7657,0.6552,0.697,0.6012,0.503,0.7215,0.7289,0.4834,0.4171,0.5791,0.4318,0.8001,0.5865,0.5202,0.503,0.4441,0.4637,0.4441,0.5374,0.7804,0.6773,1.4663,1.0987,0.7804,0.6994,0.4564,0.5128,0.7019,0.6037,0.6871,0.5668
11/23/2020,33.0442,0.6676,0.8404,0.625,0.933,1.231,0.6776,0.8779,1.2235,0.655,0.9731,0.8103,0.5523,0.6375,0.6575,0.5473,0.5624,0.5899,0.6375,0.5649,0.5674,0.6325,0.4922,0.63,0.5048,0.5549,0.5799,0.908,0.4622,0.7201,0.5924,0.5148,0.4221,0.5273,0.4622,0.4497,0.5273,0.5098,0.4346,1.6951,1.2628,0.8404,0.5949,0.7201,0.7101,0.63,0.6876,0.6901,0.4572
11/22/2020,37.6682,0.8164,0.6058,0.5375,0.8223,1.1872,1.3385,0.9321,0.763,0.493,1.1279,1.1279,0.7482,0.7304,0.6028,0.7096,0.5434,0.8431,0.6384,0.7155,0.8312,0.6325,0.7482,0.6651,0.5108,0.7037,0.5464,1.0508,0.5612,0.9351,0.7037,0.4722,0.5227,0.588,0.6058,0.6414,0.6948,0.8935,0.6414,2.3764,1.7514,0.5969,0.7304,0.6977,0.4426,0.7749,0.8787,0.5523,0.6354
11/21/2020,39.1476,0.7865,0.7024,0.746,1.288,1.4063,0.9858,0.7522,1.4126,0.4999,1.1042,0.7647,0.5529,0.7585,0.8052,0.5685,0.5965,0.7211,0.5903,0.8457,0.6713,0.5996,0.4719,0.827,0.5186,0.6868,0.8208,1.0357,0.556,0.7834,0.5965,0.4065,0.5778,0.5311,0.5809,0.6401,0.6744,0.7024,0.827,2.7134,1.9931,0.9734,0.7117,0.6495,0.8706,0.9204,0.5934,0.5436,0.7834
11/20/2020,31.6882,0.8205,0.5646,0.766,0.8678,1.2208,0.9744,1.1379,0.7565,0.901,0.7257,0.5646,0.8323,0.5883,0.432,0.6073,0.5244,0.4912,0.6073,0.7328,0.6665,0.6689,0.7068,0.548,0.6925,0.458,0.4391,0.7968,0.4201,0.7257,0.567,0.3917,0.3751,0.5101,0.4391,0.4414,0.4675,0.4983,0.6902,1.0633,0.8097,0.7518,0.6428,0.4912,0.676,0.6073,0.6712,0.6973,0.6594
11/19/2020,23.2419,0.3572,0.3922,0.5675,0.63,0.6483,0.534,0.7992,0.6133,0.3922,0.5553,0.6194,0.4212,0.4029,0.4547,0.5203,0.4867,0.4639,0.4151,0.3907,0.4502,0.438,0.3374,0.3557,0.4502,0.3694,0.5035,0.47,0.3602,0.5751,0.4563,0.374,0.3267,0.3572,0.3877,0.3709,0.4166,0.3679,0.4852,1.2727,0.9598,0.3633,0.409,0.4441,0.3846,0.5081,0.3648,0.5142,0.505
11/18/2020,22.3174,0.4315,0.4272,0.3614,0.6348,0.6534,0.5275,0.7351,0.7136,0.3227,0.6234,0.5346,0.5389,0.3886,0.4,0.3657,0.5103,0.3771,0.3872,0.4845,0.4516,0.4487,0.3156,0.4888,0.3456,0.2941,0.4544,0.3514,0.3242,0.3829,0.4058,0.3557,0.3929,0.3471,0.2998,0.3485,0.3972,0.4301,0.4659,1.1755,0.8902,0.38,0.3972,0.4301,0.5046,0.4759,0.4902,0.39,0.4659
11/17/2020,24.4747,0.4088,0.3891,0.3726,0.7103,0.8339,0.8092,0.8372,0.6362,0.4599,0.4682,0.6906,0.5374,0.4649,0.4682,0.4401,0.511,0.5011,0.4434,0.4583,0.4962,0.45,0.366,0.4401,0.4566,0.4813,0.4682,0.3397,0.3429,0.6263,0.478,0.2721,0.3693,0.3182,0.4121,0.3001,0.4616,0.5719,0.4121,1.3746,1.0329,0.4978,0.5456,0.3397,0.3528,0.3858,0.5077,0.4352,0.4995
11/16/2020,20.9607,0.3922,0.4531,0.4725,0.4894,0.6721,0.7058,0.3805,0.5827,0.5361,0.4375,0.4505,0.5296,0.4194,0.4324,0.3909,0.3468,0.3274,0.339,0.4505,0.4285,0.4388,0.3857,0.3559,0.3196,0.3727,0.3196,0.3339,0.3131,0.4492,0.3727,0.3637,0.2742,0.3378,0.3727,0.3248,0.3974,0.4622,0.3144,1.0837,0.8243,0.4518,0.492,0.3987,0.3313,0.4181,0.5192,0.3702,0.3261
11/15/2020,20.7144,0.3879,0.5087,0.4489,0.6651,0.5773,0.6943,0.6613,0.7032,0.5328,0.4553,0.337,0.4566,0.4273,0.3599,0.3637,0.379,0.4184,0.3866,0.4438,0.3701,0.3243,0.332,0.3447,0.4375,0.2964,0.3345,0.3091,0.3002,0.4286,0.3701,0.3281,0.3637,0.332,0.2595,0.3014,0.3854,0.3612,0.3078,1.2166,0.9196,0.3142,0.365,0.3205,0.3192,0.4171,0.3409,0.4655,0.3421
11/14/2020,24.4133,0.5376,0.4408,0.426,0.5901,0.9397,0.5507,0.7264,0.6525,0.5639,0.4473,0.5376,0.3521,0.4588,0.5163,0.4523,0.5524,0.4588,0.4194,0.4293,0.5245,0.5343,0.5343,0.5852,0.5737,0.3636,0.4637,0.3406,0.3374,0.6755,0.5048,0.3324,0.3374,0.4244,0.3997,0.3456,0.4605,0.5425,0.5475,1.1072,0.8412,0.4309,0.4966,0.4473,0.513,0.4999,0.3571,0.4621,0.3784
11/13/2020,21.5157,0.3329,0.5302,0.3816,0.5343,0.7965,0.6573,0.4573,0.6005,0.5221,0.5451,0.4032,0.3667,0.3464,0.364,0.3437,0.4802,0.4127,0.4802,0.4546,0.3708,0.3708,0.4491,0.3599,0.4978,0.4181,0.3153,0.5127,0.314,0.5681,0.3694,0.2816,0.3748,0.3275,0.314,0.2924,0.3491,0.3545,0.3708,1.2859,0.9693,0.4018,0.3343,0.3613,0.3248,0.3653,0.4127,0.3653,0.4748
11/12/2020,17.6933,0.3247,0.409,0.3547,0.5631,0.5127,0.3935,0.4982,0.5593,0.3004,0.4924,0.3528,0.378,0.3179,0.2927,0.3867,0.3857,0.345,0.3218,0.3402,0.3189,0.3382,0.2878,0.2956,0.3983,0.3004,0.3508,0.4575,0.2694,0.3218,0.3033,0.3004,0.315,0.2403,0.2694,0.2578,0.3072,0.3237,0.3702,0.7645,0.5954,0.4206,0.4342,0.3111,0.3063,0.3702,0.3353,0.3082,0.2927
11/11/2020,23.9814,0.4527,0.5806,0.5566,0.6014,0.6126,0.7979,0.4256,0.4927,0.5438,0.5614,0.4831,0.4975,0.3505,0.3808,0.4687,0.3696,0.424,0.5358,0.5326,0.4447,0.4911,0.4783,0.5263,0.5151,0.4591,0.4559,0.6205,0.3265,0.555,0.4575,0.2881,0.3984,0.3489,0.3233,0.3169,0.3936,0.3888,0.4815,1.3077,0.985,0.5582,0.5342,0.5279,0.3776,0.424,0.4016,0.3968,0.531
11/10/2020,19.3579,0.3632,0.3257,0.479,0.588,0.6278,0.4449,0.3484,0.5392,0.3155,0.4813,0.5619,0.4438,0.295,0.3552,0.3507,0.3722,0.3325,0.3904,0.4052,0.4165,0.3632,0.3586,0.3495,0.3189,0.3189,0.345,0.4938,0.3245,0.3984,0.3563,0.2621,0.3518,0.2643,0.3075,0.3245,0.3302,0.3722,0.3666,1.0788,0.8208,0.3916,0.3893,0.2905,0.3688,0.3711,0.3359,0.3268,0.3416
11/9/2020,20.0363,0.3881,0.4242,0.4411,0.4628,0.6048,0.4146,0.4206,0.4363,0.3316,0.4002,0.3304,0.3773,0.3653,0.3448,0.3893,0.3737,0.3749,0.3905,0.4447,0.4062,0.3219,0.3171,0.4603,0.4098,0.3978,0.3604,0.4676,0.3051,0.5001,0.3869,0.3568,0.3665,0.334,0.3436,0.269,0.3376,0.3412,0.4351,1.1669,0.884,0.4928,0.3484,0.3508,0.328,0.4387,0.4447,0.405,0.3448
11/8/2020,20.4059,0.4805,0.4421,0.3652,0.4408,0.7845,0.4917,0.6914,0.4396,0.586,0.5054,0.5438,0.3093,0.3391,0.3404,0.3317,0.3354,0.3614,0.3515,0.3528,0.4582,0.4346,0.3738,0.3738,0.4346,0.3565,0.385,0.3999,0.3242,0.3987,0.4322,0.2932,0.2709,0.2994,0.3093,0.3639,0.3428,0.3999,0.421,0.9563,0.733,0.3962,0.4173,0.4644,0.3093,0.3317,0.4346,0.4123,0.3863
11/7/2020,18.988,0.4414,0.4622,0.3161,0.5699,0.4699,0.6029,0.4216,0.4117,0.4842,0.5249,0.4128,0.2875,0.3568,0.3809,0.3194,0.3798,0.3326,0.4216,0.3502,0.4304,0.3645,0.3809,0.4304,0.448,0.3798,0.3809,0.4677,0.2985,0.4919,0.3172,0.3381,0.2897,0.248,0.2941,0.3095,0.3568,0.2897,0.3535,0.6709,0.5283,0.3502,0.3172,0.3029,0.3666,0.4304,0.4392,0.3524,0.4139
11/6/2020,26.0777,0.3872,0.5571,0.5644,0.7524,1.0001,0.8717,0.8319,0.7994,0.6982,0.6096,0.5734,0.5174,0.5029,0.4523,0.5156,0.4686,0.4198,0.4921,0.5951,0.4631,0.436,0.5282,0.5463,0.5969,0.5011,0.5608,0.3764,0.3637,0.7542,0.5336,0.342,0.3095,0.295,0.4414,0.4396,0.483,0.5752,0.4993,0.8036,0.6234,0.4523,0.5156,0.427,0.5445,0.5951,0.5734,0.4396,0.4487
11/5/2020,23.9815,0.368,0.571,0.5854,0.6142,0.881,0.6381,0.547,0.5742,0.4463,0.4144,0.4767,0.6014,0.3521,0.4671,0.4623,0.3648,0.4064,0.432,0.4735,0.5279,0.4591,0.5071,0.5982,0.392,0.4032,0.4911,0.5263,0.3648,0.4511,0.4112,0.4208,0.2849,0.3121,0.4208,0.3568,0.4352,0.3632,0.5023,1.492,1.1171,0.4671,0.5598,0.4639,0.3648,0.3776,0.4655,0.4272,0.3425
11/4/2020,24.598,0.4356,0.5683,0.5318,0.57,0.8986,0.5086,0.7509,0.5816,0.5517,0.4654,0.6762,0.3824,0.497,0.482,0.4605,0.4107,0.4356,0.4223,0.5036,0.5733,0.502,0.4356,0.5899,0.4372,0.4123,0.3376,0.3443,0.3824,0.6613,0.4007,0.2928,0.3243,0.3376,0.3343,0.404,0.4605,0.4107,0.3443,1.8602,1.3812,0.3592,0.4903,0.3675,0.4372,0.4206,0.4621,0.3658,0.336
11/3/2020,20.0979,0.3445,0.4123,0.4304,0.6373,0.6965,0.5611,0.4752,0.3953,0.4183,0.503,0.3905,0.3627,0.3542,0.4098,0.4449,0.3227,0.3711,0.3215,0.4425,0.3421,0.4292,0.4498,0.3155,0.4933,0.3312,0.2985,0.5417,0.2949,0.5562,0.4256,0.3397,0.261,0.2647,0.3433,0.3118,0.3639,0.4437,0.3602,1.0297,0.7856,0.3034,0.3844,0.3893,0.3034,0.3324,0.4606,0.3239,0.3251
11/2/2020,11.8986,0.27,0.268,0.2403,0.2852,0.355,0.2571,0.2626,0.3,0.2832,0.293,0.2762,0.2696,0.2232,0.2248,0.2158,0.2201,0.2251,0.261,0.2322,0.2232,0.2333,0.2287,0.2392,0.2095,0.2283,0.222,0.2789,0.2209,0.2657,0.2481,0.2224,0.2314,0.1967,0.2107,0.217,0.2345,0.2419,0.2287,0.3508,0.2987,0.2579,0.2696,0.217,0.2095,0.2364,0.247,0.2548,0.2134
11/1/2020,19.4813,0.363,0.3607,0.4238,0.5972,0.7109,0.4881,0.6397,0.3814,0.4238,0.5352,0.4101,0.4755,0.3205,0.3423,0.4238,0.4158,0.3699,0.3538,0.363,0.3274,0.3228,0.2792,0.3584,0.3159,0.3389,0.3814,0.3906,0.2826,0.4124,0.355,0.239,0.3573,0.3056,0.3343,0.2964,0.3607,0.3573,0.4261,0.8467,0.6543,0.4365,0.4434,0.3917,0.3733,0.394,0.2976,0.3802,0.4238
10/31/2020,22.9338,0.3802,0.4429,0.3862,0.661,0.4937,0.4609,0.776,0.7536,0.6072,0.5296,0.5355,0.4235,0.4474,0.3638,0.4385,0.3787,0.3578,0.3698,0.4937,0.4295,0.3817,0.4265,0.5191,0.4638,0.3578,0.4146,0.5101,0.3339,0.5908,0.4355,0.3026,0.2951,0.3772,0.3892,0.307,0.434,0.3847,0.4474,1.2207,0.9226,0.4609,0.5475,0.3474,0.4429,0.434,0.5624,0.4385,0.4564
10/30/2020,17.4471,0.4038,0.3707,0.4255,0.4161,0.451,0.4567,0.4869,0.4246,0.3358,0.2885,0.3868,0.3121,0.3377,0.2876,0.3046,0.3197,0.297,0.3358,0.3084,0.3745,0.3046,0.3084,0.2942,0.4066,0.2914,0.3244,0.2904,0.2762,0.4879,0.3424,0.2961,0.2923,0.2914,0.3112,0.246,0.3027,0.3518,0.3225,0.9534,0.7309,0.2933,0.2942,0.3754,0.3887,0.3906,0.2744,0.3877,0.2942
10/29/2020,18.8647,0.3307,0.435,0.4654,0.4415,0.6273,0.5122,0.4448,0.472,0.4046,0.3394,0.5545,0.3981,0.3492,0.3818,0.3959,0.4242,0.3503,0.3068,0.3199,0.3807,0.2894,0.3872,0.3166,0.3427,0.3253,0.3394,0.359,0.3079,0.5154,0.3199,0.2797,0.3405,0.2492,0.3362,0.2829,0.3123,0.2916,0.3318,0.8082,0.6268,0.4133,0.4524,0.4122,0.4318,0.3383,0.4524,0.3807,0.2873
10/28/2020,18.6799,0.3525,0.3269,0.3397,0.4262,0.6708,0.5789,0.5041,0.58,0.4999,0.3098,0.5725,0.361,0.298,0.36,0.3194,0.3813,0.3974,0.3407,0.3215,0.3258,0.3087,0.313,0.4379,0.2777,0.3173,0.3536,0.4678,0.3108,0.4849,0.361,0.2991,0.2959,0.3162,0.3258,0.3173,0.313,0.3076,0.3514,0.7631,0.5944,0.3525,0.3333,0.3728,0.3034,0.3899,0.4176,0.3803,0.3472
10/27/2020,22.3789,0.4787,0.3766,0.4197,0.5937,0.5793,0.5132,0.7447,0.6009,0.4169,0.4715,0.68,0.5549,0.3708,0.4456,0.483,0.4327,0.3651,0.4586,0.4169,0.4758,0.3378,0.3507,0.4988,0.4356,0.4456,0.3953,0.5434,0.3119,0.6297,0.3967,0.3723,0.3823,0.3205,0.3061,0.3867,0.3881,0.3665,0.4888,1.1849,0.8969,0.3579,0.3766,0.3996,0.3421,0.3867,0.506,0.3708,0.322
10/26/2020,27.5573,0.507,0.6497,0.4307,0.7573,0.593,0.9098,0.4972,0.7632,0.4561,0.7612,0.9079,0.4092,0.4268,0.5265,0.4405,0.5167,0.4679,0.4385,0.5031,0.4698,0.4991,0.5226,0.7162,0.4561,0.3681,0.3974,0.3701,0.374,0.6497,0.4366,0.327,0.4639,0.3759,0.329,0.4053,0.507,0.3818,0.5207,1.9776,1.4654,0.4502,0.6888,0.6536,0.4835,0.5872,0.6712,0.5715,0.4757
10/25/2020,23.9816,0.5007,0.5454,0.4096,0.5694,0.9658,0.6765,0.6078,0.7324,0.6046,0.4959,0.7963,0.5742,0.4479,0.3441,0.4192,0.4288,0.539,0.4623,0.4911,0.4527,0.4559,0.3313,0.4831,0.4975,0.36,0.3345,0.6685,0.3856,0.4048,0.4783,0.4176,0.4288,0.2817,0.4128,0.3632,0.4,0.4815,0.5119,0.6748,0.5311,0.4447,0.5358,0.5454,0.4991,0.5215,0.563,0.416,0.4895
10/24/2020,15.9674,0.2647,0.373,0.3539,0.463,0.5308,0.4503,0.3882,0.4288,0.2774,0.3993,0.4583,0.334,0.2591,0.2758,0.2862,0.2854,0.3085,0.2838,0.3507,0.3523,0.279,0.318,0.3324,0.2519,0.2543,0.3268,0.3619,0.275,0.4097,0.3372,0.2495,0.2543,0.2718,0.2344,0.2814,0.2886,0.2623,0.2559,0.6863,0.5393,0.3388,0.2742,0.2782,0.3252,0.3165,0.2647,0.2718,0.3045
10/23/2020,15.8437,0.2882,0.2828,0.3055,0.4867,0.4506,0.4702,0.3008,0.3094,0.42,0.391,0.4098,0.293,0.3173,0.2608,0.3118,0.2639,0.3439,0.3643,0.3243,0.3055,0.2592,0.3283,0.3792,0.3628,0.289,0.329,0.4043,0.2569,0.3996,0.3047,0.2631,0.282,0.2843,0.2773,0.2545,0.2843,0.2647,0.2514,0.5248,0.4235,0.3463,0.2812,0.2765,0.3471,0.3181,0.3188,0.322,0.311
10/22/2020,14.7958,0.2768,0.2747,0.3406,0.4161,0.484,0.2917,0.3169,0.3338,0.3488,0.342,0.3719,0.2659,0.2938,0.2659,0.3257,0.3039,0.287,0.2747,0.3114,0.2761,0.2958,0.3318,0.2611,0.27,0.2305,0.2401,0.357,0.2571,0.3284,0.2992,0.2727,0.236,0.2285,0.2475,0.2387,0.2863,0.2679,0.3114,0.6491,0.5126,0.2448,0.3087,0.3345,0.2394,0.2876,0.3114,0.2842,0.2618
10/21/2020,16.8303,0.3724,0.3221,0.4104,0.4563,0.4095,0.3548,0.4572,0.391,0.2664,0.2912,0.3406,0.2735,0.3459,0.323,0.3062,0.2947,0.2815,0.3265,0.3698,0.3397,0.3194,0.3389,0.3318,0.3406,0.2717,0.2673,0.2567,0.2559,0.3097,0.3168,0.2894,0.2417,0.2532,0.2408,0.2523,0.2929,0.27,0.2788,1.1077,0.8416,0.3336,0.3963,0.3009,0.3548,0.3759,0.3662,0.3662,0.3265
10/20/2020,23.1185,0.5794,0.4161,0.4176,0.6973,0.6096,0.5794,0.7502,0.7381,0.6142,0.5628,0.5643,0.4071,0.3889,0.398,0.3904,0.4418,0.3783,0.4675,0.3768,0.5144,0.4947,0.4191,0.5401,0.398,0.4176,0.3224,0.3239,0.3587,0.4101,0.4146,0.3753,0.3587,0.3738,0.277,0.3481,0.3814,0.4963,0.4826,1.1669,0.884,0.5734,0.3934,0.3617,0.3451,0.5053,0.5779,0.3753,0.4509
10/19/2020,27.2492,0.6575,0.5016,0.6517,0.9135,1.0983,0.954,0.8481,0.8154,0.5132,0.4939,0.7961,0.5632,0.5478,0.3765,0.4342,0.4785,0.4073,0.5362,0.6075,0.6383,0.39,0.6325,0.6594,0.5439,0.4573,0.4708,0.6864,0.3707,0.6075,0.5747,0.467,0.4477,0.39,0.3399,0.4458,0.4997,0.3842,0.5362,0.8953,0.6892,0.39,0.567,0.5247,0.6036,0.4227,0.4901,0.5382,0.3919
10/18/2020,28.9138,0.4385,0.7188,0.5808,1.0137,0.7167,0.9196,0.953,0.6456,0.8694,0.6142,0.6142,0.5076,0.4093,0.4825,0.6059,0.4511,0.4281,0.6017,0.61,0.5682,0.4197,0.4093,0.4553,0.5828,0.4072,0.5515,0.8045,0.4615,0.8777,0.5808,0.357,0.4615,0.449,0.3779,0.3444,0.4553,0.4825,0.4971,1.3651,1.0261,0.7104,0.5828,0.5745,0.677,0.5076,0.7188,0.4134,0.6142
10/17/2020,19.6045,0.4173,0.4359,0.3837,0.4498,0.5717,0.5044,0.6471,0.5287,0.5055,0.5427,0.4394,0.4324,0.393,0.35,0.3883,0.415,0.4371,0.3593,0.3755,0.4289,0.35,0.3999,0.4823,0.4127,0.3686,0.3547,0.444,0.3222,0.4986,0.3686,0.3024,0.314,0.2885,0.3396,0.3198,0.35,0.3767,0.3755,0.5201,0.4201,0.3512,0.502,0.3373,0.4115,0.4034,0.3721,0.328,0.285
10/16/2020,23.1186,0.401,0.4932,0.3844,0.5492,0.8954,0.7291,0.655,0.6716,0.339,0.5703,0.5613,0.534,0.3375,0.3451,0.4282,0.4464,0.3662,0.5083,0.5356,0.4146,0.4418,0.4857,0.3919,0.5401,0.3587,0.4645,0.587,0.3224,0.6474,0.4025,0.3874,0.3073,0.3541,0.3088,0.339,0.4131,0.5235,0.5053,0.9529,0.7305,0.3859,0.5991,0.4509,0.3904,0.3829,0.4721,0.3511,0.4569
10/15/2020,26.0162,0.4351,0.6225,0.4027,0.8999,0.9666,0.8531,0.8423,0.8369,0.6765,0.7234,0.7972,0.6603,0.491,0.545,0.5612,0.4225,0.5072,0.4045,0.5918,0.545,0.4801,0.554,0.6027,0.6315,0.4369,0.5126,0.4549,0.3684,0.754,0.4405,0.4333,0.3216,0.3054,0.4351,0.3378,0.4189,0.3847,0.3901,0.3943,0.3299,0.5973,0.5072,0.554,0.5973,0.4315,0.4549,0.5684,0.5342
10/14/2020,26.2013,0.5653,0.5707,0.6363,0.6435,0.7819,0.9238,0.5234,0.8401,0.5307,0.4561,0.7928,0.5489,0.5398,0.3978,0.487,0.4652,0.5034,0.6162,0.4888,0.5689,0.4397,0.416,0.5689,0.4106,0.4834,0.3942,0.4069,0.3869,0.4943,0.4561,0.3378,0.4688,0.4433,0.3032,0.3305,0.4761,0.5088,0.5744,1.3973,1.0492,0.5471,0.649,0.4233,0.4306,0.578,0.4433,0.5543,0.3487
10/13/2020,26.5712,0.6198,0.5994,0.5399,0.6699,0.5938,0.7201,0.7145,0.8724,0.7888,0.6644,0.8779,0.5028,0.3877,0.4137,0.4081,0.5177,0.5957,0.5121,0.5195,0.4545,0.4545,0.5659,0.4545,0.4954,0.5325,0.5065,0.6997,0.3877,0.7814,0.4935,0.3171,0.4397,0.2985,0.3264,0.3561,0.4842,0.5957,0.4824,1.3336,1.0035,0.4471,0.4489,0.4954,0.5121,0.4248,0.3877,0.5102,0.3635
10/12/2020,22.5019,0.4292,0.4814,0.5089,0.6365,0.828,0.696,0.6496,0.5278,0.3349,0.3508,0.374,0.4219,0.3929,0.4132,0.3595,0.493,0.345,0.4263,0.3885,0.4741,0.4654,0.4988,0.448,0.5568,0.4045,0.4582,0.4045,0.3189,0.4466,0.3929,0.3914,0.3508,0.3711,0.3015,0.2986,0.3711,0.3842,0.3842,1.2088,0.9141,0.4524,0.58,0.3189,0.5075,0.4857,0.4306,0.3943,0.4306
10/11/2020,23.612,0.4149,0.5835,0.3665,0.5757,0.6865,0.7693,0.7927,0.813,0.3478,0.6506,0.66,0.5211,0.4149,0.4133,0.3915,0.3493,0.4524,0.5523,0.4695,0.5273,0.4805,0.3884,0.6038,0.3384,0.4789,0.3587,0.5242,0.3524,0.621,0.4071,0.2994,0.3181,0.3478,0.3087,0.3962,0.4071,0.5507,0.4898,0.9531,0.7307,0.571,0.5179,0.3353,0.3228,0.5554,0.418,0.4492,0.3353
10/10/2020,16.5837,0.3066,0.3821,0.3229,0.4705,0.3959,0.3864,0.3074,0.4877,0.3632,0.371,0.2834,0.3632,0.2817,0.3486,0.2851,0.3478,0.322,0.3134,0.3315,0.3092,0.3581,0.3092,0.3813,0.334,0.2963,0.3092,0.4448,0.2697,0.3907,0.3452,0.2714,0.2474,0.2903,0.28,0.2379,0.286,0.3177,0.2568,0.7775,0.6047,0.3718,0.3418,0.3555,0.2877,0.2928,0.3572,0.2954,0.2937
10/9/2020,13.5006,0.2981,0.2976,0.3147,0.3009,0.4461,0.3169,0.3482,0.3058,0.2827,0.242,0.3136,0.2794,0.2508,0.2382,0.2871,0.2827,0.2591,0.2756,0.2728,0.2739,0.2695,0.2712,0.286,0.2948,0.2244,0.2464,0.3053,0.2393,0.286,0.2657,0.2508,0.2563,0.2415,0.2178,0.2371,0.2569,0.302,0.2569,0.4854,0.3953,0.2877,0.308,0.2261,0.2178,0.2552,0.2596,0.2426,0.2288
10/8/2020,14.8574,0.2606,0.2606,0.3539,0.3477,0.3916,0.4122,0.3024,0.3422,0.3498,0.3717,0.4108,0.3381,0.2627,0.2757,0.2798,0.2688,0.3093,0.3031,0.2798,0.3148,0.2634,0.2462,0.3018,0.2976,0.2346,0.2949,0.288,0.2531,0.3045,0.2928,0.2778,0.2277,0.2524,0.2599,0.2387,0.2675,0.3127,0.2483,0.6754,0.5315,0.2723,0.3038,0.3264,0.262,0.3347,0.2455,0.3011,0.3072
10/7/2020,20.8373,0.3387,0.3977,0.4042,0.6327,0.788,0.5518,0.5056,0.539,0.4465,0.5556,0.3425,0.4953,0.34,0.4273,0.3438,0.4427,0.4709,0.3438,0.3502,0.4683,0.4337,0.4799,0.3502,0.4054,0.3605,0.3721,0.5518,0.3053,0.494,0.4414,0.2745,0.3104,0.2771,0.2848,0.3438,0.3502,0.4619,0.3862,0.8918,0.6867,0.4658,0.4606,0.4157,0.3015,0.3811,0.4196,0.4273,0.3194
10/6/2020,20.8993,0.4259,0.3718,0.5227,0.6581,0.6543,0.5988,0.4105,0.5756,0.5833,0.4569,0.3524,0.3589,0.315,0.4092,0.4001,0.4234,0.3576,0.4891,0.4259,0.4672,0.3963,0.2982,0.4247,0.4363,0.3098,0.3627,0.4492,0.3318,0.6065,0.4221,0.3292,0.2853,0.3202,0.2828,0.2957,0.3331,0.4001,0.3834,1.1169,0.8482,0.4891,0.3253,0.3731,0.3356,0.3911,0.355,0.4401,0.3008
10/5/2020,20.8374,0.4529,0.3823,0.4632,0.5531,0.4568,0.5762,0.4324,0.4927,0.349,0.4735,0.5004,0.4067,0.3952,0.4067,0.3785,0.3464,0.3823,0.3939,0.3541,0.4748,0.4491,0.3092,0.4221,0.4542,0.3361,0.4465,0.4054,0.3451,0.5402,0.435,0.3567,0.3631,0.3079,0.304,0.3413,0.3413,0.4761,0.3438,1.2283,0.928,0.3271,0.4953,0.3541,0.3695,0.4311,0.3207,0.4221,0.313
10/4/2020,22.8718,0.5414,0.5504,0.3541,0.5444,0.7125,0.6812,0.5563,0.4492,0.418,0.4507,0.5861,0.5281,0.4046,0.3749,0.363,0.4388,0.4254,0.531,0.4403,0.3942,0.4924,0.3124,0.5682,0.3496,0.3288,0.3362,0.5176,0.3198,0.4656,0.363,0.4046,0.2886,0.3109,0.3377,0.2871,0.3719,0.5236,0.5176,1.4554,1.0909,0.5637,0.3987,0.3407,0.3764,0.4165,0.5637,0.5072,0.3184
10/3/2020,29.9001,0.7536,0.6222,0.5171,0.8718,0.7448,0.6923,1.0164,0.8675,0.4514,0.5696,0.4645,0.5631,0.5915,0.5302,0.5258,0.6441,0.5302,0.539,0.6485,0.4798,0.539,0.4163,0.4798,0.6572,0.5193,0.4076,0.4776,0.4448,0.7974,0.4711,0.4076,0.3441,0.3222,0.3879,0.3594,0.4842,0.4776,0.4076,2.359,1.7389,0.4908,0.7229,0.6047,0.5893,0.6331,0.6178,0.5871,0.5324
10/2/2020,19.7897,0.3282,0.3753,0.3918,0.5758,0.4308,0.5911,0.6312,0.5534,0.386,0.4602,0.3883,0.3836,0.3317,0.4048,0.3836,0.3341,0.4249,0.3188,0.4013,0.3671,0.3329,0.4142,0.4767,0.4779,0.2905,0.4048,0.4225,0.2916,0.4319,0.3588,0.3282,0.2846,0.2763,0.3541,0.274,0.3565,0.3223,0.3812,1.1121,0.8447,0.3376,0.3164,0.3647,0.3447,0.4319,0.419,0.3199,0.3577
10/1/2020,18.6799,0.3269,0.4572,0.4369,0.5789,0.5917,0.5885,0.6302,0.408,0.3162,0.4881,0.5266,0.2991,0.2938,0.3269,0.3717,0.3845,0.2938,0.4326,0.3279,0.3557,0.3151,0.3813,0.3931,0.345,0.36,0.3108,0.3995,0.2735,0.3536,0.3226,0.297,0.329,0.3311,0.2809,0.3151,0.3536,0.3696,0.3066,0.5958,0.4744,0.3984,0.3578,0.36,0.3974,0.3909,0.4262,0.4016,0.4048
9/30/2020,18.3717,0.3336,0.3471,0.4374,0.4623,0.6396,0.5556,0.4125,0.5577,0.4083,0.3336,0.3834,0.3596,0.3585,0.2953,0.343,0.3502,0.3492,0.4104,0.3897,0.3814,0.3855,0.3254,0.3119,0.3596,0.2766,0.3005,0.4643,0.3077,0.3274,0.3554,0.2704,0.2642,0.2922,0.2911,0.3274,0.3212,0.3471,0.398,0.7133,0.5587,0.3005,0.4094,0.3575,0.3928,0.4145,0.3865,0.4052,0.399
9/29/2020,19.1113,0.4089,0.4022,0.4278,0.5856,0.4078,0.5856,0.3667,0.4367,0.31,0.5178,0.4689,0.2922,0.32,0.3478,0.3844,0.4089,0.3678,0.4311,0.3622,0.34,0.3922,0.3733,0.3367,0.3678,0.34,0.2844,0.3967,0.3222,0.3556,0.3489,0.2467,0.26,0.3167,0.3222,0.2944,0.3189,0.3922,0.33,1.18,0.8934,0.3522,0.4322,0.3978,0.3433,0.3133,0.37,0.3622,0.2956
9/28/2020,20.7144,0.3968,0.4082,0.3688,0.5659,0.4349,0.6155,0.6168,0.4464,0.4451,0.5239,0.4286,0.4248,0.4286,0.3548,0.3332,0.4057,0.468,0.3676,0.3904,0.4324,0.3358,0.4769,0.4845,0.3167,0.3536,0.3154,0.3561,0.3269,0.3599,0.3866,0.3383,0.3777,0.2887,0.318,0.3243,0.3587,0.4273,0.4693,1.1477,0.8702,0.4324,0.3269,0.3027,0.4693,0.4248,0.4833,0.393,0.393
9/27/2020,20.406,0.5066,0.4917,0.4272,0.4384,0.5426,0.426,0.5413,0.6257,0.5773,0.5575,0.3652,0.4793,0.318,0.3391,0.3801,0.4557,0.3751,0.3168,0.4619,0.3825,0.4408,0.3714,0.4594,0.4235,0.3205,0.4185,0.3825,0.3416,0.3999,0.4073,0.3279,0.2895,0.2858,0.3031,0.3267,0.3503,0.4334,0.4408,0.9477,0.7268,0.4483,0.3726,0.349,0.3118,0.4433,0.3267,0.4545,0.2944
9/26/2020,15.0423,0.2709,0.3005,0.3012,0.4406,0.4941,0.397,0.3244,0.4026,0.3765,0.3329,0.4258,0.3617,0.2695,0.2801,0.3082,0.3308,0.3047,0.2984,0.3082,0.2786,0.2575,0.3026,0.2984,0.3223,0.2631,0.3089,0.3336,0.254,0.3434,0.2631,0.2343,0.2441,0.2596,0.2554,0.2568,0.2667,0.3188,0.3272,0.3668,0.3102,0.3427,0.3279,0.3117,0.2413,0.2723,0.3167,0.3202,0.316
9/25/2020,11.8367,0.2618,0.2419,0.2396,0.2894,0.2568,0.2971,0.281,0.2403,0.2603,0.2227,0.296,0.2292,0.2192,0.2457,0.253,0.2545,0.2327,0.2292,0.2227,0.2419,0.2388,0.2047,0.2315,0.2296,0.2353,0.2142,0.21,0.2211,0.2626,0.2399,0.2027,0.2219,0.2192,0.2012,0.2215,0.2315,0.2357,0.2511,0.4623,0.3787,0.2465,0.2116,0.2396,0.2449,0.2442,0.2534,0.2139,0.2541
9/24/2020,12.7615,0.229,0.2495,0.2924,0.3167,0.2962,0.28,0.2995,0.3433,0.2514,0.2376,0.3467,0.2586,0.2538,0.2505,0.2528,0.2738,0.2367,0.269,0.2752,0.2595,0.2695,0.229,0.2352,0.2248,0.2624,0.2424,0.2448,0.2352,0.2605,0.2324,0.2319,0.2195,0.23,0.2309,0.22,0.2509,0.2238,0.2419,0.5194,0.4196,0.2638,0.2557,0.2676,0.22,0.2605,0.2738,0.2633,0.2605
9/23/2020,15.967,0.2854,0.2774,0.3212,0.3682,0.4782,0.4511,0.4097,0.4774,0.3196,0.2726,0.3316,0.3396,0.3268,0.3188,0.3467,0.3109,0.3404,0.3523,0.3587,0.318,0.3396,0.275,0.2726,0.3411,0.3021,0.3396,0.2941,0.2567,0.3818,0.3117,0.2344,0.2607,0.2495,0.2495,0.2479,0.2933,0.3419,0.275,0.6404,0.5064,0.3658,0.2742,0.3643,0.2567,0.3499,0.2894,0.3284,0.3204
9/22/2020,15.7204,0.3643,0.3612,0.3821,0.4577,0.3496,0.3798,0.4407,0.4145,0.345,0.2879,0.4678,0.3195,0.3002,0.3118,0.3319,0.2987,0.2639,0.3558,0.318,0.2809,0.2979,0.2454,0.3033,0.2562,0.2354,0.2778,0.2601,0.2585,0.2794,0.2763,0.2632,0.2431,0.2724,0.274,0.2748,0.2856,0.3543,0.3319,0.6855,0.5388,0.2817,0.362,0.352,0.2446,0.3219,0.2863,0.335,0.2917
9/21/2020,18.0632,0.385,0.4233,0.3237,0.4082,0.4092,0.3659,0.4555,0.4726,0.386,0.3659,0.536,0.3579,0.3398,0.3448,0.4021,0.3528,0.4082,0.377,0.3146,0.3146,0.2965,0.3065,0.3579,0.2804,0.3116,0.3619,0.3015,0.3055,0.5098,0.3669,0.2391,0.2512,0.3176,0.2542,0.2653,0.3428,0.4042,0.3347,0.8846,0.6815,0.4032,0.4293,0.4011,0.3226,0.3679,0.3025,0.375,0.3448
9/20/2020,13.0694,0.2529,0.299,0.2321,0.303,0.3248,0.2589,0.3264,0.2823,0.3127,0.267,0.303,0.2584,0.262,0.227,0.2777,0.2351,0.2483,0.2873,0.2371,0.2777,0.2452,0.2574,0.2878,0.2224,0.23,0.2427,0.3299,0.2245,0.2381,0.2412,0.2067,0.2072,0.2361,0.2072,0.2468,0.2311,0.2564,0.2493,0.6615,0.5215,0.2777,0.2777,0.2275,0.2316,0.2381,0.302,0.2797,0.2194
9/19/2020,12.5765,0.2376,0.2783,0.2944,0.3287,0.309,0.2527,0.3232,0.3442,0.2317,0.244,0.3319,0.2596,0.2349,0.2651,0.249,0.2403,0.2683,0.2312,0.2628,0.25,0.228,0.2587,0.2623,0.2555,0.2422,0.2646,0.2852,0.2266,0.2774,0.2463,0.2339,0.2083,0.2014,0.2211,0.2088,0.2422,0.2403,0.2513,0.4481,0.3685,0.2481,0.25,0.2303,0.2211,0.2481,0.276,0.2765,0.2188
9/18/2020,11.4053,0.2416,0.2419,0.2409,0.2835,0.2681,0.2804,0.2314,0.2549,0.2188,0.2743,0.2995,0.2249,0.2266,0.2116,0.2126,0.2443,0.2368,0.2307,0.2143,0.2487,0.2303,0.2256,0.2324,0.2463,0.1977,0.2181,0.2208,0.2126,0.2606,0.2137,0.1912,0.2031,0.2174,0.1919,0.213,0.2239,0.2246,0.2477,0.4185,0.3473,0.2327,0.2126,0.2048,0.2498,0.216,0.2075,0.2222,0.2372
9/17/2020,13.3781,0.2877,0.2898,0.293,0.342,0.3339,0.2791,0.4006,0.3608,0.3242,0.3296,0.3232,0.257,0.2538,0.2506,0.2732,0.2667,0.257,0.2812,0.2877,0.2549,0.2651,0.2968,0.307,0.2678,0.243,0.2565,0.2559,0.2301,0.3081,0.2807,0.2366,0.2506,0.2065,0.2457,0.2398,0.2387,0.2705,0.2775,0.4063,0.3385,0.2635,0.2226,0.2586,0.2678,0.2672,0.2269,0.2764,0.2274
9/16/2020,13.2551,0.3112,0.2476,0.2739,0.2954,0.4241,0.2723,0.3821,0.3779,0.2949,0.2775,0.2381,0.2802,0.2507,0.2775,0.2371,0.2649,0.2849,0.2691,0.2928,0.2823,0.2355,0.2392,0.2965,0.2634,0.236,0.2655,0.2492,0.2313,0.3322,0.2754,0.2103,0.214,0.2213,0.2345,0.246,0.245,0.2949,0.276,0.4721,0.3857,0.2297,0.2944,0.236,0.2429,0.2576,0.2355,0.2366,0.2639
9/15/2020,14.5491,0.2577,0.3009,0.2603,0.3219,0.373,0.3834,0.4077,0.3101,0.2773,0.3402,0.352,0.2623,0.2544,0.3049,0.2426,0.3108,0.2682,0.3088,0.318,0.3055,0.3003,0.2446,0.35,0.2865,0.3003,0.2891,0.3173,0.2584,0.3003,0.2773,0.2367,0.2164,0.2243,0.2335,0.2197,0.2819,0.2381,0.3055,0.7529,0.5871,0.2773,0.2335,0.3166,0.2904,0.2741,0.2806,0.2439,0.2525
9/14/2020,15.0423,0.3167,0.3392,0.3632,0.347,0.361,0.2948,0.3547,0.4448,0.3653,0.3315,0.2871,0.2786,0.311,0.3195,0.2934,0.292,0.3329,0.2786,0.2906,0.3265,0.2913,0.2955,0.2498,0.2406,0.2596,0.3124,0.3385,0.2484,0.2758,0.2871,0.2491,0.2568,0.2188,0.2575,0.2505,0.261,0.342,0.3357,0.7335,0.5731,0.2526,0.2646,0.2505,0.3265,0.2829,0.2568,0.2941,0.3089
9/13/2020,13.6248,0.309,0.2448,0.2465,0.3438,0.3467,0.3602,0.3219,0.3871,0.3658,0.35,0.3641,0.2803,0.2775,0.2482,0.2876,0.2443,0.2342,0.2353,0.3028,0.2977,0.2927,0.2853,0.3056,0.2443,0.228,0.2432,0.3258,0.246,0.3568,0.2792,0.2032,0.242,0.2139,0.2527,0.2387,0.2432,0.3084,0.2443,0.3776,0.3179,0.2578,0.2437,0.2707,0.2972,0.2634,0.2792,0.2792,0.237
9/12/2020,14.3639,0.3022,0.3391,0.2901,0.3461,0.336,0.3512,0.434,0.3716,0.3869,0.2602,0.3347,0.3302,0.2519,0.287,0.306,0.2984,0.2577,0.2806,0.2774,0.2901,0.2908,0.2838,0.2545,0.3054,0.2354,0.2379,0.2914,0.2443,0.3748,0.2844,0.2519,0.215,0.2392,0.2532,0.2189,0.2589,0.3175,0.2768,0.5247,0.4234,0.2615,0.2589,0.3162,0.3022,0.32,0.2481,0.2456,0.2978
9/11/2020,13.3779,0.2667,0.2613,0.2371,0.306,0.4237,0.3253,0.3726,0.3527,0.3,0.3043,0.2785,0.2974,0.2699,0.2479,0.2296,0.2624,0.2479,0.2522,0.2904,0.2748,0.2678,0.2726,0.2538,0.3027,0.2764,0.2801,0.2253,0.243,0.3377,0.271,0.2506,0.2403,0.2317,0.2291,0.2161,0.2586,0.2984,0.2818,0.353,0.3003,0.2732,0.3097,0.2705,0.2463,0.2688,0.3033,0.2871,0.228
9/10/2020,13.4393,0.2662,0.2689,0.2733,0.3473,0.4425,0.3309,0.3538,0.3641,0.3538,0.3037,0.2553,0.2629,0.2673,0.2526,0.2532,0.2738,0.2624,0.2608,0.2477,0.2532,0.2874,0.2602,0.313,0.295,0.2689,0.2493,0.325,0.2309,0.3375,0.245,0.2156,0.2309,0.2189,0.2254,0.2504,0.2521,0.2651,0.2602,0.3678,0.3109,0.3016,0.2488,0.2722,0.2988,0.2504,0.2912,0.233,0.2401
9/9/2020,17.0771,0.3972,0.3682,0.4099,0.5107,0.4853,0.3736,0.3464,0.3546,0.399,0.3282,0.4707,0.3918,0.3455,0.2892,0.3491,0.3573,0.3582,0.3419,0.3691,0.3074,0.3301,0.3627,0.3482,0.3428,0.3083,0.2856,0.3936,0.2783,0.4508,0.3546,0.3074,0.2665,0.2565,0.2402,0.2574,0.3046,0.3573,0.3328,0.6355,0.5029,0.2974,0.281,0.3437,0.3065,0.3373,0.3872,0.3409,0.3137
9/8/2020,13.8094,0.3107,0.2468,0.2759,0.3206,0.4496,0.3741,0.2829,0.3107,0.2805,0.298,0.2951,0.2561,0.2712,0.2724,0.2805,0.2625,0.2492,0.2974,0.2817,0.2898,0.2956,0.2532,0.2637,0.2829,0.2817,0.2561,0.3444,0.2323,0.2567,0.2707,0.23,0.2265,0.2143,0.2474,0.2184,0.2648,0.3003,0.2689,0.5047,0.4091,0.3142,0.284,0.2968,0.2521,0.2492,0.3061,0.2956,0.284
9/7/2020,14.5489,0.3239,0.3369,0.2963,0.4378,0.3887,0.3573,0.3114,0.3258,0.2505,0.2695,0.3153,0.3402,0.2839,0.2472,0.2479,0.3029,0.3219,0.2891,0.3239,0.2649,0.2675,0.3062,0.2485,0.2826,0.2623,0.2963,0.3795,0.2466,0.3049,0.3042,0.2564,0.2354,0.2223,0.24,0.2675,0.2793,0.2937,0.2485,0.5805,0.4634,0.2498,0.3022,0.276,0.3212,0.2983,0.314,0.3153,0.2512
9/6/2020,10.9122,0.2348,0.2345,0.2357,0.2319,0.2505,0.2797,0.2135,0.2712,0.2374,0.259,0.2558,0.208,0.2074,0.2013,0.2249,0.2066,0.229,0.2191,0.2325,0.2095,0.2004,0.2267,0.2194,0.2054,0.1955,0.2095,0.208,0.2034,0.2165,0.2188,0.2042,0.2031,0.1897,0.2054,0.1905,0.2162,0.229,0.2267,0.378,0.3182,0.2374,0.2281,0.2138,0.2098,0.2386,0.2325,0.2301,0.215
9/5/2020,17.8786,0.4186,0.3711,0.3632,0.5529,0.4008,0.5717,0.5628,0.3702,0.5164,0.3692,0.4107,0.3356,0.3425,0.3297,0.301,0.386,0.3761,0.3405,0.3139,0.3425,0.304,0.4067,0.3297,0.3099,0.2674,0.3109,0.3306,0.3,0.4739,0.3672,0.2674,0.2714,0.3069,0.2595,0.3139,0.3287,0.3346,0.3158,0.7742,0.6023,0.3692,0.386,0.2813,0.3079,0.3089,0.4087,0.3968,0.2694
9/4/2020,9.2474,0.1951,0.1834,0.2013,0.2128,0.2208,0.1941,0.2158,0.1942,0.194,0.2003,0.192,0.187,0.1919,0.1915,0.1868,0.1919,0.1911,0.1841,0.1937,0.1965,0.1855,0.1848,0.1919,0.1909,0.189,0.1804,0.1801,0.1803,0.2076,0.1905,0.1831,0.177,0.1793,0.1815,0.1804,0.1872,0.1864,0.1936,0.2575,0.2318,0.194,0.181,0.1925,0.1861,0.183,0.185,0.1848,0.1839
9/3/2020,11.6517,0.2287,0.2492,0.2284,0.2554,0.3536,0.2835,0.3189,0.2554,0.2145,0.2536,0.2609,0.2423,0.2342,0.2171,0.2339,0.2313,0.2492,0.2185,0.2441,0.2244,0.2291,0.2057,0.2682,0.2569,0.2324,0.228,0.2225,0.2098,0.2339,0.2309,0.2141,0.2214,0.216,0.2079,0.2028,0.2229,0.2068,0.2346,0.41,0.3411,0.2306,0.2152,0.2207,0.239,0.2525,0.2145,0.2375,0.2496
9/2/2020,11.3437,0.2151,0.2482,0.2158,0.2807,0.2523,0.2369,0.285,0.2803,0.2085,0.2569,0.2192,0.2188,0.2309,0.2265,0.2205,0.2369,0.2208,0.2389,0.2148,0.2426,0.2148,0.2212,0.2493,0.2449,0.2188,0.2175,0.2543,0.2044,0.2469,0.2279,0.2195,0.1998,0.2044,0.2075,0.2021,0.2218,0.2098,0.2476,0.4252,0.3521,0.2536,0.2172,0.2319,0.2078,0.2292,0.2155,0.2299,0.2192
9/1/2020,13.8094,0.2881,0.2596,0.277,0.3322,0.3537,0.3427,0.3921,0.2939,0.3526,0.2695,0.3311,0.2625,0.2794,0.2358,0.2695,0.2375,0.2927,0.2776,0.2782,0.2776,0.2521,0.2811,0.3177,0.2503,0.2335,0.2933,0.2282,0.2428,0.327,0.2782,0.2213,0.2213,0.2579,0.2428,0.2404,0.2683,0.2503,0.273,0.5507,0.442,0.2399,0.2817,0.298,0.2515,0.3061,0.3102,0.2718,0.2747
8/31/2020,13.8712,0.2459,0.3123,0.2776,0.3316,0.3134,0.3041,0.4197,0.2735,0.3164,0.2677,0.2988,0.2882,0.2471,0.2741,0.2618,0.2418,0.2941,0.3052,0.2759,0.2606,0.2377,0.2536,0.3187,0.277,0.2271,0.2665,0.3387,0.2254,0.3234,0.2812,0.243,0.2489,0.2477,0.2142,0.2612,0.2483,0.2324,0.2295,0.6395,0.5058,0.3011,0.3041,0.2982,0.2864,0.2894,0.2577,0.2406,0.2641
8/30/2020,8.8159,0.1823,0.1816,0.178,0.1953,0.2003,0.1862,0.193,0.1815,0.1889,0.1845,0.1951,0.1831,0.1823,0.1812,0.1816,0.1764,0.186,0.1778,0.1845,0.1845,0.1836,0.1814,0.1844,0.1887,0.1799,0.1767,0.1867,0.1783,0.1828,0.1825,0.1762,0.1794,0.1734,0.1778,0.1755,0.1781,0.182,0.1818,0.2058,0.1947,0.178,0.1886,0.1858,0.186,0.1773,0.1854,0.1818,0.1792
8/29/2020,9.2473,0.1922,0.1891,0.1934,0.1941,0.2259,0.206,0.1899,0.2013,0.203,0.1954,0.1851,0.1886,0.1805,0.1894,0.1947,0.1854,0.1927,0.1855,0.1955,0.1912,0.1877,0.1934,0.184,0.1884,0.1776,0.1926,0.1952,0.1796,0.209,0.1879,0.1833,0.184,0.1791,0.1859,0.1825,0.183,0.1969,0.1806,0.2392,0.2187,0.1935,0.1967,0.1861,0.1872,0.1922,0.1995,0.1915,0.1931
8/28/2020,9.4324,0.195,0.1993,0.1975,0.2098,0.2334,0.22,0.1962,0.1999,0.2015,0.1989,0.2012,0.2052,0.1871,0.1846,0.1922,0.1843,0.1999,0.1983,0.1983,0.1949,0.1943,0.1903,0.1869,0.1957,0.1807,0.1929,0.1811,0.1833,0.1887,0.1932,0.1824,0.178,0.177,0.181,0.1887,0.1923,0.201,0.1983,0.2794,0.2475,0.2002,0.1837,0.1955,0.1847,0.1873,0.183,0.1886,0.1992
8/27/2020,9.6173,0.2069,0.1896,0.211,0.2086,0.2121,0.2063,0.2,0.2108,0.2128,0.2171,0.1903,0.204,0.1921,0.1891,0.2011,0.1993,0.189,0.1984,0.2047,0.2,0.1906,0.2024,0.1888,0.1843,0.1964,0.1891,0.2092,0.1851,0.1929,0.1976,0.1798,0.1934,0.1788,0.1799,0.1815,0.1948,0.2005,0.1967,0.3079,0.268,0.188,0.2013,0.1864,0.1977,0.1895,0.205,0.1906,0.1979
8/26/2020,12.083,0.2581,0.2316,0.2328,0.3308,0.254,0.3161,0.2422,0.3169,0.2916,0.3022,0.3271,0.2745,0.2304,0.2475,0.2618,0.2287,0.2459,0.2251,0.243,0.2438,0.2549,0.2406,0.2393,0.2144,0.2095,0.2202,0.2916,0.2246,0.3035,0.2528,0.2026,0.2022,0.2316,0.2112,0.1993,0.2324,0.2271,0.2099,0.3664,0.3099,0.2467,0.27,0.2271,0.2226,0.2402,0.241,0.2414,0.2459
8/25/2020,14.0558,0.2914,0.2757,0.3054,0.4047,0.3144,0.4016,0.2823,0.4125,0.3362,0.3284,0.3035,0.2805,0.2775,0.2926,0.2975,0.269,0.272,0.2757,0.2581,0.3132,0.286,0.2321,0.3047,0.2387,0.2745,0.2817,0.3144,0.2508,0.3538,0.2714,0.2078,0.2412,0.2508,0.226,0.2248,0.2672,0.2381,0.2975,0.5042,0.4087,0.2569,0.226,0.3096,0.2557,0.3181,0.2951,0.2527,0.2751
8/24/2020,10.7271,0.207,0.204,0.2068,0.2346,0.255,0.2433,0.2779,0.2545,0.21,0.2526,0.2447,0.2305,0.2092,0.2018,0.2168,0.2188,0.2171,0.2029,0.2098,0.2158,0.2264,0.204,0.2316,0.1937,0.1964,0.2228,0.2264,0.1991,0.2419,0.2155,0.2029,0.1877,0.2002,0.1904,0.2016,0.2081,0.2133,0.2043,0.3765,0.3171,0.225,0.2324,0.2084,0.2078,0.2177,0.2114,0.2264,0.225
8/23/2020,11.96,0.2383,0.2395,0.2538,0.316,0.2633,0.3215,0.3377,0.2962,0.217,0.2577,0.312,0.2772,0.2213,0.2098,0.217,0.251,0.257,0.2193,0.2431,0.2601,0.2344,0.2102,0.2376,0.2407,0.2075,0.2403,0.23,0.2086,0.2542,0.2261,0.1968,0.1991,0.2209,0.2039,0.2007,0.232,0.2316,0.2391,0.4284,0.3544,0.2736,0.2067,0.2526,0.2577,0.257,0.2704,0.215,0.2217
8/22/2020,9.4323,0.1882,0.2023,0.1963,0.2197,0.1993,0.2188,0.2051,0.2145,0.1837,0.1913,0.2142,0.1826,0.1887,0.1874,0.1877,0.1962,0.1975,0.1841,0.1877,0.2005,0.1882,0.188,0.1929,0.191,0.196,0.1826,0.2105,0.1826,0.2142,0.1943,0.1892,0.1851,0.1798,0.1778,0.1887,0.1864,0.1985,0.1993,0.258,0.2322,0.1902,0.1879,0.1973,0.196,0.196,0.1882,0.2003,0.1953
8/21/2020,7.7063,0.1612,0.1605,0.163,0.1581,0.1574,0.159,0.1592,0.1608,0.1605,0.1618,0.158,0.1593,0.1633,0.1627,0.163,0.1609,0.1621,0.1617,0.1607,0.1612,0.162,0.163,0.1593,0.1633,0.1631,0.1636,0.1616,0.1636,0.1602,0.1614,0.1638,0.1632,0.1631,0.1623,0.1621,0.1629,0.1598,0.1608,0.1364,0.1449,0.1613,0.1596,0.1622,0.1613,0.1615,0.1622,0.1631,0.1603
8/20/2020,6.1033,0.1223,0.1361,0.1156,0.1145,0.0749,0.1158,0.0929,0.0933,0.1251,0.1105,0.1301,0.124,0.1289,0.1409,0.1342,0.1371,0.1411,0.142,0.1284,0.1373,0.1354,0.1483,0.1375,0.1285,0.1394,0.1469,0.1361,0.1426,0.1175,0.1295,0.1439,0.1477,0.1469,0.1454,0.1494,0.1346,0.1437,0.1359,0.0258,0.0657,0.1356,0.1174,0.1234,0.142,0.1407,0.1321,0.143,0.1234
8/19/2020,6.3503,0.1383,0.1215,0.1285,0.1045,0.1092,0.1068,0.1277,0.1073,0.1099,0.1177,0.1116,0.138,0.1447,0.1446,0.1353,0.1469,0.1378,0.1457,0.1381,0.1333,0.1309,0.1485,0.13,0.1271,0.1464,0.1442,0.1241,0.1469,0.1422,0.1388,0.1531,0.1525,0.1482,0.1469,0.1444,0.1449,0.1332,0.1389,0.0723,0.099,0.1223,0.1342,0.1479,0.1274,0.1413,0.146,0.1328,0.1385
8/18/2020,6.7814,0.1335,0.1428,0.1375,0.1375,0.105,0.1361,0.1302,0.12,0.1364,0.13,0.1488,0.1367,0.1505,0.152,0.1452,0.1427,0.1384,0.1468,0.1378,0.1453,0.1524,0.1433,0.1408,0.1477,0.1468,0.1494,0.1367,0.1541,0.126,0.1451,0.1534,0.1469,0.1508,0.1516,0.1495,0.15,0.1518,0.1494,0.1081,0.1247,0.1425,0.1334,0.1491,0.1386,0.1405,0.1453,0.1522,0.1481
8/17/2020,8.8158,0.1809,0.1796,0.1819,0.1928,0.1895,0.1899,0.1953,0.1924,0.176,0.1925,0.1945,0.1838,0.182,0.1766,0.1782,0.1843,0.1803,0.1765,0.1808,0.1805,0.1845,0.1803,0.1796,0.1867,0.1769,0.1821,0.1904,0.1764,0.1818,0.1795,0.1734,0.1771,0.1792,0.1747,0.1749,0.1789,0.1837,0.1762,0.236,0.2164,0.1775,0.1888,0.1748,0.1777,0.1834,0.1762,0.1774,0.183
8/16/2020,14.118,0.3062,0.3074,0.2884,0.4065,0.4316,0.2798,0.3337,0.4102,0.3747,0.2615,0.3588,0.2743,0.2866,0.2572,0.2523,0.2658,0.2468,0.3135,0.286,0.3166,0.248,0.311,0.2676,0.3043,0.2309,0.267,0.3447,0.2535,0.319,0.297,0.2303,0.2285,0.2309,0.2248,0.2181,0.2719,0.2835,0.248,0.5269,0.425,0.3123,0.2621,0.2456,0.2945,0.2578,0.2425,0.259,0.2554
8/15/2020,11.96,0.2178,0.2372,0.2368,0.291,0.316,0.2724,0.3215,0.3108,0.3092,0.2332,0.2395,0.2403,0.2193,0.2253,0.2245,0.2502,0.2593,0.2601,0.251,0.2245,0.2181,0.2051,0.255,0.2162,0.2225,0.2356,0.2114,0.2086,0.3009,0.2201,0.2166,0.2094,0.2174,0.1964,0.2146,0.2304,0.2292,0.2209,0.5098,0.4128,0.2617,0.2273,0.2471,0.2035,0.2585,0.2288,0.213,0.2292
8/14/2020,16.399,0.38,0.3607,0.3246,0.4909,0.3699,0.3993,0.4212,0.3489,0.3212,0.3733,0.2952,0.27,0.3212,0.3078,0.2868,0.2935,0.3674,0.3439,0.3078,0.3649,0.2624,0.2658,0.3556,0.3246,0.2784,0.2792,0.2549,0.2801,0.4379,0.2801,0.2456,0.2876,0.2826,0.2498,0.2968,0.3086,0.3724,0.3145,0.8279,0.6409,0.2607,0.3876,0.2733,0.2624,0.3674,0.3825,0.3388,0.3321
8/13/2020,15.6591,0.3321,0.3375,0.3643,0.4707,0.4677,0.4439,0.3581,0.3122,0.2494,0.3084,0.3198,0.3229,0.3137,0.267,0.3007,0.2969,0.3252,0.3198,0.3482,0.3229,0.2701,0.2501,0.3758,0.3084,0.2938,0.2892,0.3627,0.2456,0.3535,0.2854,0.29,0.2662,0.2593,0.2739,0.277,0.277,0.3482,0.2777,0.6582,0.5192,0.2685,0.3283,0.3153,0.2907,0.2823,0.3451,0.267,0.2992
8/12/2020,13.0694,0.2772,0.2615,0.2939,0.3223,0.3091,0.2959,0.2833,0.303,0.2473,0.3335,0.334,0.2331,0.2635,0.2468,0.2757,0.2321,0.2559,0.2888,0.2731,0.2777,0.2792,0.2204,0.2944,0.2726,0.2158,0.2381,0.2437,0.2361,0.3193,0.2422,0.2234,0.2452,0.2452,0.2346,0.2143,0.2518,0.2427,0.229,0.5328,0.4292,0.2757,0.2853,0.2361,0.2255,0.2579,0.2696,0.2432,0.2584
8/11/2020,11.7134,0.2621,0.2506,0.2476,0.2547,0.2836,0.3063,0.3085,0.2602,0.2539,0.225,0.2591,0.2383,0.2298,0.2101,0.2101,0.2346,0.2357,0.2287,0.2309,0.2424,0.2094,0.2413,0.2105,0.251,0.2045,0.232,0.2183,0.2086,0.2443,0.2413,0.193,0.196,0.2198,0.212,0.2023,0.219,0.2376,0.2521,0.5337,0.4299,0.2172,0.2565,0.235,0.2038,0.2187,0.2246,0.2205,0.2083
8/10/2020,13.9327,0.2491,0.293,0.3025,0.3826,0.4698,0.3298,0.3245,0.4028,0.2414,0.3565,0.3832,0.261,0.2812,0.2782,0.2853,0.293,0.2693,0.2622,0.2545,0.2539,0.2907,0.3108,0.2355,0.2254,0.229,0.229,0.2456,0.2349,0.3239,0.2622,0.2586,0.2266,0.2123,0.2153,0.2301,0.2444,0.3043,0.2895,0.554,0.4444,0.2895,0.2942,0.2996,0.2711,0.2634,0.2343,0.2918,0.2485
8/9/2020,13.3163,0.2507,0.3044,0.2475,0.3708,0.3942,0.2889,0.3347,0.3793,0.2363,0.256,0.3272,0.2326,0.2709,0.281,0.2597,0.2326,0.2554,0.2406,0.248,0.2512,0.2347,0.273,0.2501,0.2188,0.2188,0.2475,0.2358,0.2368,0.3442,0.239,0.2156,0.2214,0.2278,0.2161,0.2246,0.2576,0.2501,0.2352,0.6314,0.4999,0.3086,0.3075,0.2331,0.265,0.2847,0.2645,0.2735,0.239
8/8/2020,14.7961,0.2836,0.3033,0.3304,0.3801,0.3787,0.3563,0.2774,0.4433,0.2842,0.3427,0.2795,0.3468,0.2713,0.2509,0.3033,0.3271,0.2815,0.2829,0.3257,0.2849,0.2788,0.2543,0.3542,0.3481,0.287,0.3107,0.3291,0.2387,0.2632,0.3121,0.2666,0.272,0.2659,0.2448,0.2543,0.255,0.3128,0.2618,0.5193,0.4196,0.3468,0.2774,0.3203,0.2999,0.3372,0.2876,0.2734,0.2713
8/7/2020,13.0696,0.265,0.2848,0.2534,0.339,0.3669,0.2747,0.2939,0.3431,0.3314,0.2463,0.2904,0.2488,0.2376,0.2615,0.2843,0.2787,0.2736,0.2326,0.2498,0.2554,0.2275,0.2381,0.298,0.2549,0.2706,0.2351,0.299,0.2381,0.2726,0.2523,0.2407,0.2163,0.2255,0.2442,0.2229,0.2539,0.2224,0.2767,0.5579,0.4472,0.2392,0.2599,0.2174,0.2493,0.2696,0.2305,0.2478,0.2508
8/6/2020,6.7812,0.1451,0.1458,0.1503,0.1204,0.1211,0.1402,0.1442,0.1351,0.1278,0.1513,0.145,0.1486,0.1419,0.1507,0.1453,0.1523,0.1421,0.15,0.1442,0.1474,0.1391,0.1377,0.133,0.1411,0.1491,0.1403,0.1383,0.1512,0.1289,0.1456,0.1534,0.1469,0.158,0.1544,0.155,0.1473,0.1491,0.1428,0.0603,0.0904,0.1531,0.1397,0.1425,0.1472,0.1497,0.1492,0.1413,0.1478
8/5/2020,6.473,0.1415,0.1277,0.1404,0.1109,0.1212,0.1067,0.1184,0.1102,0.1338,0.1274,0.1366,0.1412,0.1457,0.1485,0.1419,0.1335,0.148,0.1338,0.1378,0.1322,0.1409,0.1474,0.1363,0.143,0.1532,0.1413,0.1404,0.15,0.1209,0.1438,0.1563,0.1483,0.1525,0.1488,0.143,0.1438,0.1499,0.138,0.0289,0.0679,0.1407,0.1506,0.1419,0.1418,0.1345,0.1384,0.1425,0.1506
8/4/2020,6.3498,0.1233,0.1343,0.1434,0.1018,0.1102,0.1144,0.1132,0.1203,0.1244,0.1314,0.1106,0.1465,0.1391,0.1408,0.1328,0.1285,0.1294,0.1457,0.1419,0.1328,0.1436,0.1345,0.1449,0.1493,0.1459,0.1368,0.1183,0.1475,0.1416,0.1323,0.1427,0.1533,0.1472,0.1451,0.1472,0.1441,0.1261,0.1442,0.0727,0.0993,0.1398,0.1246,0.1366,0.1409,0.13,0.1257,0.1355,0.1353
8/3/2020,6.1647,0.1186,0.1382,0.1338,0.1177,0.1237,0.094,0.1101,0.1006,0.1324,0.1281,0.1041,0.1151,0.1344,0.1301,0.1325,0.1303,0.1342,0.1397,0.1351,0.1234,0.1325,0.1241,0.1281,0.1206,0.1338,0.1281,0.129,0.1457,0.1408,0.1335,0.1434,0.1511,0.1459,0.1505,0.1384,0.1377,0.1246,0.1474,0.0706,0.0978,0.1281,0.1281,0.1386,0.1452,0.1347,0.1278,0.1235,0.139
8/2/2020,6.4731,0.1366,0.129,0.1288,0.1042,0.1146,0.1207,0.1103,0.1323,0.1117,0.1348,0.117,0.1421,0.1479,0.1366,0.1369,0.1335,0.1428,0.1326,0.1392,0.1386,0.1422,0.1407,0.1477,0.1265,0.1468,0.1471,0.1285,0.1459,0.1268,0.1438,0.1529,0.1483,0.1459,0.1499,0.1457,0.1435,0.1311,0.1361,0.0809,0.1051,0.147,0.1377,0.1479,0.1433,0.1438,0.1338,0.1476,0.1464
8/1/2020,11.96,0.2459,0.2391,0.2146,0.3171,0.354,0.3124,0.3116,0.2613,0.2201,0.3001,0.2241,0.2332,0.2399,0.2316,0.2336,0.2166,0.2189,0.2621,0.2558,0.2451,0.2118,0.2514,0.2724,0.2217,0.2467,0.2146,0.2867,0.2082,0.2427,0.2415,0.194,0.2051,0.2039,0.2059,0.209,0.2364,0.23,0.2217,0.5188,0.4192,0.2245,0.2094,0.2082,0.2348,0.2376,0.2336,0.2138,0.2193
7/31/2020,12.083,0.2357,0.2344,0.2242,0.3304,0.2643,0.2957,0.2545,0.3259,0.2467,0.2545,0.2749,0.2549,0.2177,0.2422,0.2483,0.2377,0.2381,0.2275,0.252,0.2251,0.2479,0.2304,0.2246,0.2655,0.2491,0.2491,0.2218,0.2234,0.2308,0.2279,0.2087,0.2153,0.2185,0.2291,0.2287,0.2238,0.223,0.2442,0.4832,0.3936,0.2716,0.2569,0.2185,0.2414,0.2553,0.2312,0.2561,0.2287
7/30/2020,10.8503,0.2037,0.2128,0.1989,0.2451,0.261,0.2339,0.222,0.2547,0.2043,0.2242,0.2049,0.2225,0.21,0.216,0.2217,0.2148,0.2083,0.2197,0.2277,0.2211,0.2154,0.1989,0.2319,0.2032,0.2165,0.2251,0.2582,0.1966,0.2157,0.2234,0.2014,0.19,0.1909,0.2097,0.2103,0.2128,0.2211,0.2017,0.4948,0.402,0.2231,0.2083,0.1955,0.2157,0.2282,0.2297,0.2003,0.2026
7/29/2020,10.7887,0.2406,0.2222,0.2381,0.2526,0.2883,0.2774,0.2668,0.2275,0.2489,0.2077,0.2155,0.2216,0.2132,0.225,0.2227,0.2283,0.2065,0.2297,0.2132,0.228,0.2004,0.2224,0.2188,0.2378,0.1965,0.2149,0.2135,0.1973,0.2615,0.2113,0.1876,0.2082,0.2077,0.2007,0.2104,0.2046,0.2104,0.2277,0.332,0.2852,0.2358,0.1937,0.2088,0.194,0.213,0.2152,0.2015,0.204
7/28/2020,11.8982,0.2166,0.2442,0.2212,0.2587,0.3359,0.3097,0.2684,0.2754,0.3078,0.2665,0.3109,0.2462,0.2212,0.2294,0.2524,0.2368,0.2337,0.224,0.2478,0.2567,0.2173,0.2442,0.2513,0.2649,0.2107,0.2388,0.2653,0.2131,0.24,0.2407,0.2177,0.2014,0.2166,0.2197,0.224,0.2333,0.2563,0.2587,0.3328,0.2858,0.2287,0.2633,0.2501,0.215,0.2224,0.2325,0.2548,0.2353
7/27/2020,13.9329,0.2444,0.2835,0.3298,0.4046,0.4556,0.3512,0.3577,0.3814,0.2847,0.2652,0.3945,0.2907,0.2402,0.245,0.2895,0.2379,0.2598,0.2515,0.2628,0.2984,0.2497,0.261,0.2972,0.3126,0.2337,0.2586,0.3518,0.2266,0.2687,0.2628,0.2539,0.2159,0.2402,0.2545,0.2337,0.2551,0.2669,0.2574,0.4866,0.3961,0.2367,0.3298,0.3002,0.3049,0.2539,0.2693,0.2966,0.2301
7/26/2020,10.4187,0.2179,0.2312,0.2269,0.239,0.2748,0.2262,0.2508,0.245,0.2279,0.2431,0.2293,0.2337,0.2044,0.1976,0.2204,0.1984,0.2237,0.2218,0.2146,0.224,0.2177,0.224,0.208,0.23,0.2054,0.1933,0.2395,0.2015,0.2286,0.2177,0.1889,0.1877,0.2039,0.2008,0.2046,0.2027,0.2223,0.2039,0.2286,0.2111,0.201,0.2088,0.208,0.2044,0.2102,0.2083,0.2,0.2071
7/25/2020,12.2682,0.2687,0.2815,0.2234,0.3114,0.2721,0.2913,0.3421,0.2606,0.3075,0.2563,0.2653,0.2478,0.2508,0.2426,0.2473,0.2307,0.2537,0.2734,0.2674,0.2567,0.2461,0.2473,0.2345,0.2149,0.2268,0.2405,0.2926,0.2222,0.3122,0.232,0.2209,0.2029,0.2119,0.22,0.2239,0.2298,0.2695,0.2234,0.3941,0.3298,0.2324,0.2529,0.2422,0.214,0.2542,0.2388,0.2618,0.226
7/24/2020,11.59,0.2198,0.2345,0.2532,0.306,0.306,0.2744,0.2862,0.3135,0.2406,0.2252,0.222,0.2334,0.2338,0.2263,0.237,0.232,0.2327,0.2097,0.2342,0.2424,0.2151,0.2126,0.2607,0.2352,0.2316,0.2306,0.2693,0.2051,0.2313,0.2435,0.2108,0.2216,0.1983,0.2094,0.2162,0.2263,0.2291,0.2047,0.3155,0.2734,0.2593,0.2686,0.2212,0.2489,0.2467,0.264,0.2482,0.2299
7/23/2020,10.8501,0.2069,0.2051,0.2051,0.2314,0.2747,0.2317,0.2861,0.2382,0.2622,0.2026,0.2773,0.2294,0.2108,0.2285,0.2131,0.2325,0.2191,0.2222,0.2074,0.208,0.2205,0.2131,0.2322,0.2143,0.2245,0.2191,0.2399,0.2006,0.2168,0.224,0.1966,0.1955,0.1977,0.198,0.192,0.2057,0.1992,0.2262,0.3522,0.2998,0.2394,0.2442,0.2245,0.2026,0.2299,0.2165,0.2029,0.2299
7/22/2020,11.8984,0.2485,0.2442,0.2138,0.2575,0.3246,0.3117,0.3144,0.245,0.3008,0.2536,0.261,0.2415,0.2263,0.222,0.2251,0.2341,0.2357,0.2287,0.2446,0.2481,0.2146,0.2224,0.2197,0.2228,0.245,0.2505,0.2704,0.2212,0.2821,0.2314,0.2119,0.2076,0.2251,0.2205,0.2275,0.2267,0.2372,0.2478,0.3696,0.3122,0.238,0.2517,0.2431,0.24,0.254,0.2649,0.24,0.2193
7/21/2020,10.4186,0.2315,0.2051,0.2196,0.2342,0.2726,0.2641,0.239,0.2298,0.2179,0.2487,0.2228,0.2196,0.1986,0.1974,0.2221,0.2119,0.2221,0.1981,0.2017,0.2119,0.1952,0.2095,0.2175,0.2155,0.2119,0.1962,0.247,0.1971,0.2475,0.2051,0.1841,0.1867,0.1979,0.1884,0.201,0.2083,0.2133,0.2051,0.2984,0.2611,0.1945,0.2274,0.1942,0.2252,0.2155,0.2138,0.2,0.1925
7/20/2020,13.871,0.2612,0.28,0.3223,0.3187,0.3528,0.3998,0.3986,0.3821,0.2671,0.3528,0.277,0.2835,0.2406,0.2506,0.2688,0.2765,0.2459,0.2782,0.2923,0.2641,0.2905,0.2318,0.2935,0.314,0.2618,0.2594,0.2465,0.2254,0.3269,0.2477,0.2348,0.2107,0.2113,0.2359,0.2459,0.243,0.2994,0.2471,0.6146,0.4879,0.2536,0.226,0.2688,0.2876,0.2994,0.2817,0.2817,0.2312
7/19/2020,12.0827,0.2242,0.252,0.2438,0.3263,0.3643,0.2847,0.2675,0.2459,0.2524,0.2332,0.3157,0.2675,0.2181,0.2157,0.234,0.261,0.2275,0.2434,0.2602,0.2634,0.221,0.2524,0.2777,0.2651,0.2393,0.2116,0.2932,0.214,0.2295,0.2353,0.2312,0.2336,0.2185,0.2251,0.2169,0.2312,0.232,0.2246,0.389,0.3261,0.2136,0.2487,0.2626,0.2132,0.2389,0.2602,0.2626,0.2148
7/18/2020,9.7406,0.2034,0.2142,0.2119,0.2352,0.2459,0.233,0.2372,0.2232,0.2295,0.2081,0.2192,0.1947,0.1914,0.1902,0.1943,0.2076,0.205,0.2091,0.1914,0.1996,0.1896,0.2034,0.1921,0.2105,0.1842,0.1964,0.1872,0.1858,0.2039,0.1997,0.1834,0.1865,0.1863,0.1844,0.1909,0.1893,0.1876,0.1896,0.2339,0.2149,0.2025,0.2053,0.1994,0.2076,0.1936,0.1966,0.201,0.1909
7/17/2020,12.022,0.2258,0.262,0.2789,0.295,0.3388,0.2563,0.2873,0.3251,0.2584,0.2387,0.237,0.2387,0.2483,0.2495,0.2246,0.2161,0.2443,0.2415,0.2234,0.2246,0.2531,0.2097,0.2761,0.2676,0.2097,0.235,0.2089,0.2097,0.2692,0.2511,0.2081,0.2013,0.2117,0.2025,0.2218,0.229,0.2459,0.2089,0.4299,0.3555,0.2656,0.2829,0.2302,0.2334,0.2415,0.2708,0.2202,0.2584
7/16/2020,12.5765,0.2417,0.2806,0.2696,0.3081,0.2715,0.3506,0.3502,0.2518,0.2252,0.2989,0.2582,0.2825,0.2541,0.2445,0.2225,0.2477,0.2545,0.2445,0.2513,0.2472,0.2371,0.2568,0.2275,0.277,0.2271,0.25,0.304,0.2252,0.2989,0.2339,0.2399,0.2111,0.1996,0.2303,0.2371,0.2303,0.2591,0.2371,0.4854,0.3953,0.2353,0.2138,0.2294,0.2344,0.2674,0.2788,0.2678,0.2317
7/15/2020,10.0488,0.2011,0.2005,0.2078,0.2249,0.2705,0.2101,0.2558,0.2101,0.1972,0.2058,0.2417,0.198,0.1945,0.1906,0.2033,0.2033,0.2019,0.1941,0.2091,0.1951,0.1917,0.2033,0.2242,0.1964,0.1931,0.1997,0.2081,0.1872,0.2218,0.2081,0.1908,0.1845,0.1964,0.1954,0.1951,0.1935,0.2031,0.2068,0.323,0.2788,0.2017,0.2093,0.2175,0.1908,0.1978,0.1896,0.216,0.2097
7/14/2020,15.7209,0.3219,0.2809,0.3489,0.4153,0.4261,0.3759,0.3774,0.4276,0.3419,0.3744,0.2879,0.3033,0.3056,0.2979,0.3412,0.3219,0.3064,0.3589,0.3265,0.3026,0.311,0.2624,0.3288,0.3381,0.3018,0.3018,0.3381,0.2439,0.2794,0.2902,0.2763,0.2493,0.2578,0.2485,0.2416,0.2817,0.3134,0.2477,0.7629,0.5942,0.2971,0.25,0.3357,0.3373,0.301,0.3219,0.3219,0.2446
7/13/2020,12.5146,0.2701,0.2597,0.2181,0.3012,0.3965,0.2538,0.2452,0.2579,0.2412,0.224,0.3129,0.2597,0.2579,0.2321,0.2592,0.2574,0.2601,0.2245,0.2457,0.2637,0.2317,0.2583,0.2673,0.2651,0.257,0.2303,0.3102,0.2217,0.2881,0.2619,0.2353,0.2362,0.2023,0.2127,0.238,0.233,0.2741,0.2597,0.4178,0.3467,0.2452,0.2664,0.2434,0.2439,0.2538,0.2786,0.2678,0.2272
7/12/2020,14.0561,0.2757,0.289,0.2575,0.3393,0.4222,0.3623,0.4247,0.3817,0.3072,0.3005,0.3078,0.2375,0.2339,0.2642,0.2551,0.2787,0.2412,0.289,0.2672,0.2527,0.2617,0.2751,0.2817,0.2496,0.2878,0.2714,0.3144,0.2363,0.2605,0.2842,0.2375,0.2502,0.2575,0.2533,0.2381,0.2484,0.2684,0.2654,0.5793,0.4626,0.2575,0.2399,0.3169,0.3084,0.3084,0.2575,0.3041,0.2926
7/11/2020,14.8574,0.2592,0.2668,0.3456,0.3724,0.4801,0.3621,0.2867,0.4122,0.3134,0.3964,0.2798,0.3546,0.2675,0.2455,0.2592,0.2558,0.3196,0.2997,0.3223,0.3168,0.2634,0.2688,0.3251,0.2599,0.2798,0.2586,0.2778,0.2407,0.3991,0.2634,0.2099,0.2764,0.2496,0.2366,0.2222,0.2586,0.2455,0.2778,0.7785,0.6054,0.2524,0.3374,0.3072,0.2695,0.2524,0.2647,0.3093,0.2517
7/10/2020,11.3433,0.2513,0.2198,0.2589,0.2693,0.3345,0.2439,0.2486,0.3034,0.2503,0.2723,0.2673,0.2335,0.2315,0.2242,0.2355,0.2386,0.2108,0.2155,0.2309,0.2141,0.2252,0.2462,0.2533,0.2279,0.2188,0.2168,0.2138,0.2044,0.2596,0.2178,0.1937,0.2095,0.2162,0.2108,0.2155,0.2258,0.2489,0.2419,0.3036,0.2648,0.2141,0.2409,0.2392,0.2228,0.2131,0.2108,0.2085,0.2252
7/9/2020,14.1791,0.2927,0.3162,0.3329,0.3218,0.3168,0.3607,0.3403,0.4015,0.2433,0.3168,0.2971,0.2575,0.2859,0.2822,0.2538,0.2828,0.2779,0.2977,0.2915,0.3106,0.2797,0.2748,0.2785,0.3162,0.2359,0.2575,0.2767,0.2507,0.2624,0.2544,0.2581,0.2618,0.2637,0.2266,0.2278,0.2767,0.2909,0.2797,0.6111,0.4854,0.3242,0.2334,0.2779,0.2847,0.2674,0.2439,0.3094,0.2896
7/8/2020,11.3433,0.2422,0.2339,0.2312,0.2482,0.3124,0.2977,0.2656,0.2523,0.2205,0.276,0.2319,0.2422,0.2238,0.2148,0.2258,0.2372,0.2426,0.2426,0.2252,0.2185,0.2305,0.2044,0.2449,0.2151,0.2085,0.2245,0.2031,0.2071,0.2098,0.2168,0.1877,0.2182,0.2055,0.2145,0.2088,0.2178,0.2422,0.2188,0.3873,0.3249,0.2279,0.2292,0.2429,0.2429,0.2389,0.2392,0.2265,0.2208
7/7/2020,12.453,0.2847,0.229,0.2865,0.2789,0.3577,0.2584,0.2459,0.2762,0.2989,0.2655,0.2762,0.2281,0.2468,0.2437,0.2499,0.2286,0.2335,0.2335,0.2446,0.2312,0.2192,0.2562,0.2526,0.241,0.241,0.2388,0.2152,0.229,0.3158,0.2544,0.2063,0.2344,0.209,0.2116,0.225,0.229,0.237,0.2206,0.5437,0.4371,0.2491,0.2339,0.2753,0.2121,0.2651,0.2882,0.2615,0.2531
7/6/2020,10.0486,0.2068,0.2003,0.1943,0.2199,0.2638,0.2484,0.2347,0.2529,0.1951,0.2267,0.2013,0.2195,0.1908,0.1949,0.1947,0.1931,0.2056,0.2021,0.1954,0.2101,0.2087,0.1874,0.2124,0.1921,0.2027,0.2027,0.2103,0.1876,0.2181,0.2076,0.1931,0.198,0.1962,0.1931,0.1968,0.2027,0.2134,0.1962,0.305,0.2658,0.2181,0.1906,0.2035,0.1894,0.2009,0.2076,0.1908,0.2074
7/5/2020,12.8846,0.2575,0.2863,0.2932,0.303,0.4031,0.3323,0.3337,0.3274,0.2478,0.2634,0.3376,0.2468,0.2228,0.2722,0.2292,0.2277,0.2414,0.2365,0.2585,0.2565,0.2311,0.257,0.2736,0.2394,0.216,0.2375,0.2453,0.2253,0.2785,0.2468,0.238,0.2097,0.2126,0.2253,0.2238,0.2404,0.2878,0.2536,0.5123,0.4145,0.2732,0.2224,0.257,0.2292,0.2736,0.2844,0.2497,0.2497
7/4/2020,14.611,0.3055,0.328,0.2804,0.4,0.3676,0.3782,0.4192,0.3531,0.2685,0.3088,0.4205,0.285,0.2989,0.2665,0.25,0.283,0.2579,0.2698,0.3233,0.3161,0.2751,0.2467,0.2566,0.2612,0.2672,0.2341,0.2599,0.2506,0.3524,0.2995,0.2328,0.2367,0.2341,0.2592,0.2447,0.2751,0.2771,0.324,0.6606,0.5209,0.2804,0.2876,0.2843,0.2434,0.3075,0.2976,0.2447,0.3167
7/3/2020,12.33,0.2485,0.2684,0.2498,0.2736,0.3152,0.2485,0.3351,0.2966,0.3117,0.2961,0.2671,0.2225,0.2208,0.216,0.2589,0.2719,0.2684,0.2654,0.2684,0.2693,0.2632,0.2533,0.2204,0.255,0.2533,0.2455,0.2927,0.2108,0.3022,0.2381,0.2082,0.232,0.226,0.2,0.2039,0.239,0.2485,0.2606,0.381,0.3204,0.2225,0.223,0.255,0.2364,0.2749,0.2247,0.2217,0.2455
7/2/2020,11.6521,0.2361,0.2576,0.239,0.2678,0.2667,0.2558,0.277,0.2985,0.2466,0.2689,0.2981,0.2353,0.2339,0.2087,0.2485,0.2134,0.2167,0.2101,0.235,0.2477,0.2485,0.2094,0.209,0.2565,0.2127,0.2397,0.2112,0.2068,0.2824,0.2302,0.2193,0.2277,0.1966,0.1988,0.2189,0.2244,0.2434,0.2193,0.3942,0.3299,0.2397,0.2466,0.2521,0.2039,0.2266,0.2587,0.2481,0.2361
7/1/2020,15.3506,0.335,0.3122,0.3284,0.3666,0.3938,0.3196,0.3225,0.4408,0.3372,0.3328,0.4386,0.3379,0.3049,0.3122,0.2534,0.3379,0.2755,0.3196,0.3299,0.2938,0.3144,0.3225,0.3115,0.2997,0.2725,0.3019,0.2563,0.2637,0.3813,0.2681,0.2394,0.2438,0.2358,0.2813,0.2549,0.2931,0.2924,0.3107,0.5772,0.4611,0.3512,0.3629,0.2608,0.3166,0.2777,0.2791,0.3269,0.3012
6/30/2020,13.5008,0.2635,0.2629,0.2651,0.3818,0.4038,0.2844,0.3878,0.2673,0.2437,0.2849,0.2921,0.258,0.2684,0.2684,0.2305,0.2459,0.2745,0.302,0.2519,0.2486,0.2789,0.2778,0.2701,0.2453,0.2233,0.2255,0.2789,0.2277,0.2371,0.2739,0.2239,0.2222,0.2459,0.242,0.2393,0.264,0.2822,0.2475,0.6399,0.506,0.2888,0.2415,0.2943,0.2882,0.3003,0.2541,0.2624,0.2343
6/29/2020,12.5146,0.2263,0.2588,0.2348,0.2985,0.3432,0.3134,0.2854,0.298,0.2308,0.2669,0.2339,0.2687,0.2357,0.2425,0.2366,0.2506,0.2452,0.2791,0.2475,0.2592,0.2583,0.2443,0.261,0.2172,0.2389,0.2231,0.2791,0.2303,0.3125,0.2335,0.2371,0.2005,0.2339,0.2249,0.2357,0.2466,0.2475,0.2326,0.5621,0.4503,0.2168,0.2222,0.2118,0.2272,0.2633,0.2854,0.2421,0.2213
6/28/2020,17.0154,0.3506,0.3641,0.3479,0.484,0.5994,0.347,0.4957,0.5156,0.3785,0.4317,0.5201,0.383,0.3028,0.3064,0.374,0.3758,0.3722,0.3127,0.3344,0.3461,0.2803,0.3145,0.3497,0.3524,0.255,0.2947,0.3704,0.2803,0.411,0.3334,0.2965,0.2947,0.2983,0.2956,0.246,0.3208,0.2884,0.3803,0.2832,0.2503,0.3875,0.4173,0.3839,0.2595,0.3659,0.3497,0.356,0.3578
6/27/2020,12.2069,0.2361,0.2268,0.2727,0.3084,0.2945,0.2672,0.2554,0.2605,0.2903,0.2802,0.3072,0.2815,0.2314,0.2272,0.2272,0.25,0.268,0.226,0.2479,0.2584,0.255,0.2643,0.2823,0.2142,0.2382,0.2235,0.2714,0.2142,0.3072,0.2336,0.2155,0.1978,0.197,0.2235,0.2277,0.2235,0.2441,0.2432,0.419,0.3476,0.2554,0.2155,0.2634,0.218,0.2643,0.25,0.2445,0.2361
6/26/2020,11.5285,0.2358,0.2249,0.2556,0.3089,0.294,0.3007,0.2916,0.2503,0.2626,0.2415,0.2979,0.2545,0.2281,0.2203,0.2365,0.239,0.221,0.2482,0.239,0.2404,0.2362,0.2122,0.2154,0.2037,0.2256,0.2242,0.2383,0.2048,0.2457,0.2249,0.2182,0.1949,0.2224,0.1935,0.1949,0.2168,0.2365,0.2439,0.3126,0.2713,0.2514,0.2432,0.2358,0.2231,0.2549,0.2316,0.2492,0.2125
6/25/2020,11.9598,0.2577,0.2494,0.2463,0.3108,0.2645,0.2506,0.333,0.2764,0.289,0.249,0.3136,0.2486,0.2348,0.2178,0.2154,0.2304,0.2609,0.2498,0.2494,0.2332,0.255,0.2423,0.2439,0.2589,0.2185,0.2098,0.2676,0.2158,0.2863,0.2372,0.2174,0.2158,0.2122,0.2003,0.2086,0.2304,0.2609,0.2621,0.3567,0.3029,0.2471,0.2284,0.234,0.2059,0.2391,0.2629,0.2399,0.2193
6/24/2020,19.1735,0.3097,0.4225,0.3801,0.551,0.6505,0.5421,0.4493,0.5979,0.5108,0.5209,0.5164,0.379,0.3711,0.3533,0.3544,0.3019,0.4013,0.3935,0.408,0.4404,0.2963,0.2985,0.3343,0.4158,0.3097,0.3119,0.2996,0.2784,0.313,0.3365,0.2963,0.3354,0.3354,0.3153,0.2929,0.322,0.4203,0.4047,0.8883,0.6842,0.4013,0.3667,0.3242,0.2885,0.4035,0.3276,0.4225,0.2963
6/23/2020,10.4187,0.1993,0.2296,0.2056,0.2537,0.2462,0.2356,0.2141,0.2426,0.217,0.232,0.2172,0.2066,0.2029,0.209,0.2104,0.2092,0.2143,0.2078,0.2097,0.2218,0.194,0.2192,0.2201,0.193,0.208,0.2201,0.2342,0.1911,0.2368,0.2119,0.1841,0.1858,0.1882,0.1901,0.1882,0.2071,0.2075,0.2177,0.363,0.3075,0.1991,0.2073,0.21,0.1957,0.2269,0.2003,0.2095,0.2177
6/22/2020,12.0832,0.2598,0.2785,0.2242,0.3108,0.27,0.3284,0.2957,0.241,0.2843,0.2692,0.2528,0.2361,0.2148,0.2398,0.2618,0.2185,0.2467,0.254,0.2447,0.2426,0.2451,0.2377,0.2769,0.2434,0.2161,0.2357,0.2226,0.2214,0.2234,0.2447,0.2189,0.2067,0.2304,0.2091,0.2279,0.2185,0.2144,0.2585,0.4815,0.3925,0.2316,0.2238,0.2606,0.2328,0.2679,0.2422,0.214,0.2112
6/21/2020,12.9458,0.2725,0.2755,0.2903,0.3645,0.274,0.2839,0.3106,0.2582,0.3279,0.2587,0.3309,0.2236,0.2522,0.2498,0.2725,0.2245,0.2255,0.2537,0.2359,0.2819,0.2275,0.2394,0.2705,0.2977,0.2473,0.226,0.3284,0.2329,0.2478,0.2651,0.225,0.2151,0.2097,0.2146,0.2211,0.2527,0.2532,0.2636,0.5218,0.4214,0.274,0.3111,0.2186,0.2616,0.2364,0.2933,0.2423,0.2611
6/20/2020,12.7,0.2954,0.2687,0.2865,0.2842,0.271,0.2541,0.3678,0.2842,0.3105,0.3251,0.3208,0.2903,0.2555,0.2217,0.2513,0.2696,0.2339,0.2386,0.2536,0.2729,0.2358,0.2475,0.2611,0.2635,0.2625,0.2611,0.31,0.2221,0.2983,0.2635,0.2174,0.2014,0.2386,0.2268,0.2198,0.2414,0.2231,0.2273,0.3599,0.3052,0.2273,0.2625,0.2588,0.2654,0.2644,0.2719,0.2419,0.2658
6/19/2020,16.6453,0.2739,0.3085,0.3837,0.4779,0.4528,0.4027,0.3793,0.426,0.394,0.4018,0.3759,0.401,0.3378,0.3508,0.3102,0.3681,0.3759,0.2695,0.343,0.3629,0.3344,0.292,0.3655,0.3932,0.343,0.286,0.2678,0.2765,0.3655,0.3059,0.2955,0.3067,0.2514,0.2695,0.2868,0.3162,0.3448,0.3664,0.5075,0.4111,0.3214,0.3612,0.3154,0.2531,0.3793,0.3889,0.3344,0.3102
6/18/2020,17.0155,0.3957,0.3091,0.3109,0.4597,0.3948,0.4903,0.5101,0.5092,0.3911,0.3704,0.3064,0.3993,0.2758,0.2929,0.3046,0.3118,0.3118,0.2749,0.3596,0.3533,0.3416,0.2974,0.4029,0.273,0.2559,0.3515,0.3425,0.2857,0.3542,0.3389,0.3055,0.2577,0.2388,0.2794,0.2631,0.2911,0.2721,0.3307,0.8791,0.6776,0.4002,0.3163,0.365,0.319,0.374,0.2884,0.2956,0.2866
6/17/2020,19.2344,0.37,0.37,0.3206,0.597,0.6745,0.5138,0.6441,0.6149,0.3734,0.5206,0.5711,0.4498,0.2947,0.3835,0.4217,0.4385,0.3644,0.306,0.3622,0.4228,0.4037,0.4397,0.3992,0.4116,0.2745,0.4048,0.5003,0.288,0.3622,0.3992,0.2711,0.3397,0.2464,0.2487,0.2644,0.3262,0.3846,0.2981,0.5141,0.4158,0.4509,0.3655,0.3273,0.3329,0.3801,0.3902,0.397,0.3846
6/16/2020,18.6181,0.4332,0.3238,0.3291,0.5595,0.5351,0.6073,0.5096,0.3833,0.499,0.448,0.3121,0.361,0.2909,0.3281,0.3397,0.3737,0.3875,0.3164,0.3812,0.3865,0.3971,0.3652,0.4342,0.3291,0.3291,0.2867,0.4757,0.3047,0.5298,0.3589,0.3132,0.3344,0.2675,0.3196,0.3238,0.31,0.3674,0.413,0.521,0.4208,0.4523,0.4703,0.4258,0.2654,0.3366,0.4077,0.3663,0.3875
6/15/2020,19.8511,0.4392,0.4855,0.3397,0.4286,0.6597,0.4404,0.636,0.6099,0.4203,0.4333,0.3444,0.3634,0.3622,0.3065,0.3231,0.3444,0.3278,0.4404,0.3432,0.4535,0.3551,0.4416,0.3764,0.2852,0.3195,0.3361,0.4345,0.3101,0.4203,0.367,0.2745,0.2958,0.2899,0.3243,0.3563,0.3326,0.3397,0.4298,1.3227,0.9957,0.3788,0.2828,0.3646,0.2804,0.3587,0.3788,0.3907,0.3077
6/14/2020,13.1314,0.2339,0.3057,0.2477,0.3719,0.2796,0.2755,0.3052,0.3083,0.2395,0.3232,0.2898,0.2539,0.2349,0.2452,0.2288,0.2365,0.2719,0.2436,0.2713,0.2873,0.258,0.2442,0.2713,0.2755,0.2472,0.2749,0.2436,0.2257,0.2867,0.2431,0.2493,0.2139,0.2472,0.2298,0.2175,0.2375,0.2503,0.2857,0.6893,0.5415,0.2267,0.2159,0.2447,0.2652,0.2385,0.2436,0.2862,0.2247
6/13/2020,14.6109,0.3379,0.2711,0.3438,0.4384,0.4734,0.3326,0.4278,0.3723,0.3326,0.3048,0.3875,0.2949,0.2976,0.3068,0.3101,0.2824,0.2764,0.2797,0.289,0.328,0.2427,0.2533,0.3101,0.3432,0.2566,0.2394,0.2414,0.2354,0.2718,0.2705,0.2235,0.2229,0.2387,0.2162,0.2407,0.2645,0.3015,0.2724,0.6079,0.4831,0.2863,0.3081,0.2526,0.3009,0.2797,0.2678,0.2539,0.2387
6/12/2020,20.1597,0.3515,0.4634,0.4743,0.5266,0.5728,0.4634,0.4707,0.4852,0.5229,0.4001,0.5424,0.3965,0.3466,0.3284,0.3345,0.4111,0.3308,0.4196,0.4634,0.3515,0.3831,0.3868,0.4536,0.3989,0.3174,0.4123,0.4269,0.3029,0.3247,0.3491,0.2749,0.3016,0.3029,0.2956,0.281,0.3247,0.3782,0.2956,1.2267,0.9269,0.3345,0.3272,0.4366,0.4244,0.4281,0.4354,0.3539,0.4001
6/11/2020,22.6874,0.456,0.5103,0.4531,0.5882,0.7586,0.5794,0.7497,0.6264,0.4443,0.6352,0.4193,0.5456,0.387,0.3561,0.3444,0.4913,0.409,0.5324,0.4178,0.5133,0.3708,0.3708,0.4707,0.5236,0.2989,0.4222,0.5059,0.3429,0.4575,0.4384,0.3782,0.3312,0.3899,0.3693,0.3664,0.4119,0.4957,0.4208,1.0485,0.7991,0.4736,0.3561,0.3576,0.3591,0.3752,0.4707,0.4149,0.4501
6/10/2020,23.8584,0.5045,0.5726,0.4236,0.7931,0.9104,0.6662,0.5409,0.4791,0.5806,0.6392,0.4965,0.4315,0.3506,0.4252,0.4061,0.422,0.4363,0.4489,0.4442,0.4632,0.46,0.5314,0.4616,0.4172,0.4711,0.3601,0.6868,0.3364,0.5409,0.3823,0.3586,0.3649,0.33,0.3744,0.3443,0.422,0.4347,0.4156,1.201,0.9085,0.514,0.5473,0.4141,0.3665,0.4347,0.3919,0.4569,0.4965
6/9/2020,20.221,0.4575,0.4404,0.4905,0.6421,0.7019,0.4869,0.3952,0.4441,0.5761,0.3805,0.4123,0.3023,0.3952,0.394,0.3512,0.4416,0.4368,0.3194,0.3976,0.438,0.3524,0.3598,0.4942,0.339,0.3231,0.4282,0.3732,0.3035,0.5003,0.361,0.3133,0.2852,0.284,0.2693,0.2767,0.361,0.3109,0.3915,1.1801,0.8935,0.3891,0.4135,0.3793,0.3891,0.4001,0.306,0.3463,0.2938
6/8/2020,18.31,0.3749,0.4048,0.4471,0.544,0.4894,0.5677,0.4997,0.4986,0.4533,0.3502,0.445,0.279,0.3265,0.3368,0.4038,0.376,0.3419,0.3626,0.3512,0.3141,0.2894,0.3203,0.4492,0.409,0.3718,0.3492,0.4883,0.2811,0.3388,0.3028,0.31,0.2636,0.3172,0.2646,0.2625,0.312,0.3409,0.3337,0.5852,0.4668,0.4254,0.3687,0.3089,0.3801,0.3729,0.4388,0.3925,0.3997
6/7/2020,14.6108,0.3095,0.3167,0.2896,0.4311,0.3571,0.4027,0.3187,0.4324,0.2995,0.3498,0.3405,0.246,0.2757,0.3022,0.2751,0.3055,0.3121,0.2625,0.2784,0.3253,0.2546,0.3128,0.2757,0.2453,0.2995,0.2387,0.2625,0.2559,0.369,0.2638,0.242,0.2222,0.2632,0.2196,0.2579,0.2619,0.2652,0.2434,0.5836,0.4657,0.2453,0.3604,0.3022,0.2943,0.3227,0.2579,0.3227,0.2724
6/6/2020,15.0422,0.3265,0.3526,0.3223,0.397,0.5272,0.3737,0.2899,0.3174,0.2871,0.3695,0.2871,0.2589,0.3103,0.273,0.2751,0.273,0.2631,0.261,0.3089,0.3279,0.247,0.3188,0.361,0.335,0.2793,0.2631,0.3624,0.2385,0.3526,0.2639,0.2779,0.2723,0.2202,0.2639,0.2357,0.2751,0.3103,0.304,0.6145,0.4878,0.2646,0.3498,0.3019,0.3216,0.2822,0.261,0.2899,0.2864
6/5/2020,14.6726,0.3435,0.2694,0.2761,0.4042,0.4683,0.2901,0.4436,0.4142,0.2441,0.3635,0.3101,0.2868,0.2654,0.2674,0.2828,0.2501,0.2708,0.3335,0.2981,0.2914,0.2661,0.2407,0.2974,0.2387,0.2914,0.2714,0.2561,0.2421,0.2788,0.2761,0.2134,0.2187,0.2341,0.2561,0.2421,0.2701,0.3201,0.3008,0.7884,0.6125,0.2881,0.2828,0.2614,0.2608,0.3241,0.2628,0.2614,0.2427
6/4/2020,14.6109,0.3002,0.2738,0.2731,0.3696,0.4014,0.3544,0.3333,0.3121,0.3214,0.3505,0.3386,0.3452,0.2876,0.2678,0.3167,0.281,0.2943,0.2453,0.2843,0.2837,0.3141,0.2969,0.2698,0.3181,0.2843,0.2619,0.2995,0.2328,0.2824,0.2923,0.2182,0.2275,0.2341,0.2374,0.2427,0.2519,0.3194,0.3101,0.7249,0.567,0.3233,0.3313,0.248,0.2301,0.2638,0.246,0.3068,0.242
6/3/2020,14.4263,0.3145,0.256,0.2753,0.3537,0.4841,0.3569,0.2958,0.3267,0.3453,0.2894,0.2605,0.2836,0.2463,0.2374,0.2804,0.2624,0.2489,0.3222,0.2862,0.3145,0.2534,0.3138,0.2618,0.2406,0.2335,0.2598,0.3222,0.2483,0.2933,0.2997,0.2502,0.2277,0.2618,0.2271,0.256,0.256,0.2701,0.3087,0.7957,0.6178,0.2457,0.2669,0.2618,0.2913,0.3177,0.265,0.2695,0.2708
6/2/2020,14.3029,0.2833,0.3078,0.2511,0.4226,0.3747,0.3803,0.2814,0.3885,0.3406,0.3665,0.2852,0.2681,0.2461,0.2833,0.2719,0.2568,0.2789,0.2688,0.3192,0.2656,0.2839,0.2448,0.277,0.2511,0.2467,0.2997,0.3425,0.2379,0.381,0.3015,0.2335,0.2404,0.2139,0.2669,0.2549,0.2606,0.3167,0.2656,0.5447,0.4378,0.328,0.2915,0.2807,0.2896,0.3022,0.2707,0.2536,0.2448
6/1/2020,15.4744,0.3102,0.2975,0.2638,0.37,0.4103,0.4425,0.4813,0.3214,0.42,0.3191,0.3857,0.3535,0.3012,0.2907,0.2743,0.3281,0.3326,0.3251,0.2863,0.3087,0.3244,0.3064,0.2564,0.3685,0.3079,0.2549,0.4073,0.2549,0.3595,0.2877,0.228,0.2414,0.2429,0.2399,0.2631,0.2713,0.3513,0.2481,0.5937,0.4729,0.2915,0.3371,0.278,0.2399,0.3147,0.3498,0.299,0.2616
5/31/2020,15.1655,0.3386,0.2842,0.2813,0.3687,0.33,0.3945,0.348,0.4146,0.2527,0.4125,0.4318,0.3257,0.2706,0.3078,0.3078,0.325,0.3007,0.3143,0.2828,0.2835,0.2992,0.2763,0.2763,0.325,0.277,0.3193,0.3824,0.2476,0.3343,0.2892,0.2369,0.2548,0.2498,0.2598,0.277,0.2605,0.2892,0.2777,0.6495,0.5129,0.353,0.2419,0.2964,0.2992,0.3021,0.2605,0.262,0.2806
5/30/2020,16.0905,0.3827,0.3244,0.3746,0.4142,0.4264,0.4199,0.415,0.3819,0.318,0.445,0.284,0.3487,0.2856,0.3196,0.343,0.3099,0.305,0.3293,0.3625,0.3188,0.3107,0.2921,0.3382,0.3762,0.3042,0.2896,0.3236,0.2565,0.343,0.2929,0.2629,0.2913,0.2265,0.2492,0.2613,0.2945,0.3576,0.2888,0.7085,0.5552,0.2783,0.356,0.2848,0.2573,0.2767,0.2856,0.2775,0.343
5/29/2020,14.2408,0.2478,0.2653,0.2778,0.3795,0.3576,0.3252,0.3221,0.3982,0.254,0.2696,0.3988,0.2671,0.2927,0.2378,0.3108,0.2771,0.289,0.2447,0.2746,0.3189,0.2703,0.3108,0.2553,0.3083,0.2528,0.2746,0.2728,0.2309,0.2584,0.2759,0.2285,0.2584,0.2572,0.2359,0.221,0.2628,0.2734,0.2696,0.7798,0.6064,0.2653,0.2703,0.2278,0.2316,0.2684,0.2846,0.2896,0.2915
5/28/2020,14.0566,0.2999,0.3259,0.3011,0.4041,0.349,0.2842,0.3514,0.4053,0.3278,0.375,0.2624,0.3011,0.2381,0.2363,0.2563,0.2769,0.2981,0.2793,0.2708,0.2642,0.2975,0.2666,0.3066,0.2375,0.2406,0.2442,0.2315,0.2533,0.3181,0.2666,0.2181,0.2563,0.2412,0.263,0.2412,0.2617,0.2527,0.2533,0.5751,0.4596,0.2902,0.3181,0.2569,0.315,0.2684,0.3102,0.2696,0.2363
5/27/2020,17.4471,0.4151,0.3962,0.3263,0.4066,0.5124,0.4888,0.331,0.3924,0.2829,0.4378,0.4841,0.3301,0.298,0.2914,0.2819,0.3688,0.3717,0.3887,0.3131,0.3669,0.3603,0.3424,0.417,0.3443,0.3443,0.2744,0.2668,0.2848,0.4897,0.3632,0.3065,0.2876,0.2668,0.2725,0.2762,0.3358,0.3103,0.2895,0.7031,0.5513,0.332,0.3962,0.3462,0.3424,0.3934,0.4142,0.3169,0.3348
5/26/2020,15.1045,0.2697,0.2981,0.2555,0.4586,0.3166,0.3059,0.3627,0.4508,0.3166,0.35,0.4054,0.3357,0.2825,0.2661,0.318,0.2881,0.2612,0.3201,0.2867,0.3294,0.2761,0.3073,0.3016,0.2796,0.2803,0.2498,0.3038,0.2462,0.3237,0.2988,0.259,0.2484,0.2427,0.242,0.2413,0.2583,0.3159,0.2505,0.707,0.5542,0.3272,0.2626,0.3045,0.3159,0.2889,0.3315,0.3272,0.2825
5/25/2020,21.8237,0.5385,0.4542,0.4238,0.4998,0.7984,0.5219,0.5012,0.4584,0.4915,0.6325,0.4003,0.4086,0.3892,0.4473,0.421,0.4943,0.4832,0.4501,0.3851,0.3726,0.4736,0.3298,0.363,0.3367,0.3353,0.4473,0.5952,0.363,0.4722,0.4307,0.374,0.3906,0.2731,0.2856,0.3367,0.3685,0.3975,0.4376,0.9194,0.7065,0.4874,0.4749,0.4915,0.4694,0.5109,0.3408,0.3726,0.468
5/24/2020,12.4535,0.2713,0.2575,0.2816,0.3466,0.3118,0.2562,0.2856,0.2526,0.2825,0.2228,0.2709,0.2312,0.2419,0.2263,0.258,0.258,0.274,0.229,0.2602,0.2633,0.2637,0.2566,0.2477,0.2611,0.2286,0.2192,0.2825,0.2263,0.2348,0.2286,0.2139,0.2201,0.2157,0.237,0.2201,0.225,0.2789,0.2228,0.4851,0.3951,0.241,0.2268,0.2526,0.2669,0.2553,0.2727,0.2722,0.2219
5/23/2020,16.892,0.2778,0.3329,0.284,0.4948,0.605,0.381,0.4708,0.3338,0.3258,0.461,0.3525,0.2636,0.3267,0.2654,0.3614,0.3098,0.3472,0.3623,0.3321,0.308,0.3463,0.3152,0.4076,0.2885,0.2618,0.2734,0.2636,0.2769,0.3721,0.3321,0.2876,0.2387,0.2476,0.2645,0.2814,0.2903,0.381,0.2787,0.9776,0.7482,0.3356,0.2618,0.2689,0.3018,0.3587,0.4032,0.2858,0.3472
5/22/2020,16.5223,0.2766,0.3925,0.3695,0.3712,0.453,0.424,0.4675,0.3269,0.3755,0.3789,0.3243,0.3899,0.274,0.2996,0.2766,0.3584,0.3252,0.2877,0.3601,0.3269,0.2826,0.274,0.3755,0.3576,0.2971,0.3465,0.3039,0.274,0.4479,0.3473,0.2749,0.2681,0.2536,0.2996,0.2672,0.2792,0.2868,0.3678,0.7826,0.6084,0.332,0.3627,0.3226,0.2732,0.286,0.3184,0.3201,0.2544
5/21/2020,11.1587,0.2406,0.2358,0.2061,0.2437,0.269,0.2355,0.2902,0.2586,0.2722,0.2415,0.2248,0.2545,0.2182,0.2185,0.208,0.2289,0.2346,0.2103,0.2172,0.2317,0.2327,0.221,0.2485,0.2163,0.2122,0.2017,0.2557,0.2077,0.2207,0.2131,0.1938,0.1976,0.19,0.2087,0.2055,0.22,0.2024,0.2412,0.3834,0.3221,0.2485,0.1989,0.214,0.2305,0.2302,0.239,0.2317,0.2317
5/20/2020,20.5293,0.3433,0.4022,0.3521,0.6804,0.4674,0.4223,0.6378,0.4924,0.3809,0.4699,0.3458,0.4047,0.3609,0.3671,0.4599,0.3646,0.4235,0.4573,0.4273,0.426,0.3408,0.3421,0.4523,0.297,0.3158,0.431,0.5325,0.3233,0.5513,0.3759,0.3609,0.3308,0.322,0.3145,0.3133,0.3321,0.317,0.4386,1.1816,0.8945,0.4285,0.5037,0.3258,0.3321,0.3396,0.3884,0.4235,0.3346
5/19/2020,15.7822,0.3604,0.2772,0.2569,0.4328,0.3651,0.3301,0.418,0.4842,0.3067,0.4243,0.362,0.3815,0.3122,0.3005,0.348,0.2756,0.3262,0.3332,0.2811,0.3223,0.2562,0.3511,0.2593,0.2725,0.2717,0.2997,0.3877,0.2523,0.3106,0.3067,0.2655,0.2453,0.2686,0.2818,0.2375,0.2756,0.3581,0.3083,0.6085,0.4836,0.3659,0.362,0.2663,0.3138,0.3433,0.3737,0.292,0.2663
5/18/2020,22.5638,0.3953,0.4376,0.4303,0.6677,0.9152,0.5002,0.7915,0.6793,0.5468,0.4856,0.739,0.4579,0.3706,0.4274,0.4827,0.4026,0.4871,0.4288,0.5206,0.4317,0.3778,0.305,0.3793,0.5584,0.3094,0.4798,0.5613,0.3604,0.3778,0.4783,0.3793,0.3982,0.3618,0.2759,0.3575,0.4274,0.4274,0.372,0.9003,0.6928,0.4944,0.356,0.3356,0.3341,0.4463,0.4623,0.3516,0.4055
5/17/2020,24.1055,0.3921,0.4066,0.4582,0.645,0.922,0.5419,0.4711,0.6176,0.4517,0.4066,0.7626,0.5033,0.3487,0.4936,0.3615,0.4614,0.3921,0.4115,0.4791,0.4405,0.3825,0.3825,0.5258,0.3776,0.3954,0.3358,0.6579,0.3551,0.4566,0.5065,0.4292,0.3889,0.2875,0.347,0.3197,0.4243,0.3696,0.4711,1.5848,1.1837,0.5822,0.5773,0.3487,0.5451,0.4099,0.5822,0.5387,0.3728
5/16/2020,30.8863,0.7045,0.6633,0.6336,0.7526,0.7022,0.9494,0.5603,0.7594,0.9814,0.677,0.9242,0.5878,0.4962,0.5878,0.6587,0.6519,0.4985,0.4939,0.7068,0.5489,0.4985,0.5832,0.5351,0.7548,0.4482,0.5672,0.4276,0.423,0.4779,0.5328,0.352,0.4413,0.526,0.455,0.5145,0.4871,0.7091,0.526,1.9246,1.4274,0.4871,0.3841,0.5466,0.6885,0.7182,0.7045,0.6564,0.5512
5/15/2020,29.345,0.7302,0.5189,0.5829,0.8689,1.061,0.7707,0.6149,0.743,0.8326,0.7366,0.9671,0.4997,0.457,0.474,0.4442,0.5936,0.5445,0.5893,0.6491,0.6064,0.4783,0.4313,0.4249,0.4399,0.3566,0.5125,0.4121,0.4057,0.4484,0.5872,0.3502,0.4185,0.4036,0.41,0.4313,0.4783,0.5829,0.3951,2.1804,1.6108,0.5808,0.4804,0.5744,0.3801,0.6661,0.5466,0.4335,0.6405
5/14/2020,27.5573,0.595,0.4933,0.5989,0.6536,0.9138,0.8981,1.0155,0.7436,0.6732,0.5031,0.4209,0.5891,0.4757,0.5363,0.4991,0.4346,0.46,0.5167,0.5402,0.636,0.5598,0.4659,0.6888,0.6928,0.3974,0.3935,0.6791,0.4014,0.7456,0.4874,0.4424,0.4502,0.3779,0.3309,0.3349,0.4209,0.6439,0.6282,1.4172,1.0635,0.46,0.4268,0.6302,0.4815,0.4307,0.4522,0.4268,0.4307
5/13/2020,27.3719,0.4456,0.5231,0.7052,0.7362,1.1547,0.7982,0.4902,0.9299,0.5929,0.496,0.68,0.4514,0.5134,0.5173,0.5638,0.4011,0.403,0.4185,0.4669,0.5289,0.5192,0.4669,0.5812,0.68,0.4398,0.5502,0.6742,0.3662,0.7401,0.496,0.2926,0.3391,0.4108,0.4611,0.4611,0.4747,0.5987,0.6335,1.34,1.0081,0.6858,0.5134,0.5657,0.3507,0.6142,0.403,0.3991,0.4902
5/12/2020,31.195,0.6004,0.5934,0.4775,1.0295,1.0875,0.9437,0.7465,0.7187,0.8022,0.6213,0.9019,0.4844,0.5749,0.6306,0.7001,0.5819,0.6584,0.677,0.677,0.4891,0.5192,0.7141,0.6282,0.5934,0.5262,0.4589,0.5146,0.5007,0.8695,0.6306,0.4195,0.4288,0.3801,0.4056,0.4056,0.4636,0.67,0.5007,1.4972,1.1208,0.7744,0.6862,0.6282,0.4821,0.6097,0.7419,0.4682,0.561
5/11/2020,24.2285,0.5188,0.389,0.3598,0.8044,0.6714,0.845,0.5042,0.7282,0.647,0.6681,0.4636,0.4442,0.4945,0.3647,0.4766,0.3841,0.4474,0.3906,0.5318,0.4685,0.4734,0.488,0.5789,0.4442,0.4572,0.3987,0.6389,0.3955,0.389,0.4847,0.376,0.4101,0.4231,0.3614,0.415,0.4085,0.5626,0.3517,1.0626,0.8092,0.402,0.4815,0.4442,0.488,0.4523,0.5286,0.5026,0.3987
5/10/2020,22.0705,0.4382,0.3834,0.51,0.7295,0.8097,0.5846,0.6071,0.465,0.3834,0.3454,0.4917,0.4467,0.3805,0.434,0.3411,0.4115,0.3468,0.4213,0.3622,0.5001,0.3411,0.4987,0.4495,0.5142,0.427,0.351,0.6226,0.3313,0.5409,0.4607,0.3932,0.2961,0.3425,0.3285,0.3904,0.3932,0.3214,0.4185,1.0893,0.8284,0.3735,0.4861,0.4129,0.3397,0.4509,0.3862,0.4945,0.396
5/9/2020,19.9743,0.4481,0.4672,0.4517,0.5223,0.5307,0.6385,0.3607,0.4145,0.3666,0.4038,0.4936,0.3259,0.2984,0.4121,0.3654,0.3487,0.3642,0.3259,0.3451,0.4026,0.3978,0.3247,0.387,0.387,0.3259,0.3187,0.3523,0.3211,0.4636,0.4086,0.2708,0.3008,0.302,0.3008,0.2684,0.3403,0.4648,0.4193,1.4303,1.0729,0.4181,0.5031,0.3259,0.3271,0.3175,0.3044,0.3307,0.3044
5/8/2020,17.8169,0.3905,0.2992,0.2904,0.4622,0.6094,0.3718,0.3571,0.3905,0.365,0.3964,0.2933,0.3443,0.3316,0.3345,0.3797,0.3002,0.2874,0.363,0.3797,0.3385,0.2874,0.3561,0.3247,0.3002,0.3169,0.3041,0.3002,0.2678,0.3934,0.3679,0.3061,0.2452,0.2403,0.2815,0.2668,0.3139,0.4121,0.3443,1.2855,0.969,0.4229,0.2805,0.2796,0.2589,0.4052,0.4278,0.2894,0.2845
5/7/2020,18.9877,0.3161,0.3216,0.4622,0.5919,0.6688,0.4677,0.5084,0.4502,0.415,0.3568,0.4062,0.2974,0.3546,0.3666,0.3106,0.3414,0.3645,0.3875,0.3897,0.4161,0.3908,0.3688,0.3557,0.2919,0.2996,0.3656,0.4117,0.3095,0.5062,0.3842,0.2864,0.3117,0.2853,0.2754,0.2908,0.3062,0.3172,0.2952,1.1336,0.8601,0.3051,0.3194,0.3018,0.4128,0.3787,0.4315,0.3227,0.2765
5/6/2020,17.5089,0.2874,0.3245,0.4158,0.3977,0.5888,0.4862,0.3293,0.4025,0.3036,0.2874,0.4481,0.3949,0.3198,0.277,0.374,0.353,0.2846,0.3045,0.3036,0.3987,0.3816,0.3616,0.3654,0.3635,0.2618,0.3654,0.3711,0.2884,0.3483,0.3179,0.2408,0.2532,0.2741,0.2751,0.3017,0.296,0.3483,0.3882,0.9646,0.7389,0.3749,0.3521,0.393,0.3007,0.3426,0.3616,0.2941,0.3026
5/5/2020,20.7147,0.3345,0.4756,0.4591,0.6346,0.7426,0.421,0.4464,0.4464,0.3714,0.5011,0.3968,0.4299,0.4184,0.426,0.4337,0.407,0.4032,0.337,0.4489,0.3803,0.4146,0.4502,0.4019,0.4922,0.3625,0.2976,0.5367,0.2938,0.5138,0.4273,0.3281,0.3548,0.3243,0.3281,0.3294,0.379,0.4273,0.3828,0.8975,0.6908,0.4438,0.5189,0.4095,0.2875,0.3498,0.3676,0.3688,0.4222
5/4/2020,18.3101,0.3316,0.3378,0.3729,0.4203,0.6378,0.5275,0.5255,0.5914,0.376,0.4172,0.4863,0.3141,0.3285,0.2894,0.3904,0.3873,0.377,0.4059,0.3265,0.3409,0.3492,0.4172,0.2863,0.3687,0.2914,0.3327,0.279,0.3038,0.3914,0.3162,0.3296,0.3265,0.2677,0.2574,0.2574,0.3461,0.2811,0.3213,0.8157,0.6321,0.3791,0.3512,0.3254,0.3698,0.3986,0.4244,0.3347,0.3718
5/3/2020,18.7411,0.3836,0.3557,0.4288,0.5727,0.5039,0.432,0.5995,0.4502,0.3675,0.534,0.3611,0.3074,0.3503,0.2902,0.3933,0.4083,0.4041,0.3063,0.4105,0.3815,0.3665,0.3793,0.316,0.2805,0.3804,0.3922,0.4212,0.3192,0.4126,0.3375,0.288,0.244,0.2569,0.3353,0.2966,0.3052,0.3965,0.4116,0.8291,0.6417,0.4266,0.2956,0.2773,0.3536,0.3944,0.461,0.3192,0.3622
5/2/2020,16.3988,0.2884,0.2876,0.27,0.3666,0.5396,0.5177,0.3044,0.422,0.4262,0.3674,0.3783,0.2985,0.3296,0.3036,0.3489,0.2717,0.3674,0.3531,0.3615,0.3682,0.3514,0.2498,0.3086,0.3136,0.2599,0.2884,0.4102,0.2557,0.3649,0.3204,0.2456,0.2952,0.228,0.2658,0.2599,0.3061,0.3397,0.3195,0.7277,0.569,0.3792,0.3985,0.3271,0.2641,0.2968,0.3178,0.2826,0.2826
5/1/2020,19.7894,0.3812,0.4756,0.406,0.505,0.7691,0.4013,0.617,0.4355,0.5746,0.4331,0.3282,0.439,0.3541,0.2952,0.393,0.4178,0.3305,0.3565,0.4249,0.3459,0.3376,0.4343,0.4602,0.4107,0.3918,0.3671,0.3129,0.2975,0.3706,0.3824,0.2905,0.2869,0.3246,0.2563,0.3282,0.3718,0.3588,0.4142,0.9274,0.7122,0.4708,0.3506,0.3765,0.393,0.4308,0.4473,0.3034,0.2975
4/30/2020,24.9066,0.6214,0.6198,0.5318,0.5488,0.8987,0.7026,0.7821,0.5285,0.7533,0.4067,0.8328,0.4676,0.3831,0.471,0.4744,0.5504,0.5048,0.5488,0.4422,0.4406,0.5369,0.3881,0.5758,0.4744,0.5082,0.4101,0.6756,0.3932,0.4794,0.4169,0.4186,0.3865,0.378,0.3087,0.3121,0.4625,0.3949,0.5234,0.8391,0.6489,0.5149,0.3645,0.498,0.3628,0.5302,0.5572,0.5572,0.4811
4/29/2020,28.7901,0.728,0.5804,0.3995,0.7654,1.069,0.7966,0.9276,0.8029,0.6656,0.6927,0.5783,0.5222,0.466,0.5263,0.4203,0.4848,0.5887,0.6407,0.4764,0.5783,0.5097,0.3974,0.4806,0.57,0.3746,0.4931,0.6656,0.4307,0.543,0.4681,0.4868,0.3912,0.4182,0.385,0.3995,0.5305,0.4515,0.6053,1.6886,1.2581,0.4993,0.6012,0.5367,0.4952,0.6365,0.5929,0.5658,0.6053
4/28/2020,30.1466,0.6406,0.5409,0.5786,0.7735,1.2917,0.8886,0.5631,0.7026,0.8156,0.5011,0.995,0.7447,0.4767,0.4501,0.4346,0.6871,0.5564,0.4989,0.6694,0.5609,0.5653,0.676,0.7026,0.7513,0.3837,0.6406,0.8754,0.397,0.6052,0.5099,0.4524,0.3549,0.3416,0.3881,0.3771,0.5299,0.4701,0.6716,1.4925,1.1175,0.6074,0.49,0.7093,0.5166,0.4524,0.5077,0.6251,0.5653
4/27/2020,22.9336,0.5609,0.5116,0.3996,0.6953,0.8178,0.5654,0.6983,0.5221,0.658,0.3742,0.7312,0.4504,0.3593,0.4892,0.4519,0.4549,0.4967,0.4325,0.4937,0.4713,0.4818,0.4414,0.3981,0.4922,0.3115,0.4728,0.5594,0.3772,0.5236,0.4728,0.2951,0.3563,0.3145,0.3265,0.3041,0.419,0.5131,0.4011,0.7433,0.5802,0.3623,0.4176,0.4982,0.4295,0.4609,0.3862,0.4624,0.4982
4/26/2020,22.3173,0.506,0.496,0.4702,0.758,0.6921,0.5189,0.5031,0.6534,0.3356,0.6162,0.4172,0.4616,0.3642,0.3485,0.4874,0.3514,0.4573,0.4115,0.4315,0.496,0.4616,0.4816,0.3929,0.3972,0.4201,0.3614,0.453,0.3242,0.5962,0.433,0.2597,0.2955,0.3428,0.337,0.3542,0.4215,0.4244,0.4902,0.8329,0.6444,0.5275,0.5475,0.5003,0.4702,0.4773,0.506,0.3857,0.4029
4/25/2020,24.2902,0.4697,0.5136,0.6195,0.6977,0.8297,0.7401,0.5364,0.846,0.5169,0.6277,0.3817,0.5707,0.3605,0.4583,0.3866,0.5364,0.3735,0.3703,0.5202,0.4729,0.4811,0.442,0.5544,0.5479,0.4534,0.3654,0.569,0.3345,0.6798,0.5022,0.3068,0.4192,0.4061,0.4175,0.3068,0.4061,0.3491,0.4257,1.0603,0.8075,0.4566,0.6212,0.4192,0.4322,0.4631,0.4745,0.385,0.3752
4/24/2020,25.1533,0.4463,0.5372,0.4531,0.6555,0.5629,0.7259,0.7756,0.7087,0.4257,0.5012,0.6727,0.4325,0.4085,0.4188,0.5063,0.4617,0.3725,0.4909,0.5303,0.4291,0.3639,0.4291,0.5475,0.3897,0.4943,0.3725,0.5337,0.3382,0.7499,0.412,0.4291,0.3176,0.3965,0.3142,0.3399,0.3845,0.4017,0.3536,1.8329,1.3616,0.484,0.4617,0.5355,0.5869,0.5097,0.5046,0.4137,0.3794
4/23/2020,30.0849,0.5046,0.6017,0.467,0.9772,1.1671,0.6592,0.5863,1.0103,0.7674,0.7365,1.0191,0.4295,0.4891,0.4405,0.5951,0.456,0.456,0.5885,0.6857,0.5267,0.5576,0.6901,0.615,0.7563,0.6039,0.6481,0.4538,0.4847,0.7254,0.5576,0.52,0.4935,0.4736,0.4361,0.3698,0.5421,0.4317,0.509,1.2933,0.9747,0.7011,0.5752,0.4206,0.4582,0.5885,0.7497,0.6658,0.626
4/22/2020,33.7838,0.5044,0.7803,0.5508,1.0433,0.7159,0.8835,0.8628,0.7571,0.886,0.7004,0.8525,0.7932,0.6488,0.6437,0.5148,0.7881,0.6901,0.6617,0.7107,0.5895,0.7184,0.6772,0.7571,0.5637,0.4245,0.5173,0.5844,0.4606,0.8422,0.6488,0.44,0.3549,0.4838,0.3626,0.4297,0.5534,0.5044,0.7571,2.2508,1.6613,0.6411,0.5122,0.7855,0.5328,0.7881,0.7623,0.6179,0.5741
4/21/2020,32.7355,0.7084,0.5649,0.5822,0.9582,0.884,1.0176,1.0225,0.7306,1.0324,0.6663,0.5278,0.7133,0.6688,0.6416,0.7059,0.7554,0.6713,0.5575,0.7628,0.6119,0.4709,0.5154,0.508,0.6663,0.461,0.7034,0.8914,0.5204,0.654,0.6738,0.3275,0.4808,0.4116,0.4833,0.4264,0.5872,0.5525,0.6193,1.502,1.1243,0.748,0.8246,0.5031,0.4882,0.7677,0.5946,0.7232,0.7232
4/20/2020,30.5165,0.4571,0.5877,0.4526,0.7724,1.1574,0.662,0.6575,0.8894,0.4842,0.8219,1.0516,0.7634,0.572,0.5337,0.5044,0.5742,0.5472,0.6125,0.6192,0.5517,0.6102,0.662,0.7048,0.4256,0.4459,0.5134,0.7724,0.4008,0.8174,0.5697,0.4819,0.3626,0.5022,0.3536,0.3738,0.4909,0.4256,0.4999,1.8162,1.3497,0.6395,0.8061,0.554,0.6328,0.5337,0.5922,0.4729,0.4346
4/19/2020,24.7831,0.4923,0.5862,0.6047,0.5678,1.0041,0.5695,0.462,0.6467,0.7524,0.6702,0.4453,0.5795,0.5141,0.4923,0.5393,0.457,0.41,0.4,0.5745,0.5728,0.546,0.4822,0.4201,0.363,0.3446,0.3462,0.603,0.3899,0.6467,0.5241,0.4369,0.4083,0.4251,0.3211,0.3496,0.4402,0.4671,0.5493,1.1382,0.8634,0.3714,0.5627,0.462,0.3244,0.4234,0.4067,0.4436,0.3832
4/18/2020,22.8718,0.5489,0.415,0.3927,0.7288,0.9162,0.4968,0.5712,0.5504,0.5087,0.4195,0.6381,0.366,0.4373,0.4745,0.4373,0.4433,0.3734,0.4775,0.4165,0.4195,0.4582,0.3764,0.4254,0.3942,0.3942,0.4254,0.5102,0.363,0.3734,0.4016,0.3065,0.3838,0.2931,0.3184,0.3689,0.3972,0.3897,0.482,1.3177,0.9921,0.3793,0.4656,0.3957,0.4611,0.4269,0.5444,0.4641,0.3317
4/17/2020,23.4887,0.4284,0.5895,0.5523,0.5492,0.8977,0.6871,0.7243,0.6561,0.7212,0.653,0.3974,0.4083,0.3851,0.3696,0.3773,0.5291,0.4269,0.4284,0.399,0.526,0.4269,0.3758,0.4021,0.5337,0.4021,0.3494,0.636,0.3525,0.588,0.4052,0.3355,0.3634,0.2782,0.3974,0.3339,0.4331,0.3866,0.4935,0.8603,0.6641,0.3804,0.5028,0.4098,0.4687,0.4811,0.5694,0.4424,0.5105
4/16/2020,25.3996,0.4224,0.4329,0.3772,0.6069,0.9323,0.6156,0.586,0.5042,0.5947,0.713,0.4625,0.5529,0.3685,0.405,0.4294,0.3911,0.3981,0.3859,0.5373,0.5808,0.3929,0.3755,0.6121,0.372,0.5042,0.4555,0.4155,0.3615,0.6104,0.4712,0.3772,0.4207,0.3337,0.325,0.318,0.3876,0.4485,0.4886,2.0645,1.5277,0.3668,0.5999,0.5373,0.3842,0.5877,0.4224,0.4329,0.5094
4/15/2020,22.9338,0.5176,0.3907,0.4653,0.7252,0.87,0.7103,0.534,0.7894,0.3757,0.3653,0.6864,0.4265,0.4743,0.4892,0.4474,0.4609,0.3653,0.4161,0.3877,0.437,0.4743,0.3668,0.3638,0.4459,0.3429,0.3265,0.664,0.3459,0.5803,0.4758,0.3548,0.4041,0.3907,0.3877,0.3518,0.4161,0.4997,0.4907,0.8207,0.6357,0.3996,0.3115,0.3608,0.5116,0.4683,0.4176,0.4877,0.5042
4/14/2020,24.5365,0.5702,0.4131,0.5156,0.633,0.8926,0.5007,0.7769,0.5371,0.4643,0.585,0.7421,0.5205,0.5024,0.3932,0.3783,0.3684,0.5602,0.5454,0.5321,0.5619,0.4197,0.504,0.5867,0.552,0.3635,0.3519,0.6495,0.3403,0.4891,0.4924,0.4263,0.3833,0.3486,0.2957,0.3816,0.3949,0.4263,0.423,1.0671,0.8124,0.5635,0.4412,0.4544,0.4048,0.5321,0.4891,0.5073,0.4428
4/13/2020,19.7898,0.3647,0.472,0.4095,0.5015,0.7455,0.6371,0.393,0.4567,0.4602,0.5239,0.5628,0.4461,0.3152,0.3624,0.3683,0.4355,0.3188,0.4508,0.36,0.4272,0.3011,0.3647,0.4119,0.307,0.3459,0.347,0.4555,0.3117,0.3565,0.4154,0.3541,0.3317,0.2516,0.34,0.3164,0.3683,0.3801,0.3022,0.7317,0.5719,0.4661,0.4237,0.439,0.3294,0.4237,0.3353,0.3789,0.4178
4/12/2020,23.9204,0.4564,0.5153,0.4612,0.7907,0.6968,0.7971,0.579,0.6204,0.6538,0.5615,0.4055,0.6124,0.4405,0.4421,0.4341,0.4819,0.5392,0.3848,0.5265,0.3991,0.5074,0.5551,0.4787,0.4325,0.3641,0.4978,0.665,0.3577,0.5042,0.4262,0.267,0.3131,0.3657,0.3227,0.3816,0.4166,0.4867,0.5408,0.8954,0.6893,0.3784,0.4516,0.4071,0.4564,0.415,0.536,0.5281,0.4819
4/11/2020,22.1939,0.5485,0.3625,0.3512,0.6124,0.8125,0.7387,0.4037,0.4406,0.5215,0.5896,0.5499,0.5173,0.425,0.4065,0.3398,0.5116,0.4136,0.5045,0.3739,0.4349,0.3895,0.3441,0.4463,0.4718,0.3711,0.3455,0.5996,0.3214,0.4151,0.3597,0.3526,0.3938,0.2902,0.3114,0.3043,0.3554,0.4747,0.4449,1.1602,0.8792,0.4392,0.3583,0.4832,0.3881,0.381,0.3398,0.469,0.4463
4/10/2020,22.7487,0.5442,0.3967,0.5413,0.6696,0.8348,0.5649,0.6622,0.7242,0.7006,0.5177,0.4071,0.413,0.3879,0.3849,0.4174,0.3599,0.4159,0.4041,0.4203,0.3894,0.4661,0.3422,0.5693,0.5,0.3392,0.4469,0.5782,0.3274,0.3702,0.4675,0.4041,0.3333,0.3201,0.3746,0.323,0.4159,0.4026,0.3643,0.9397,0.721,0.5383,0.5885,0.3319,0.4867,0.4705,0.3407,0.4838,0.3466
4/9/2020,27.0019,0.5277,0.6132,0.6132,0.9458,0.5923,0.942,0.7424,0.6246,0.579,0.4764,0.6968,0.6303,0.4346,0.5258,0.4194,0.4707,0.4897,0.5315,0.5296,0.6189,0.4042,0.37,0.7006,0.5771,0.5505,0.4764,0.5752,0.3947,0.4479,0.4954,0.4688,0.4536,0.4289,0.4137,0.3605,0.408,0.617,0.5638,1.1615,0.8801,0.4232,0.5828,0.4707,0.6322,0.6151,0.4441,0.5904,0.4916
4/8/2020,26.2624,0.4899,0.4315,0.426,0.6068,0.9848,0.7091,0.5392,0.7967,0.7876,0.594,0.4771,0.4023,0.426,0.4954,0.4479,0.3803,0.5885,0.4278,0.4388,0.5082,0.3986,0.5958,0.457,0.4296,0.4771,0.4954,0.6561,0.3639,0.6908,0.479,0.4278,0.3529,0.3456,0.3274,0.3292,0.4296,0.6214,0.5502,1.8258,1.3565,0.437,0.3694,0.4863,0.5429,0.4296,0.5319,0.4808,0.4169
4/7/2020,31.5031,0.7213,0.7965,0.5639,0.8741,1.2031,0.766,0.6579,0.6955,0.5216,0.9517,0.8859,0.7636,0.5333,0.6015,0.5239,0.7354,0.4957,0.7589,0.5874,0.5521,0.4487,0.4934,0.7707,0.7707,0.3993,0.4158,0.6156,0.4887,0.9376,0.6179,0.3852,0.4628,0.4793,0.4793,0.5098,0.5004,0.6391,0.6673,1.4163,1.0628,0.5521,0.7096,0.6297,0.6062,0.4675,0.4605,0.625,0.7025
4/6/2020,22.0705,0.5452,0.3552,0.3313,0.6648,0.6113,0.6648,0.5817,0.7098,0.5649,0.5409,0.3763,0.4073,0.351,0.32,0.4931,0.3862,0.3763,0.4045,0.3848,0.4326,0.4031,0.3862,0.4593,0.5072,0.2975,0.441,0.3425,0.3341,0.4579,0.3538,0.2595,0.3791,0.2835,0.3172,0.3257,0.3904,0.3862,0.3862,1.2114,0.9159,0.4565,0.4621,0.4523,0.5114,0.479,0.5466,0.3425,0.4804
4/5/2020,20.0366,0.4856,0.4652,0.3869,0.6469,0.5506,0.5819,0.6734,0.4339,0.5651,0.5025,0.3617,0.4483,0.3857,0.3292,0.3424,0.346,0.3797,0.3508,0.4423,0.3978,0.4291,0.3592,0.4387,0.464,0.3003,0.3737,0.5097,0.3328,0.3833,0.4134,0.2991,0.2882,0.3472,0.2955,0.3412,0.3376,0.3954,0.3231,0.6636,0.5231,0.4507,0.4339,0.3292,0.3629,0.4014,0.4796,0.3809,0.3039
4/4/2020,24.4132,0.449,0.531,0.3571,0.7182,0.6541,0.5557,0.5688,0.7953,0.7247,0.6197,0.4637,0.5622,0.3899,0.4129,0.531,0.4982,0.4752,0.5392,0.5327,0.4884,0.3768,0.4506,0.3948,0.5934,0.4999,0.4555,0.3899,0.362,0.5376,0.4063,0.4178,0.4063,0.2848,0.3833,0.3636,0.449,0.3456,0.5278,1.3729,1.0317,0.3587,0.5524,0.3817,0.4588,0.5409,0.4703,0.3817,0.3521
4/3/2020,29.345,0.4463,0.5786,0.6619,0.6918,1.1848,0.965,0.839,0.6619,0.5637,0.5103,0.5722,0.6896,0.4911,0.4719,0.6405,0.5423,0.5082,0.6085,0.4634,0.6725,0.41,0.5744,0.568,0.457,0.6042,0.6085,0.4185,0.457,0.6448,0.474,0.4057,0.3758,0.4015,0.3823,0.4847,0.4655,0.6683,0.4484,1.9181,1.4227,0.6405,0.6363,0.4804,0.4868,0.6,0.4378,0.6512,0.4591
4/2/2020,26.7558,0.6468,0.5737,0.4124,0.6374,0.9825,0.5587,0.9657,0.5455,0.7575,0.5249,0.795,0.5024,0.5193,0.3992,0.493,0.5362,0.6149,0.5512,0.5362,0.463,0.4874,0.5774,0.4217,0.6056,0.3599,0.5399,0.433,0.433,0.4555,0.4761,0.343,0.4161,0.3467,0.3861,0.4011,0.4536,0.5849,0.5943,1.2316,0.9304,0.5099,0.6618,0.4161,0.5981,0.4836,0.5737,0.4893,0.5305
4/1/2020,27.3726,0.5754,0.6936,0.4631,0.7207,0.835,0.5212,0.7614,0.9086,0.7227,0.6413,0.9164,0.7052,0.5231,0.5638,0.4999,0.4282,0.3972,0.4805,0.4708,0.4824,0.4708,0.3836,0.4728,0.5987,0.4669,0.5638,0.7498,0.4011,0.7052,0.4437,0.3643,0.3643,0.31,0.4049,0.3275,0.4495,0.496,0.5406,1.3163,0.9911,0.6936,0.374,0.5696,0.5192,0.5832,0.4689,0.6006,0.4321
3/31/2020,33.0445,0.8053,0.5123,0.6475,0.9255,1.3212,0.9581,0.8103,0.9781,0.8529,0.7026,0.615,0.6125,0.6676,0.5023,0.5398,0.5599,0.5023,0.7853,0.5599,0.7327,0.65,0.4747,0.7652,0.4271,0.66,0.4622,0.6801,0.4922,0.4972,0.5974,0.4847,0.3996,0.4472,0.4296,0.3921,0.5924,0.7076,0.4522,2.4375,1.7952,0.5148,0.5749,0.6024,0.6976,0.5173,0.5724,0.6225,0.5073
3/30/2020,31.3795,0.4613,0.7792,0.6974,0.6857,1.0457,0.7816,0.5524,0.9733,0.8634,0.5641,0.8891,0.6763,0.4893,0.4729,0.4846,0.4753,0.5571,0.5057,0.6974,0.6132,0.66,0.4589,0.6132,0.7745,0.4425,0.5337,0.6717,0.4613,0.5267,0.5594,0.4753,0.5571,0.4683,0.3911,0.487,0.4846,0.5594,0.653,2.0034,1.4839,0.6693,0.6319,0.7184,0.6553,0.6202,0.4916,0.4963,0.5665
3/29/2020,23.7353,0.5538,0.4373,0.4562,0.5459,0.8055,0.6309,0.4641,0.6576,0.4798,0.6403,0.4074,0.5475,0.4184,0.4279,0.494,0.4782,0.4074,0.442,0.5003,0.4672,0.4908,0.4279,0.3539,0.335,0.3775,0.3807,0.6796,0.3665,0.5962,0.4782,0.3445,0.28,0.3523,0.3696,0.3634,0.4137,0.3555,0.5176,1.247,0.9415,0.4766,0.4971,0.5144,0.5459,0.5003,0.5223,0.398,0.3476
3/28/2020,26.9408,0.5493,0.5663,0.483,0.7538,1.1175,0.9546,0.9413,0.6231,0.5303,0.5512,0.5,0.6137,0.5076,0.4375,0.3883,0.5284,0.5531,0.6175,0.5114,0.5455,0.536,0.4659,0.5644,0.6288,0.3542,0.572,0.6932,0.4015,0.6667,0.4243,0.286,0.4489,0.3371,0.322,0.3807,0.4773,0.375,0.3693,1.1429,0.8667,0.6212,0.716,0.5531,0.3599,0.4053,0.6724,0.4887,0.5379
3/27/2020,29.3453,0.5893,0.489,0.5295,0.7216,0.933,0.9692,0.6619,0.6277,0.8817,0.5957,0.6192,0.5445,0.5125,0.5893,0.6085,0.5061,0.4932,0.6341,0.6576,0.5914,0.5701,0.6512,0.4655,0.6384,0.5616,0.4762,0.7323,0.4015,0.7964,0.5744,0.4484,0.4164,0.4804,0.3716,0.3417,0.4484,0.6235,0.5829,1.3724,1.0314,0.4228,0.7195,0.6021,0.5616,0.5295,0.7473,0.6213,0.4015
3/26/2020,28.9752,0.6743,0.5988,0.7351,0.7477,1.2154,0.7875,0.668,0.777,0.5589,0.5778,0.777,0.4918,0.54,0.4163,0.6512,0.603,0.4645,0.6176,0.6428,0.6407,0.4561,0.6365,0.6092,0.5736,0.4037,0.4268,0.6323,0.4393,0.6009,0.4981,0.4477,0.4498,0.3827,0.41,0.4163,0.4897,0.6323,0.5295,1.448,1.0856,0.5002,0.5526,0.4079,0.6302,0.6449,0.4981,0.5841,0.4037
3/25/2020,26.3861,0.4682,0.4811,0.4498,0.823,0.8856,0.5454,0.8488,0.8065,0.3965,0.7403,0.6318,0.5509,0.4829,0.4259,0.5142,0.4186,0.5565,0.5362,0.4811,0.4314,0.5546,0.5454,0.4811,0.4314,0.4425,0.4774,0.5086,0.4167,0.7458,0.5215,0.459,0.3708,0.4498,0.3873,0.3432,0.4461,0.5969,0.5013,1.4665,1.0989,0.3781,0.505,0.4167,0.3689,0.4535,0.619,0.3965,0.5289
3/24/2020,23.1807,0.5462,0.5583,0.4946,0.7192,0.83,0.4642,0.8209,0.6631,0.4475,0.657,0.3686,0.4035,0.4096,0.4202,0.5052,0.528,0.4096,0.4232,0.4915,0.4885,0.4384,0.5325,0.4551,0.5583,0.3731,0.3777,0.446,0.3261,0.3989,0.4354,0.3701,0.3762,0.317,0.3276,0.3048,0.4141,0.4794,0.5113,0.9641,0.7385,0.4217,0.3746,0.4004,0.4521,0.4247,0.5022,0.3837,0.4278
3/23/2020,25.6463,0.6255,0.4314,0.6131,0.8002,0.9572,0.6025,0.7172,0.4914,0.779,0.7208,0.6149,0.6114,0.4737,0.5266,0.5161,0.3749,0.4967,0.4949,0.5549,0.5743,0.3837,0.4419,0.5972,0.6149,0.3978,0.4525,0.6837,0.4049,0.6184,0.4967,0.3255,0.3978,0.4155,0.3449,0.3731,0.3908,0.5196,0.4472,0.9672,0.7408,0.4084,0.4508,0.5637,0.4296,0.3872,0.4578,0.569,0.389
3/22/2020,26.7561,0.6468,0.5962,0.4424,0.7612,0.6168,0.9169,0.7143,0.5868,0.433,0.4799,0.7856,0.4518,0.5399,0.4968,0.493,0.4311,0.5662,0.4461,0.5943,0.6112,0.4668,0.3505,0.3992,0.4424,0.4124,0.3617,0.463,0.3861,0.4724,0.4724,0.3786,0.4593,0.3205,0.4386,0.448,0.4574,0.4593,0.4405,2.077,1.5367,0.3824,0.6206,0.6131,0.5305,0.4161,0.4518,0.4611,0.4274
3/21/2020,25.831,0.5304,0.4466,0.575,0.8032,0.6214,0.6,0.5144,0.7711,0.3824,0.6071,0.591,0.4217,0.4698,0.4377,0.4003,0.4003,0.4734,0.493,0.5393,0.4841,0.4431,0.509,0.55,0.4876,0.4591,0.4145,0.4413,0.3503,0.4769,0.4769,0.3735,0.402,0.4181,0.4324,0.3147,0.4644,0.6053,0.4627,2.0285,1.5019,0.509,0.4751,0.4644,0.3592,0.5839,0.5429,0.3753,0.3468
3/20/2020,29.0368,0.722,0.6652,0.7326,0.8735,1.0713,0.7683,0.8209,0.579,0.8062,0.7262,0.518,0.6505,0.4191,0.4906,0.6063,0.6042,0.4338,0.6926,0.6211,0.5643,0.558,0.5811,0.4401,0.3918,0.3812,0.5012,0.6695,0.4065,0.7241,0.5201,0.316,0.3244,0.5012,0.356,0.4465,0.4549,0.4906,0.478,1.4726,1.1032,0.6379,0.701,0.5937,0.5495,0.4906,0.6169,0.5706,0.3939
3/19/2020,30.7014,0.5957,0.5344,0.5617,0.7047,0.8591,0.598,0.6888,0.6979,0.8545,0.8409,0.9975,0.4368,0.4345,0.489,0.5049,0.4459,0.4981,0.4436,0.6752,0.5367,0.6729,0.4345,0.6275,0.6888,0.514,0.6162,0.8182,0.4936,0.8296,0.5435,0.4005,0.3914,0.4936,0.4754,0.4709,0.5639,0.5254,0.5844,2.0532,1.5196,0.5026,0.5594,0.7183,0.4913,0.5163,0.7501,0.4368,0.6116
3/18/2020,33.3525,0.5241,0.765,0.6661,0.7903,1.1377,0.8233,1.0667,1.0286,1.0515,0.8512,1.1047,0.585,0.6433,0.7016,0.6027,0.6027,0.6002,0.5596,0.5977,0.6408,0.7396,0.656,0.7472,0.6864,0.5926,0.5064,0.6433,0.514,0.5875,0.5748,0.3796,0.476,0.5267,0.481,0.3923,0.5444,0.5241,0.727,1.6933,1.2615,0.6484,0.5064,0.4354,0.6915,0.6357,0.694,0.5444,0.6002
3/17/2020,36.5583,0.9149,0.8149,0.5665,1.3233,0.8206,1.0891,1.1691,1.2205,1.0748,0.7778,1.0148,0.6978,0.7464,0.6122,0.5436,0.7007,0.7321,0.8435,0.8606,0.5665,0.6636,0.6379,0.9634,0.8178,0.4837,0.5037,1.0891,0.5265,1.1148,0.5865,0.6179,0.5037,0.6036,0.6122,0.5979,0.5608,0.8121,0.5322,0.5625,0.4505,0.8121,0.8663,0.7778,0.635,0.7778,0.8978,0.7007,0.7607
3/16/2020,34.5242,0.8749,0.7449,0.6096,0.912,1.0764,1.2303,0.7502,1.087,0.6971,0.9809,0.5725,0.5725,0.485,0.729,0.7184,0.6202,0.5433,0.729,0.5672,0.6918,0.6945,0.4213,0.6149,0.5062,0.5221,0.546,0.9783,0.4399,0.5221,0.5539,0.4452,0.5247,0.4452,0.4664,0.4611,0.5619,0.721,0.5937,2.4991,1.8394,0.5566,0.485,0.8112,0.4929,0.4982,0.8085,0.5486,0.7741
3/15/2020,29.5921,0.7345,0.6827,0.5337,0.9202,1.1599,0.9699,0.5143,0.998,0.849,0.633,0.6525,0.592,0.5575,0.4797,0.5424,0.6741,0.551,0.5575,0.4841,0.4862,0.6546,0.5575,0.4301,0.6179,0.3999,0.4236,0.7302,0.4215,0.8943,0.6223,0.3308,0.3999,0.3524,0.3632,0.3955,0.5078,0.4668,0.687,1.2355,0.9332,0.7043,0.7173,0.6892,0.3718,0.5337,0.5683,0.5467,0.4646
3/14/2020,30.1464,0.7048,0.676,0.7823,1.0038,1.0725,0.634,0.5564,1.0149,0.9507,0.8886,0.6472,0.5365,0.5786,0.6118,0.6472,0.5919,0.6893,0.6162,0.4944,0.6251,0.645,0.4059,0.5055,0.4568,0.4258,0.4081,0.5919,0.4656,0.8532,0.5365,0.3394,0.4811,0.4457,0.4701,0.397,0.4745,0.521,0.6472,1.41,1.0583,0.4413,0.4413,0.6938,0.4258,0.6628,0.6938,0.5077,0.4191
3/13/2020,33.1677,0.5366,0.5417,0.7078,1.0979,0.8336,0.6625,0.8059,1.0526,0.7556,0.7732,1.0098,0.524,0.6096,0.5719,0.5266,0.748,0.4662,0.7506,0.592,0.5693,0.6272,0.4687,0.8487,0.7229,0.4435,0.5568,0.9796,0.4435,1.0073,0.6599,0.5291,0.3932,0.5316,0.4536,0.4511,0.5391,0.587,0.4485,1.8199,1.3523,0.587,0.8688,0.5391,0.6121,0.7531,0.4586,0.6625,0.6876
3/12/2020,31.8109,0.6238,0.5,0.7119,0.6905,1.1072,0.6334,0.6143,0.8667,0.5143,0.7286,0.7524,0.7119,0.5881,0.4357,0.5191,0.4476,0.5715,0.4905,0.7,0.5286,0.5738,0.7238,0.7881,0.4976,0.5786,0.4738,0.8977,0.4714,0.5524,0.6572,0.3714,0.3453,0.4786,0.3929,0.5405,0.5024,0.731,0.6334,2.2342,1.6494,0.7477,0.531,0.6572,0.5381,0.5667,0.7072,0.6572,0.5762
3/11/2020,36.373,0.7171,0.7994,0.5015,0.7966,1.2959,1.1058,0.771,0.7313,1.0916,0.544,0.5724,0.9044,0.5242,0.4958,0.6462,0.6433,0.6093,0.7313,0.5866,0.8136,0.5979,0.5412,0.7682,0.9157,0.6547,0.6575,0.7455,0.5213,1.0207,0.7568,0.4532,0.5043,0.4986,0.5497,0.4391,0.6348,0.7455,0.6745,2.7542,2.0223,0.8391,0.6575,0.4674,0.4561,0.6065,0.6036,0.5951,0.8107
3/10/2020,41.367,0.7439,0.864,0.8974,1.2878,0.9208,1.151,1.4146,0.9775,0.5304,0.6405,1.1276,0.834,0.6638,0.7306,0.8474,0.8407,0.8507,0.814,0.8974,0.7873,0.8807,0.814,0.6438,0.804,0.784,0.6872,0.7306,0.6138,0.6605,0.7906,0.537,0.5771,0.5737,0.4169,0.4803,0.6772,0.5504,0.7539,2.9998,2.1984,1.0676,1.0008,0.5103,0.5437,0.7206,0.9408,0.9441,0.6438
3/9/2020,35.5718,0.7153,0.674,0.9276,0.7705,1.4046,1.0655,0.9304,1.1372,0.8036,0.9387,1.0049,0.5637,0.6326,0.572,0.6933,0.7677,0.8174,0.7071,0.7898,0.7484,0.5499,0.7925,0.8394,0.6685,0.6326,0.6464,0.6547,0.5196,0.6988,0.6988,0.4893,0.4341,0.4865,0.5279,0.4865,0.6023,0.7539,0.5527,1.6888,1.2583,0.5968,0.5168,0.8146,0.6299,0.765,0.5444,0.4948,0.5637
3/8/2020,28.1123,0.5347,0.6574,0.5468,0.8042,0.8967,0.8807,0.7861,0.7278,0.4462,0.756,0.768,0.4161,0.4885,0.4583,0.5448,0.6494,0.6071,0.6634,0.4824,0.577,0.4402,0.579,0.5307,0.6433,0.41,0.4704,0.6232,0.3678,0.5227,0.587,0.4623,0.4442,0.4643,0.3416,0.4824,0.4804,0.4704,0.5267,1.4527,1.089,0.4925,0.5267,0.3658,0.4583,0.5669,0.5166,0.6031,0.5025
3/7/2020,31.1944,0.5633,0.786,0.7117,0.8045,1.1872,1.0202,0.5819,1.0086,0.6213,0.5795,0.8416,0.5842,0.5679,0.5726,0.4357,0.5911,0.5285,0.6514,0.6654,0.6491,0.5679,0.605,0.7349,0.5749,0.6352,0.4728,0.5378,0.4404,0.7326,0.5239,0.4288,0.4543,0.4821,0.4705,0.5378,0.4636,0.4566,0.721,1.4323,1.0743,0.7257,0.728,0.5517,0.4172,0.6352,0.5934,0.6398,0.605
3/6/2020,34.277,0.6186,0.7632,0.863,0.7474,0.9156,0.7921,0.9392,1.0259,0.5529,0.6686,0.7763,0.7684,0.4925,0.6344,0.5976,0.7605,0.6659,0.5608,0.7684,0.7737,0.6002,0.5056,0.5477,0.6239,0.7106,0.7001,1.0207,0.5345,0.5529,0.6528,0.3401,0.3795,0.5845,0.5529,0.4058,0.5477,0.6896,0.4715,2.7834,2.0433,0.5477,0.5188,0.5109,0.4583,0.5766,0.5267,0.5319,0.6738
3/5/2020,32.1811,0.614,0.5584,0.6938,0.8413,1.2693,0.955,0.8316,0.8824,1.0178,0.8897,1.0009,0.5149,0.5923,0.4859,0.4641,0.6721,0.6551,0.6914,0.5221,0.6309,0.6938,0.4931,0.6866,0.4979,0.4036,0.6503,0.926,0.4133,0.7833,0.5221,0.4931,0.3529,0.3916,0.5415,0.4738,0.5681,0.6358,0.4254,1.5974,1.1927,0.7688,0.481,0.5366,0.5391,0.585,0.6503,0.5463,0.5487
3/4/2020,37.483,0.7711,0.7121,0.7563,1.3224,1.0571,1.1249,1.0659,0.9981,0.9627,1.0688,0.6679,0.4998,0.5411,0.6472,0.7976,0.5175,0.5853,0.5971,0.6826,0.7209,0.6266,0.5028,0.5323,0.8625,0.4939,0.6708,1.1013,0.5706,0.7416,0.7652,0.6325,0.5382,0.5499,0.5617,0.544,0.5942,0.6649,0.5205,2.7421,2.0137,0.5942,0.6443,0.7858,0.6649,0.5382,0.7121,0.6354,0.5824
3/3/2020,45.3739,0.8805,1.03,0.8581,1.6616,1.3327,1.2842,1.699,1.7214,1.0151,1.4374,1.4785,1.0001,0.6039,0.7011,0.9067,1.0412,1.0038,0.9291,0.8319,0.8058,0.7983,0.8207,0.8207,0.7086,0.8506,0.7123,1.0487,0.5666,0.9777,0.8992,0.432,0.6226,0.4881,0.5479,0.5479,0.7011,0.8992,0.9702,2.1081,1.559,0.6077,0.7422,0.6899,1.0337,0.9141,0.7385,0.7647,0.5815
3/2/2020,41.4903,0.8934,0.8465,0.9838,1.4025,1.1814,1.4728,0.957,0.8063,0.7762,1.0743,0.7427,0.9035,0.726,0.8365,0.6757,0.592,0.6389,0.6188,0.8499,0.8097,0.8599,0.6958,1.0709,0.5317,0.6657,0.8298,0.7393,0.5485,0.592,0.7226,0.7126,0.4312,0.4279,0.4647,0.659,0.6154,1.0106,0.5418,3.3301,2.4353,0.5418,0.9101,0.8499,0.9302,0.736,0.7059,0.5685,0.5752
3/1/2020,31.0711,0.6535,0.7158,0.4712,0.7088,0.815,1.0918,0.5889,0.6673,0.4389,0.7365,0.7296,0.5058,0.5127,0.4551,0.4804,0.4389,0.4435,0.5427,0.7273,0.7227,0.6119,0.4897,0.5658,0.3951,0.582,0.5473,0.5889,0.4181,0.7135,0.5335,0.5127,0.4504,0.5289,0.4989,0.3905,0.515,0.6512,0.4781,2.6872,1.9743,0.7642,0.4089,0.5427,0.7065,0.5035,0.5612,0.5127,0.492
2/29/2020,30.2086,0.5598,0.7219,0.6575,0.9462,0.944,0.7441,1.015,1.0506,0.4221,0.6375,1.0061,0.4243,0.5664,0.5287,0.6419,0.6353,0.6775,0.502,0.7019,0.5176,0.6441,0.4465,0.6286,0.5375,0.4532,0.5642,0.7419,0.442,0.7707,0.5331,0.3466,0.4665,0.3688,0.462,0.442,0.4665,0.6552,0.693,1.1962,0.905,0.6464,0.6841,0.5553,0.6108,0.4509,0.6108,0.5331,0.4532
2/28/2020,31.5645,0.6804,0.6686,0.5979,0.81,1.3072,0.6733,0.7393,0.6851,0.5107,0.6992,0.9278,0.4895,0.5013,0.5908,0.4777,0.7228,0.5225,0.6922,0.5531,0.5932,0.4706,0.5036,0.579,0.4754,0.4377,0.5154,0.843,0.4494,0.8618,0.5413,0.5343,0.44,0.3434,0.5131,0.5366,0.4659,0.7605,0.4919,2.103,1.5553,0.4706,0.6545,0.5767,0.5036,0.7228,0.6215,0.5767,0.5743
2/27/2020,40.812,0.5735,0.8557,0.7245,1.151,1.6563,0.9935,0.8131,0.8524,1.3118,1.069,1.4168,0.6063,0.6195,0.8098,0.7409,0.6523,0.9279,0.7934,0.7999,0.649,0.5899,0.6096,0.836,0.6556,0.8098,0.7212,1.2363,0.6392,0.626,0.8492,0.5013,0.6556,0.6851,0.5538,0.4784,0.649,0.9017,0.8131,2.0871,1.5439,0.859,0.6195,0.6523,0.9673,0.649,1.0427,0.9542,0.6096
2/26/2020,41.2435,0.6055,1.0177,0.9811,0.8947,1.8355,1.4067,1.3435,1.5263,0.9146,1.0476,0.8881,0.9346,0.5789,0.8315,0.8548,0.5955,0.6919,0.7119,0.8182,0.6321,0.6387,0.5224,0.6088,0.9678,0.5357,0.5257,1.0842,0.4991,0.652,0.8182,0.426,0.4925,0.519,0.6221,0.5922,0.6254,0.7451,0.5689,2.6931,1.9785,0.9346,0.5224,0.6022,0.652,0.8847,0.9745,0.7019,0.7451
2/25/2020,35.9414,0.5299,0.7255,0.7004,0.9854,1.5274,0.7283,1.1418,0.8596,0.6584,1.0943,1.0832,0.6137,0.7255,0.569,0.7646,0.7143,0.6221,0.7087,0.8261,0.8121,0.7143,0.4405,0.5299,0.6556,0.4601,0.6612,0.5411,0.5551,0.5383,0.6584,0.3986,0.4908,0.488,0.5467,0.5271,0.5299,0.5131,0.5076,2.7002,1.9836,0.5327,0.5076,0.6081,0.6808,0.6333,0.5942,0.7534,0.8009
2/24/2020,35.4482,0.5564,0.8062,0.5098,1.0889,1.2783,1.2399,1.1274,0.8227,0.4933,0.8254,0.8501,0.765,0.5811,0.7047,0.6086,0.507,0.6113,0.5262,0.8337,0.6553,0.5153,0.6305,0.5098,0.8556,0.6058,0.6058,0.5208,0.4494,0.9023,0.636,0.5756,0.4247,0.4549,0.4439,0.5427,0.5619,0.6827,0.6223,2.3102,1.7039,0.7843,0.7019,0.6168,0.7705,0.7431,0.7458,0.5702,0.5702
2/23/2020,36.3117,0.8801,0.6734,0.6338,1.1632,0.9226,0.9566,0.9594,0.8631,0.6565,0.8178,1.2567,0.8943,0.6933,0.7102,0.7018,0.614,0.7018,0.5234,0.7895,0.7527,0.5828,0.4583,0.6791,0.58,0.5291,0.5234,0.8093,0.4724,1.0868,0.6225,0.4073,0.4413,0.396,0.3733,0.5064,0.5942,0.4923,0.665,2.47,1.8185,0.5177,0.9481,0.7612,0.5291,0.8716,0.8999,0.614,0.4979
2/22/2020,42.2299,0.639,0.8889,0.954,1.1936,0.8923,1.4195,0.865,1.3305,0.6835,1.0258,1.1593,0.6322,0.7383,0.663,0.6596,0.9608,0.5706,0.574,0.7691,0.8684,0.9334,0.7383,0.8307,0.9231,0.5261,0.6767,0.8684,0.6562,1.0293,0.8889,0.5227,0.687,0.6117,0.639,0.4439,0.6219,0.6835,0.7999,3.2425,2.3725,0.5706,0.6322,0.9985,0.9095,0.8444,0.6527,0.8478,0.5911
2/21/2020,41.3667,0.7473,0.9775,0.9908,0.8974,1.4079,1.1376,1.5814,0.9708,0.9908,0.9708,1.0375,0.8607,0.6471,0.7272,0.7372,0.7806,0.7473,0.7739,0.6672,0.9074,0.864,0.8774,0.6038,1.0609,0.4837,0.7172,1.1043,0.6238,1.2744,0.8173,0.4369,0.4236,0.5571,0.5103,0.7039,0.6271,0.9775,0.6839,1.9155,1.4208,0.8774,0.5103,0.8474,0.7372,0.7573,0.7406,0.7239,0.9308
2/20/2020,39.826,0.7268,1.0164,0.7268,1.2615,1.6116,1.1246,1.0482,0.8605,0.8605,0.6695,0.6409,1.0419,0.7841,0.8477,0.8605,0.8796,0.7013,0.625,0.9114,0.7491,0.8732,0.8191,0.7141,0.6472,0.5486,0.5295,1.1023,0.5836,1.0164,0.7777,0.6759,0.4276,0.4563,0.5136,0.6377,0.6536,0.765,0.8573,1.8792,1.3948,0.8573,0.6281,0.6122,0.8446,0.7745,0.8573,0.625,0.8064
2/19/2020,48.7032,1.1395,1.229,1.1517,1.1476,2.1571,1.4977,1.4488,1.1232,1.4163,0.9441,1.2616,1.2941,0.6999,0.9848,1.0255,0.9197,0.6673,0.9807,0.883,0.8342,0.8261,1.111,1.0621,1.0581,0.7447,0.6551,0.6063,0.6836,0.9644,0.8138,0.5493,0.5981,0.5574,0.7731,0.6144,0.7772,0.765,1.1151,2.4328,1.7918,1.0092,1.2616,0.7813,1.0214,0.8301,0.7284,0.9237,0.8423
2/18/2020,50.7997,0.9884,1.3308,0.783,1.502,1.2709,1.7417,1.5705,1.1596,1.4421,1.4078,0.7316,1.0869,0.9028,1.0269,1.0869,0.9799,0.8515,0.8429,1.1425,1.0612,1.0055,1.1083,0.8472,0.9756,0.6075,0.6974,1.4592,0.7659,1.0184,0.8087,0.4877,0.5433,0.6332,0.6332,0.8386,0.7958,0.8129,0.9499,3.2473,2.376,1.0098,0.7017,0.8943,1.0954,0.9927,0.8985,0.8258,0.86
2/17/2020,41.4901,0.7494,0.8566,0.5351,1.4025,1.7575,1.3891,1.2651,1.0642,0.592,0.7661,0.6489,0.736,0.7929,0.8197,0.9503,0.5886,0.6322,0.6791,0.7393,0.6858,0.8901,0.6992,0.5752,1.0307,0.8599,0.8197,1.1077,0.5786,1.1245,0.6121,0.4279,0.4413,0.4882,0.4446,0.5719,0.6791,0.5752,0.6456,3.0824,2.2577,0.669,0.6556,0.8901,0.7393,0.7862,0.5451,0.7795,0.8633
2/16/2020,30.2083,0.6686,0.4687,0.4842,0.7419,0.9195,0.7485,0.7663,0.9551,0.4953,0.7752,0.9351,0.5975,0.5642,0.5442,0.4931,0.5997,0.482,0.5997,0.6108,0.7108,0.5509,0.6619,0.5109,0.4731,0.5709,0.4398,0.4287,0.4354,0.753,0.5842,0.3421,0.4176,0.4776,0.3688,0.4265,0.542,0.582,0.4909,2.0291,1.5023,0.5198,0.7596,0.4332,0.6308,0.6286,0.5353,0.4953,0.4576
2/15/2020,28.4822,0.6521,0.5681,0.7238,0.7176,0.9061,0.859,0.7443,0.99,0.7688,0.5661,0.5456,0.732,0.5476,0.4391,0.4739,0.5231,0.4821,0.4575,0.5333,0.6173,0.5558,0.607,0.5476,0.7176,0.4514,0.4493,0.5046,0.3838,0.8078,0.4678,0.2998,0.3776,0.3223,0.437,0.3612,0.4882,0.4678,0.5005,1.4346,1.076,0.6726,0.5702,0.4739,0.3961,0.6009,0.5497,0.5743,0.5394
2/14/2020,25.2766,0.393,0.4621,0.5329,0.6314,0.9424,0.7921,0.9044,0.8508,0.6383,0.4414,0.7938,0.6159,0.4103,0.393,0.3792,0.5571,0.564,0.4293,0.412,0.5882,0.4794,0.4966,0.4051,0.4085,0.4016,0.4085,0.659,0.3999,0.6988,0.4828,0.3982,0.4483,0.3101,0.393,0.4293,0.4362,0.5416,0.5001,0.8981,0.6912,0.4759,0.4362,0.4379,0.4828,0.5416,0.4016,0.4241,0.4586
2/13/2020,40.8741,0.9754,0.9655,0.8833,1.2877,1.0707,1.2449,1.1529,1.5342,0.7683,1.2022,0.9162,0.6729,0.7124,0.6959,0.6861,0.9326,0.8899,0.8669,0.8472,0.765,0.7617,0.8669,0.8866,0.7124,0.5086,0.571,1.0806,0.64,1.1923,0.7814,0.6926,0.6335,0.5809,0.6433,0.5743,0.6302,0.7452,0.7814,1.4934,1.1181,1.0608,0.8472,0.525,0.7617,0.6335,0.5316,0.8669,0.6828
2/12/2020,40.2575,0.6763,0.9666,0.9054,1.4182,0.9376,1.3408,1.3408,0.8699,0.8796,1.0183,1.1957,0.8312,0.7667,0.7892,0.5796,0.7989,0.8763,0.8763,0.7796,0.715,0.7505,0.6215,0.7086,0.6796,0.4505,0.8473,0.9215,0.6312,1.1473,0.7925,0.6021,0.4925,0.5925,0.6667,0.6086,0.7118,0.6441,0.6892,2.1617,1.5974,0.7763,0.8376,0.4925,0.7537,0.7699,0.6505,0.557,0.5409
2/11/2020,40.0724,1.0262,1.0422,1.0551,1.2251,0.9364,1.4303,1.0487,0.9556,1.0679,0.6894,0.8306,0.7792,0.7889,0.6702,0.8274,0.7472,0.6702,0.7151,0.8562,0.9268,0.8498,0.5996,0.7696,0.9653,0.8049,0.853,0.6093,0.5644,1.2539,0.5964,0.6445,0.5227,0.4649,0.4297,0.4938,0.6285,0.8819,0.6574,1.9933,1.4767,0.7792,0.6959,0.6638,0.9172,0.8851,0.5804,0.667,0.5355
2/10/2020,28.9137,0.495,0.5389,0.5996,0.6414,0.6184,1.0199,0.9112,1.0429,0.5578,0.8108,0.7104,0.5494,0.5306,0.4992,0.4239,0.5912,0.541,0.4385,0.5327,0.4636,0.5787,0.4155,0.5264,0.5745,0.3653,0.6079,0.7188,0.38,0.5912,0.5473,0.4239,0.4804,0.3382,0.3612,0.4302,0.518,0.6623,0.6079,1.7244,1.2838,0.5515,0.5536,0.5912,0.5954,0.4553,0.4323,0.6477,0.4344
2/9/2020,32.3658,0.4639,0.5979,0.576,0.9805,1.1072,1.0438,0.6832,0.9781,0.5785,0.5151,1.0195,0.5931,0.4444,0.6808,0.6637,0.7198,0.4907,0.6345,0.5443,0.6491,0.6223,0.4274,0.537,0.788,0.4907,0.7027,0.9488,0.4591,0.7393,0.5443,0.5419,0.5175,0.3421,0.5468,0.5565,0.5663,0.5395,0.6345,1.8709,1.3888,0.5955,0.654,0.615,0.4834,0.4956,0.6004,0.4688,0.7246
2/8/2020,43.2162,0.635,1.0295,0.9555,1.4485,1.7303,0.8745,1.1598,1.1985,1.0929,0.7759,1.1527,0.8393,0.8358,0.5963,0.871,0.6421,0.8217,0.9449,0.9837,0.6843,0.6527,0.7477,1.0119,0.5857,0.554,0.8428,1.0682,0.5787,0.6421,0.7055,0.6632,0.7125,0.4871,0.621,0.547,0.6421,0.8146,0.8393,2.4841,1.8286,0.9731,1.0224,0.5611,0.9696,0.9978,0.9485,0.709,0.7337
2/7/2020,39.0238,0.9516,0.8368,1.0229,1.0167,0.905,1.3177,0.7313,0.9888,0.6631,1.0043,0.5762,0.7996,0.5855,0.6817,0.8461,0.6165,0.8802,0.7375,0.843,0.8802,0.5731,0.874,0.8368,0.5296,0.5731,0.5855,0.7313,0.6103,0.7809,0.7065,0.5296,0.6413,0.4831,0.6289,0.57,0.6413,0.5545,0.6103,3.1134,2.2799,0.5731,0.8244,0.9019,0.6289,0.8182,0.5203,0.5265,0.4924
2/6/2020,42.908,0.6763,0.9102,0.7915,1.1197,1.8457,1.3291,1.0813,1.1162,1.4268,1.165,0.9905,0.5751,0.6379,0.6065,0.6693,0.7043,0.6903,0.788,0.9067,0.9312,0.7112,0.987,0.8858,0.8264,0.8474,0.9312,0.795,0.6344,0.9905,0.8299,0.3936,0.5576,0.7043,0.5157,0.5995,0.7322,0.8962,0.7741,2.4761,1.8228,0.5821,0.6554,0.6414,0.8334,0.8788,0.7636,0.7566,0.9242
2/5/2020,47.5323,1.155,1.1273,1.0838,1.0719,1.4198,1.4159,1.7084,1.2657,0.8941,0.6727,1.4119,1.2498,0.9534,0.902,0.7517,0.8387,0.8743,1.0285,0.815,0.732,1.0047,0.6924,1.0206,1.0206,0.9099,0.7122,0.9968,0.7043,1.3408,0.8387,0.4671,0.4869,0.5066,0.6015,0.7201,0.7399,1.0364,0.7399,2.2663,1.6724,1.0008,1.1392,1.0482,0.8941,0.8387,0.7241,1.0008,1.0364
2/4/2020,34.8938,0.9089,0.8256,0.5808,0.9412,1.4871,1.1698,1.0595,0.9331,0.9358,1.0918,0.9815,0.8874,0.5647,0.6077,0.5486,0.484,0.4867,0.6481,0.8202,0.6427,0.4733,0.7395,0.5728,0.761,0.5701,0.6911,0.796,0.441,0.8256,0.6023,0.4464,0.5943,0.5889,0.4894,0.4867,0.6427,0.839,0.6319,0.8417,0.6508,0.8229,0.7422,0.7341,0.7234,0.5593,0.8148,0.718,0.4894
2/3/2020,25.8929,0.4029,0.5496,0.5639,0.6766,0.682,0.6229,0.6211,0.5746,0.7285,0.4565,0.7446,0.6176,0.4297,0.4082,0.4601,0.4673,0.5263,0.5209,0.5657,0.512,0.537,0.5871,0.4655,0.342,0.5192,0.5174,0.6551,0.3474,0.5907,0.4619,0.4565,0.4029,0.351,0.3116,0.3617,0.4172,0.5227,0.4583,1.4067,1.0559,0.5335,0.3635,0.5424,0.6033,0.6015,0.5209,0.4333,0.3957
2/2/2020,27.6805,0.6055,0.6114,0.4205,0.6685,0.946,0.8397,0.8771,0.6961,0.5524,0.7925,0.6961,0.4973,0.4343,0.5642,0.5682,0.4048,0.5937,0.513,0.4501,0.5091,0.6114,0.4776,0.513,0.6803,0.4284,0.6016,0.7591,0.3635,0.7512,0.4796,0.4383,0.3891,0.3241,0.332,0.4481,0.454,0.6213,0.5308,1.1386,0.8637,0.5426,0.6528,0.5012,0.4599,0.4855,0.395,0.641,0.5563
2/1/2020,30.4552,0.4878,0.5933,0.7056,0.9616,0.7595,0.6966,1.0267,0.9459,0.9683,0.9144,0.9481,0.6674,0.5349,0.4451,0.6405,0.6988,0.636,0.6876,0.499,0.6764,0.5012,0.5439,0.7033,0.4474,0.4788,0.6247,0.7146,0.4429,0.5259,0.5417,0.3755,0.4721,0.4092,0.4676,0.517,0.5147,0.6158,0.4968,0.814,0.6309,0.5192,0.7617,0.6944,0.5439,0.7213,0.7729,0.5372,0.5731
1/31/2020,28.1737,0.7154,0.6165,0.5822,0.6791,0.665,0.8768,0.556,0.8344,0.4915,0.4652,0.558,0.6408,0.5358,0.3946,0.5076,0.5843,0.4471,0.5621,0.5843,0.548,0.5802,0.443,0.439,0.675,0.4209,0.437,0.6408,0.4047,0.8304,0.433,0.4894,0.3442,0.3422,0.3644,0.3281,0.4652,0.6024,0.5338,2.1063,1.5577,0.5338,0.6044,0.4209,0.4471,0.4552,0.5822,0.4511,0.3966
1/30/2020,37.2981,0.6501,0.5798,0.8317,0.946,1.3562,0.9841,1.2624,1.069,0.6179,1.1276,0.735,0.8024,0.5475,0.5417,0.7321,0.6384,0.6852,0.6472,0.8142,0.8288,0.6999,0.8464,0.8171,0.8464,0.6501,0.7819,0.946,0.5593,1.0866,0.6325,0.4626,0.5534,0.4596,0.5505,0.4011,0.6237,0.5065,0.5798,1.9172,1.4221,0.7878,0.7761,0.6149,0.5944,0.694,0.9431,0.6237,0.5241
1/29/2020,43.9559,1.1303,1.1231,0.6916,1.0008,1.3316,1.497,1.1483,1.0116,0.6952,0.9469,0.9325,0.9074,0.8031,0.6089,0.9289,0.9577,0.7096,0.8031,0.9829,1.0008,0.9361,0.6844,0.6449,0.7959,0.5945,0.573,0.6988,0.6269,1.2418,0.6629,0.4435,0.6413,0.5838,0.4471,0.7024,0.7707,1.044,0.7168,3.0835,2.2585,1.1195,0.688,0.7779,0.6593,0.7492,0.9937,0.9721,0.6341
1/28/2020,43.5863,0.8535,0.6969,1.0884,1.4798,1.0101,1.6293,0.8179,1.3944,1.1239,1.1346,1.4656,0.8286,0.9033,0.7254,0.736,0.8606,0.7076,0.9389,0.704,0.9602,0.9104,0.6933,0.978,1.0243,0.5154,0.9389,1.1738,0.5403,0.8215,0.7005,0.4442,0.5154,0.4976,0.43,0.5866,0.6791,0.9211,0.8321,2.5188,1.8535,0.6151,0.5652,0.8499,0.7325,0.9211,0.6649,0.9033,0.7005
1/27/2020,49.1964,1.1224,0.9288,0.8382,1.761,1.7033,1.6415,1.7733,1.2666,0.7311,1.003,0.7352,0.6569,0.6816,0.7269,0.9659,0.9494,0.6734,1.003,0.9741,0.9412,0.8752,0.694,0.7929,0.6404,0.8423,0.9947,1.0606,0.6116,1.4026,0.7228,0.5869,0.4674,0.488,0.6981,0.5086,0.7887,1.1513,0.9782,3.2735,2.3947,1.0359,1.2254,0.8299,1.1513,1.0647,1.0565,1.0441,0.7393
1/26/2020,44.2647,0.7832,0.765,0.7324,0.9645,2.0307,1.2328,1.2909,1.5302,1.4359,1.396,0.9173,0.6599,0.5946,0.892,0.6454,0.6454,0.794,1.0334,1.0479,0.7723,0.8049,0.9826,0.6127,0.8521,0.5221,0.9065,1.0044,0.5438,1.3815,0.6635,0.6852,0.4459,0.4568,0.4314,0.5329,0.7904,0.6852,0.5801,2.5257,1.8584,0.9101,1.0479,0.9282,0.8666,0.7143,0.7832,0.8847,0.6998
1/25/2020,42.2299,1.1114,1.0532,0.5535,1.1217,1.3271,0.8239,1.1217,1.0019,0.9231,0.6459,0.9813,0.5535,0.6664,0.8889,0.7383,0.8855,0.7897,0.6253,0.7041,0.9334,0.8547,0.7109,0.7246,1.0669,0.6253,0.7212,0.9197,0.5261,1.084,0.6972,0.4268,0.5158,0.6493,0.5535,0.4987,0.7315,0.9711,0.8136,3.0452,2.231,0.7143,0.9916,0.6733,0.6835,0.9608,0.8821,0.8752,0.6322
1/24/2020,45.5593,0.9103,0.9254,0.6549,1.1845,1.2596,1.4625,1.1883,1.0756,1.2409,1.4024,1.1845,0.8765,0.7714,0.9667,0.7789,0.8089,0.715,0.6437,0.9291,0.854,0.9742,0.824,0.6887,0.5911,0.8578,0.6399,0.9967,0.6812,0.8052,0.9329,0.7113,0.6962,0.6362,0.6775,0.516,0.7939,0.9028,0.5873,3.2311,2.3643,0.9216,0.8315,0.7901,1.0005,0.7826,0.6362,1.0718,0.5836
1/23/2020,49.8746,0.9246,1.1298,1.0963,1.6197,1.1717,1.0377,0.912,1.5611,0.8115,1.5318,1.5611,0.7236,0.9162,0.6817,0.9455,1.0251,1.0083,0.7948,0.778,0.9037,0.9874,0.6357,1.18,0.644,0.7278,0.8995,0.8408,0.6105,0.8618,0.9539,0.4305,0.6147,0.8325,0.5477,0.7655,0.7571,1.0335,1.1047,4.2684,3.1082,1.2261,0.7236,0.7906,0.6189,0.8367,1.0293,0.9078,0.8032
1/22/2020,55.0531,1.0089,1.0466,0.8019,1.8747,2.5617,1.056,1.1407,1.0607,0.8725,1.6724,1.7335,1.0371,1.1124,0.9383,0.896,0.8113,1.1736,0.9525,0.9242,1.2865,0.7925,0.656,1.0371,1.1407,0.5901,1.0607,1.5218,0.7031,1.6488,0.9713,0.8348,0.6372,0.6843,0.7266,0.9054,0.9807,0.9948,1.3006,3.0685,2.2477,1.2207,1.1877,1.3336,1.2112,0.9383,0.7689,1.056,0.8725
1/21/2020,6.5346,0.1303,0.1293,0.1324,0.1147,0.0968,0.1253,0.1144,0.1243,0.1232,0.1186,0.1429,0.1415,0.1451,0.1479,0.1442,0.1463,0.1467,0.1431,0.1422,0.1396,0.1476,0.1388,0.1419,0.1344,0.1385,0.1347,0.1406,0.1507,0.1384,0.146,0.1476,0.1473,0.1481,0.1523,0.1484,0.1479,0.1406,0.1406,0.0958,0.1158,0.129,0.124,0.1453,0.14,0.1442,0.1303,0.1369,0.1401
1/20/2020,6.4111,0.1246,0.1355,0.1371,0.129,0.0879,0.1176,0.1158,0.1112,0.1389,0.1328,0.1069,0.1422,0.1371,0.1419,0.1462,0.1366,0.1417,0.13,0.1384,0.1444,0.1457,0.1459,0.1459,0.139,0.1468,0.1468,0.1498,0.1447,0.1409,0.1346,0.1468,0.1409,0.1432,0.1457,0.1509,0.1414,0.146,0.1303,0.0443,0.0789,0.139,0.1309,0.1382,0.1436,0.136,0.1486,0.1312,0.1393
1/19/2020,42.3534,0.8778,0.7094,0.572,1.503,1.6439,1.1904,0.9637,1.3793,0.7782,0.8228,1.4893,0.9843,0.627,0.5652,0.6991,0.7301,0.8228,0.8606,0.9431,0.9877,0.7438,0.8297,0.7678,0.706,0.5068,0.8812,0.895,0.5961,1.1286,0.8331,0.4793,0.5583,0.6373,0.4243,0.4965,0.7232,0.9224,0.5789,2.4093,1.775,0.5755,1.0358,0.7266,0.6785,0.8881,1.0049,0.6339,0.7678
1/18/2020,39.2089,0.6005,0.925,0.8751,1.2059,1.3838,0.794,0.8345,0.8595,0.5412,0.6005,1.3214,0.7846,0.6723,0.5443,0.7971,0.7003,0.8127,0.6286,0.6098,0.6254,0.5911,0.7128,0.613,0.8907,0.51,0.5661,0.6941,0.5193,0.7908,0.6098,0.4881,0.6754,0.4694,0.4569,0.5037,0.5974,0.5349,0.8845,3.5908,2.6223,0.8876,0.588,0.7815,0.7472,0.5568,0.9594,0.5505,0.7003
1/17/2020,33.4759,0.638,0.6405,0.5361,0.8061,1.0074,0.8239,1.0787,0.88,0.6609,0.559,0.5259,0.5259,0.5564,0.6711,0.5615,0.5666,0.7297,0.7068,0.5743,0.7628,0.5921,0.4265,0.6915,0.5947,0.4571,0.5819,0.936,0.4979,0.5208,0.6431,0.5539,0.5284,0.5335,0.5131,0.5692,0.5335,0.531,0.5284,2.6072,1.9169,0.7934,0.4826,0.508,0.48,0.6736,0.7908,0.4877,0.6915
1/16/2020,32.3043,0.5118,0.6041,0.6916,0.8156,0.8691,0.835,0.5555,0.7038,0.7718,0.5312,0.6941,0.4972,0.5871,0.6795,0.4583,0.6139,0.6455,0.7548,0.558,0.6041,0.5264,0.6673,0.5288,0.5482,0.6528,0.6892,0.9493,0.5045,0.8666,0.5434,0.3295,0.4,0.5361,0.4194,0.4923,0.5094,0.5434,0.4243,2.6776,1.9674,0.5653,0.5896,0.6212,0.5069,0.5628,0.4413,0.6795,0.5798
1/15/2020,33.414,0.8706,0.7639,0.8452,0.8808,0.9494,1.1095,0.6572,0.9062,0.957,0.6419,1.0104,0.6343,0.4767,0.6394,0.6267,0.5657,0.6445,0.4691,0.5936,0.558,0.7004,0.525,0.6521,0.7766,0.4462,0.5428,0.4742,0.5326,0.5631,0.6927,0.5072,0.4869,0.5453,0.5606,0.525,0.5225,0.6012,0.5784,1.8953,1.4064,0.6089,0.5072,0.7817,0.7588,0.6267,0.619,0.6673,0.5098
1/14/2020,40.0718,0.9011,0.5964,0.946,0.9524,1.4752,1.2571,1.0454,0.8979,0.5163,0.9845,0.7472,0.6991,0.5483,0.8594,0.8947,0.6028,0.574,0.76,0.7183,0.93,0.6285,0.7536,0.9428,0.5579,0.7696,0.6991,0.8626,0.5996,0.8209,0.7151,0.6349,0.6766,0.5612,0.4104,0.5772,0.6606,0.8947,0.6991,2.6676,1.9602,0.8723,0.7055,0.7343,0.513,0.8658,0.8209,0.8979,0.6638
1/13/2020,44.0795,1.0831,0.9857,0.9676,1.4078,1.6964,1.3429,1.6026,1.6135,0.7403,0.8919,1.2491,0.7584,0.6646,0.679,0.9171,0.9243,0.8414,1.047,0.7295,1.047,0.5888,0.5888,0.6537,1.0795,0.661,0.6573,1.0578,0.6429,0.9748,0.7403,0.6537,0.7512,0.495,0.7187,0.7475,0.7006,1.0434,0.6573,1.9778,1.4655,0.5708,0.946,0.6718,0.9424,0.7079,0.6429,0.6177,0.9352
1/12/2020,41.6136,0.6104,0.6507,1.0608,1.5247,1.2322,1.5112,0.8087,1.3835,1.3196,0.7919,1.2927,0.8961,0.5835,0.6036,0.7784,0.7045,0.6104,0.8927,0.9162,0.9196,0.6641,0.7852,0.7448,1.0507,0.7314,0.5902,1.212,0.5868,0.6373,0.6541,0.5902,0.6978,0.4221,0.644,0.5129,0.7078,0.6675,0.6709,2.2847,1.6856,0.9499,0.9633,0.728,0.5499,0.6473,0.886,0.6272,0.6305
1/11/2020,39.9489,0.614,0.9302,0.7034,1.3743,0.959,1.4063,1.1411,1.3424,0.943,0.7322,0.7545,0.7354,0.6395,0.6523,0.5788,0.5596,0.7513,0.5948,0.9015,0.7162,0.812,0.6587,0.9047,0.9654,0.8088,0.6203,1.058,0.6044,1.0325,0.6523,0.4159,0.4542,0.4957,0.5724,0.6427,0.6587,0.9143,0.8983,2.3231,1.7131,0.812,0.5916,0.4862,0.8408,0.7322,0.7162,0.7417,0.7929
1/10/2020,34.1544,0.6244,0.6845,0.5616,0.8676,0.8362,0.6531,1.1501,1.0925,0.8885,0.8833,0.7656,0.7656,0.6584,0.7081,0.5773,0.6897,0.6584,0.7865,0.5982,0.7499,0.5904,0.5511,0.6793,0.5381,0.5799,0.4988,0.7447,0.4596,0.7473,0.5799,0.3419,0.491,0.3733,0.5014,0.5302,0.5721,0.8179,0.6767,2.0568,1.5222,0.8153,0.7761,0.457,0.4831,0.661,0.6584,0.7264,0.525
1/9/2020,33.5991,0.7017,0.5583,0.6249,0.7631,1.3724,0.7298,1.2777,1.1983,0.8834,1.0191,0.7145,0.8041,0.5353,0.6146,0.502,0.6633,0.671,0.5353,0.7529,0.7913,0.7222,0.4713,0.543,0.5737,0.4943,0.5071,0.4611,0.4559,0.6556,0.63,0.5379,0.4022,0.4713,0.5123,0.3996,0.5891,0.653,0.607,1.7901,1.3309,0.7862,0.6684,0.5686,0.717,0.5635,0.7298,0.5379,0.5071
1/8/2020,32.7362,0.508,0.4957,0.5773,1.1116,1.2897,0.7232,0.5649,1.0102,1.0497,0.8494,0.8914,0.8469,0.6416,0.6441,0.5872,0.5674,0.6663,0.701,0.5723,0.6366,0.6639,0.7183,0.5946,0.5649,0.6787,0.5501,0.5699,0.4388,0.7999,0.6886,0.5303,0.4116,0.4536,0.3547,0.4858,0.5921,0.7034,0.5303,1.2427,0.9384,0.5946,0.8024,0.6094,0.419,0.6911,0.8098,0.6713,0.6935
1/7/2020,36.3735,0.7937,0.7625,0.8732,1.0718,1.3271,0.7739,1.1938,0.6859,0.9668,1.0406,1.242,0.9129,0.5497,0.7086,0.7058,0.7341,0.7341,0.8022,0.7285,0.737,0.527,0.5611,0.7682,0.7937,0.422,0.6802,0.9498,0.5384,1.1001,0.7625,0.5752,0.4419,0.4277,0.5611,0.5043,0.6093,0.7086,0.6859,0.9945,0.7603,0.8278,0.9044,0.754,0.5497,0.7739,0.5128,0.7795,0.5554
1/6/2020,38.4075,0.8782,0.9025,0.866,1.0667,1.3982,1.2461,1.0607,1.0971,0.6714,1.0302,0.7231,0.8752,0.711,0.5194,0.5528,0.6076,0.5893,0.6806,0.6745,0.9025,0.5833,0.6866,0.9025,0.6745,0.4829,0.6836,0.9056,0.5042,0.9603,0.7262,0.6258,0.4525,0.5954,0.6319,0.416,0.6106,0.6927,0.565,1.9481,1.4442,0.8934,0.5924,0.8873,0.7566,0.8448,0.8904,0.7748,0.6228
1/5/2020,36.435,0.7979,0.8065,0.923,0.9003,0.7922,0.9913,0.6813,1.3524,1.0197,0.7325,0.8918,0.9316,0.6017,0.5363,0.7894,0.5875,0.6785,0.5306,0.6046,0.7524,0.7894,0.6899,0.5193,0.6273,0.4425,0.6728,0.7041,0.5733,1.1249,0.6842,0.3657,0.5932,0.5449,0.4595,0.6103,0.6188,0.8235,0.5107,2.114,1.5632,0.8747,0.5193,0.6785,0.6074,0.8605,0.6956,0.6415,0.6245
1/4/2020,34.832,0.8723,0.5638,0.7301,0.8831,1.4439,1.0951,1.0602,0.6979,0.9636,0.604,0.9153,0.8911,0.714,0.5048,0.7409,0.7999,0.7784,0.8375,0.6684,0.7409,0.6309,0.6282,0.5718,0.604,0.6818,0.4672,0.5235,0.5155,0.9716,0.6711,0.4082,0.5289,0.553,0.4055,0.494,0.5208,0.7811,0.4591,1.448,1.0856,0.8616,0.808,0.5477,0.4565,0.6094,0.8133,0.5289,0.7516
1/3/2020,37.1749,0.934,0.6626,0.5051,0.8902,0.7793,1.0857,1.1353,1.1995,1.1615,0.8464,1.0886,0.5459,0.4934,0.6976,0.8464,0.8319,0.6539,0.7035,0.7268,0.6539,0.5693,0.5868,0.6218,0.6451,0.7385,0.6831,1.0186,0.4934,0.6597,0.791,0.4176,0.6072,0.4905,0.5985,0.4409,0.6422,0.8173,0.4876,2.1545,1.5923,0.5722,0.8231,0.6072,0.8727,0.6335,0.9719,0.5634,0.6335
1/2/2020,36.9897,0.8508,0.8827,0.5319,1.2509,1.4857,1.2509,0.7639,1.1552,0.6682,0.7523,0.6856,0.4885,0.7233,0.7436,0.5928,0.6827,0.8334,0.616,0.5928,0.845,0.5609,0.6624,0.7726,0.8595,0.5812,0.6392,1.0393,0.4914,0.8102,0.7349,0.4479,0.5957,0.4682,0.5261,0.4015,0.6682,0.7899,0.5406,2.255,1.6643,0.5899,0.8827,0.5667,0.5174,0.8247,0.6189,0.5928,0.4914
1/1/2020,33.1674,0.6549,0.7581,0.5568,1.1029,1.0878,1.2162,0.5693,0.9519,1.0425,0.8235,0.5391,0.514,0.6801,0.6297,0.6197,0.7254,0.7103,0.5014,0.5719,0.6927,0.6021,0.5945,0.7506,0.7455,0.6297,0.5316,0.6121,0.4611,0.9796,0.5668,0.3579,0.4183,0.3579,0.5593,0.4385,0.5266,0.6952,0.6197,1.4462,1.0843,0.6826,0.7279,0.7757,0.6247,0.7782,0.4787,0.6096,0.5643
