date,,1,2,3,4,5,6,7,8,9,10,11,12,13,14,15,16,17,18,19,20,21,22,23,24,25,26,27,28,29,30,31,32,33,34,35,36,37,38,39,40,41,42,43,44,45,46,47,48
,,0:00,0:30,1:00,1:30,2:00,2:30,3:00,3:30,4:00,4:30,5:00,5:30,6:00,6:30,7:00,7:30,8:00,8:30,9:00,9:30,10:00,10:30,11:00,11:30,12:00,12:30,13:00,13:30,14:00,14:30,15:00,15:30,16:00,16:30,17:00,17:30,18:00,18:30,19:00,19:30,20:00,20:30,21:00,21:30,22:00,22:30,23:00,23:30
12/14/2022,43.0369,1.0916,0.955,0.5871,1.3544,1.9641,1.1687,1.0566,0.8989,1.3474,0.7343,1.2633,0.927,0.7798,0.7588,0.6782,1.0005,0.6852,0.6081,0.962,1.0005,0.5976,0.6292,0.8709,0.9655,0.5521,0.7693,0.8569,0.6712,0.8499,0.8359,0.6011,0.4785,0.454,0.51,0.5626,0.7588,0.8534,0.962,1.6949,2.8114,0.7343,0.5766,0.7938,0.6817,0.8149,0.955,0.8569,0.517
12/13/2022,62.4518,1.4191,0.9508,1.3809,1.822,2.5843,1.1686,2.0017,2.0235,1.6913,1.3156,2.2249,0.9127,1.2067,1.3374,1.4191,1.1958,1.3973,1.0923,1.272,1.4463,1.0161,1.2448,1.6913,1.5443,0.8255,1.0542,0.9127,0.8201,1.724,1.2448,0.5478,0.831,0.9072,0.8037,1.0107,0.9072,0.8963,1.4027,1.1498,1.868,1.3973,1.577,1.0978,1.4082,0.8963,1.4844,1.0488,1.2775
12/12/2022,83.6829,2.1117,2.0814,1.9679,3.1183,3.2924,2.5355,2.3388,3.0578,2.7172,1.3549,1.4836,2.2025,1.4608,1.3549,1.2262,1.2414,1.2792,1.6728,1.37,1.2489,1.8166,1.2792,1.9301,2.0209,1.6046,1.6501,2.1571,1.0522,1.196,1.423,0.6586,1.2414,0.8478,0.8554,0.8932,1.3927,1.8014,1.2868,2.9772,5.0304,1.1657,1.4987,0.9613,1.317,1.1581,2.036,1.9225,1.3927
12/11/2022,10.2331,0.195,0.1988,0.218,0.25,0.2308,0.2301,0.2024,0.2589,0.2381,0.1953,0.2343,0.2113,0.1966,0.1955,0.2107,0.2042,0.1964,0.1941,0.2082,0.212,0.2167,0.2104,0.1937,0.2017,0.2049,0.2073,0.2142,0.1899,0.2209,0.2004,0.183,0.1979,0.1946,0.2002,0.1917,0.197,0.1928,0.1932,0.2833,0.3685,0.2046,0.2296,0.2055,0.2124,0.202,0.2098,0.2095,0.2167
12/10/2022,51.6445,0.9217,1.0483,0.6729,1.799,1.5415,1.7379,1.4891,1.8775,1.5677,1.2272,1.8688,1.0046,0.9523,0.8257,0.6991,0.9043,1.1792,1.2185,1.2272,1.0265,1.0221,1.1661,0.8781,0.5944,0.6162,1.1181,0.9392,0.6424,1.0919,0.9086,0.5638,0.8039,0.7384,0.5944,0.6686,0.8301,1.1618,0.6642,1.5716,2.5981,0.7951,0.6729,1.2141,1.2272,0.8868,0.9392,1.0439,0.9043
12/9/2022,51.453,1.0444,1.0922,1.0922,1.2704,2.0352,1.5832,1.3442,1.492,0.7229,1.14,1.4355,1.1835,0.7837,0.8489,0.9401,0.7967,0.8402,1.027,0.9314,0.9966,1.0444,1.0444,0.7272,0.9054,0.8576,1.0879,1.505,0.636,0.901,0.9141,0.6968,0.8315,0.7837,0.4969,0.8315,0.8358,0.7446,0.8228,2.3039,3.8652,1.0314,0.5882,1.1791,0.7316,0.9792,0.7489,1.0314,0.7272
12/8/2022,68.6679,1.374,1.6106,1.2587,2.0595,2.2718,2.3689,2.5873,1.6773,2.3386,1.5742,1.0403,1.38,1.2526,0.9675,1.2102,1.4346,0.9735,1.289,1.1859,1.647,1.0949,1.0706,1.2466,1.7683,0.7491,0.9068,1.3254,0.8522,0.9735,1.3315,1.1252,0.9796,0.9129,1.0646,0.8037,1.0949,1.4589,1.4953,2.5062,4.2154,1.3315,1.107,0.9735,1.3618,1.6106,0.9614,1.4225,1.4225
12/7/2022,51.358,1.2983,0.7954,1.32,1.8056,2.2695,1.3807,1.901,1.6842,1.5845,0.8214,0.765,1.2419,0.739,0.6523,1.0555,0.9428,0.7,1.0989,0.791,1.0208,0.7737,1.1682,0.8344,1.1162,0.6696,1.0425,1.3677,0.6349,1.333,0.8777,0.5959,0.8864,0.6393,0.6783,0.8387,0.8387,0.7737,0.6523,1.7545,2.9146,0.7737,0.7,0.6132,0.9991,1.1899,1.1335,0.7737,0.9168
12/6/2022,50.975,1.1422,0.9918,0.9316,1.4817,1.8599,1.5548,1.1293,0.9875,1.7138,1.1465,0.7769,0.6609,0.648,0.7382,0.7855,1.1895,1.1508,0.8758,0.7855,0.8758,0.7511,1.052,0.7082,0.9359,1.0219,0.7425,1.1207,0.7124,1.3055,0.7855,0.7511,0.764,0.7425,0.6222,0.5234,0.7253,1.0863,0.8414,2.2851,3.8327,1.0949,1.2324,0.8156,0.9015,0.9789,1.3356,0.7941,1.0863
12/5/2022,55.3742,0.7588,1.1615,1.2894,1.46,2.3648,1.0289,1.3463,1.5547,1.0526,1.4884,1.7916,0.683,0.972,1.0005,1.2231,0.882,0.9436,1.0431,1.3131,1.0668,0.8631,0.8252,1.1094,0.9104,0.9483,1.0526,1.5547,0.7115,1.4268,1.0905,0.7209,0.8962,0.6357,0.7778,0.8062,0.8631,0.7778,1.2894,2.6494,4.4632,0.7352,0.6499,0.6357,0.8678,1.2942,0.8252,0.8157,0.7541
12/4/2022,53.6528,1.4267,0.9473,0.6734,1.5499,1.3217,1.4997,1.4221,1.0204,1.7645,1.6504,1.2121,1.0067,0.7693,1.098,1.0478,0.7328,1.066,1.1162,0.9656,0.8652,0.6871,0.6278,0.8834,0.9199,1.1117,1.1208,1.0523,0.7373,1.0706,1.1391,0.6917,0.5091,0.5365,0.6643,0.9062,0.8012,0.8606,1.1071,3.0189,5.1028,1.0204,0.6643,0.7921,0.7099,1.0067,1.0021,1.1299,0.6232
12/3/2022,77.1792,1.8131,2.0553,1.6955,2.3735,1.8339,1.7716,1.8892,1.6817,2.2351,2.3251,1.8823,1.0037,1.315,1.1698,1.1352,1.2182,1.2735,1.6194,1.5641,1.8477,1.2182,1.8131,2.076,1.7301,1.5157,1.322,2.0829,0.9207,1.7025,1.5572,1.0314,0.8515,0.8308,0.6924,0.9138,1.149,1.066,1.2528,3.1309,5.2965,1.4949,1.3842,1.2874,1.4811,1.2251,1.3081,1.6955,1.4465
12/2/2022,67.3289,1.549,1.6143,1.5906,1.5431,2.9789,2.0177,2.2966,2.5932,0.9557,2.2135,2.2669,1.0151,1.3236,1.3592,0.8905,1.555,1.0388,1.4778,1.3176,1.5906,1.2227,1.0566,0.9617,1.3651,0.9142,1.199,1.2583,0.9913,1.8219,0.9795,1.0091,0.9557,0.9973,0.5998,0.7778,1.0685,0.8786,1.3058,2.0896,3.4944,1.3354,1.2346,0.7896,1.0981,1.5431,1.1693,0.8727,1.1515
12/1/2022,79.7615,1.4369,1.5301,1.3292,1.9822,2.3123,3.0658,1.6019,2.7644,0.9273,2.5205,1.7598,2.1616,1.4081,1.157,1.0063,1.4799,1.3507,1.2216,1.2216,1.523,1.157,1.8387,1.5947,1.2072,1.0063,1.157,1.157,0.9417,1.2933,1.322,1.3292,1.078,0.8628,1.0924,1.322,1.1498,0.9489,1.4799,4.7763,8.144,1.3507,1.2933,1.9105,0.8628,1.1067,1.322,1.5588,1.7383
11/30/2022,60.2514,1.2796,0.8877,1.6036,1.6924,2.633,1.6924,1.8021,2.0425,1.0758,1.4886,1.8074,0.7728,1.2431,0.9191,1.3894,0.8041,1.1124,1.264,1.149,0.9191,0.9818,1.0549,1.3685,0.8668,1.1385,0.8564,1.0236,0.8041,0.9661,0.94,0.9295,0.8459,0.9295,0.9661,0.6787,1.0602,0.7467,1.4312,2.0381,3.4054,1.4364,0.94,1.2587,1.4259,0.9295,1.3946,1.4155,0.8407
11/29/2022,50.497,1.1483,1.2163,1.0378,1.4798,1.7985,1.6583,1.7008,0.9529,0.9104,1.3651,0.7361,1.0633,1.0124,1.0209,0.8254,0.7489,0.9571,0.8254,0.9954,1.0846,1.0718,0.7744,1.3268,0.7106,0.9359,1.0506,1.5181,0.6129,1.4968,1.0166,0.5279,0.7361,0.7234,0.6979,0.6129,0.8509,0.6426,1.0761,1.516,2.5018,1.1653,0.8424,1.0591,0.8296,0.9784,0.8466,0.9359,0.9019
11/28/2022,54.3222,1.1348,1.3664,0.7086,1.7833,1.7277,1.8899,1.4127,1.3571,0.8893,1.334,1.9779,1.0283,1.0329,1.019,1.0977,0.9032,0.88,0.8476,0.9032,1.0653,0.9958,0.9125,1.1024,1.2969,0.6253,0.7503,1.2877,0.704,1.2135,1.0514,0.5604,0.6577,0.8383,0.8476,0.6669,0.8615,1.2784,1.158,2.0141,3.3638,0.9773,1.1904,0.7225,0.8986,0.7457,1.3803,1.1441,0.7179
11/27/2022,74.0237,1.2759,1.2891,1.7776,2.3124,2.088,1.7776,2.0351,2.1606,1.7578,1.9427,1.8965,1.124,1.0448,1.2296,1.606,1.5532,0.9523,1.5532,1.124,1.3617,1.3815,1.6918,1.606,0.8731,0.8467,1.058,2.1936,0.8929,1.8833,1.2891,0.7741,1.1372,0.7543,0.6883,0.7543,1.2098,1.6324,1.5994,3.1794,5.3805,1.4145,1.1966,1.6192,1.6852,1.7248,1.3815,1.3419,0.9722
11/26/2022,49.4448,0.7303,1.1116,1.1945,1.7333,1.9985,1.6131,1.1406,0.9251,0.7345,0.7966,1.6794,0.6474,0.95,0.6308,0.9707,1.0163,0.8049,0.9831,1.1282,1.0536,0.8754,0.8298,1.2732,1.0204,0.577,1.0743,0.7386,0.6143,1.0246,0.8505,0.7842,0.8256,0.5397,0.8256,0.5107,0.7718,0.6972,0.9665,1.9364,3.2294,0.6806,0.9997,0.7883,1.1448,1.1738,0.8961,1.0619,0.8919
11/25/2022,42.8458,0.6998,0.6406,0.9472,1.118,1.3932,1.3026,1.55,1.0448,1.2086,0.6266,0.6998,0.665,0.8218,0.8392,0.6406,0.658,1.0099,0.6684,0.8984,0.8462,0.6894,0.5116,0.8322,1.0692,0.5778,0.888,1.2364,0.6684,0.8218,0.7939,0.4977,0.7416,0.4176,0.7172,0.4977,0.7521,0.6789,0.7765,2.0196,3.3733,0.9925,0.7521,0.5813,0.7974,0.6406,0.9089,0.5883,0.7451
11/24/2022,47.2451,0.9202,1.0144,0.9005,1.5716,1.552,1.5638,1.1556,0.9516,1.1321,1.3048,1.5873,0.826,0.775,0.9712,0.72,0.7514,0.7122,1.0693,0.9202,0.8378,0.928,0.8142,0.6808,1.0261,0.9359,0.7318,1.1792,0.6415,0.72,1.0026,0.567,0.6494,0.6415,0.6062,0.6808,0.8142,0.669,0.9633,2.3283,3.9075,0.7004,0.6023,0.9516,0.5866,0.7946,0.5984,0.7082,0.5787
11/23/2022,40.7416,0.6087,0.6218,0.7888,1.1915,1.329,1.1194,0.851,0.8542,1.0965,0.7462,0.995,0.8313,0.7233,0.5792,0.7069,0.6938,0.887,0.9263,0.9459,0.7822,0.9001,0.923,0.959,0.612,0.5366,0.8641,0.8706,0.5399,1.1129,0.6283,0.5137,0.5137,0.5759,0.5105,0.6316,0.6643,0.8215,0.6905,2.2195,3.7192,0.6087,0.5694,0.5137,0.5399,0.6087,0.5923,0.5989,0.6251
11/22/2022,62.2603,1.5232,1.4309,1.2247,2.1146,2.196,2.1363,2.4836,1.1922,1.355,1.2085,1.7185,1.024,0.986,1.2573,1.0945,1.1271,1.2899,0.9806,1.1054,1.2736,0.9968,0.9751,0.9643,1.3387,0.9317,0.731,1.8813,0.8232,1.8487,1.2899,0.7093,1.0294,0.7744,0.5899,0.6713,1.0077,1.534,1.0511,2.0564,3.437,1.4581,0.7038,1.2681,0.8666,1.4472,1.1868,1.1922,0.7744
11/21/2022,55.0869,0.9577,0.8306,0.727,2.0737,1.5934,1.1461,2.0031,2.0078,0.6799,0.8023,0.7835,0.9342,0.7458,0.8777,1.0001,1.1131,1.0472,0.9059,1.2826,0.8589,1.1178,0.9907,0.8165,0.6752,0.7129,0.8871,1.7111,0.8259,0.8353,1.1649,0.76,0.7411,0.581,0.5245,0.9012,0.8165,1.2638,0.727,2.9792,5.034,1.0048,1.1225,1.3203,1.179,0.9201,1.2685,1.1932,0.6422
11/20/2022,38.7335,0.7598,0.5816,0.7168,0.8612,1.7371,1.1809,0.6584,0.8981,0.6861,0.5631,1.1932,0.7291,0.6062,0.8121,0.6984,0.5631,0.7598,0.8028,0.892,0.6277,0.7844,0.5293,0.6277,0.9719,0.6645,0.7813,0.7322,0.5324,1.0057,0.6,0.4556,0.4679,0.391,0.4709,0.4863,0.6799,0.8766,0.5385,1.8876,3.1449,0.9227,0.643,0.7906,0.6307,0.7076,0.6768,0.7998,0.6062
11/19/2022,22.4749,0.4952,0.3722,0.4446,0.5155,0.5531,0.4402,0.5908,0.4402,0.556,0.3983,0.3867,0.4793,0.4475,0.3519,0.488,0.3867,0.4026,0.5039,0.3766,0.5112,0.4692,0.4243,0.3621,0.4402,0.3158,0.4171,0.5908,0.3534,0.653,0.378,0.3404,0.3548,0.2854,0.3823,0.2854,0.3563,0.4504,0.3447,1.1002,1.7822,0.4489,0.4895,0.3592,0.3737,0.3852,0.3939,0.4837,0.3143
11/18/2022,39.4029,0.9894,1.0271,0.8481,1.2595,1.5327,0.9015,1.4134,0.8324,0.509,0.8826,1.181,0.6126,0.7162,0.5247,0.644,0.9078,0.6723,0.8167,0.688,0.7445,0.8732,0.8701,0.936,0.8858,0.7539,0.8607,1.1464,0.6,1.1276,0.6754,0.3739,0.5498,0.4336,0.4681,0.4556,0.6534,0.5121,0.509,1.0878,1.7608,0.8858,0.801,0.9329,0.8795,0.7853,0.5278,0.5592,0.7947
11/17/2022,39.3072,0.7897,0.7991,0.7333,0.8523,1.0245,1.2812,1.3876,1.469,1.0777,0.7959,0.8617,0.7051,0.6958,0.6989,0.7709,0.5549,0.5956,0.5517,0.9086,0.8272,0.7302,0.5079,0.7208,0.5267,0.4766,0.5831,0.9306,0.5549,1.1121,0.7114,0.558,0.4109,0.4954,0.5236,0.5831,0.7145,0.5737,0.6926,1.4703,2.4227,0.6238,0.9775,0.8053,0.8993,0.8961,1.0088,0.893,0.5236
11/16/2022,31.6561,0.6398,0.7841,0.6019,1.0561,0.8598,1.0561,0.7013,0.8953,1.0088,0.6043,1.0396,0.6824,0.4387,0.4624,0.5381,0.4695,0.5475,0.7439,0.6753,0.5168,0.5428,0.5333,0.4576,0.628,0.4056,0.4576,0.4174,0.4505,0.7936,0.6303,0.3843,0.4387,0.3938,0.3701,0.4032,0.5002,0.6303,0.4245,1.4073,2.3136,0.5783,0.6587,0.4269,0.5262,0.751,0.4458,0.6824,0.6824
11/15/2022,43.9934,0.9261,1.0233,1.0053,1.5632,1.0521,0.9153,1.0377,1.0017,0.6598,1.0665,1.5488,1.0413,0.8757,0.8901,0.8109,0.9873,0.9801,0.6454,0.6994,0.6814,0.757,0.7102,0.739,0.7282,0.595,0.5626,0.8757,0.5842,0.7354,0.8577,0.4438,0.4402,0.4222,0.541,0.7498,0.7822,1.0377,0.6166,1.9923,3.3261,0.9621,0.631,0.7822,1.0485,0.7714,1.1385,0.8217,0.9297
11/14/2022,53.1745,1.0069,1.2734,1.1153,1.4948,2.1227,1.6484,0.9843,1.9465,1.1921,1.418,1.68,0.9482,0.7178,0.7359,0.8578,0.9346,0.8985,0.9572,1.2644,0.8895,1.0205,0.5958,1.1289,0.6591,0.7675,0.7404,1.4135,0.6636,0.9888,0.9708,0.5868,0.8127,0.6771,0.6636,0.8353,0.8804,1.1063,0.7856,2.1354,3.5737,0.7494,0.7088,0.894,1.0566,1.1379,1.3638,0.9753,1.1966
11/13/2022,25.5351,0.47,0.6121,0.5787,0.8365,0.7138,0.5226,0.7103,0.7032,0.6191,0.4034,0.7839,0.3578,0.4805,0.4455,0.4209,0.5349,0.4998,0.5665,0.4788,0.5577,0.3771,0.3543,0.3894,0.6226,0.3824,0.4051,0.6208,0.3683,0.6541,0.4507,0.3438,0.3718,0.3911,0.3403,0.3613,0.4525,0.4613,0.5419,0.9379,1.5014,0.4648,0.6541,0.4385,0.356,0.5296,0.5069,0.4823,0.4788
11/12/2022,19.9883,0.4184,0.4532,0.3321,0.657,0.5707,0.4064,0.627,0.5251,0.3669,0.44,0.5191,0.3944,0.3057,0.3081,0.3177,0.3801,0.4088,0.3345,0.4532,0.4016,0.3201,0.3753,0.434,0.4556,0.2794,0.428,0.3189,0.3093,0.5107,0.3537,0.2674,0.2542,0.3321,0.2889,0.277,0.3609,0.3633,0.392,0.7418,1.162,0.3537,0.4736,0.3537,0.3741,0.3297,0.4628,0.3597,0.4364
11/11/2022,35.8639,0.5623,0.7908,0.5484,0.8187,1.05,0.8828,0.997,0.7992,0.7797,1.1057,0.6013,0.6599,0.501,0.5623,0.6404,0.7936,0.788,0.6041,0.6961,0.6905,0.5066,0.4397,0.8103,0.788,0.4369,0.5568,1.0834,0.515,1.1168,0.6654,0.4592,0.4147,0.6069,0.5763,0.6069,0.5735,0.6738,0.8243,1.2463,2.0351,0.5986,0.9385,0.5623,0.7964,0.7908,0.9329,0.6682,0.7685
11/10/2022,32.23,0.7724,0.5495,0.8281,1.0486,0.8136,0.7385,0.77,1.0196,0.5689,0.6731,0.4986,0.4986,0.598,0.5035,0.5204,0.455,0.5834,0.581,0.5277,0.7506,0.4574,0.4041,0.8451,0.6779,0.6658,0.5253,0.7215,0.4598,0.7361,0.6852,0.3242,0.4744,0.4938,0.3896,0.4017,0.5447,0.7748,0.4502,1.3025,2.1323,0.4962,0.8039,0.7094,0.6634,0.6852,0.8063,0.627,0.6731
11/9/2022,27.7351,0.6225,0.4765,0.7133,0.7291,0.8791,0.9324,0.737,0.8534,0.6107,0.514,0.6758,0.6581,0.5594,0.4055,0.5989,0.4824,0.5574,0.5318,0.6265,0.5515,0.514,0.5436,0.4193,0.5633,0.5377,0.4291,0.6837,0.439,0.6423,0.5081,0.3995,0.3838,0.3877,0.4568,0.4706,0.512,0.6403,0.4943,0.815,1.2886,0.5693,0.5772,0.4686,0.4686,0.4726,0.3857,0.4015,0.5476
11/8/2022,30.604,0.6346,0.5532,0.6007,0.8584,1.2539,0.6029,1.0889,0.682,0.9284,0.5035,0.9827,0.456,0.5238,0.4628,0.5012,0.5939,0.569,0.4605,0.4922,0.6007,0.5102,0.4741,0.6459,0.4311,0.5961,0.4447,0.7159,0.4583,0.7159,0.5781,0.4334,0.4922,0.4876,0.4809,0.4153,0.4831,0.5012,0.5577,1.1195,1.8156,0.7408,0.5803,0.5306,0.5102,0.5826,0.6933,0.6052,0.6549
11/7/2022,22.7616,0.394,0.5254,0.5018,0.7143,0.6331,0.6996,0.6007,0.7143,0.6213,0.4427,0.3999,0.5697,0.3364,0.3379,0.36,0.3851,0.3955,0.4501,0.4058,0.5077,0.4855,0.3172,0.4575,0.3512,0.301,0.4575,0.6449,0.3645,0.3674,0.4634,0.3409,0.4102,0.332,0.391,0.3158,0.4176,0.4855,0.4575,0.6786,1.0526,0.4899,0.3763,0.5298,0.5239,0.5136,0.5224,0.3482,0.3704
11/6/2022,36.2468,0.918,0.7203,0.7627,1.079,0.8192,0.9435,0.8813,1.1101,1.1214,0.7316,1.1835,0.5282,0.661,0.6497,0.613,0.6214,0.7655,0.7034,0.661,0.757,0.4943,0.6243,0.5113,0.8248,0.4491,0.5226,0.5875,0.4859,0.8531,0.6384,0.4887,0.4435,0.4322,0.5565,0.4943,0.6553,0.7005,0.7683,1.8373,3.0579,0.5875,0.5819,0.7203,0.4435,0.5678,0.531,0.6582,0.5
11/5/2022,49.8275,1.3169,0.9572,1.2333,1.3755,1.4424,1.6557,1.5972,1.8858,0.9363,1.3002,1.2416,1.1747,0.815,0.907,1.0785,1.0869,0.8819,0.8024,0.8903,1.112,0.677,0.8485,1.0827,1.204,0.7732,0.6226,1.2249,0.656,1.3127,0.8066,0.7439,0.5891,0.6351,0.6686,0.5138,0.8485,0.9739,1.0618,1.124,1.8235,1.2291,0.9363,1.0492,1.1873,0.9154,0.8861,0.8108,0.9321
11/4/2022,35.5771,0.6217,0.7237,0.6382,0.9168,1.096,1.0133,1.1539,1.1429,0.7513,0.9278,0.7265,0.6879,0.7044,0.5721,0.4976,0.812,0.7761,0.7734,0.8009,0.6934,0.5748,0.4673,0.9223,0.6631,0.5224,0.7237,0.8478,0.4893,1.0271,0.6961,0.5224,0.5748,0.5279,0.3928,0.5803,0.6355,0.5996,0.5638,1.0362,1.6715,0.8726,0.6217,0.4921,0.7017,0.743,0.5555,0.743,0.7789
11/3/2022,33.6644,0.5516,0.8391,0.8596,0.8647,0.7672,1.0547,0.7056,0.6569,0.8878,0.7185,0.934,0.6517,0.6594,0.721,0.6261,0.7236,0.6235,0.6184,0.7595,0.5208,0.6363,0.5465,0.721,0.8237,0.5773,0.6107,0.97,0.4644,0.8057,0.6055,0.4875,0.5285,0.4028,0.4156,0.4695,0.5414,0.5183,0.7108,1.0135,1.6322,0.6132,0.7954,0.7954,0.644,0.5953,0.8314,0.6055,0.5593
11/2/2022,32.517,0.5687,0.7551,0.5933,0.7306,0.7355,1.091,1.1008,1.1645,0.4364,0.6447,0.858,0.5442,0.5148,0.554,0.6717,0.7428,0.4854,0.554,0.5099,0.5246,0.6546,0.4952,0.7404,0.4413,0.3824,0.4314,0.7379,0.4535,0.5835,0.63,0.3579,0.3947,0.429,0.5565,0.4756,0.6031,0.63,0.6472,1.5772,2.6077,0.6668,0.6006,0.4854,0.4437,0.7477,0.657,0.7232,0.5835
11/1/2022,20.9446,0.4527,0.4489,0.3337,0.6107,0.8191,0.4398,0.6404,0.6754,0.6275,0.5718,0.3375,0.4631,0.3401,0.3272,0.4385,0.423,0.4476,0.401,0.401,0.4592,0.4036,0.4217,0.4527,0.3142,0.2974,0.2987,0.568,0.3453,0.432,0.4178,0.3479,0.3595,0.3349,0.344,0.3673,0.3582,0.4346,0.3712,0.5492,0.8287,0.3621,0.4243,0.4359,0.3401,0.4152,0.379,0.3803,0.3026
10/31/2022,8.7026,0.1841,0.176,0.1795,0.1913,0.1898,0.1961,0.1924,0.1859,0.1864,0.1904,0.1879,0.1793,0.1762,0.1804,0.1813,0.1831,0.1767,0.184,0.1769,0.183,0.1773,0.1802,0.1824,0.1774,0.1743,0.1791,0.1778,0.1741,0.184,0.1782,0.1769,0.1729,0.1728,0.1764,0.1725,0.1785,0.1783,0.1807,0.1882,0.204,0.1808,0.1845,0.1771,0.1838,0.1757,0.175,0.1793,0.1797
10/30/2022,9.3725,0.1866,0.1969,0.183,0.2161,0.2301,0.2218,0.2021,0.211,0.182,0.1964,0.2098,0.201,0.191,0.1893,0.1871,0.1904,0.1932,0.1947,0.1937,0.1992,0.1857,0.1955,0.2052,0.1851,0.1818,0.1916,0.1905,0.1807,0.2029,0.1926,0.1823,0.1798,0.179,0.1808,0.1846,0.1884,0.1992,0.1857,0.2183,0.2561,0.1895,0.1798,0.1969,0.1823,0.1986,0.2024,0.1849,0.1969
10/29/2022,26.683,0.4917,0.6674,0.673,0.914,1.0149,0.5086,0.6599,0.729,0.389,0.5683,0.7122,0.5889,0.5067,0.4861,0.4282,0.4095,0.4974,0.4376,0.5123,0.5403,0.4394,0.3535,0.6487,0.5291,0.5497,0.4208,0.5609,0.4338,0.6898,0.4469,0.46,0.389,0.2993,0.4226,0.3628,0.4693,0.5329,0.4208,0.9214,1.4727,0.5571,0.5833,0.4563,0.6113,0.5665,0.5497,0.4413,0.3591
10/28/2022,33.9513,0.4937,0.7194,0.748,1.0412,0.8829,0.6597,1.0905,0.8362,0.9997,1.0153,0.9504,0.5014,0.6338,0.6779,0.517,0.5767,0.4755,0.6883,0.7013,0.6935,0.5404,0.421,0.8803,0.5611,0.5352,0.7013,0.4781,0.4962,0.9322,0.5559,0.4262,0.4184,0.4054,0.4392,0.4937,0.626,0.504,0.7194,1.368,2.2456,0.6234,0.5793,0.6546,0.6935,0.5585,0.8362,0.6234,0.7324
10/27/2022,33.1866,0.5747,0.824,0.6276,0.892,1.1439,1.0608,0.5822,0.6251,0.5797,0.5042,0.8492,0.6251,0.6452,0.5545,0.7107,0.6855,0.6477,0.7334,0.6276,0.6981,0.615,0.5974,0.5772,0.7888,0.6654,0.5092,0.5369,0.4488,0.9046,0.6628,0.3908,0.4739,0.5117,0.484,0.5369,0.5621,0.6276,0.5042,1.3501,2.2147,0.5243,0.8291,0.4739,0.7611,0.4891,0.5596,0.7157,0.6805
10/26/2022,34.1424,0.4961,0.5614,0.8594,0.93,1.2333,0.6921,0.7732,0.9405,0.8307,1.0398,0.7235,0.5091,0.483,0.5797,0.7627,0.7679,0.5039,0.7758,0.6529,0.6242,0.6085,0.5457,0.8804,0.734,0.5431,0.5144,0.5065,0.4307,0.7052,0.5666,0.4438,0.5379,0.4595,0.3967,0.5353,0.53,0.5745,0.7601,1.552,2.5641,0.6242,0.6503,0.7287,0.7313,0.7366,0.4882,0.5222,0.5327
10/25/2022,36.1511,0.6565,0.7607,0.7212,1.1322,0.9859,0.7381,1.0225,0.983,0.7015,1.1041,0.7015,0.4735,0.6678,0.6143,0.5101,0.6818,0.7297,0.5411,0.5636,0.6734,0.5439,0.8282,0.6565,0.4425,0.4988,0.6875,0.5664,0.5383,0.7241,0.5664,0.3806,0.4144,0.5186,0.5242,0.4341,0.6593,0.8057,0.5608,2.0286,3.3888,0.6931,0.9662,0.5298,0.5749,0.679,0.9155,0.5664,0.496
10/24/2022,30.6998,0.6207,0.5389,0.6025,0.9929,1.0383,0.7024,0.5526,0.7228,0.8,0.5503,0.75,0.7773,0.5072,0.6139,0.5208,0.6524,0.4413,0.632,0.4958,0.691,0.5004,0.4005,0.43,0.7364,0.371,0.5889,0.9044,0.4118,0.6593,0.5526,0.3823,0.4663,0.4118,0.4413,0.5208,0.4686,0.5798,0.6797,1.0994,1.7808,0.5299,0.7319,0.5594,0.7001,0.5389,0.7455,0.6797,0.6252
10/23/2022,23.8136,0.4908,0.5778,0.4893,0.5525,0.5035,0.6869,0.8135,0.5921,0.5573,0.6616,0.5335,0.5462,0.407,0.4814,0.4735,0.4829,0.3549,0.5525,0.4213,0.4355,0.4924,0.339,0.3944,0.5905,0.4339,0.3991,0.377,0.3517,0.4134,0.4434,0.3517,0.3501,0.4165,0.4007,0.3643,0.4213,0.3438,0.5209,0.89,1.4185,0.3722,0.5114,0.4845,0.3327,0.543,0.4624,0.4497,0.3311
10/22/2022,14.8236,0.312,0.353,0.3468,0.4232,0.4519,0.37,0.3257,0.3864,0.3673,0.3564,0.4301,0.3154,0.2663,0.312,0.2704,0.3277,0.2895,0.3386,0.2629,0.2847,0.3202,0.2711,0.3188,0.3045,0.2745,0.2758,0.3257,0.2376,0.3004,0.2868,0.2472,0.2526,0.2697,0.2704,0.2308,0.2642,0.2758,0.2622,0.2629,0.3332,0.353,0.3379,0.3127,0.2642,0.3304,0.3427,0.2567,0.2513
10/21/2022,16.9276,0.3559,0.3229,0.3283,0.4586,0.4497,0.5157,0.5131,0.4184,0.4515,0.3711,0.3675,0.3792,0.2649,0.3318,0.364,0.3836,0.3443,0.2747,0.3122,0.3479,0.2765,0.3024,0.4166,0.2845,0.2827,0.2658,0.4006,0.2595,0.3077,0.3345,0.2809,0.3149,0.2381,0.2836,0.3113,0.2818,0.3149,0.3158,0.5374,0.8083,0.3184,0.3479,0.3095,0.3756,0.305,0.2845,0.3452,0.2684
10/20/2022,30.7953,0.789,0.6978,0.5018,0.7183,0.6955,1.0944,0.6157,0.9189,0.9508,0.463,0.7229,0.6568,0.4698,0.6545,0.504,0.6796,0.5428,0.4858,0.5565,0.5086,0.5337,0.561,0.4539,0.5884,0.4493,0.6249,0.9212,0.4721,0.691,0.5132,0.3764,0.4812,0.3513,0.4653,0.4197,0.4835,0.7252,0.6932,1.1851,1.9292,0.4653,0.7958,0.504,0.4676,0.5451,0.6955,0.5952,0.5815
10/19/2022,29.5522,0.5395,0.6085,0.518,0.7313,1.1818,0.824,1.0999,0.8563,0.699,0.5675,0.6968,0.4145,0.421,0.4318,0.5007,0.5287,0.6839,0.5632,0.4792,0.5762,0.4792,0.5374,0.6408,0.4684,0.4447,0.4318,0.824,0.4749,0.88,0.4619,0.4662,0.3218,0.3262,0.4706,0.3477,0.4404,0.4339,0.5999,1.2188,1.9874,0.5244,0.4684,0.5568,0.4468,0.5934,0.7012,0.6667,0.4167
10/18/2022,26.7788,0.6343,0.4559,0.6211,0.6906,0.931,0.6098,0.8465,0.7976,0.7526,0.4521,0.8596,0.4615,0.4728,0.5141,0.4577,0.5028,0.6155,0.4239,0.5685,0.4258,0.499,0.623,0.5216,0.5272,0.407,0.3883,0.4596,0.3939,0.6549,0.5197,0.3826,0.3451,0.3676,0.3864,0.4634,0.454,0.4258,0.4596,0.8661,1.377,0.5253,0.5573,0.4709,0.3563,0.4803,0.6493,0.5291,0.5948
10/17/2022,19.4146,0.3676,0.3573,0.3151,0.5205,0.6769,0.5639,0.6232,0.3813,0.395,0.3128,0.5365,0.3082,0.3356,0.4064,0.4212,0.3128,0.3219,0.3938,0.4383,0.3835,0.371,0.4212,0.3539,0.4555,0.3619,0.3025,0.4349,0.2808,0.3322,0.3493,0.3447,0.3356,0.2637,0.3048,0.3173,0.3676,0.4189,0.3904,0.69,1.0724,0.3333,0.3493,0.323,0.2945,0.4269,0.4703,0.3322,0.3447
10/16/2022,25.9177,0.6164,0.5483,0.6397,0.8278,0.8744,0.5644,0.9353,0.792,0.4623,0.6737,0.7956,0.6702,0.3656,0.4408,0.5071,0.568,0.577,0.5411,0.5698,0.4193,0.3799,0.4336,0.5591,0.5125,0.3996,0.5035,0.6684,0.396,0.7741,0.4731,0.3333,0.3656,0.3763,0.3745,0.4032,0.396,0.4641,0.491,0.5053,0.7526,0.4247,0.6003,0.4981,0.5519,0.6092,0.4301,0.4175,0.4354
10/15/2022,22.8574,0.5752,0.391,0.4757,0.6287,0.5218,0.6079,0.651,0.7936,0.5381,0.4787,0.5218,0.4519,0.449,0.397,0.3658,0.5218,0.3925,0.3806,0.391,0.3821,0.3509,0.4371,0.5426,0.5054,0.4074,0.3717,0.6391,0.3687,0.388,0.4846,0.3435,0.3999,0.3019,0.3672,0.2989,0.3866,0.397,0.4772,0.8016,1.2655,0.5158,0.3138,0.3227,0.4192,0.4757,0.4133,0.5158,0.4311
10/14/2022,19.1274,0.3903,0.3625,0.338,0.5227,0.4571,0.4371,0.5294,0.4282,0.486,0.3636,0.3959,0.3581,0.2957,0.3503,0.3202,0.3814,0.3614,0.3781,0.4348,0.3225,0.4104,0.3692,0.4115,0.4504,0.3202,0.2902,0.3948,0.2991,0.476,0.3136,0.3058,0.2813,0.3113,0.3291,0.2857,0.3436,0.4059,0.4081,0.7694,1.2097,0.3013,0.3814,0.3213,0.3926,0.3391,0.3837,0.3558,0.3536
10/13/2022,24.1965,0.5635,0.5813,0.544,0.6396,0.6477,0.8323,0.7433,0.8064,0.4874,0.6461,0.6364,0.4793,0.455,0.4209,0.5408,0.3967,0.3772,0.4614,0.4906,0.4161,0.5327,0.4064,0.5392,0.3659,0.4922,0.4436,0.4598,0.3886,0.6736,0.4841,0.408,0.3918,0.3659,0.374,0.2995,0.4404,0.5505,0.3675,0.4982,0.7405,0.4517,0.6088,0.4744,0.4064,0.57,0.5408,0.4015,0.3545
10/12/2022,19.4148,0.3961,0.3801,0.3927,0.4372,0.5023,0.5833,0.4087,0.5262,0.4383,0.387,0.5776,0.4224,0.3596,0.3938,0.3892,0.3242,0.3573,0.4246,0.3482,0.3721,0.4224,0.3128,0.3071,0.436,0.3596,0.3116,0.3253,0.2957,0.4669,0.3276,0.3356,0.3093,0.2603,0.3253,0.2774,0.3367,0.3847,0.3972,0.6395,0.9849,0.3151,0.4646,0.4372,0.3904,0.4246,0.4418,0.3379,0.3664
10/11/2022,24.5789,0.543,0.412,0.5447,0.853,0.6342,0.5546,0.8282,0.4966,0.5662,0.611,0.8116,0.5861,0.3839,0.427,0.4435,0.4767,0.4286,0.5397,0.5281,0.4452,0.3805,0.5679,0.5297,0.3822,0.3955,0.5231,0.6325,0.3325,0.6988,0.5032,0.3673,0.4286,0.3921,0.3573,0.3772,0.4054,0.5795,0.3756,0.5006,0.7446,0.5861,0.4701,0.3971,0.538,0.5778,0.5579,0.4021,0.4618
10/10/2022,20.7533,0.4281,0.5034,0.3771,0.6194,0.6028,0.5646,0.6385,0.6003,0.6181,0.5671,0.4574,0.3631,0.3988,0.4307,0.3707,0.3796,0.3465,0.4307,0.4472,0.4625,0.3605,0.3057,0.3274,0.3414,0.3733,0.3427,0.3643,0.3159,0.4957,0.4307,0.3554,0.2865,0.3133,0.3248,0.3465,0.3452,0.3133,0.3274,0.63,0.9685,0.3975,0.4511,0.4205,0.4115,0.3694,0.4013,0.395,0.4319
10/9/2022,19.7014,0.3738,0.3995,0.3691,0.5107,0.561,0.5867,0.5224,0.3995,0.3586,0.3141,0.4405,0.32,0.3831,0.3691,0.32,0.3621,0.334,0.3913,0.444,0.3504,0.3492,0.4112,0.3422,0.3293,0.3574,0.2907,0.3867,0.3293,0.5259,0.3539,0.3574,0.2556,0.2509,0.2837,0.3434,0.3504,0.2942,0.3808,0.9736,1.5631,0.3925,0.2942,0.3211,0.2755,0.4229,0.3469,0.4381,0.3714
10/8/2022,39.2114,0.8908,0.7004,0.7129,0.8814,1.5774,0.7722,1.4276,0.7566,0.5724,0.6036,0.9688,0.8034,0.7878,0.8315,0.6723,0.8939,0.6161,0.6567,0.741,0.8252,0.7597,0.6473,0.9345,0.9282,0.6473,0.5755,1.0343,0.5256,1.0656,0.8159,0.6036,0.4288,0.6567,0.5162,0.485,0.6005,0.8689,0.5724,1.5806,2.6136,0.5506,0.7815,0.7347,0.7597,0.7035,0.9282,0.5318,0.6692
10/7/2022,20.7534,0.3388,0.4115,0.3707,0.6271,0.4358,0.6857,0.4421,0.4052,0.5761,0.409,0.5697,0.4154,0.3363,0.3567,0.3325,0.3911,0.4511,0.4676,0.4179,0.3656,0.4472,0.4485,0.4319,0.3465,0.3758,0.3618,0.3554,0.2942,0.5403,0.3465,0.3133,0.3363,0.3631,0.2776,0.3427,0.3656,0.3197,0.4256,0.7514,1.1786,0.3363,0.5403,0.483,0.4447,0.4485,0.3121,0.4536,0.307
10/6/2022,24.4833,0.5524,0.5936,0.3678,0.7123,0.915,0.7782,0.7864,0.6134,0.3562,0.6216,0.4403,0.5408,0.3496,0.437,0.4057,0.4502,0.3991,0.4996,0.4551,0.4139,0.3908,0.4914,0.5112,0.3744,0.4782,0.3958,0.5985,0.3331,0.6084,0.432,0.4073,0.3529,0.3793,0.4238,0.3233,0.4568,0.4914,0.404,0.7456,1.1685,0.4255,0.6364,0.4996,0.5705,0.5227,0.5211,0.4337,0.4189
10/5/2022,37.2033,0.7566,0.8413,0.5317,0.8179,1.4954,0.7566,1.1012,1.2209,1.0369,0.7858,1.1596,0.7799,0.5492,0.5113,0.6631,0.5434,0.7186,0.5901,0.6252,0.7157,0.5551,0.7361,0.9113,0.593,0.6514,0.7478,0.8909,0.4908,0.9289,0.7683,0.5346,0.558,0.5113,0.5434,0.5726,0.5551,0.8091,0.5405,1.095,1.7732,0.5901,0.9756,0.7332,0.6368,0.7858,0.8675,0.8179,0.8296
10/4/2022,21.0406,0.3571,0.4014,0.3662,0.7013,0.773,0.421,0.6374,0.5461,0.64,0.5135,0.6035,0.4353,0.3897,0.4483,0.331,0.3662,0.404,0.494,0.3714,0.3636,0.314,0.4666,0.3936,0.331,0.2958,0.4536,0.5227,0.2971,0.421,0.4405,0.3362,0.3166,0.2801,0.2814,0.3623,0.3988,0.3792,0.4562,0.575,0.8733,0.4053,0.4627,0.4131,0.4418,0.3936,0.331,0.4079,0.4262
10/3/2022,21.9011,0.4363,0.4072,0.3905,0.6004,0.6824,0.4641,0.6101,0.4266,0.5503,0.6435,0.599,0.5434,0.3446,0.4224,0.4586,0.3363,0.3919,0.3376,0.3766,0.4836,0.3766,0.3516,0.4419,0.542,0.3321,0.3933,0.3182,0.3627,0.5114,0.4224,0.2584,0.3585,0.3529,0.2946,0.2876,0.4016,0.4711,0.403,0.8071,1.275,0.51,0.4683,0.4947,0.3418,0.3988,0.435,0.4002,0.3849
10/2/2022,22.5711,0.5018,0.4581,0.4027,0.63,0.7218,0.4522,0.7072,0.563,0.6519,0.6169,0.5674,0.4362,0.4115,0.3867,0.5032,0.4887,0.3707,0.41,0.5207,0.4013,0.4187,0.4552,0.5528,0.3867,0.3605,0.4115,0.4217,0.343,0.5032,0.4173,0.3299,0.3197,0.292,0.3517,0.2876,0.3605,0.4756,0.4639,0.6128,0.9387,0.528,0.4697,0.4741,0.3911,0.5062,0.4275,0.3823,0.4872
10/1/2022,55.5657,1.0942,0.8992,0.942,1.9599,2.4688,1.0657,1.5128,1.7411,1.099,1.7078,1.9218,0.9991,0.7612,1.0752,1.2084,1.2036,0.9896,0.766,1.156,0.8611,0.9134,0.7945,1.489,1.0228,0.6043,1.118,1.665,0.6899,1.313,1.1513,0.942,0.8183,0.8469,0.5567,0.8611,0.7945,0.9848,0.9563,1.7501,2.9069,1.4224,0.8801,0.8944,0.766,0.8469,1.4176,0.8564,0.8706
9/30/2022,29.7433,0.6885,0.4667,0.6037,0.7016,0.8364,1.0473,0.9799,0.7733,0.4928,0.8472,0.8385,0.7407,0.5385,0.4667,0.6298,0.4689,0.6537,0.5254,0.5972,0.4885,0.6559,0.6776,0.5602,0.6255,0.358,0.4493,0.8037,0.4493,0.7385,0.5624,0.3341,0.3776,0.4559,0.4472,0.4841,0.4993,0.6233,0.6211,0.8459,1.3421,0.5733,0.7668,0.6124,0.4037,0.4732,0.6233,0.4493,0.545
9/29/2022,25.4392,0.4178,0.5329,0.5503,0.73,1.0648,0.6079,0.866,0.4945,0.5817,0.5503,0.5067,0.505,0.423,0.4021,0.5713,0.4213,0.3934,0.3742,0.5451,0.5033,0.3672,0.573,0.3725,0.4841,0.505,0.4893,0.6218,0.4038,0.6532,0.4038,0.4213,0.3393,0.4004,0.3759,0.3463,0.3916,0.5102,0.3812,1.0225,1.6477,0.5137,0.3916,0.5573,0.348,0.5904,0.3602,0.4021,0.5242
9/28/2022,23.4312,0.5262,0.3966,0.5679,0.5663,0.878,0.6744,0.8379,0.6095,0.5278,0.6142,0.483,0.5478,0.4167,0.4444,0.5077,0.3565,0.375,0.5185,0.4136,0.4614,0.4383,0.3704,0.6003,0.3488,0.4799,0.4074,0.3565,0.3287,0.6805,0.4413,0.2685,0.3225,0.3626,0.3457,0.3889,0.4336,0.4614,0.4552,0.6301,0.9686,0.5648,0.5679,0.4429,0.4089,0.395,0.3518,0.4074,0.4799
9/27/2022,18.6489,0.4595,0.3466,0.3126,0.5192,0.5799,0.4137,0.3711,0.5852,0.4893,0.4553,0.5713,0.4244,0.2977,0.3147,0.4105,0.304,0.4244,0.3381,0.3828,0.4212,0.3424,0.3839,0.4467,0.3903,0.2795,0.353,0.3914,0.2753,0.3285,0.3168,0.2785,0.2614,0.3285,0.254,0.2593,0.3019,0.3797,0.3647,0.5032,0.7491,0.3605,0.369,0.3019,0.3711,0.4265,0.4542,0.4041,0.352
9/26/2022,57.096,1.4382,1.4039,1.3744,1.7917,1.6248,1.7132,1.5168,1.5413,1.5512,1.4923,1.0013,0.8295,1.0455,1.1093,1.0553,0.8589,1.3155,1.286,1.2762,1.1633,1.1486,1.291,0.8933,1.2615,0.7656,0.7607,0.9375,0.8098,1.2173,0.8786,0.6036,0.8442,0.5202,0.5889,0.8,0.9866,1.399,0.9031,2.1463,3.5925,1.0308,1.1584,0.9915,1.0209,1.0897,1.1339,0.746,1.1879
9/25/2022,43.1324,0.9009,0.6726,0.785,1.6036,1.1434,1.3085,1.1469,1.2628,0.8974,1.0415,1.1715,0.641,0.778,0.6761,0.6691,0.7253,0.9572,0.8728,0.9853,0.922,0.7323,0.8658,0.792,0.9747,0.7709,0.6937,0.532,0.6234,1.189,0.8974,0.4512,0.4512,0.4723,0.5847,0.6585,0.7428,0.9536,0.6269,1.7196,2.8542,0.8236,0.7709,0.8236,0.8166,0.7218,0.785,0.9045,0.7393
9/24/2022,44.0892,0.957,0.8596,1.0508,0.9787,1.0148,1.1916,0.8993,1.3287,0.8993,0.8343,1.0545,0.9534,0.791,0.6755,0.9137,1.04,0.9354,0.7513,0.7549,0.8668,0.7333,0.9281,0.9065,0.6936,0.5673,0.8884,1.1627,0.625,0.8993,0.7982,0.4121,0.69,0.4951,0.5673,0.5456,0.7477,1.0545,0.5997,1.9417,3.2384,0.9281,0.8596,0.625,0.6214,1.0111,1.0869,0.9354,0.7766
9/23/2022,42.6543,0.7142,1.0781,0.7246,0.9568,1.8128,1.2028,1.5875,1.1959,1.137,0.8632,1.3311,0.7454,0.631,0.6449,0.6588,0.6588,0.6102,1.0365,0.787,0.9568,0.7246,0.9048,1.0573,0.6102,0.8355,0.5513,1.1335,0.5444,0.8459,0.6622,0.6692,0.6934,0.4716,0.5305,0.6206,0.6588,0.7523,0.936,1.4371,2.3652,0.8043,0.7211,0.8563,1.0053,0.8355,0.7003,0.8008,0.5929
9/22/2022,25.0568,0.414,0.5692,0.5436,0.7534,0.6426,0.7875,0.646,0.7824,0.4754,0.547,0.6443,0.4856,0.4072,0.4925,0.3867,0.5743,0.5419,0.385,0.4242,0.4566,0.3748,0.3782,0.6272,0.5078,0.4174,0.5436,0.4276,0.3696,0.4242,0.4839,0.414,0.3475,0.4208,0.4003,0.3048,0.4089,0.3867,0.3714,1.0337,1.6671,0.3748,0.4566,0.559,0.4942,0.576,0.4703,0.4993,0.3577
9/21/2022,20.1793,0.3749,0.3847,0.4383,0.6222,0.6246,0.4614,0.4237,0.6697,0.3749,0.5113,0.4066,0.476,0.4139,0.3079,0.3932,0.3859,0.4005,0.4066,0.4505,0.3798,0.3725,0.3213,0.3469,0.3043,0.3104,0.3554,0.3128,0.3262,0.4772,0.3335,0.2738,0.2653,0.2617,0.325,0.3591,0.3749,0.3762,0.3932,0.9539,1.5291,0.4115,0.3908,0.297,0.2824,0.3238,0.3189,0.3335,0.3421
9/20/2022,17.5013,0.3253,0.389,0.3263,0.4603,0.5382,0.4498,0.3244,0.4261,0.447,0.3358,0.5277,0.2702,0.2921,0.3367,0.2864,0.2873,0.3358,0.3767,0.3795,0.3405,0.3624,0.3862,0.3662,0.3187,0.3177,0.3643,0.332,0.2959,0.4736,0.2949,0.3073,0.3158,0.2674,0.293,0.3092,0.3253,0.4004,0.3215,0.555,0.8387,0.3272,0.2864,0.293,0.3405,0.3196,0.351,0.3938,0.2892
9/19/2022,26.6831,0.4581,0.5852,0.4413,0.6188,1.0504,0.8019,0.8635,0.6599,0.6842,0.6132,0.7795,0.4301,0.5366,0.3797,0.4264,0.4133,0.5179,0.559,0.6113,0.5254,0.5515,0.5889,0.6562,0.5721,0.4525,0.4021,0.4095,0.3797,0.5048,0.5478,0.3255,0.4656,0.4114,0.4488,0.3236,0.445,0.4376,0.4731,0.9453,1.5142,0.3927,0.6038,0.5403,0.4002,0.4824,0.4002,0.4637,0.5889
9/18/2022,59.6777,1.5258,1.2467,1.3191,1.6343,2.4612,1.8255,2.0684,1.2209,1.5413,1.6963,1.4121,1.5258,1.009,1.0865,0.8695,1.2674,1.3449,0.9212,1.1744,1.2622,0.7816,0.7248,0.947,1.5155,0.6524,0.8695,0.7041,0.7816,1.1537,1.1072,0.6938,0.5801,0.8281,0.5594,1.0038,0.8592,0.7403,1.2777,2.1614,3.6188,1.531,1.2881,1.4173,1.0865,1.1744,0.8953,1.1744,1.1382
9/17/2022,22.8577,0.553,0.5708,0.4074,0.599,0.7298,0.5426,0.7164,0.4965,0.3866,0.397,0.5782,0.3836,0.4653,0.4802,0.5114,0.5262,0.501,0.5188,0.4504,0.5188,0.4267,0.3598,0.4252,0.3554,0.3093,0.4519,0.44,0.3271,0.388,0.3762,0.3955,0.3479,0.3821,0.2796,0.3331,0.3687,0.3672,0.5158,0.9137,1.4595,0.3747,0.4965,0.3227,0.3316,0.4282,0.492,0.5232,0.3331
9/16/2022,26.9698,0.5081,0.6447,0.5499,0.9444,1.0469,0.5461,0.6352,0.548,0.8154,0.62,0.694,0.3867,0.4721,0.3829,0.3886,0.4911,0.5005,0.4683,0.5537,0.4948,0.5024,0.4455,0.3924,0.3886,0.4683,0.3981,0.4531,0.3905,0.4683,0.4228,0.4228,0.4076,0.3507,0.4512,0.455,0.4835,0.4664,0.4531,1.2449,2.0326,0.4626,0.5328,0.5347,0.3772,0.5081,0.6257,0.6219,0.5176
9/15/2022,17.6931,0.4061,0.4003,0.2772,0.4924,0.473,0.4943,0.5408,0.5602,0.4924,0.3082,0.502,0.4003,0.2946,0.3053,0.3159,0.2946,0.3857,0.3731,0.3731,0.3227,0.2966,0.3654,0.4167,0.2936,0.3615,0.282,0.3877,0.2762,0.3547,0.3702,0.3024,0.2772,0.3043,0.313,0.3024,0.313,0.3198,0.3373,0.4169,0.5998,0.3547,0.3877,0.3314,0.3615,0.4051,0.3218,0.3557,0.2723
9/14/2022,17.3104,0.3752,0.3454,0.2849,0.4199,0.5679,0.4758,0.3901,0.3817,0.3817,0.3501,0.418,0.2942,0.3445,0.3575,0.2924,0.283,0.3436,0.3119,0.3752,0.3622,0.3287,0.3519,0.3631,0.2756,0.2914,0.3138,0.4153,0.2979,0.3836,0.3166,0.2654,0.2421,0.2868,0.2346,0.2812,0.3194,0.3855,0.2793,0.6099,0.9338,0.3166,0.4348,0.337,0.3305,0.4004,0.4004,0.2793,0.2803
9/13/2022,16.4498,0.2774,0.2875,0.2596,0.4556,0.5444,0.394,0.3602,0.3923,0.4396,0.3238,0.454,0.2731,0.285,0.3272,0.3289,0.345,0.3112,0.3551,0.3686,0.3348,0.345,0.2934,0.3323,0.3602,0.3162,0.3475,0.3069,0.2621,0.4041,0.2959,0.2283,0.2731,0.2452,0.2985,0.2571,0.3103,0.3661,0.3323,0.5061,0.7541,0.3906,0.2495,0.3551,0.3179,0.3036,0.3171,0.2892,0.2748
9/12/2022,48.0101,1.2109,0.8949,0.7028,1.2469,1.623,1.2629,1.479,1.0549,1.2109,1.1109,1.503,1.1749,0.9189,0.8188,0.8989,0.8508,0.9269,0.6868,0.7588,0.7268,1.0149,0.6348,1.1989,0.8108,0.9269,0.7788,1.0309,0.5788,1.387,0.7228,0.4627,0.6948,0.6028,0.6708,0.5108,0.8068,0.6068,0.8949,2.0407,3.4099,0.9429,0.8188,0.8108,0.7548,0.9509,1.0949,0.8828,0.9069
9/11/2022,42.8458,0.7765,1.0796,0.5988,1.2051,1.7312,1.0064,0.8009,1.5988,1.3375,0.8496,1.0796,0.8078,0.8183,0.5639,0.8496,0.9855,0.6022,0.9368,0.8218,0.7347,0.6789,0.9716,0.9263,1.0936,0.5918,0.6127,1.1737,0.5569,0.7521,0.7695,0.6057,0.4907,0.6231,0.4524,0.4629,0.6197,0.9925,0.766,1.832,3.0487,0.5535,0.5186,0.9054,0.4942,0.6615,0.9368,0.6859,0.8845
9/10/2022,39.7854,0.6085,1.0376,0.9263,1.2029,1.1107,1.3205,1.0948,1.4508,1.2823,1.0789,0.6339,0.6085,0.7483,0.7452,0.8087,0.8087,0.9232,0.5799,0.8787,0.6562,0.7197,0.6466,0.5386,0.5195,0.6498,0.529,0.8119,0.5354,0.9963,0.6148,0.618,0.564,0.5703,0.4019,0.5322,0.6276,0.7833,0.6879,1.5647,2.5861,0.5862,0.9549,0.5513,0.5099,0.885,0.7134,0.7801,0.8024
9/9/2022,41.9853,0.6119,0.8566,0.6527,1.2984,1.4003,1.1284,0.9109,1.4989,0.5711,0.7274,1.4513,0.8668,0.6696,0.7342,0.7342,0.7648,0.6527,0.8396,0.7444,0.9925,0.8939,0.5847,0.5949,0.4997,0.8532,0.6391,1.2168,0.5983,1.244,0.8532,0.5575,0.5813,0.5643,0.4929,0.5031,0.741,0.7274,0.5711,1.8892,3.1477,0.5643,0.8736,0.6934,0.8634,0.9755,0.69,0.8464,0.6187
9/8/2022,25.3441,0.5396,0.6245,0.3921,0.7512,0.5847,0.5205,0.628,0.7685,0.4667,0.4476,0.5309,0.4372,0.4077,0.3609,0.3835,0.4685,0.4303,0.5638,0.5899,0.5916,0.4806,0.3783,0.6037,0.6107,0.4112,0.3453,0.6211,0.4025,0.4182,0.4528,0.3072,0.3366,0.4008,0.3731,0.3731,0.4268,0.4372,0.5725,1.3189,2.1607,0.3921,0.38,0.413,0.3731,0.4164,0.5708,0.524,0.3557
9/7/2022,17.0233,0.3327,0.3237,0.3625,0.4726,0.6124,0.4247,0.3589,0.3895,0.2777,0.4184,0.3119,0.3372,0.3246,0.2668,0.3507,0.3381,0.2903,0.2993,0.3128,0.3526,0.3318,0.2668,0.4112,0.2686,0.33,0.2975,0.4103,0.2867,0.3516,0.3219,0.2371,0.2461,0.2352,0.3011,0.2759,0.3065,0.284,0.2695,0.7225,1.1286,0.3679,0.274,0.3444,0.2533,0.3868,0.3336,0.2795,0.3435
9/6/2022,16.1629,0.3658,0.3405,0.3087,0.4181,0.4915,0.4711,0.4679,0.5103,0.3879,0.3242,0.4197,0.3169,0.2671,0.3291,0.2907,0.3438,0.3593,0.3128,0.3022,0.343,0.3136,0.3234,0.3438,0.3071,0.2728,0.2703,0.3928,0.2605,0.4197,0.2834,0.2352,0.2271,0.2524,0.2426,0.2458,0.2932,0.3422,0.3307,0.3966,0.5645,0.3267,0.3218,0.3046,0.2573,0.3063,0.3503,0.2916,0.316
9/5/2022,26.4913,0.555,0.4958,0.6438,0.8767,0.8841,0.727,0.4773,0.5439,0.4625,0.7325,0.6659,0.3941,0.3923,0.3978,0.4995,0.5439,0.4034,0.4071,0.5698,0.481,0.4329,0.6179,0.481,0.531,0.3627,0.3701,0.3682,0.4089,0.6622,0.4958,0.444,0.4292,0.444,0.3479,0.4366,0.4292,0.6105,0.542,1.1662,1.8965,0.4329,0.6752,0.383,0.42,0.4274,0.5568,0.4792,0.4866
9/4/2022,45.1411,1.0209,0.8575,0.7943,1.3403,1.9717,1.2809,0.9095,0.8798,1.4517,0.9503,0.8463,0.8798,0.8501,0.5789,0.7498,0.6272,0.9318,0.6904,0.6941,1.0766,1.0023,1.0618,1.0952,0.9021,0.5789,0.9838,1.3366,0.6829,1.0098,0.7721,0.4118,0.4749,0.4341,0.4564,0.6718,0.8278,1.0952,0.5789,1.6602,2.7513,1.0618,1.084,0.6606,0.7498,1.0469,0.6421,0.8166,0.9095
9/3/2022,50.401,1.2309,1.2013,1.0189,1.7482,1.3921,1.2267,1.744,1.4302,0.7815,1.197,1.2097,0.6967,0.6331,0.7264,1.0104,0.79,0.9129,1.0444,0.9044,1.0444,0.7136,0.8154,1.1334,1.0698,0.7306,0.7052,0.9553,0.6924,0.8239,0.9935,0.7348,0.7688,0.65,0.7815,0.6034,0.9172,0.7009,0.8917,2.6683,4.4959,0.7094,0.6288,0.7306,0.9172,0.8408,0.7815,0.8917,1.1122
9/2/2022,18.3625,0.3988,0.404,0.3625,0.5687,0.6423,0.406,0.4433,0.3615,0.3221,0.4962,0.4371,0.3926,0.3439,0.291,0.348,0.3636,0.3169,0.3718,0.4029,0.3335,0.3076,0.3501,0.3325,0.3418,0.3325,0.3045,0.4029,0.2734,0.3418,0.3864,0.3294,0.3128,0.3221,0.2547,0.2703,0.3066,0.29,0.2848,0.6733,1.0434,0.4485,0.4319,0.3667,0.32,0.3615,0.3314,0.3615,0.2734
9/1/2022,15.4936,0.2926,0.3203,0.2888,0.4319,0.324,0.39,0.4709,0.4627,0.2573,0.3458,0.405,0.2873,0.2611,0.3255,0.3368,0.3038,0.3435,0.3458,0.318,0.2903,0.2813,0.2416,0.2573,0.2941,0.2776,0.2963,0.2941,0.2588,0.3607,0.2708,0.2446,0.2319,0.2453,0.2851,0.2738,0.2746,0.2933,0.2596,0.5275,0.7912,0.2978,0.3158,0.3165,0.2956,0.3083,0.363,0.2581,0.2776
8/31/2022,26.6827,0.6449,0.6674,0.4282,0.9215,0.8785,0.6001,0.5254,0.9513,0.6449,0.772,0.6225,0.4843,0.5403,0.3927,0.5665,0.3909,0.4394,0.5459,0.5814,0.5758,0.3834,0.3853,0.6506,0.6393,0.4189,0.4338,0.6879,0.3535,0.7402,0.4301,0.3385,0.3684,0.3479,0.4077,0.3965,0.4488,0.4039,0.6151,0.7558,1.1862,0.5198,0.6636,0.3834,0.4002,0.5515,0.6281,0.4357,0.5347
8/30/2022,56.4263,0.7672,1.3386,1.1981,1.9052,1.8471,1.4451,1.0577,1.3337,1.1255,0.7962,1.8374,1.3725,1.0335,0.9657,0.8349,0.772,0.864,1.1594,1.0287,1.295,1.1303,1.1013,1.4064,1.4742,1.1207,0.8446,0.9124,0.7575,1.0238,1.0626,0.5153,0.864,0.5444,0.5589,0.7623,0.9851,0.9996,1.1352,2.7755,4.6814,0.8204,0.7042,0.9657,1.1158,1.2563,0.7526,1.1642,1.0141
8/29/2022,22.8575,0.3851,0.5515,0.3479,0.4995,0.8709,0.4475,0.4608,0.7847,0.553,0.6094,0.5024,0.3984,0.3509,0.4103,0.3583,0.4504,0.4475,0.4579,0.5039,0.3866,0.4579,0.5099,0.4787,0.4475,0.391,0.4014,0.5351,0.3658,0.4029,0.3747,0.3672,0.293,0.3866,0.3405,0.4014,0.3717,0.4668,0.4519,0.973,1.5622,0.4564,0.4296,0.3613,0.3732,0.3732,0.3821,0.3658,0.3598
8/28/2022,54.2268,1.1929,1.2946,1.0727,1.7661,2.3486,1.5951,2.0065,1.5119,0.7029,1.4102,1.5257,1.1975,0.7353,0.8786,0.7769,1.1929,1.2437,0.9202,0.8231,0.8832,1.0357,1.0403,0.9017,0.726,0.9017,0.9155,1.0727,0.7168,1.082,1.1189,0.6474,0.7029,0.7121,0.6705,0.5688,0.971,0.8786,0.6613,2.3353,3.9197,0.8185,0.9941,0.7769,0.9248,1.0034,1.142,0.7491,1.1605
8/27/2022,24.0053,0.61,0.4051,0.3731,0.7541,0.5844,0.57,0.8357,0.7685,0.7268,0.5652,0.4019,0.4788,0.4388,0.514,0.4227,0.3587,0.3635,0.5188,0.4788,0.4356,0.4468,0.3523,0.3635,0.5812,0.4836,0.5204,0.4804,0.3859,0.6388,0.4916,0.3859,0.4035,0.2867,0.4035,0.3139,0.442,0.5652,0.3587,0.7253,1.1334,0.514,0.4692,0.4836,0.3971,0.4324,0.4884,0.5268,0.3267
8/26/2022,8.225,0.1713,0.1724,0.1695,0.1756,0.1717,0.1722,0.1705,0.1743,0.1698,0.1729,0.1702,0.1699,0.1712,0.171,0.1697,0.1708,0.1714,0.1697,0.1704,0.1699,0.1701,0.1709,0.1707,0.1692,0.1694,0.1697,0.17,0.1689,0.1732,0.1702,0.169,0.169,0.1691,0.1702,0.1699,0.1706,0.1705,0.1721,0.1783,0.1868,0.1717,0.1732,0.1711,0.1722,0.1713,0.1699,0.172,0.1714
8/25/2022,9.4681,0.1938,0.1988,0.1863,0.2065,0.2062,0.2089,0.2129,0.2085,0.217,0.1877,0.2148,0.2044,0.1877,0.1929,0.196,0.202,0.1985,0.2018,0.1927,0.1877,0.1891,0.194,0.1984,0.2006,0.1887,0.1965,0.204,0.1868,0.1916,0.1924,0.1816,0.1882,0.1856,0.1865,0.1812,0.1853,0.2032,0.1891,0.2209,0.2605,0.1957,0.1912,0.1991,0.1874,0.1863,0.1969,0.1981,0.1841
8/24/2022,8.4161,0.1719,0.1756,0.1749,0.1787,0.1871,0.1745,0.1797,0.1775,0.1793,0.1723,0.1736,0.1773,0.1731,0.175,0.1728,0.1724,0.1728,0.1732,0.1729,0.1725,0.1715,0.1768,0.1727,0.171,0.1748,0.1738,0.1794,0.1721,0.179,0.1739,0.1705,0.1728,0.1721,0.1711,0.1714,0.172,0.1772,0.1711,0.1883,0.2042,0.1732,0.1783,0.1766,0.1708,0.1725,0.1755,0.1718,0.1746
8/23/2022,9.5637,0.2036,0.1923,0.209,0.2148,0.2153,0.2319,0.2011,0.2086,0.1879,0.192,0.2166,0.1978,0.1898,0.1859,0.1862,0.2031,0.202,0.194,0.1911,0.1934,0.2012,0.1859,0.1857,0.1964,0.199,0.1948,0.1893,0.1867,0.197,0.1897,0.189,0.1881,0.1904,0.1821,0.187,0.1947,0.2051,0.1965,0.2412,0.2956,0.1853,0.2072,0.1906,0.1947,0.192,0.1981,0.1948,0.1892
8/22/2022,9.4682,0.2022,0.2003,0.2022,0.2141,0.2211,0.1941,0.2183,0.2072,0.2147,0.2015,0.2148,0.1918,0.1849,0.1844,0.1913,0.1838,0.1963,0.201,0.1971,0.1987,0.1978,0.1988,0.1954,0.1905,0.194,0.1849,0.1907,0.1849,0.2022,0.1946,0.1831,0.1846,0.1882,0.1781,0.1888,0.19,0.1925,0.1974,0.2146,0.2497,0.199,0.2031,0.1902,0.1859,0.1919,0.2013,0.1877,0.1885
8/21/2022,9.4684,0.1984,0.1953,0.204,0.2109,0.2273,0.196,0.1921,0.2035,0.2025,0.19,0.2238,0.2001,0.188,0.1927,0.1946,0.1968,0.1882,0.1988,0.1969,0.1988,0.1855,0.2015,0.1969,0.1847,0.1827,0.191,0.204,0.1855,0.2136,0.1882,0.1796,0.1797,0.1884,0.1793,0.1833,0.1912,0.1885,0.1856,0.2324,0.2805,0.1941,0.2087,0.1822,0.1884,0.1991,0.188,0.1968,0.1903
8/20/2022,9.4682,0.2026,0.1951,0.2029,0.204,0.206,0.2238,0.1985,0.2208,0.1965,0.204,0.2095,0.1981,0.189,0.1869,0.1978,0.1943,0.1912,0.1965,0.2012,0.1976,0.185,0.1885,0.1897,0.204,0.1836,0.1944,0.1865,0.1844,0.1982,0.1922,0.1833,0.1868,0.1856,0.1881,0.1903,0.1862,0.1905,0.1905,0.2233,0.2647,0.1863,0.2006,0.1929,0.1946,0.1949,0.1984,0.1937,0.1947
8/19/2022,8.7986,0.1773,0.1861,0.1772,0.1919,0.1873,0.1907,0.1887,0.1815,0.1779,0.1853,0.1772,0.1756,0.18,0.1789,0.1809,0.1814,0.1814,0.1768,0.1845,0.1783,0.1779,0.1859,0.1801,0.1862,0.177,0.1775,0.1852,0.177,0.1922,0.1829,0.1747,0.1768,0.1774,0.176,0.1736,0.1795,0.1868,0.1792,0.2175,0.2546,0.1795,0.1846,0.1818,0.1765,0.1839,0.1763,0.1818,0.1773
8/18/2022,10.6159,0.2122,0.237,0.2242,0.2585,0.241,0.2347,0.2776,0.2355,0.2595,0.2158,0.2436,0.2383,0.2195,0.2151,0.1975,0.2203,0.2151,0.2043,0.2143,0.2164,0.2119,0.2124,0.2318,0.2077,0.2153,0.2114,0.2127,0.196,0.2028,0.2127,0.2054,0.1931,0.1983,0.202,0.1918,0.2135,0.2001,0.2198,0.2678,0.3417,0.2001,0.1947,0.2033,0.197,0.2297,0.2143,0.2258,0.2224
8/17/2022,12.5288,0.2387,0.2346,0.2663,0.2726,0.3392,0.3338,0.2482,0.2491,0.3184,0.2464,0.2636,0.2758,0.2568,0.2409,0.2264,0.269,0.2328,0.259,0.2414,0.2437,0.2278,0.2577,0.2554,0.2124,0.2437,0.216,0.2812,0.2192,0.3184,0.2355,0.226,0.2228,0.212,0.2237,0.2106,0.2378,0.2396,0.2713,0.4115,0.5903,0.2378,0.245,0.2391,0.2101,0.2645,0.2749,0.2559,0.2319
8/16/2022,11.7635,0.251,0.2679,0.2242,0.2807,0.3481,0.2626,0.2623,0.2416,0.2758,0.2344,0.2175,0.225,0.2434,0.2273,0.2273,0.2194,0.2374,0.2303,0.2574,0.2269,0.2103,0.2517,0.2468,0.2167,0.2126,0.2322,0.2574,0.2167,0.2664,0.2434,0.2032,0.2024,0.2088,0.2242,0.2178,0.2227,0.2122,0.2476,0.3746,0.5266,0.248,0.2096,0.2084,0.2517,0.2175,0.2186,0.2427,0.2122
8/15/2022,10.5202,0.2236,0.2123,0.2007,0.2549,0.2914,0.2302,0.2438,0.2161,0.2468,0.2246,0.2428,0.2019,0.1969,0.2133,0.2047,0.2133,0.2009,0.214,0.2035,0.2052,0.2014,0.211,0.2317,0.206,0.203,0.2201,0.2093,0.1919,0.2035,0.2067,0.1856,0.1853,0.1992,0.2002,0.2019,0.2103,0.2067,0.2251,0.297,0.3922,0.1994,0.1906,0.2261,0.2206,0.2186,0.2214,0.2168,0.1977
8/14/2022,11.0938,0.2304,0.2326,0.2443,0.2632,0.2567,0.2904,0.2957,0.2344,0.2685,0.2558,0.2774,0.2363,0.2193,0.2183,0.219,0.2415,0.2087,0.21,0.2292,0.2171,0.2202,0.2251,0.222,0.1985,0.2304,0.2307,0.2029,0.1988,0.2072,0.2087,0.1883,0.1964,0.1979,0.2007,0.2041,0.2106,0.219,0.2053,0.305,0.4061,0.2087,0.2363,0.2369,0.1988,0.2112,0.2425,0.2128,0.2199
8/13/2022,9.4681,0.1968,0.1972,0.2051,0.2273,0.2207,0.2244,0.1956,0.1974,0.1979,0.1941,0.2188,0.1947,0.19,0.186,0.1863,0.1929,0.1875,0.2,0.1932,0.1984,0.188,0.1819,0.1844,0.1981,0.1906,0.1951,0.2145,0.1824,0.212,0.1965,0.1769,0.1812,0.1812,0.1853,0.1796,0.1872,0.1962,0.2022,0.2216,0.2618,0.1927,0.2063,0.1846,0.1815,0.1968,0.2044,0.1887,0.1921
8/12/2022,13.6764,0.3211,0.3177,0.2705,0.3812,0.4193,0.3812,0.4136,0.371,0.2541,0.2495,0.3335,0.2802,0.2507,0.2745,0.2456,0.2734,0.2785,0.2342,0.2864,0.2643,0.2745,0.2217,0.3216,0.316,0.2195,0.2842,0.2535,0.2263,0.3489,0.2728,0.2569,0.2393,0.2433,0.2541,0.2552,0.2558,0.2717,0.2393,0.2513,0.3131,0.2978,0.2774,0.2666,0.3046,0.2592,0.2972,0.3029,0.2512
8/11/2022,11.3811,0.2113,0.2421,0.2505,0.2874,0.3114,0.2928,0.2529,0.3022,0.2055,0.263,0.2918,0.2133,0.2103,0.2312,0.2204,0.2346,0.2282,0.2123,0.2468,0.2279,0.2404,0.2076,0.2093,0.2458,0.2292,0.214,0.2099,0.2032,0.2674,0.2377,0.2079,0.2052,0.2001,0.2103,0.2103,0.2194,0.2035,0.2093,0.2805,0.3636,0.2326,0.2569,0.213,0.2272,0.2498,0.2225,0.2451,0.2235
8/10/2022,10.8067,0.2388,0.2197,0.1984,0.2531,0.3067,0.2613,0.2582,0.222,0.2658,0.227,0.2559,0.2346,0.2009,0.2194,0.2074,0.2222,0.2239,0.2062,0.2273,0.222,0.2203,0.222,0.2107,0.2425,0.2034,0.2203,0.2531,0.197,0.2107,0.2239,0.1886,0.1956,0.1916,0.202,0.211,0.2091,0.2124,0.1992,0.2674,0.341,0.206,0.2242,0.2208,0.2149,0.2071,0.2006,0.2197,0.2208
8/9/2022,12.9112,0.2713,0.2516,0.2786,0.2939,0.3503,0.314,0.2865,0.3253,0.3371,0.3204,0.2993,0.2968,0.2438,0.2713,0.2531,0.2826,0.2502,0.2344,0.2639,0.2448,0.2541,0.285,0.2673,0.2816,0.2585,0.2192,0.2934,0.2222,0.3012,0.2339,0.2261,0.2448,0.2143,0.2227,0.2187,0.2477,0.2467,0.2433,0.305,0.406,0.289,0.2836,0.2472,0.2128,0.2462,0.286,0.2511,0.2344
8/8/2022,27.0651,0.6204,0.5537,0.5022,0.8931,0.6681,0.7806,0.6719,0.7634,0.4793,0.5098,0.5346,0.6833,0.405,0.5156,0.4793,0.5079,0.5041,0.4393,0.4546,0.5804,0.4107,0.5289,0.5937,0.5956,0.5251,0.3955,0.6338,0.4164,0.7901,0.466,0.4107,0.4507,0.4546,0.3554,0.3935,0.5022,0.5689,0.5384,1.0143,1.6336,0.5556,0.384,0.4126,0.527,0.4202,0.5823,0.5289,0.4298
8/7/2022,55.5653,1.1893,1.3653,1.0038,2.1073,1.2797,1.6269,2.036,2.0027,1.3748,1.6031,1.3273,1.1037,1.0133,1.0609,0.7707,1.118,1.1037,0.9182,1.1275,0.8754,0.9658,1.1798,1.3986,1.2512,0.785,0.8706,1.1085,0.6566,1.6222,1.0752,0.8136,0.8754,0.6851,0.5662,0.8516,0.9515,1.0371,1.0086,1.2554,2.0508,0.9372,0.9087,1.2274,0.9467,1.2797,1.3225,0.8373,1.0894
8/6/2022,30.2214,0.6933,0.7022,0.6711,0.9755,1.18,0.6133,0.8289,0.9489,0.6155,0.4689,0.8355,0.5089,0.5244,0.5511,0.56,0.5867,0.54,0.6378,0.5155,0.7133,0.6222,0.6533,0.6289,0.4911,0.42,0.5911,0.7355,0.4111,0.6844,0.4911,0.4289,0.3622,0.4022,0.4178,0.4467,0.4622,0.5667,0.42,1.0138,1.6328,0.7133,0.5044,0.7155,0.3955,0.6355,0.5244,0.5578,0.6222
8/5/2022,15.3018,0.3609,0.2798,0.3251,0.458,0.4383,0.3952,0.3273,0.4595,0.4193,0.4047,0.3134,0.2813,0.2747,0.3185,0.2842,0.2959,0.2689,0.2974,0.2842,0.2952,0.2631,0.2448,0.2594,0.3485,0.3149,0.3149,0.2988,0.2477,0.3675,0.2872,0.2536,0.2879,0.2251,0.2667,0.2747,0.2835,0.3244,0.2755,0.4212,0.6072,0.2506,0.2667,0.2842,0.3076,0.2996,0.3295,0.3383,0.2769
8/4/2022,14.537,0.3366,0.3373,0.3399,0.3183,0.4125,0.3072,0.3373,0.3249,0.3523,0.3262,0.319,0.3026,0.2615,0.2686,0.251,0.2994,0.2863,0.3,0.2582,0.3033,0.2869,0.2582,0.3301,0.3353,0.2811,0.2536,0.3131,0.2523,0.3144,0.2726,0.2242,0.2412,0.268,0.2608,0.2353,0.2523,0.2778,0.2601,0.4166,0.5992,0.2582,0.3196,0.2503,0.302,0.3222,0.3144,0.3,0.2948
8/3/2022,15.3021,0.2616,0.3492,0.358,0.4106,0.3259,0.3536,0.4507,0.4266,0.3405,0.285,0.3938,0.2762,0.2579,0.3061,0.2777,0.3266,0.3375,0.312,0.339,0.3266,0.2652,0.2784,0.3551,0.3609,0.2798,0.2667,0.2711,0.2499,0.3069,0.2784,0.2784,0.2652,0.2689,0.2477,0.2499,0.2945,0.2572,0.282,0.4648,0.6827,0.3514,0.2441,0.3368,0.3266,0.274,0.3448,0.255,0.2506
8/2/2022,15.9718,0.2719,0.3779,0.2727,0.3452,0.3389,0.3149,0.3221,0.3644,0.4218,0.2831,0.405,0.3819,0.3086,0.2838,0.2982,0.3412,0.2807,0.3556,0.3588,0.299,0.3373,0.2639,0.3293,0.3612,0.3189,0.3014,0.3492,0.2488,0.2831,0.2759,0.2456,0.2703,0.2615,0.2703,0.2823,0.2783,0.2966,0.2966,0.6425,0.9902,0.287,0.3827,0.2719,0.2878,0.3078,0.2846,0.3436,0.2775
8/1/2022,20.6578,0.3692,0.4502,0.4413,0.5704,0.4527,0.6084,0.6046,0.6337,0.4958,0.3856,0.3464,0.33,0.3565,0.3553,0.3768,0.3211,0.3426,0.4654,0.4173,0.3616,0.4401,0.4122,0.4679,0.5021,0.4021,0.3958,0.4844,0.3325,0.3363,0.335,0.33,0.3148,0.3654,0.3464,0.3312,0.3515,0.4401,0.4679,0.7095,1.1061,0.3894,0.3084,0.3072,0.4211,0.3578,0.4641,0.4578,0.3958
7/31/2022,45.2371,0.7513,0.8444,1.1497,1.6152,1.9466,1.4402,1.6636,1.1423,1.1088,1.1646,1.1534,0.9449,0.7215,0.7625,0.6098,0.7997,0.6954,0.6805,1.0231,1.0417,0.688,0.5465,1.105,0.6396,0.9375,0.822,0.9002,0.6396,0.7364,0.796,0.5949,0.6061,0.5577,0.6843,0.6917,0.6731,0.647,0.9561,1.649,2.732,0.8407,1.0678,0.8295,0.7587,0.6992,0.8369,0.6507,0.6917
7/30/2022,44.8542,0.9627,0.7526,0.9443,1.3202,1.7588,1.1765,1.4013,1.3276,1.0733,0.9295,1.1691,1.2023,0.8964,0.7342,0.7342,0.9553,0.7011,0.8337,1.0217,0.8927,0.62,0.9001,0.6384,0.6716,0.69,0.8743,0.749,0.5868,1.018,0.7379,0.6789,0.7268,0.631,0.4947,0.6826,0.7379,0.76,0.9185,1.6878,2.799,0.9037,0.6789,0.9222,0.7784,0.6421,0.8264,1.018,0.6937
7/29/2022,21.9964,0.5306,0.406,0.5334,0.6132,0.6524,0.448,0.7251,0.4256,0.6719,0.5376,0.6216,0.3234,0.3682,0.3444,0.3962,0.3346,0.4214,0.4312,0.497,0.483,0.4648,0.504,0.5152,0.322,0.4536,0.399,0.3402,0.3486,0.4144,0.4648,0.3136,0.329,0.3724,0.329,0.3612,0.3738,0.448,0.3304,0.6013,0.9189,0.5306,0.5138,0.364,0.4956,0.3948,0.4802,0.4368,0.4116
7/28/2022,14.5369,0.3144,0.3268,0.2431,0.3562,0.353,0.3915,0.2843,0.4255,0.3471,0.3922,0.3281,0.3105,0.2915,0.2634,0.2615,0.3092,0.2516,0.2869,0.2634,0.3092,0.2549,0.2471,0.2765,0.2314,0.2412,0.2693,0.334,0.2379,0.3484,0.2922,0.2425,0.234,0.2196,0.2464,0.2484,0.2837,0.3242,0.2739,0.4645,0.6821,0.3157,0.3451,0.2497,0.2726,0.2686,0.2896,0.2647,0.2693
7/27/2022,16.1628,0.3446,0.3177,0.3258,0.4809,0.4515,0.4058,0.3789,0.3234,0.3242,0.4075,0.3862,0.3716,0.3324,0.3079,0.2646,0.2956,0.3324,0.294,0.3528,0.3128,0.3495,0.3511,0.3495,0.312,0.2597,0.3422,0.3487,0.2573,0.3169,0.334,0.2556,0.2556,0.2712,0.2679,0.2924,0.2777,0.3569,0.2581,0.5236,0.7844,0.3209,0.2499,0.2924,0.3324,0.2777,0.3462,0.285,0.2834
7/26/2022,15.6847,0.2842,0.3411,0.3165,0.4625,0.4917,0.3542,0.5002,0.3081,0.3857,0.3803,0.4587,0.2812,0.3111,0.3073,0.262,0.2704,0.3496,0.3388,0.3096,0.3188,0.2927,0.3019,0.3342,0.2689,0.2658,0.2781,0.2812,0.2766,0.2896,0.2881,0.2789,0.255,0.2735,0.2604,0.2566,0.2927,0.3511,0.2981,0.4883,0.7233,0.3119,0.242,0.2658,0.2896,0.3457,0.2873,0.3088,0.2466
7/25/2022,22.2834,0.5323,0.4681,0.4566,0.7037,0.8708,0.648,0.7823,0.7594,0.3695,0.6395,0.7266,0.4023,0.4552,0.3395,0.4123,0.4595,0.3352,0.3581,0.5109,0.4523,0.3724,0.3481,0.4609,0.3738,0.4238,0.3995,0.6095,0.3666,0.6266,0.3923,0.3424,0.3895,0.2909,0.3266,0.3352,0.4195,0.3609,0.4709,0.4491,0.6555,0.5066,0.3252,0.3781,0.3338,0.4352,0.3666,0.4952,0.3466
7/24/2022,21.614,0.5288,0.3913,0.3736,0.5029,0.7834,0.6159,0.6854,0.4321,0.3818,0.571,0.6173,0.3396,0.4267,0.3899,0.4852,0.3641,0.4403,0.4961,0.4049,0.4321,0.3518,0.4308,0.3573,0.3205,0.2878,0.4403,0.556,0.3219,0.5057,0.3709,0.3355,0.2688,0.3423,0.3777,0.3246,0.3804,0.4063,0.3273,0.8083,1.2771,0.4226,0.3913,0.311,0.3682,0.3613,0.4253,0.458,0.4226
7/23/2022,50.4969,1.3396,1.2461,0.7999,1.4841,1.7858,0.9571,1.2163,1.1313,1.5138,1.6243,0.9274,1.3651,0.6596,0.7064,1.0633,1.0931,1.0633,1.0336,1.0548,0.8934,0.8381,0.9359,1.1483,0.7149,0.9911,1.0421,1.5096,0.6426,0.8424,0.9274,0.6469,0.6384,0.4896,0.6894,0.8169,0.7149,0.9954,0.7701,1.5238,2.5153,1.1143,0.8849,1.1781,0.9529,0.8721,1.0803,1.0251,1.0378
7/22/2022,46.3843,1.0764,0.7194,1.0111,1.5101,1.7327,0.8806,1.6675,1.775,0.9152,1.0111,1.5523,1.0034,0.6273,0.8038,0.8422,0.6541,0.9382,0.6925,1.0265,1.0495,0.9574,0.6657,1.18,0.8998,0.6388,0.7578,0.8269,0.681,0.8883,0.9267,0.6849,0.4891,0.6849,0.7501,0.539,0.7348,0.7194,0.6618,1.6019,2.6505,1.2069,0.7923,0.8038,0.9152,0.7002,0.9075,1.0572,0.5735
7/21/2022,22.5699,0.5644,0.5091,0.5338,0.4945,0.5615,0.5659,0.579,0.5746,0.5688,0.5032,0.7276,0.3503,0.4027,0.4318,0.3736,0.512,0.4799,0.4683,0.4522,0.5003,0.4872,0.4289,0.5542,0.394,0.4624,0.4726,0.3794,0.3473,0.6154,0.3692,0.3167,0.3852,0.3415,0.3211,0.3138,0.3823,0.3328,0.3255,0.6432,0.9913,0.4522,0.5834,0.4654,0.3197,0.3794,0.5484,0.4391,0.3648
7/20/2022,18.2666,0.4069,0.3361,0.3504,0.3925,0.525,0.4203,0.3638,0.5127,0.4285,0.4511,0.3371,0.4059,0.3001,0.3628,0.4018,0.3104,0.3792,0.3463,0.3166,0.3884,0.295,0.3104,0.412,0.3381,0.373,0.2868,0.4459,0.2806,0.3874,0.3556,0.2478,0.2539,0.2591,0.2745,0.2652,0.3042,0.4233,0.3802,0.7122,1.1108,0.3237,0.3966,0.3412,0.3607,0.3699,0.3853,0.3515,0.2858
7/19/2022,13.2935,0.2948,0.3011,0.254,0.2942,0.3424,0.2757,0.3943,0.3779,0.3377,0.3329,0.254,0.2858,0.2736,0.2492,0.2376,0.2874,0.2651,0.2889,0.2884,0.2932,0.2805,0.2577,0.3096,0.2402,0.2572,0.2429,0.3085,0.2355,0.3297,0.245,0.2455,0.2503,0.217,0.2228,0.2138,0.2482,0.2297,0.2789,0.3231,0.4374,0.2371,0.2344,0.2376,0.2927,0.2582,0.2318,0.2508,0.2492
7/18/2022,15.7803,0.3363,0.3666,0.2554,0.3923,0.4289,0.4234,0.3005,0.3417,0.3316,0.2958,0.3713,0.2717,0.3005,0.2725,0.2826,0.3145,0.2717,0.3192,0.3137,0.323,0.2873,0.3479,0.3293,0.3168,0.3075,0.3238,0.2445,0.2577,0.3347,0.2764,0.2468,0.2818,0.232,0.2803,0.2484,0.2701,0.2561,0.3285,0.6371,0.9808,0.3417,0.3417,0.3223,0.2429,0.2709,0.3262,0.3308,0.3028
7/17/2022,33.5688,0.8059,0.5374,0.8366,0.8954,0.857,1.0028,1.036,1.2457,0.9286,1.0283,0.7624,0.6499,0.5911,0.6243,0.6704,0.7138,0.5988,0.5886,0.6116,0.7931,0.6806,0.6601,0.7829,0.7241,0.5707,0.5707,0.4735,0.5093,0.6627,0.5195,0.5809,0.5579,0.4786,0.5476,0.54,0.5246,0.6499,0.5655,0.7725,1.2151,0.7266,0.6959,0.563,0.4658,0.7292,0.811,0.54,0.6729
7/16/2022,16.0673,0.2651,0.3659,0.3369,0.374,0.3377,0.4522,0.4555,0.4789,0.2635,0.3385,0.3821,0.3369,0.2877,0.2901,0.2917,0.3401,0.2804,0.3078,0.2844,0.3199,0.3199,0.324,0.2957,0.2748,0.2699,0.3256,0.4151,0.2732,0.2748,0.3345,0.249,0.2909,0.2748,0.2538,0.2869,0.2885,0.3683,0.3248,0.4919,0.7296,0.3788,0.3288,0.3571,0.282,0.3627,0.2853,0.3546,0.2627
7/15/2022,8.7985,0.1768,0.1789,0.1777,0.1862,0.1912,0.1999,0.2009,0.1986,0.1933,0.1931,0.19,0.1856,0.1793,0.1777,0.1782,0.1806,0.1814,0.181,0.1815,0.18,0.1845,0.1778,0.1782,0.1851,0.178,0.1817,0.1771,0.1751,0.1842,0.1835,0.1742,0.1788,0.1762,0.1756,0.177,0.1768,0.179,0.1754,0.2028,0.2291,0.1757,0.1784,0.1791,0.1781,0.1794,0.183,0.1814,0.1814
7/14/2022,31.943,0.5952,0.5689,0.5929,1.0406,1.1795,0.7844,0.7916,0.6647,0.9759,0.8131,0.8155,0.6096,0.5761,0.6383,0.4612,0.5905,0.6551,0.5162,0.6479,0.6383,0.5234,0.466,0.691,0.6886,0.5019,0.4779,0.4588,0.4061,0.7054,0.4875,0.5138,0.3558,0.4995,0.5091,0.5067,0.5521,0.691,0.4516,1.2925,2.1151,0.6072,0.6671,0.6695,0.6144,0.5737,0.4612,0.6503,0.6503
7/13/2022,19.893,0.3998,0.3831,0.3213,0.5556,0.4759,0.508,0.3902,0.5639,0.3605,0.5032,0.5686,0.4711,0.376,0.3022,0.3902,0.3165,0.3712,0.3344,0.4188,0.3926,0.4093,0.3332,0.4759,0.4224,0.2963,0.3891,0.3843,0.3225,0.4854,0.3534,0.3379,0.3189,0.3094,0.2571,0.3308,0.3546,0.3665,0.3736,0.7603,1.194,0.489,0.4271,0.3046,0.4497,0.3998,0.3118,0.3403,0.2927
7/12/2022,16.2582,0.3789,0.3905,0.3252,0.4631,0.4879,0.5003,0.3756,0.3888,0.3459,0.445,0.4392,0.345,0.2666,0.3211,0.3434,0.3046,0.3095,0.2732,0.2823,0.364,0.3442,0.2905,0.298,0.3161,0.3228,0.279,0.3541,0.2534,0.3599,0.3285,0.2236,0.2674,0.2641,0.2608,0.2476,0.2749,0.3302,0.3657,0.4773,0.7042,0.2658,0.279,0.2872,0.2699,0.3285,0.3698,0.2757,0.2699
7/11/2022,19.0318,0.3785,0.3619,0.3807,0.5451,0.6388,0.5285,0.3873,0.4568,0.5373,0.3763,0.5782,0.3884,0.3752,0.3233,0.3454,0.299,0.4281,0.3134,0.3862,0.4226,0.3983,0.4358,0.3035,0.3619,0.3101,0.3785,0.534,0.3233,0.4932,0.3586,0.2637,0.3266,0.2593,0.2549,0.331,0.3531,0.4303,0.3167,0.5186,0.7757,0.3002,0.4237,0.2759,0.2715,0.4138,0.3465,0.4105,0.4116
7/10/2022,38.1594,0.5889,0.8664,0.7246,0.9719,1.0383,1.3972,1.2192,0.8453,0.8814,0.9991,1.0292,0.5195,0.5919,0.7789,0.5829,0.6281,0.5738,0.7578,0.6824,0.8181,0.7397,0.5618,0.5829,0.4652,0.7216,0.7638,1.1257,0.5829,0.6854,0.6764,0.5165,0.6522,0.4291,0.6251,0.414,0.6673,0.5195,0.8211,1.4413,2.3725,0.7608,0.984,0.6884,0.8241,0.9176,0.6733,0.6824,0.7699
7/9/2022,49.2536,0.802,1.1774,1.2723,1.2599,1.1279,1.165,1.4084,1.6394,0.6452,0.7937,1.1898,0.703,0.967,0.7318,0.7731,0.9917,1.132,1.132,1.132,1.033,0.6906,0.7071,1.1815,1.2764,0.7731,0.8308,0.6576,0.6122,1.033,0.9876,0.802,0.4843,0.6328,0.637,0.5462,0.7071,1.1815,1.0784,2.0536,3.4322,0.8515,0.8308,0.9216,1.165,0.8267,1.2145,0.9464,1.1155
7/8/2022,19.319,0.35,0.3172,0.4644,0.5221,0.5142,0.5096,0.5594,0.5017,0.4677,0.5447,0.367,0.4044,0.3636,0.2991,0.4236,0.358,0.4304,0.3614,0.3704,0.3455,0.3647,0.4406,0.3444,0.2878,0.2844,0.2878,0.4983,0.3048,0.3455,0.3534,0.2991,0.3331,0.2685,0.3059,0.3115,0.3195,0.4066,0.4168,0.6347,0.9766,0.3127,0.3478,0.4451,0.4134,0.3647,0.4293,0.4123,0.3353
7/7/2022,15.4935,0.3015,0.3188,0.2836,0.4477,0.4035,0.3435,0.2985,0.405,0.2746,0.3443,0.3278,0.2888,0.3098,0.321,0.2776,0.339,0.2761,0.3038,0.3465,0.3068,0.3008,0.2903,0.2821,0.2588,0.315,0.2596,0.2843,0.2573,0.4132,0.3165,0.2401,0.2836,0.2476,0.2453,0.2873,0.2888,0.339,0.3225,0.51,0.7608,0.2783,0.3555,0.3398,0.2933,0.2881,0.3165,0.2656,0.3353
7/6/2022,14.1542,0.2774,0.2602,0.2725,0.4208,0.3833,0.2793,0.4264,0.4005,0.3624,0.3008,0.3501,0.2707,0.2805,0.2811,0.3002,0.3021,0.2805,0.3205,0.3101,0.2916,0.2768,0.2633,0.2578,0.2922,0.2725,0.299,0.3544,0.2294,0.2676,0.2707,0.2214,0.2128,0.2467,0.2578,0.2405,0.2491,0.2854,0.2731,0.3416,0.4693,0.2454,0.3058,0.259,0.3021,0.3119,0.243,0.2448,0.2898
7/5/2022,15.4933,0.3383,0.2873,0.3188,0.3907,0.4327,0.4612,0.4267,0.4829,0.4027,0.3615,0.2671,0.2506,0.2768,0.3263,0.318,0.2686,0.2633,0.2888,0.3428,0.327,0.2813,0.2731,0.336,0.3038,0.2551,0.2783,0.3607,0.2513,0.3712,0.3083,0.2618,0.2296,0.2476,0.2259,0.2761,0.2858,0.2971,0.2768,0.5231,0.7836,0.2716,0.2521,0.2783,0.3105,0.2985,0.2603,0.2731,0.2903
7/4/2022,29.1695,0.5329,0.4906,0.4546,0.6747,1.1235,1.0156,0.7107,0.9012,0.9245,0.7594,0.4588,0.7531,0.571,0.5075,0.4609,0.6112,0.4927,0.5456,0.4673,0.6282,0.463,0.4927,0.5138,0.5562,0.5604,0.5985,0.8229,0.4482,0.6959,0.5033,0.3657,0.4842,0.5033,0.3403,0.4884,0.4948,0.6409,0.6303,0.8257,1.3071,0.5668,0.6747,0.5752,0.6197,0.4588,0.5879,0.4186,0.4482
7/3/2022,30.6999,0.6343,0.7659,0.6888,0.8658,1.2653,0.6207,0.5957,0.9203,0.9067,0.6706,0.9589,0.4572,0.5026,0.4391,0.4618,0.5503,0.657,0.5775,0.6207,0.5775,0.4254,0.5548,0.6366,0.6343,0.5026,0.5208,0.7796,0.4118,0.8227,0.489,0.4958,0.3642,0.4708,0.4504,0.405,0.4708,0.6252,0.4618,1.0429,1.683,0.4232,0.7773,0.6593,0.514,0.7183,0.7024,0.4958,0.4254
7/2/2022,11.0941,0.2369,0.2313,0.2227,0.2688,0.2849,0.2567,0.2647,0.2802,0.2737,0.2289,0.231,0.2301,0.2307,0.2208,0.2149,0.2066,0.2041,0.206,0.2357,0.235,0.2227,0.2304,0.2422,0.2282,0.2236,0.2134,0.2177,0.2078,0.2149,0.2134,0.2121,0.2038,0.1927,0.2091,0.2038,0.2171,0.2035,0.219,0.2861,0.3733,0.2304,0.2434,0.2106,0.2057,0.2375,0.2248,0.2205,0.2227
7/1/2022,17.5972,0.2962,0.3317,0.3077,0.4863,0.4709,0.4776,0.5621,0.5525,0.2962,0.4747,0.4709,0.3999,0.2722,0.3509,0.278,0.2818,0.3586,0.2934,0.3836,0.3097,0.3519,0.3135,0.398,0.2646,0.3596,0.3596,0.279,0.2991,0.4575,0.3461,0.3087,0.2674,0.279,0.2914,0.2626,0.3039,0.2924,0.3125,0.6369,0.9805,0.3653,0.3413,0.2943,0.3596,0.3596,0.2751,0.3145,0.2684
6/30/2022,15.3019,0.3543,0.2733,0.3646,0.4675,0.3806,0.4368,0.4777,0.4427,0.3434,0.3295,0.3499,0.3047,0.2835,0.2638,0.2952,0.2631,0.2945,0.3171,0.3419,0.2908,0.3207,0.2674,0.3587,0.2769,0.2506,0.3142,0.2499,0.2623,0.3353,0.2667,0.2601,0.2192,0.2375,0.2426,0.2594,0.2901,0.2981,0.3047,0.4429,0.6447,0.2616,0.2441,0.2762,0.2667,0.3295,0.3207,0.3361,0.2901
6/29/2022,13.7719,0.2567,0.2885,0.2665,0.3173,0.3716,0.3918,0.2988,0.4045,0.3664,0.3127,0.2694,0.3138,0.2636,0.2446,0.2544,0.2619,0.2971,0.2711,0.2896,0.2861,0.2885,0.2273,0.2798,0.2538,0.2671,0.2833,0.3312,0.2284,0.2457,0.2631,0.2382,0.2498,0.2128,0.2377,0.2313,0.255,0.255,0.2983,0.381,0.5376,0.2405,0.3294,0.2879,0.2325,0.2925,0.2792,0.274,0.2446
6/28/2022,21.9964,0.5166,0.3724,0.3374,0.7335,0.8049,0.5516,0.6552,0.4634,0.5124,0.4116,0.6272,0.483,0.3206,0.3444,0.3682,0.3472,0.371,0.4326,0.448,0.5026,0.448,0.4522,0.3388,0.4256,0.4032,0.4172,0.3878,0.343,0.5754,0.4494,0.3136,0.3612,0.3262,0.3444,0.3528,0.378,0.497,0.329,0.6834,1.0608,0.4312,0.5586,0.5012,0.3766,0.4088,0.4116,0.329,0.4886
6/27/2022,22.1882,0.5398,0.4334,0.4845,0.6959,0.8576,0.7058,0.7697,0.7186,0.5668,0.642,0.5767,0.4646,0.344,0.4249,0.4462,0.3993,0.4291,0.4433,0.4703,0.3923,0.3837,0.4377,0.3625,0.5313,0.3312,0.3582,0.3398,0.3185,0.6051,0.388,0.3114,0.3667,0.2944,0.3497,0.3965,0.4022,0.4107,0.3752,0.4239,0.6118,0.3667,0.5739,0.4348,0.4504,0.3525,0.3781,0.4178,0.4107
6/26/2022,39.2116,0.6473,0.6817,0.6848,1,1.3683,1.078,1.412,0.8346,1.2559,1.1935,1.1592,0.7878,0.7566,0.5381,0.7254,0.9126,0.6255,0.8003,0.8564,0.6754,0.6286,0.9282,0.9875,0.4913,0.4819,0.6255,0.7722,0.535,0.897,0.613,0.3883,0.4413,0.5693,0.6629,0.6192,0.6598,0.8346,0.5381,1.4274,2.3485,0.947,0.5256,0.5693,0.7129,0.6255,0.7909,0.7503,0.8471
6/25/2022,45.5236,1.1836,0.7933,0.9246,1.0147,1.9453,1.6001,0.9096,1.6751,0.6432,0.9134,1.5213,0.7258,0.8796,0.8946,0.9209,0.8233,0.722,0.8871,0.8533,0.9734,0.7783,1.026,0.6132,0.7483,0.7933,0.5494,0.7858,0.5944,0.7783,0.692,0.4181,0.4631,0.632,0.722,0.5494,0.8271,0.6545,0.7033,2.2293,3.7363,0.6057,0.737,1.0335,0.647,0.7033,1.0034,0.6995,0.9959
6/24/2022,48.3922,0.6918,0.8735,1.1724,1.4673,1.2209,1.3663,0.8857,1.4188,1.6248,1.2775,1.0795,1.2128,0.72,0.712,0.6554,1.023,0.8695,1.1401,1.1361,0.926,0.7604,0.9624,1.0997,0.716,0.8412,0.926,1.3784,0.5706,1.54,0.7766,0.716,0.7887,0.6958,0.6958,0.6393,0.8453,0.6877,0.8372,1.9093,3.1823,0.7402,0.8735,0.8614,0.5868,0.8372,0.9422,0.9059,0.6029
6/23/2022,18.8408,0.4193,0.4529,0.4399,0.5331,0.6816,0.5222,0.5829,0.6111,0.5049,0.4247,0.571,0.2968,0.3726,0.2848,0.403,0.4106,0.4127,0.364,0.3932,0.3206,0.3401,0.3423,0.3098,0.4138,0.2859,0.3987,0.3759,0.2859,0.4333,0.3217,0.3054,0.2968,0.3293,0.2859,0.2751,0.3488,0.3705,0.2892,0.3445,0.4745,0.3607,0.481,0.2718,0.3358,0.3651,0.4355,0.3846,0.377
6/22/2022,15.7801,0.3721,0.3479,0.3542,0.3783,0.4654,0.4646,0.3184,0.425,0.2818,0.3783,0.4117,0.2888,0.323,0.3005,0.3355,0.3448,0.2717,0.3176,0.2779,0.3207,0.3223,0.2927,0.3511,0.3635,0.2406,0.2958,0.3394,0.2624,0.2834,0.2841,0.2414,0.2312,0.2717,0.2359,0.2452,0.2997,0.2686,0.2577,0.5134,0.7668,0.3199,0.2771,0.3581,0.2888,0.3378,0.3332,0.2694,0.2507
6/21/2022,16.7366,0.2776,0.3213,0.3711,0.4952,0.3711,0.4279,0.4148,0.4602,0.3781,0.3353,0.4541,0.3536,0.2689,0.3108,0.3292,0.3108,0.3327,0.3659,0.3571,0.3536,0.296,0.3021,0.296,0.3807,0.3204,0.3309,0.3082,0.282,0.3563,0.3405,0.3047,0.2916,0.2846,0.3047,0.2409,0.2951,0.3257,0.351,0.4543,0.6644,0.3571,0.2767,0.2759,0.3414,0.3641,0.3825,0.3755,0.344
6/20/2022,27.8304,0.6644,0.5831,0.6287,0.8667,0.8845,0.7675,1.0015,0.8052,0.4165,0.5038,0.8885,0.595,0.5236,0.5474,0.6248,0.5712,0.5434,0.4582,0.5851,0.5791,0.597,0.3789,0.6148,0.6862,0.4066,0.4264,0.7636,0.3908,0.835,0.5355,0.3233,0.4443,0.3372,0.4621,0.4165,0.4483,0.4939,0.6287,0.3787,0.5337,0.708,0.6188,0.6307,0.5296,0.5752,0.599,0.4364,0.593
6/19/2022,19.3189,0.3602,0.4428,0.3014,0.547,0.6002,0.4496,0.4383,0.4983,0.5209,0.3614,0.401,0.4112,0.3614,0.3772,0.3455,0.4134,0.3704,0.3863,0.4315,0.3942,0.4225,0.2765,0.4644,0.3568,0.2674,0.3851,0.3885,0.2934,0.5334,0.3319,0.2697,0.2629,0.324,0.3115,0.3251,0.3591,0.3614,0.3795,0.6044,0.9242,0.4632,0.3183,0.3761,0.3127,0.3715,0.4553,0.4145,0.3534
6/18/2022,50.8793,1.0243,1.0028,1.05,1.453,2.2292,1.6503,1.6374,1.7446,1.0457,1.1658,1.4102,0.8141,0.9256,0.6941,1.1186,1.08,0.8999,1.0586,0.9256,0.9556,1.0628,1.11,1.3115,1.2944,0.8356,0.7841,0.7584,0.6126,0.8828,0.9728,0.4968,0.6255,0.6126,0.5226,0.5783,0.8013,0.7927,0.8785,1.4449,2.3788,1.2429,0.6426,1.0843,1.1872,1.0243,1.0371,0.9256,1.0929
6/17/2022,46.7669,1.194,0.9459,0.8373,1.3529,2.0817,1.6514,1.1009,1.7871,1.2134,1.3917,1.5817,0.6086,0.8606,0.8257,0.7482,0.8257,1.0079,0.7172,1.0971,0.8645,0.8412,0.659,1.1048,1.1048,0.5815,0.6823,1.035,0.5698,1.2948,0.8606,0.5853,0.6629,0.5117,0.4574,0.659,0.7094,1.0118,0.7482,1.1037,1.7883,0.9149,1.1746,0.8024,0.7404,0.8141,1.132,0.8567,0.6668
6/16/2022,19.6057,0.4023,0.4359,0.3698,0.6077,0.6692,0.5543,0.5868,0.4649,0.3721,0.3268,0.4394,0.3825,0.3059,0.3512,0.3396,0.415,0.3651,0.4162,0.328,0.3663,0.3245,0.3106,0.3025,0.3918,0.3512,0.4081,0.3048,0.3059,0.3872,0.3651,0.2792,0.2514,0.2827,0.3349,0.3291,0.3384,0.3384,0.3315,0.8675,1.3796,0.3315,0.3454,0.3152,0.4348,0.4348,0.3466,0.321,0.393
6/15/2022,18.458,0.2984,0.4051,0.425,0.5871,0.5996,0.4616,0.4689,0.4041,0.3194,0.4762,0.3256,0.357,0.2963,0.2911,0.3403,0.289,0.3465,0.3915,0.3173,0.4062,0.3079,0.4082,0.4271,0.3884,0.3591,0.3361,0.3622,0.3162,0.47,0.3591,0.2346,0.3016,0.2712,0.2482,0.3079,0.3152,0.2869,0.3978,0.7741,1.2179,0.3183,0.2963,0.3936,0.3267,0.3131,0.3371,0.289,0.288
6/14/2022,19.51,0.4774,0.4763,0.4072,0.4556,0.6041,0.5684,0.6317,0.543,0.3059,0.4003,0.4038,0.36,0.3002,0.3071,0.3543,0.4314,0.421,0.3577,0.3439,0.3669,0.4015,0.3923,0.4832,0.4337,0.36,0.4015,0.2841,0.299,0.4993,0.3577,0.3474,0.2634,0.3059,0.3255,0.3474,0.3474,0.4498,0.3186,0.6236,0.9574,0.3336,0.276,0.3462,0.4233,0.3416,0.3232,0.4441,0.3071
6/13/2022,15.3019,0.3682,0.3083,0.3667,0.3565,0.3587,0.3332,0.2872,0.3828,0.255,0.3448,0.3886,0.3237,0.2981,0.2813,0.3353,0.3441,0.2945,0.3018,0.3368,0.2674,0.2981,0.3295,0.3156,0.3317,0.285,0.2966,0.3273,0.2543,0.2798,0.2777,0.2499,0.266,0.2309,0.2477,0.2353,0.266,0.3368,0.3215,0.4603,0.6748,0.3631,0.2937,0.2426,0.3317,0.293,0.366,0.3134,0.2806
6/12/2022,43.8021,1.1476,0.7825,0.7001,1.477,1.6417,0.9651,1.2658,1.6453,1.3947,0.7932,1.3016,0.7574,0.7144,0.7109,0.8684,0.6285,1.0188,0.9006,0.8254,0.9901,0.8397,0.6393,0.9078,0.6321,0.6822,0.6643,1.3052,0.6106,0.8899,0.6786,0.4244,0.6357,0.4889,0.6464,0.718,0.718,0.6142,0.6142,1.6994,2.8192,0.94,0.6035,0.7288,0.7538,0.8791,0.8648,0.6965,0.5784
6/11/2022,56.1392,0.9128,1.1246,1.2979,1.7119,1.4664,1.1728,1.9719,1.0572,1.4953,1.0958,1.0958,1.192,0.8117,0.7299,1.1295,0.7829,0.9369,0.9513,0.9465,1.1487,0.9032,1.1632,0.908,0.8214,0.6481,0.8743,0.6529,0.8165,1.5964,1.1054,0.8165,0.9032,0.6818,0.8502,0.8888,0.908,1.2787,1.0909,2.8957,4.8896,1.4616,0.8936,0.9176,0.9802,1.1198,1.1391,1.0139,0.8888
6/10/2022,19.9887,0.4568,0.3789,0.476,0.5191,0.6786,0.615,0.3741,0.4424,0.488,0.4388,0.627,0.4184,0.3861,0.3549,0.3501,0.3537,0.3753,0.3801,0.4184,0.458,0.3561,0.3741,0.3225,0.4664,0.3381,0.3657,0.3896,0.3369,0.3357,0.392,0.3201,0.2782,0.2842,0.3273,0.283,0.3393,0.3968,0.3968,0.5987,0.9143,0.3609,0.4448,0.3549,0.4508,0.3765,0.4652,0.4208,0.3093
6/9/2022,18.267,0.3658,0.4162,0.3391,0.4921,0.4049,0.3895,0.4942,0.3751,0.3925,0.2981,0.3823,0.412,0.3658,0.3525,0.3761,0.3176,0.3638,0.3997,0.3474,0.3114,0.3022,0.3792,0.447,0.3114,0.372,0.3125,0.4254,0.2971,0.4049,0.3699,0.2734,0.2714,0.294,0.2868,0.2509,0.3001,0.332,0.296,0.6791,1.0536,0.4069,0.4521,0.3443,0.3597,0.3638,0.3987,0.3083,0.3782
6/8/2022,16.9279,0.3283,0.3033,0.2988,0.4595,0.605,0.3729,0.5166,0.4416,0.4497,0.2997,0.3729,0.3658,0.3229,0.2783,0.3622,0.347,0.3408,0.3283,0.3202,0.3693,0.305,0.3068,0.3149,0.3327,0.3488,0.3577,0.3872,0.2747,0.4149,0.3336,0.2488,0.3077,0.2577,0.2408,0.2506,0.2872,0.33,0.2747,0.4593,0.6731,0.3818,0.4095,0.3149,0.2845,0.3863,0.2934,0.3149,0.3533
6/7/2022,30.6043,0.4854,0.6414,0.7838,0.8357,0.7453,0.6933,0.9284,0.6866,0.9284,0.8538,0.5984,0.5057,0.612,0.5351,0.5193,0.5102,0.6481,0.6301,0.5442,0.6594,0.4741,0.4809,0.7838,0.7137,0.6052,0.5577,0.5419,0.404,0.942,0.5826,0.395,0.4379,0.4402,0.4153,0.5261,0.4583,0.6933,0.4108,1.0566,1.7067,0.4605,0.5894,0.456,0.5577,0.7182,0.6459,0.6617,0.5442
6/6/2022,18.8407,0.4637,0.4258,0.4442,0.4442,0.4843,0.4897,0.3976,0.4095,0.4615,0.3119,0.3488,0.2935,0.39,0.3282,0.3314,0.3043,0.4062,0.3239,0.3954,0.3412,0.339,0.4182,0.3249,0.3087,0.3629,0.3141,0.4399,0.3033,0.3846,0.3911,0.2512,0.3466,0.2902,0.2805,0.2697,0.3379,0.4312,0.3813,0.7558,1.1863,0.3325,0.4594,0.3249,0.3932,0.364,0.3607,0.3434,0.3499
6/5/2022,9.0855,0.1882,0.1954,0.1928,0.2079,0.2213,0.1886,0.2071,0.1919,0.1983,0.1849,0.182,0.1787,0.1877,0.1841,0.1813,0.1827,0.1849,0.1837,0.1868,0.1887,0.1822,0.184,0.1811,0.1873,0.1792,0.1884,0.1824,0.1805,0.2018,0.1838,0.1811,0.1747,0.1781,0.1808,0.1788,0.1812,0.1851,0.1798,0.2308,0.2777,0.1851,0.1916,0.1826,0.1856,0.1864,0.1792,0.1814,0.1778
6/4/2022,11.0936,0.218,0.2251,0.2301,0.2852,0.3254,0.278,0.2864,0.2725,0.2326,0.235,0.2477,0.2279,0.2273,0.2273,0.2298,0.2094,0.2057,0.2381,0.2146,0.2319,0.222,0.2341,0.2248,0.2078,0.2146,0.2156,0.2641,0.2007,0.2508,0.2149,0.2162,0.1998,0.2063,0.2038,0.1923,0.2183,0.2019,0.223,0.2666,0.3396,0.2137,0.2239,0.2069,0.1954,0.2298,0.2459,0.2053,0.2075
6/3/2022,18.554,0.4157,0.3999,0.401,0.5044,0.5762,0.4295,0.5403,0.5118,0.4791,0.4706,0.5012,0.3904,0.3704,0.3777,0.4094,0.345,0.3978,0.3545,0.3936,0.3503,0.2901,0.3429,0.3661,0.3661,0.3661,0.3946,0.4854,0.2944,0.3366,0.3366,0.3018,0.2838,0.2754,0.325,0.2701,0.3239,0.3208,0.3862,0.4446,0.6476,0.3651,0.3176,0.3619,0.3545,0.3767,0.3672,0.3334,0.3007
6/2/2022,16.6409,0.2963,0.3775,0.3775,0.4268,0.406,0.5158,0.4803,0.3732,0.4622,0.33,0.4527,0.3473,0.3447,0.33,0.2833,0.2989,0.3689,0.2971,0.2954,0.3049,0.3429,0.3455,0.3974,0.2755,0.2816,0.2755,0.3645,0.2825,0.3015,0.3075,0.2522,0.2842,0.2738,0.2401,0.2816,0.2842,0.3326,0.285,0.561,0.849,0.3524,0.3265,0.2643,0.368,0.2989,0.2704,0.2755,0.298
6/1/2022,19.6056,0.3117,0.422,0.3988,0.4475,0.5195,0.6402,0.6425,0.4777,0.3512,0.5172,0.5555,0.386,0.3628,0.3326,0.3071,0.3744,0.4092,0.458,0.3976,0.3791,0.3094,0.4475,0.4104,0.2816,0.3106,0.3976,0.3907,0.2885,0.4765,0.3477,0.3338,0.2816,0.2711,0.3129,0.2595,0.3477,0.3918,0.3268,0.6542,1.0103,0.4556,0.4916,0.3245,0.3048,0.415,0.3454,0.3152,0.4127
5/31/2022,13.1978,0.2618,0.294,0.2478,0.2992,0.28,0.2711,0.3091,0.3829,0.2301,0.2322,0.2956,0.3023,0.2441,0.24,0.2836,0.2608,0.2394,0.2342,0.28,0.2524,0.2665,0.2779,0.2899,0.253,0.2587,0.2441,0.2212,0.2233,0.2342,0.2685,0.2509,0.2342,0.2394,0.2067,0.2192,0.2441,0.2353,0.2623,0.5546,0.8381,0.267,0.2212,0.2186,0.2186,0.2342,0.241,0.2665,0.268
5/30/2022,32.517,0.7502,0.7698,0.4388,0.8262,0.8262,1.0149,0.5982,0.7306,1.037,0.7771,0.7649,0.4829,0.6031,0.6496,0.4511,0.4952,0.4658,0.7526,0.5859,0.5565,0.5565,0.6374,0.4976,0.7526,0.6129,0.554,0.4731,0.5001,0.7306,0.6496,0.5589,0.532,0.3653,0.4118,0.456,0.5761,0.7649,0.6398,1.2208,1.9909,0.6374,0.7109,0.6864,0.5344,0.6644,0.8384,0.7355,0.6521
5/29/2022,27.4479,0.6879,0.4798,0.4214,0.6995,0.6179,0.7034,0.5926,0.894,0.5206,0.5031,0.7345,0.6159,0.5498,0.4642,0.5654,0.6159,0.4798,0.5245,0.4739,0.4448,0.4098,0.6101,0.5673,0.5128,0.5556,0.365,0.5712,0.3962,0.4992,0.4467,0.3748,0.3514,0.3553,0.3145,0.3281,0.4487,0.4876,0.5634,1.2899,2.1104,0.542,0.6743,0.612,0.472,0.4778,0.4759,0.5867,0.4603
5/28/2022,19.3189,0.4689,0.4564,0.4168,0.4915,0.5934,0.5436,0.6285,0.4938,0.4021,0.453,0.4621,0.35,0.3353,0.3319,0.4157,0.3478,0.3161,0.4247,0.4168,0.3546,0.384,0.3455,0.4655,0.4553,0.3025,0.3093,0.3863,0.2934,0.3625,0.3387,0.238,0.2651,0.3274,0.2572,0.3319,0.3466,0.3512,0.3489,0.604,0.9235,0.2934,0.453,0.3795,0.2731,0.4112,0.4304,0.3489,0.3896
5/27/2022,54.9917,1.13,1.0548,0.8199,1.2757,2.38,1.6422,1.567,1.4025,1.7738,1.0642,1.4542,1.3978,0.989,1.0172,1.2099,1.0877,0.9467,0.8292,0.8292,1.0266,1.0736,0.9937,1.1253,1.3368,0.8903,0.9843,0.7729,0.7353,1.7362,0.8574,0.5567,0.7917,0.6319,0.7259,0.6507,0.9514,1.1253,1.2475,1.7792,2.9573,1.3556,0.7306,0.693,0.9561,0.9467,0.9937,1.2898,1.2052
5/26/2022,51.6446,1.3189,0.9348,1.3843,1.1661,1.4804,1.2098,1.2098,1.6331,1.2098,1.5109,1.8863,0.8126,0.7035,0.6598,0.9217,1.1268,0.7253,0.7079,0.9872,1.1879,0.8039,0.7602,0.8257,0.7951,0.9872,0.9086,1.0657,0.6337,1.0396,1.0352,0.6686,0.7471,0.7079,0.6948,0.6075,0.9348,0.9523,0.7297,2.5163,4.2328,1.3276,0.9915,0.8519,0.6162,0.9479,0.8912,0.817,0.7777
5/25/2022,15.9714,0.3261,0.3803,0.3389,0.3675,0.5461,0.4584,0.4752,0.4249,0.409,0.4257,0.2815,0.3636,0.2567,0.2791,0.3173,0.3094,0.3277,0.3309,0.3149,0.3149,0.3022,0.2727,0.2743,0.3731,0.3317,0.2815,0.2639,0.2807,0.2679,0.307,0.287,0.291,0.2312,0.2878,0.2791,0.2775,0.3484,0.3157,0.4031,0.5759,0.2607,0.3428,0.2831,0.2934,0.362,0.3245,0.2862,0.3189
5/24/2022,17.3106,0.3994,0.3259,0.3613,0.3864,0.405,0.338,0.4432,0.5046,0.4637,0.472,0.5056,0.3063,0.2998,0.338,0.338,0.3575,0.3417,0.3957,0.3883,0.3138,0.3231,0.2737,0.2868,0.2812,0.2775,0.2812,0.3408,0.2765,0.4143,0.3436,0.3156,0.2542,0.2337,0.2896,0.2682,0.2858,0.3762,0.3445,0.6004,0.9172,0.3352,0.3696,0.3668,0.2598,0.3501,0.3296,0.3035,0.3277
5/23/2022,19.7969,0.4404,0.3436,0.4238,0.5949,0.53,0.3991,0.4864,0.6043,0.4345,0.4958,0.3354,0.3896,0.3283,0.3436,0.3778,0.4474,0.3979,0.412,0.3542,0.4415,0.3153,0.4474,0.3649,0.3436,0.3023,0.3495,0.4274,0.3071,0.5583,0.4097,0.3295,0.2929,0.2964,0.2528,0.3318,0.3743,0.4415,0.4474,0.724,1.1312,0.3271,0.3826,0.2858,0.3613,0.4038,0.3826,0.3401,0.2858
5/22/2022,32.7079,0.7621,0.6114,0.5916,0.8288,1.3848,0.6485,0.6015,1.0512,0.8165,0.646,0.6164,0.688,0.5398,0.5966,0.6238,0.5447,0.5719,0.6979,0.7399,0.6336,0.4533,0.4854,0.8437,0.4434,0.6509,0.6262,0.6559,0.4483,0.5274,0.5101,0.3643,0.5793,0.5571,0.4903,0.389,0.4928,0.5323,0.5867,1.495,2.4655,0.4409,0.6312,0.7819,0.4039,0.6361,0.8363,0.5076,0.6781
5/21/2022,55.3742,1.4316,0.8394,1.4742,1.4552,1.6305,2.0143,1.37,1.8674,1.351,0.7778,1.3558,0.7967,0.6925,0.7304,0.9578,1.2042,1.0194,0.9483,0.9768,0.8583,0.8394,0.7162,1.0715,1.4316,0.7352,0.7446,0.7683,0.683,1.2563,1.0052,0.6594,0.8204,0.6167,0.7825,0.8915,0.8346,0.9057,0.6688,2.6581,4.4782,1.2373,1.4789,0.972,0.8489,1.2847,1.2421,0.8394,1.1521
5/20/2022,34.238,0.6941,0.8699,0.8777,0.9171,0.9958,1.1217,1.0535,0.757,0.8462,0.9984,0.5707,0.8121,0.6862,0.5602,0.7439,0.8016,0.6468,0.7964,0.6127,0.7964,0.5366,0.6652,0.5602,0.5209,0.5865,0.5314,0.8882,0.4317,0.5235,0.7072,0.4395,0.5602,0.3923,0.555,0.492,0.5104,0.7203,0.7229,0.8172,1.2925,0.6573,0.6101,0.8095,0.7072,0.8095,0.6311,0.6914,0.7098
5/19/2022,54.8009,1.1916,1.3273,0.6862,1.4209,2.2493,1.7906,0.9857,1.7672,1.215,1.4818,1.2712,1.112,1.1167,1.0465,0.9389,0.7142,0.8172,0.7798,1.1776,1.0325,1.1261,0.8593,1.2337,0.6394,0.85,0.9248,1.1776,0.7517,0.7891,1.1401,0.8266,0.8827,0.7938,0.6628,0.6066,0.85,0.9248,0.7423,2.3691,3.9781,0.7564,0.9108,1.2431,1.2805,1.2103,1.0278,1.0138,1.1074
5/18/2022,26.97,0.5385,0.4683,0.6675,0.7396,1.1208,0.6694,0.5176,0.8477,0.5176,0.6068,0.5783,0.4322,0.4607,0.4,0.5688,0.4854,0.5631,0.6125,0.4759,0.6276,0.565,0.6144,0.6485,0.6789,0.4322,0.5631,0.4512,0.3659,0.6144,0.4986,0.3014,0.4455,0.4588,0.3886,0.4171,0.4228,0.6238,0.3829,0.8482,1.3461,0.6694,0.4133,0.4095,0.3753,0.5555,0.4967,0.5973,0.4873
5/17/2022,19.2228,0.4068,0.4113,0.4428,0.5224,0.4573,0.5999,0.39,0.6077,0.3866,0.3721,0.4674,0.381,0.3552,0.3137,0.3642,0.3889,0.4259,0.399,0.326,0.3294,0.3911,0.3395,0.3036,0.3518,0.3687,0.3967,0.4607,0.3092,0.4832,0.3597,0.2901,0.2823,0.2497,0.3417,0.2666,0.3417,0.3305,0.362,0.6426,0.9904,0.3822,0.4697,0.4349,0.335,0.3316,0.4349,0.3305,0.2946
5/16/2022,27.1611,0.6783,0.6534,0.4426,0.8431,0.7415,0.5595,0.9791,0.5901,0.7128,0.661,0.7607,0.4617,0.3889,0.3985,0.5671,0.5556,0.5077,0.4617,0.4656,0.6112,0.5671,0.4503,0.5192,0.5288,0.4886,0.3659,0.6016,0.4407,0.6687,0.4982,0.3085,0.3794,0.3449,0.3564,0.4579,0.4828,0.5211,0.4292,1.1259,1.8267,0.4713,0.5499,0.3621,0.4924,0.4292,0.5058,0.4886,0.4598
5/15/2022,45.8103,0.9115,0.7489,1.025,1.5505,1.1497,1.4938,0.817,1.3274,1.1044,0.8284,1.301,1.1762,0.7981,0.73,0.609,0.904,0.6506,0.8019,0.9909,0.9342,0.7792,1.0817,0.9947,0.6658,0.8662,0.6847,0.73,0.5977,0.7149,0.817,0.6204,0.6128,0.4427,0.575,0.6506,0.7036,1.0098,0.6393,2.169,3.6318,0.7679,0.6128,0.9834,1.0741,0.9418,1.1271,0.6922,0.7716
5/14/2022,59.4869,0.836,1.1913,0.9544,1.9275,1.7628,2.118,2.015,1.6752,1.2067,1.4487,1.1449,0.9596,1.0934,1.0162,0.9905,0.836,0.8308,1.0316,1.1346,1.0677,0.9544,1.0625,0.9287,0.9956,0.8,1.181,1.562,0.9029,0.9441,0.8669,0.5631,0.939,0.9853,0.733,0.6352,0.9853,0.8926,0.8154,3.1251,5.2865,1.5311,1.5723,1.0471,0.7845,1.217,1.2273,0.9802,0.7279
5/13/2022,30.8909,0.6451,0.7916,0.7962,1.0159,1.2082,0.6016,0.7618,0.5902,0.977,0.787,0.755,0.5787,0.4574,0.423,0.4482,0.6405,0.581,0.4917,0.6909,0.7092,0.4391,0.5192,0.6703,0.5489,0.4047,0.5764,0.4116,0.4734,0.5352,0.6108,0.4803,0.4368,0.5261,0.4047,0.51,0.4871,0.6405,0.5718,1.0276,1.6566,0.684,0.8191,0.5398,0.5695,0.6268,0.6359,0.6428,0.4917
5/12/2022,28.6912,0.6571,0.7274,0.477,0.8081,0.9053,0.5639,0.5122,0.5764,0.7543,0.595,0.7667,0.6343,0.5495,0.5619,0.4791,0.5929,0.566,0.4501,0.595,0.4729,0.415,0.3881,0.4791,0.6943,0.4957,0.5474,0.8515,0.4584,0.5143,0.537,0.4563,0.4522,0.4398,0.4667,0.4646,0.4646,0.5143,0.4832,1.1328,1.8387,0.4998,0.7709,0.5784,0.4005,0.5432,0.5432,0.4832,0.5329
5/11/2022,26.0134,0.5053,0.5323,0.6224,0.5738,0.7179,0.8476,0.6206,0.5864,0.4963,0.4549,0.662,0.5486,0.4729,0.5468,0.5486,0.4837,0.5936,0.4585,0.5269,0.4819,0.4044,0.3666,0.5143,0.626,0.3378,0.3504,0.7359,0.363,0.6116,0.5395,0.4062,0.3054,0.3288,0.4459,0.3198,0.4585,0.6188,0.5125,0.9537,1.5287,0.3792,0.4026,0.5846,0.6044,0.617,0.4675,0.5395,0.4098
5/10/2022,27.9263,0.4277,0.6967,0.4835,0.8362,0.7784,0.7326,0.878,0.7266,0.6648,0.8501,0.7067,0.6429,0.4058,0.4357,0.5931,0.5393,0.5771,0.6688,0.613,0.4855,0.5014,0.3898,0.4217,0.6828,0.348,0.5214,0.7525,0.3779,0.5971,0.4815,0.3261,0.4237,0.4775,0.34,0.4098,0.4895,0.5373,0.5572,0.9278,1.4838,0.5393,0.4994,0.5572,0.3819,0.4576,0.5871,0.5413,0.5732
5/9/2022,46.767,1.0893,1.2095,0.7288,1.5274,2.0895,0.8877,1.6825,1.5235,1.2134,0.8335,1.163,1.0932,0.6357,0.7676,1.0544,0.8567,1.1048,0.6474,0.7327,0.8683,0.9924,0.7792,0.7637,1.0389,0.7714,0.8994,1.2832,0.6009,1.1824,0.9846,0.5543,0.4884,0.469,0.6823,0.5931,0.8179,0.7908,0.6978,1.4118,2.3214,0.9653,1.2676,0.7172,0.7908,0.6629,1.0622,0.7327,0.7365
5/8/2022,62.0688,1.1399,1.5887,1.513,1.7401,1.6698,1.8861,1.8158,2.4159,0.9182,1.1129,2.1131,1.3183,0.7831,0.9182,1.0318,1.4211,0.8858,0.9453,0.9182,1.1291,0.9344,0.8371,1.6049,0.8101,0.6695,0.9939,1.248,0.902,0.9399,1.0696,0.8101,0.8425,0.6911,0.6371,0.6587,1.0101,1.0642,0.9777,3.1824,5.3856,1.4048,1.6427,0.9182,0.7452,1.1453,1.4589,1.0264,1.194
5/7/2022,30.5085,0.4818,0.7159,0.6281,1.022,0.9837,0.986,0.6866,0.7249,0.7226,0.9365,0.7294,0.7406,0.4435,0.4278,0.5403,0.6979,0.6438,0.4998,0.6438,0.5673,0.6056,0.7001,0.4885,0.6236,0.394,0.4638,0.6011,0.3963,0.6574,0.6461,0.3422,0.3647,0.3895,0.34,0.376,0.475,0.5718,0.6033,1.0058,1.6189,0.4525,0.7226,0.4773,0.7136,0.6619,0.6416,0.7069,0.6461
5/6/2022,28.0217,0.5911,0.6972,0.509,0.7393,1.0216,0.6772,0.9715,0.8995,0.455,0.443,0.8374,0.459,0.5391,0.513,0.6232,0.429,0.6031,0.469,0.479,0.6071,0.6091,0.6392,0.6852,0.467,0.3789,0.509,0.5791,0.443,0.7013,0.5471,0.3529,0.3629,0.3088,0.471,0.475,0.4209,0.5511,0.491,0.7445,1.1666,0.6071,0.4009,0.5871,0.475,0.6512,0.7013,0.5711,0.5611
5/5/2022,27.6391,0.5025,0.5614,0.477,0.7657,0.8501,0.7735,0.5634,0.9365,0.4416,0.75,0.6753,0.6969,0.5712,0.4259,0.4279,0.4023,0.5261,0.6419,0.4789,0.5869,0.585,0.4534,0.6871,0.5712,0.4534,0.5143,0.369,0.4436,0.4573,0.4809,0.418,0.3238,0.3591,0.3866,0.4259,0.4986,0.4927,0.6105,1.3275,2.1756,0.4161,0.3925,0.4397,0.4593,0.5575,0.4023,0.3984,0.4848
5/4/2022,35.9598,0.6811,0.8601,0.8461,1.3242,0.8713,0.9412,1.2208,0.9412,0.6727,1.0642,0.8545,0.902,0.4798,0.6727,0.5972,0.8265,0.6671,0.6504,0.7315,0.737,0.6979,0.6084,0.7315,0.751,0.7007,0.7147,0.6364,0.463,0.8796,0.6727,0.6084,0.4183,0.5329,0.519,0.5385,0.5441,0.5134,0.5525,1.2142,1.9795,0.7678,0.5357,0.4407,0.5441,0.8014,0.6616,0.6084,0.7818
5/3/2022,23.6221,0.476,0.4822,0.5838,0.7322,0.5604,0.6853,0.5494,0.6119,0.4494,0.5119,0.5791,0.3541,0.3495,0.351,0.4322,0.4354,0.451,0.4369,0.4666,0.3869,0.5088,0.4338,0.4135,0.4041,0.4447,0.3776,0.5994,0.3526,0.4947,0.4666,0.3713,0.3838,0.3791,0.4041,0.401,0.4057,0.4776,0.3713,0.9762,1.5677,0.426,0.4307,0.4479,0.4588,0.4104,0.4682,0.4822,0.3791
5/2/2022,24.9611,0.5924,0.4482,0.4092,0.6416,0.9299,0.7383,0.455,0.8197,0.4228,0.4448,0.4007,0.4652,0.3889,0.5279,0.4058,0.5313,0.5212,0.5313,0.5212,0.4313,0.3973,0.4347,0.5992,0.3956,0.338,0.3668,0.5958,0.3515,0.5822,0.4228,0.4007,0.3108,0.3295,0.3108,0.3108,0.4211,0.4499,0.4075,1.0736,1.7361,0.5534,0.5229,0.4872,0.5381,0.455,0.6229,0.5161,0.4041
5/1/2022,21.3272,0.5265,0.3679,0.4799,0.6211,0.6198,0.6198,0.4932,0.7011,0.5718,0.3426,0.5158,0.3719,0.4146,0.3852,0.4186,0.3986,0.3759,0.4652,0.3692,0.3639,0.3426,0.4785,0.4692,0.4745,0.3892,0.4465,0.3439,0.3492,0.6105,0.4425,0.3026,0.268,0.2919,0.3279,0.3053,0.3866,0.4305,0.3466,0.5557,0.8399,0.4252,0.4559,0.4865,0.4332,0.3919,0.5052,0.3599,0.4452
4/30/2022,21.3275,0.3466,0.4439,0.4972,0.6718,0.7637,0.6838,0.5851,0.6904,0.3519,0.3839,0.5478,0.4652,0.3333,0.4359,0.3599,0.3253,0.4252,0.3666,0.4345,0.3599,0.4532,0.3026,0.5332,0.4559,0.2933,0.3959,0.3612,0.3559,0.5811,0.4519,0.3799,0.3026,0.2746,0.2919,0.2733,0.3746,0.3799,0.3866,0.7602,1.1938,0.3333,0.3999,0.4359,0.4159,0.4066,0.4172,0.3373,0.3079
4/29/2022,20.7536,0.5199,0.3656,0.372,0.4664,0.7202,0.6857,0.4256,0.5901,0.4766,0.3694,0.3873,0.5161,0.3261,0.3988,0.3643,0.3784,0.4651,0.3988,0.3899,0.4625,0.4307,0.4766,0.4001,0.3057,0.4052,0.386,0.5493,0.3031,0.5442,0.4166,0.2802,0.2802,0.3414,0.298,0.3554,0.3286,0.3899,0.4319,0.6529,1.0081,0.3656,0.3465,0.3248,0.4268,0.4715,0.3847,0.372,0.3988
4/28/2022,28.0219,0.469,0.6011,0.5411,0.7333,1.0977,0.6332,0.9896,0.8674,0.6732,0.5811,0.9355,0.495,0.3889,0.507,0.6152,0.5191,0.475,0.6312,0.5691,0.477,0.453,0.5551,0.5471,0.3969,0.3489,0.3949,0.7994,0.4069,0.4229,0.445,0.4149,0.461,0.3328,0.427,0.3389,0.503,0.503,0.3989,1.2035,1.9609,0.5331,0.6292,0.4029,0.439,0.483,0.3889,0.6252,0.4069
4/27/2022,50.8793,0.9642,1.1443,0.8828,1.1186,1.4016,1.0671,0.9771,1.7489,1.5945,1.0114,0.9213,0.9471,0.8484,0.7756,0.9814,1.1186,1.1143,0.7455,1.0414,0.8527,0.6769,1.1572,1.0543,1.0371,0.9042,1.0586,1.4273,0.6469,1.3287,1.0371,0.7327,0.7241,0.7627,0.6341,0.7756,0.857,0.9728,0.6383,1.8438,3.0691,1.2644,1.0757,0.8956,1.1443,0.7327,1.11,1.0714,0.9899
4/26/2022,33.3775,0.6158,0.5676,0.829,0.9153,0.6996,0.6844,1.0777,0.7529,0.7884,0.5169,0.9153,0.4915,0.4458,0.5245,0.5778,0.7326,0.5549,0.4763,0.5905,0.527,0.7377,0.4966,0.7097,0.5423,0.4915,0.6184,0.8113,0.5067,0.7707,0.6438,0.4509,0.5727,0.5549,0.4103,0.494,0.494,0.5042,0.4966,1.8925,3.1534,0.4839,0.7402,0.4433,0.6336,0.659,0.5676,0.4839,0.73
4/25/2022,69.9114,0.9344,1.8011,1.5597,2.055,2.4945,2.055,2.6865,2.6679,1.5535,2.1912,2.185,1.6463,1.3616,1.2996,1.3925,1.3182,1.5721,1.2873,1.2006,1.0644,1.4544,1.442,1.4111,1.7144,0.7734,0.8415,0.9901,0.9901,1.052,1.3306,0.8663,0.8291,0.7177,0.6991,0.7177,1.2439,1.0087,1.5473,2.4408,4.1022,0.9963,0.7672,1.442,1.0891,1.6092,1.0396,1.3677,1.1015
4/24/2022,33.3779,0.6438,0.8113,0.593,0.9864,1.164,1.0194,1.1716,0.7427,0.4839,0.8519,1.1209,0.7427,0.5626,0.6971,0.5346,0.6945,0.6539,0.5575,0.692,0.6362,0.4839,0.4788,0.829,0.6184,0.4509,0.6615,0.659,0.4407,0.6362,0.5702,0.4281,0.5067,0.5626,0.4509,0.5549,0.5702,0.725,0.7047,1.0031,1.6142,0.7732,0.6615,0.6996,0.5042,0.6184,0.461,0.626,0.725
4/23/2022,20.9444,0.5045,0.4825,0.5084,0.454,0.5485,0.4683,0.665,0.4087,0.3091,0.4968,0.4385,0.3168,0.3634,0.3958,0.3621,0.4398,0.4786,0.4709,0.3621,0.3867,0.3634,0.4113,0.4955,0.5136,0.2909,0.3492,0.3233,0.3298,0.5964,0.4178,0.3155,0.3104,0.3725,0.278,0.2883,0.3725,0.3479,0.3764,0.8493,1.348,0.4217,0.5149,0.3207,0.3673,0.3285,0.476,0.3686,0.3362
4/22/2022,42.8458,0.7277,1.1214,0.9577,0.9577,1.3688,1.1981,1.3514,1.3166,1.4176,1.3479,0.9124,0.7834,0.8183,0.658,0.8566,0.7416,0.9681,0.5988,0.9611,0.6998,0.8148,0.7695,1.0657,0.5953,0.5744,0.9298,1.2922,0.6301,1.0866,0.6336,0.6441,0.4559,0.4315,0.5186,0.6754,0.6963,0.6545,0.7137,1.3739,2.2559,0.874,0.5047,0.9263,0.766,0.9368,0.5604,0.9786,0.7242
4/21/2022,38.3512,0.7221,0.6614,0.801,1.3473,1.6903,1.0347,1.4535,0.9528,0.6523,0.8162,0.6978,0.8769,0.5794,0.6341,0.5491,0.8071,0.716,0.6766,0.7282,0.6492,0.6917,0.8496,0.8496,0.6523,0.6371,0.7433,0.5127,0.5491,0.9103,0.7008,0.6553,0.4186,0.4186,0.625,0.6068,0.6037,0.8131,0.54,1.2771,2.0883,0.9528,0.9952,0.9072,0.5825,0.6917,0.6705,0.798,0.5643
4/20/2022,34.334,0.6091,0.7144,0.5195,0.8909,1.1358,1.2279,0.6486,1.1121,0.7934,0.7802,0.7381,0.4669,0.5301,0.6907,0.7434,0.6433,0.6407,0.7881,0.5564,0.7276,0.5696,0.6933,0.775,0.5459,0.6802,0.5301,0.7223,0.4432,0.7223,0.6512,0.4116,0.3826,0.4116,0.4721,0.5485,0.5143,0.6696,0.6644,1.2863,2.1044,0.7592,0.8197,0.588,0.7407,0.5617,0.8461,0.7855,0.4774
4/19/2022,29.1695,0.4906,0.5244,0.7552,1.0198,1.187,0.7785,0.8462,0.6451,0.7065,0.7319,0.7192,0.4821,0.5689,0.5562,0.535,0.5604,0.4376,0.6853,0.4927,0.5837,0.4186,0.6176,0.662,0.5541,0.4186,0.4271,0.5583,0.4588,0.7361,0.5943,0.3318,0.3212,0.3297,0.4757,0.4588,0.4673,0.6874,0.3953,1.0737,1.7364,0.4376,0.6197,0.4503,0.4609,0.5647,0.6409,0.4673,0.499
4/18/2022,15.6846,0.3449,0.3734,0.2643,0.4533,0.5524,0.3941,0.3857,0.4787,0.2889,0.431,0.3127,0.3042,0.3211,0.2612,0.2681,0.2927,0.265,0.3027,0.3004,0.348,0.275,0.3288,0.2581,0.2458,0.2927,0.2604,0.3534,0.2712,0.3557,0.2988,0.2873,0.2819,0.2812,0.2658,0.252,0.2658,0.2589,0.2497,0.4999,0.7433,0.3019,0.2927,0.2758,0.2589,0.3181,0.3426,0.3457,0.2804
4/17/2022,15.8757,0.2698,0.3013,0.3809,0.4557,0.4494,0.3171,0.4919,0.3541,0.4463,0.3612,0.3006,0.3328,0.2856,0.2943,0.3368,0.3242,0.3407,0.3557,0.3076,0.3462,0.2746,0.3202,0.336,0.2974,0.2856,0.3407,0.3195,0.2525,0.2675,0.2958,0.2651,0.2265,0.2336,0.2273,0.2415,0.2722,0.2565,0.3234,0.5598,0.847,0.2683,0.2462,0.3462,0.2596,0.3218,0.3344,0.3494,0.2549
4/16/2022,15.0149,0.3336,0.3322,0.3035,0.3301,0.4929,0.3322,0.3729,0.3322,0.3252,0.2733,0.3848,0.2431,0.2971,0.2866,0.2894,0.3189,0.3147,0.3168,0.2901,0.2901,0.2852,0.2929,0.3477,0.3301,0.2544,0.2957,0.2593,0.2523,0.3975,0.2593,0.2347,0.2375,0.2403,0.2677,0.2305,0.2852,0.3266,0.2733,0.441,0.6415,0.3259,0.2537,0.288,0.3042,0.2782,0.3505,0.3322,0.2698
4/15/2022,30.7952,0.732,0.5724,0.7115,0.8619,0.9668,0.7092,0.6818,0.7525,0.7753,0.5587,1.0625,0.4562,0.4676,0.4311,0.5473,0.7206,0.6431,0.716,0.691,0.4812,0.6135,0.5656,0.7799,0.7479,0.5018,0.5747,0.8072,0.4288,0.6317,0.5929,0.4881,0.4972,0.447,0.4744,0.5063,0.5268,0.5109,0.5679,0.9706,1.5579,0.7457,0.4653,0.4083,0.4379,0.6864,0.5063,0.6613,0.5542
4/14/2022,38.2552,0.8383,0.6356,0.6538,0.8716,1.2226,1.1621,1.2528,0.9775,1.0743,1.0834,1.0289,0.5509,0.5116,0.5025,0.6386,0.8565,0.5691,0.563,0.6114,0.7597,0.6507,0.5721,0.6447,0.6871,0.6689,0.6992,0.566,0.5691,1.1651,0.6598,0.6356,0.5237,0.5328,0.5842,0.6175,0.6659,0.923,0.6023,1.5605,2.5789,0.7294,0.7234,0.8898,0.7022,0.6598,0.5479,0.8474,0.684
4/13/2022,33.6644,0.7518,0.8237,0.4515,0.7698,0.9109,1.2215,0.721,0.9828,0.4926,0.5414,0.6543,0.5773,0.4926,0.7236,0.5285,0.603,0.5003,0.5747,0.7262,0.7698,0.5876,0.4746,0.8083,0.4772,0.4156,0.644,0.9494,0.5285,0.6415,0.5516,0.3566,0.5439,0.4721,0.526,0.4875,0.5645,0.68,0.6671,1.8998,3.166,0.5773,0.6107,0.6055,0.4695,0.5234,0.4541,0.6902,0.4746
4/12/2022,37.5853,0.9625,0.785,0.8767,1.1282,1.2317,1.0128,1.1637,1.3501,1.1134,0.7584,0.6193,0.7613,0.7495,0.5424,0.7347,0.5217,0.6519,0.5424,0.6371,0.8294,0.7968,0.8057,0.7939,0.4832,0.7436,0.4773,0.4803,0.4714,0.6755,0.6933,0.6016,0.3945,0.6016,0.5986,0.4655,0.6607,0.643,0.5187,1.5969,2.6418,0.5838,0.4566,0.5897,0.7909,0.8323,0.7909,0.5779,0.8471
4/11/2022,31.9432,0.6862,0.7341,0.8059,1.1172,0.8275,0.8754,0.9328,1.0214,0.5689,0.8586,0.4755,0.7437,0.4348,0.6312,0.6575,0.5306,0.4899,0.6934,0.6743,0.6695,0.533,0.5929,0.7628,0.454,0.5498,0.5498,0.9496,0.4516,0.8682,0.6695,0.4468,0.3391,0.3989,0.3989,0.4229,0.5019,0.4995,0.715,0.8848,1.4095,0.7485,0.8658,0.5521,0.5138,0.7557,0.7078,0.4803,0.4923
4/10/2022,56.3304,1.1333,1.1091,1.3749,1.4716,2.3802,1.3411,1.9211,1.1333,1.5199,1.0994,1.0028,1.5054,1.0704,1.1574,1.2928,1.1719,1.0704,0.8868,1.1526,1.0221,0.8626,0.9448,0.9931,1.2348,1.1188,1.0898,1.4958,0.8578,1.4281,1.0704,0.6645,0.9013,0.8868,0.6741,0.5775,0.9013,1.0028,1.1236,1.6658,2.7611,0.8868,1.4474,1.3411,0.65,1.2686,0.766,1.1381,0.7611
4/9/2022,72.7804,1.255,1.3457,1.4882,2.4275,2.5247,1.6048,1.3521,2.5117,1.5918,2.3433,1.0023,1.5789,1.3651,1.3457,1.4623,1.5918,1.1125,1.4752,1.5854,1.4234,1.2809,1.0671,1.0671,1.8833,0.9894,1.0801,1.5465,0.9894,1.7991,1.3845,0.8015,1.1513,1.1708,0.9376,0.7562,1.0347,1.7797,1.093,2.9424,4.9703,1.6501,1.6177,0.8339,1.093,1.3198,1.5465,1.6372,0.9699
4/8/2022,41.9852,0.7614,0.8804,0.9245,1.0469,0.9687,1.1114,1.4343,1.0299,0.9075,0.9449,1.1522,0.724,0.6221,0.6153,0.8905,0.9381,0.9789,0.7478,0.7342,0.6561,0.5915,0.6391,0.6493,0.8464,0.69,0.5677,0.6085,0.5779,0.8837,0.8702,0.5541,0.4453,0.4521,0.6017,0.6221,0.758,0.792,0.8022,2.2663,3.8003,0.8396,0.5847,0.7512,0.5337,0.8328,0.8668,0.6493,0.8396
4/7/2022,47.4362,0.6675,0.8765,0.8647,1.5824,1.6613,1.6061,1.3419,1.0303,0.9869,1.4444,0.9633,0.8371,0.7109,0.6478,0.983,1.0934,0.8647,0.9041,1.0027,0.7898,0.916,0.8331,0.8134,0.916,0.77,1.0343,0.8095,0.561,0.9948,0.8726,0.7188,0.7661,0.5965,0.6951,0.5295,0.7976,0.8292,0.8055,2.1366,3.5758,1.0224,1.0343,0.6005,0.6754,0.8805,0.9238,0.7267,0.7424
4/6/2022,58.722,1.3789,1.4144,1.2065,1.3789,2.2615,2.0231,2.226,1.6427,1.8557,1.6528,0.8717,0.8666,1.171,0.9884,1.1659,1.0188,1.171,1.0797,1.313,1.0543,0.9833,0.9884,1.4854,1.0137,1.105,0.7703,1.5615,0.7956,0.9579,0.8971,0.9478,0.6688,0.8463,0.7753,0.9224,0.9275,0.9376,0.821,1.7159,2.8477,1.0036,1.5666,1.105,0.8616,0.9072,1.2927,1.2115,1.0644
4/5/2022,68.5724,1.4084,1.2751,1.1601,2.5169,1.9172,2.5048,2.7349,2.6744,1.4205,2.1898,1.0086,0.9238,1.2206,1.0692,0.9117,1.4932,1.5962,1.4993,1.2509,1.5659,1.3963,0.9602,1.154,1.6022,1.0692,0.8269,1.7052,0.8632,1.9172,1.0692,0.8511,0.948,0.9359,0.9117,0.8875,1.2025,0.948,1.2994,1.979,3.3031,1.5538,1.4266,1.2025,1.2751,1.4569,1.2509,1.2691,0.9662
4/4/2022,68.9549,1.4955,1.398,1.6783,1.8246,1.5016,1.4589,2.1355,2.7207,1.6479,1.4589,1.5138,1.7149,1.0139,1.0078,0.9652,1.4711,1.1115,1.3431,1.4162,1.4467,1.209,1.5321,0.953,1.4162,1.0383,0.953,1.465,0.9347,1.0993,1.0749,0.6055,0.9713,0.9408,1.0383,1.02,1.2517,1.1907,1.6113,3.0106,5.0884,1.0749,1.2456,1.0871,1.4955,1.593,1.4955,0.9408,1.2943
4/3/2022,82.6309,1.6145,1.3458,1.2115,2.3534,1.9727,3.2937,2.0101,2.6295,0.9801,2.4578,1.9877,1.3011,1.51,1.0324,1.8011,1.9056,1.4652,1.8309,1.2115,1.316,1.2414,1.8832,1.9503,1.51,0.9801,1.0324,2.428,0.9204,1.4055,1.2637,1.107,1.1443,0.8458,1.2936,0.9503,1.2787,1.3085,1.7787,4.5042,7.6731,1.1518,1.2115,1.2488,1.9578,1.1593,1.0697,1.9653,1.1369
4/2/2022,86.1696,1.1907,1.4174,1.2141,3.3951,2.3007,2.4336,1.8786,2.5274,2.1834,2.629,1.988,2.0975,1.3548,1.1594,1.6675,1.9958,1.1047,2.0115,1.9098,1.7301,1.6753,1.2298,1.4877,2.1365,1.2063,1.2141,0.9953,1.1751,1.9802,1.4956,1.3548,0.7608,1.1438,1.222,1.3079,1.222,1.0656,1.3001,3.8167,6.4833,1.2298,1.6128,2.0896,1.3392,2.0975,2.1365,1.8395,1.3627
4/1/2022,58.5301,1.5057,1.3642,1.0509,1.3743,1.5411,1.248,1.2632,1.1975,1.1368,1.4956,1.4451,1.5916,1.0863,0.869,1.248,1.0408,0.9752,1.3137,1.0813,1.3188,1.1975,1.1722,0.8791,0.7276,0.773,0.7831,0.869,0.768,1.2329,1.1267,0.7983,0.8893,0.9347,0.7326,0.9398,0.9499,0.9095,0.9802,3.1701,5.3643,1.0307,1.1823,0.8943,0.864,0.9701,1.152,1.3592,0.7326
3/31/2022,59.582,0.9146,1.1519,0.7495,2.1113,1.4562,1.2963,1.4407,1.874,1.776,1.678,1.3015,1.1158,0.9198,0.863,0.8991,1.0848,0.8218,1.157,1.2808,1.2035,1.1313,1.3324,1.2654,1.3995,1.1261,1.2189,0.992,0.6825,1.8792,0.9559,0.894,0.6876,0.7186,0.8733,0.6773,0.9662,1.2293,0.7083,2.1672,3.6287,1.2757,1.5955,1.1674,0.8991,1.3685,1.059,1.3995,1.188
3/30/2022,45.1411,1.0358,0.8983,0.9429,1.3143,1.3366,0.8686,1.3218,1.1472,0.5938,0.8352,0.8612,0.8798,0.7721,0.6384,0.8686,0.9875,0.8241,0.8018,0.9243,0.9169,0.6829,0.8761,0.6272,1.0172,0.5381,0.6235,0.6792,0.6198,0.8649,0.8835,0.4192,0.6978,0.4898,0.5121,0.7609,0.8092,0.6086,0.9392,2.634,4.4367,0.8315,0.9281,0.7015,0.7646,1.0469,0.6124,1.0469,0.7201
3/29/2022,42.9416,0.862,0.6663,1.0647,1.6097,1.7111,0.9773,1.6552,1.0088,0.7292,0.7502,1.1171,0.6489,0.7187,0.8271,0.862,0.6908,0.6384,0.9808,0.7327,0.9459,0.8795,0.5405,0.5999,1.0262,0.869,0.8166,1.2429,0.5964,1.3372,0.6593,0.7362,0.6174,0.6698,0.4287,0.6034,0.7257,0.6524,0.8131,1.1814,1.9228,0.8306,0.9948,0.89,0.6943,0.8096,0.9389,0.8725,0.7956
3/28/2022,52.0266,0.761,1.0428,1.0604,1.439,1.1397,1.0956,0.9283,1.417,1.6988,1.3862,1.1088,1.2629,0.9988,0.7258,1.1793,1.1088,0.7522,0.717,0.9503,1.2013,1.012,1.0076,0.7698,1.351,0.6906,0.7214,1.1397,0.6334,1.395,0.9239,0.4484,0.5981,0.6774,0.6774,0.5189,0.783,0.783,0.6906,2.8029,4.7289,1.2101,0.8667,0.7346,1.1441,1.1132,0.783,0.968,0.8799
3/27/2022,37.5857,0.6578,0.7377,0.4921,0.9684,1.5039,0.7347,0.8323,1.0158,0.9152,0.9448,0.6992,0.5424,0.7229,0.5868,0.6726,0.5661,0.6519,0.6312,0.5779,0.7673,0.5661,0.4507,0.8383,0.5838,0.4832,0.7732,0.9773,0.5365,0.6016,0.5809,0.6193,0.5039,0.5424,0.5838,0.6252,0.6223,0.7465,0.6578,2.1267,3.5587,0.7406,0.4566,0.717,0.6193,0.7495,0.8264,0.7495,0.5276
3/26/2022,43.8976,0.6728,0.9636,0.7446,1.2256,1.66,1.2759,0.7913,1.179,1.4123,1.161,1.3298,0.5723,0.8344,0.899,0.6764,1.0067,0.9564,0.8021,0.7554,0.9564,0.6764,0.7195,0.601,0.8882,0.8272,0.9385,1.3441,0.6405,0.9385,0.8846,0.5256,0.6262,0.5113,0.5544,0.7195,0.7446,0.8415,0.7231,1.3104,2.146,1.1359,0.9851,0.9744,0.54,0.9133,0.7015,1.0318,0.5795
3/25/2022,36.7248,0.7412,0.7268,0.5861,1.3128,1.5598,1.3501,0.7728,0.8532,1.1577,1.0284,1.0974,0.5085,0.6665,0.6119,0.7728,0.7871,0.6694,0.8589,0.632,0.7067,0.5142,0.6665,0.5056,0.7038,0.4683,0.5975,1.1175,0.5717,0.7354,0.609,0.4625,0.5975,0.474,0.4194,0.5573,0.6492,0.8245,0.5947,1.044,1.685,0.6866,0.7584,0.5688,0.7325,0.879,0.79,0.5947,0.5171
3/24/2022,57.7651,1.4655,1.4556,0.8932,1.3262,2.6599,1.6497,1.1968,1.799,1.5501,1.7094,1.152,1.5501,0.953,1.1719,1.152,1.147,0.7887,1.3113,0.8733,1.2466,1.0226,1.2764,1.3859,1.2963,1.1819,0.7191,1.0276,0.8037,1.4407,1.1869,0.953,0.8534,0.7439,0.5349,0.729,1.0525,1.157,0.8684,1.5992,2.6457,1.0077,0.7738,0.734,1.1918,1.147,1.4058,1.0425,0.9331
3/23/2022,42.5586,0.7853,0.6954,0.8889,1.5317,1.5317,1.6009,1.0237,0.8233,0.5641,0.7749,1.2725,1.0721,0.7127,0.8751,0.7818,0.7023,0.8095,0.965,0.9892,0.6643,0.6021,0.92,0.7887,0.7196,0.7507,0.6125,0.9062,0.5537,0.7473,0.7473,0.4673,0.6436,0.495,0.5468,0.6367,0.7023,0.844,0.9512,1.8993,3.1651,1.0306,0.533,0.5814,0.9684,0.5987,0.6159,0.882,0.5848
3/22/2022,47.8186,0.6564,1.0586,0.963,1.8112,1.417,1.2179,1.413,1.2298,0.8117,1.3015,0.9989,0.6763,0.6246,0.8316,0.7719,0.6445,0.6445,1.0347,1.1144,1.0307,0.9232,0.8754,1.2219,0.6763,0.752,0.8396,0.752,0.6923,1.19,0.8396,0.6803,0.752,0.6684,0.5768,0.4852,0.8038,0.9272,0.7878,1.9443,3.243,1.2497,0.9272,0.9431,0.76,0.975,1.1104,0.8874,1.0825
3/21/2022,42.1761,0.963,1.0074,0.8946,1.1133,1.3936,1.397,1.2466,0.8775,0.5289,1.1783,0.939,0.5529,0.611,0.8434,0.8365,0.7477,0.7853,0.7511,0.7032,0.8023,0.7579,0.6451,1.0347,0.6896,0.6827,0.8604,1.3013,0.5153,0.734,0.734,0.5255,0.4332,0.6212,0.4674,0.4948,0.6793,0.7579,0.922,1.9415,3.2381,0.5905,0.7818,0.652,0.9903,0.8399,0.9459,0.5836,0.5836
3/20/2022,60.7302,1.3215,0.9154,1.6167,1.9489,2.7452,2.0702,1.5746,1.4216,1.042,1.1791,2.1546,0.926,0.8838,1.0367,1.1844,1.2582,1.1422,0.984,1.2213,1.1053,1.0894,1.2951,1.1211,1.3373,1.0525,1.2476,0.9313,0.8522,1.1,0.9734,0.7362,0.9418,0.6201,0.7678,0.7045,1.1053,0.9313,1.3531,1.6169,2.6764,1.5376,1.506,1.4164,1.2213,1.4322,1.39,1.2845,0.7572
3/19/2022,37.5857,0.6815,0.8294,0.6252,0.9684,1.359,1.2436,0.6578,0.9714,1.1637,0.714,0.7465,0.5749,0.7406,0.643,0.8353,0.8767,0.6164,0.8678,0.6607,0.6667,0.501,0.7022,0.7377,0.5394,0.4359,0.717,0.7318,0.4773,1.1785,0.5809,0.4892,0.4093,0.4329,0.5335,0.5306,0.6962,0.6164,0.646,1.7897,2.9755,0.6105,0.7229,0.7525,0.7909,0.8471,0.643,0.5128,0.5424
3/18/2022,44.4718,1.1368,1.0456,0.8888,1.5599,1.3411,1.2025,0.7867,1.5927,1.1806,0.9472,0.6955,0.7976,0.7903,0.597,0.907,0.907,0.7247,0.8961,0.8779,1.0274,0.6007,0.8669,0.8779,0.5569,0.8195,0.9654,1.1587,0.546,1.0894,0.907,0.6773,0.7539,0.4402,0.4366,0.6189,0.7064,0.7612,0.856,1.3915,2.2863,1.0529,0.6226,1.031,0.7794,0.9472,1.104,0.8049,0.9107
3/17/2022,32.8995,0.829,0.5875,0.7767,0.7468,0.8066,1.1278,0.9709,0.7966,0.8116,0.6049,0.6821,0.7169,0.6746,0.4978,0.6871,0.4679,0.7244,0.4655,0.7618,0.6647,0.692,0.453,0.8016,0.7319,0.5053,0.5651,0.6821,0.4953,0.5078,0.6721,0.3559,0.5327,0.3659,0.3883,0.463,0.5924,0.4704,0.4505,1.6129,2.6695,0.4655,0.4132,0.4231,0.6323,0.7468,0.5053,0.7045,0.5999
3/16/2022,41.6982,0.6822,0.7159,0.6485,1.0192,1.6662,0.8541,1.5887,1.2248,1.3259,0.9417,0.8844,1.0462,0.844,0.689,0.817,0.844,0.9485,0.8541,0.7362,0.7665,0.8642,0.8575,0.8642,0.935,0.7598,0.7328,0.9013,0.5643,1.1675,0.6957,0.4127,0.4531,0.6384,0.4801,0.6149,0.6014,0.9485,0.6115,1.3983,2.2981,0.6688,0.625,0.9282,0.5845,0.8912,0.9013,0.6149,0.5879
3/15/2022,49.062,1.1973,1.263,1.029,1.5751,1.1604,1.5997,1.4067,1.5135,1.6531,0.8196,1.3616,0.6307,0.799,0.6594,0.877,0.7908,1.0782,1.1563,1.1316,0.9879,0.9304,1.0741,1.2302,1.0413,0.5444,0.7415,0.9222,0.721,1.1563,0.9058,0.487,0.7169,0.4911,0.528,0.5362,0.8196,1.1152,0.6225,1.6043,2.6546,1.0495,1.1973,1.1275,0.7744,0.721,1.0659,0.7867,0.8072
3/14/2022,64.7467,1.3186,1.313,1.103,1.5002,2.5784,1.4321,1.591,2.0847,2.0223,1.574,1.3073,1.1881,1.1257,1.1087,1.2619,0.9157,1.2903,0.859,1.2051,1.5172,1.3754,1.4321,1.3583,0.7285,0.9214,0.893,1.1824,0.9838,1.6591,1.3583,0.9838,1.0122,0.7512,0.8363,0.7285,1.0065,1.4548,1.1597,2.6127,4.3997,0.8363,0.7285,1.4889,0.7228,1.2392,1.6307,1.5172,1.4491
3/13/2022,71.5371,1.3548,1.4501,1.2595,2.3905,1.9012,2.4159,2.6764,2.3142,1.5454,1.717,2.5302,0.9863,1.0308,1.5454,1.1324,1.215,1.609,1.5963,1.6661,1.0816,1.1833,0.999,1.7106,1.0943,1.1642,1.3929,1.0689,0.9926,0.9736,1.2532,1.1007,0.7004,0.8402,0.694,0.9291,1.2976,1.1134,1.5073,2.4354,4.0928,1.8822,1.0371,1.5645,1.3866,1.1261,1.6661,1.4374,1.4755
3/12/2022,73.2583,1.3674,1.8634,1.7394,2.4572,2.8357,2.1766,2.4964,2.7444,2.405,2.1766,2.0787,1.2826,1.1978,1.387,0.9889,1.5763,1.0281,1.8112,1.2956,1.5045,1.5436,1.139,1.4784,1.1455,0.8323,1.1325,1.648,1.0281,1.896,1.4131,1.1782,1.0672,0.7083,0.8584,0.7866,1.2956,0.9563,1.7002,2.1909,3.6698,1.3739,0.8193,1.0346,1.4001,1.3544,1.0999,0.9693,1.126
3/11/2022,50.2096,1.167,1.2641,0.8885,1.8086,2.0872,1.2092,0.9602,1.281,1.4034,1.0531,1.1079,0.9475,0.7449,1.07,1.032,0.88,1.1459,1.0531,1.0109,0.8589,0.9982,0.88,0.6563,0.804,0.8716,1.0193,0.842,0.7407,1.3612,0.7365,0.842,0.8589,0.7281,0.7323,0.5845,0.7914,0.9771,1.1291,1.425,2.3442,1.0362,1.3401,0.7576,1.0446,0.7703,0.9096,0.9475,1.1079
3/10/2022,43.3241,1.0886,0.9685,1.1133,1.2017,1.5019,0.8343,0.8979,1.5266,0.5552,0.9862,1.343,0.7672,0.7071,0.7566,0.6683,0.8025,0.6294,0.6541,0.9685,0.7495,0.8414,0.7707,0.6329,0.6153,0.6471,0.9403,0.7354,0.64,1.0427,0.8131,0.4528,0.5446,0.6188,0.64,0.6012,0.6789,0.8343,0.9756,1.8562,3.0905,0.9685,0.5058,0.8166,0.9685,0.6895,0.8696,0.8873,0.9261
3/9/2022,57.0954,1.3793,1.5119,1.3892,1.2664,2.2041,1.7966,1.0013,1.7672,1.1829,1.8114,1.4137,1.0357,1.0651,1.1142,1.0258,0.9129,0.8393,1.1486,1.2713,0.9669,1.0602,0.9277,0.8982,1.0848,1.0111,0.7804,1.6101,0.8196,1.3106,0.8638,0.6134,0.9178,0.7607,0.7067,0.6625,0.9031,0.7116,1.2075,1.9251,3.2098,1.3302,0.9178,1.1142,0.8638,1.2762,1.291,1.3204,0.8933
3/8/2022,62.834,1.0276,1.2688,1.6143,1.9543,2.1955,1.9543,1.1701,1.543,1.3237,1.0824,2.3052,1.1208,0.9179,0.9508,0.9398,1.4004,1.1208,1.2524,0.9782,1.4443,1.0659,0.726,1.1372,1.5814,1.1592,1.3072,1.4607,0.9343,1.6856,0.9618,1.0385,0.567,0.6108,0.8795,0.7479,0.9837,1.1646,0.7808,3.0263,5.1154,0.7753,0.7973,0.7863,0.8631,1.3511,1.5649,1.1975,1.0001
3/7/2022,74.8843,1.1967,1.4776,1.7318,2.7083,2.2133,2.9022,1.7518,2.006,1.491,1.0429,2.5411,1.9725,1.2435,0.9225,1.4174,1.4843,1.3238,1.2234,1.7384,1.4442,1.5244,1.598,1.0228,1.4508,0.9225,0.8489,1.6983,0.976,2.2869,1.103,0.7954,0.7887,0.8288,0.7954,1.1833,1.3371,1.2769,1.0763,2.9884,5.05,1.5712,1.6181,1.6649,1.0094,1.8321,1.4642,1.103,1.2368
3/6/2022,72.5888,1.1613,1.1613,1.4907,2.3498,2.7954,2.2206,2.4725,2.3627,2.085,0.9934,2.2916,1.7362,0.9159,1.3357,0.9353,1.0645,1.4326,1.691,1.213,1.2066,1.5101,1.7103,1.2582,1.4972,1.4132,0.8513,1.1097,0.8771,1.3616,1.5101,0.5865,1.0515,0.6705,1.0128,0.7028,0.9869,1.762,1.1678,2.7,4.5508,1.8201,1.4197,1.3486,1.2711,1.2905,1.7362,1.6845,0.8126
3/5/2022,59.9648,1.0189,1.0137,1.0345,1.5333,2.0166,2.3128,2.3648,1.7204,1.4294,1.6061,1.5178,0.7539,0.8578,1.0189,1.3151,1.0916,1.3307,1.1488,1.1592,1.1904,0.9981,0.7902,1.2112,1.5178,0.6811,0.7954,1.8191,0.7331,1.5385,1.1436,0.9461,0.6863,0.8942,0.7954,0.8734,0.8266,0.8266,1.206,1.9879,3.3185,1.3047,1.1904,1.0345,1.0085,1.2423,1.0345,0.8162,1.3099
3/4/2022,61.2083,1.5714,1.598,0.8743,2.0715,1.731,1.7789,1.6725,1.5235,1.5714,1.5182,1.4171,1.4596,1.2574,1.1829,1.3319,0.7998,1.316,0.9861,0.9914,1.3,0.7839,0.6775,1.167,0.7732,0.6402,1.0286,1.002,0.885,1.3851,0.9435,0.8584,0.6615,0.6562,0.7254,0.8531,1.1031,1.1563,0.9595,3.3312,5.6431,1.0393,1.0872,1.151,1.0233,1.1829,0.8584,0.8584,0.8211
3/3/2022,60.5388,0.8129,1.3698,1.3645,1.6062,2.5782,1.6115,2.0843,2.2262,0.8234,0.8392,1.3645,1.3593,0.7604,0.9968,1.0756,1.0388,1.3961,1.3488,1.2437,1.1071,1.3383,1.3225,0.9547,1.1124,0.9075,0.8076,1.2542,0.7446,1.9215,0.8917,0.9495,0.7709,0.9653,0.9968,0.5922,1.0546,1.27,1.1859,2.2216,3.7229,1.2122,0.6605,1.0808,0.7866,0.9337,1.3698,1.2647,1.2385
3/2/2022,58.1475,0.9841,0.8336,1.0994,1.7313,1.982,1.8466,1.7814,1.9018,1.987,1.8266,1.1094,1.0392,1.0593,0.8988,1.2198,0.8086,1.0894,0.8637,1.2448,1.1696,0.8687,1.2348,1.0493,0.9791,0.7183,1.0743,0.7283,0.7534,1.8516,0.9038,0.8487,0.618,0.959,0.7684,0.9139,0.8086,1.2097,1.2699,2.5119,4.2253,1.3903,0.7333,0.7785,0.974,1.0844,0.7233,0.7885,0.9038
3/1/2022,57.7651,1.4257,1.2515,1.0276,2.013,1.2366,1.9333,0.9977,1.9433,1.2914,1.8089,1.9383,1.4606,0.7788,1.1769,0.7439,1.0127,0.8484,1.1172,1.2217,0.943,1.1321,0.6494,1.0624,0.9181,0.9878,1.0624,0.6792,0.8684,1.7542,0.9928,0.8285,0.943,0.6693,0.9281,0.7838,0.8086,0.7091,1.3411,2.0949,3.5036,0.9629,1.2715,0.9579,0.9679,1.1968,1.4257,0.953,1.1421
2/28/2022,71.1546,1.7455,1.3034,0.9814,1.7961,3.2865,1.4803,1.8339,1.7771,1.2782,1.6887,2.3139,1.6445,1.335,1.3477,1.1519,1.3161,1.6003,1.1898,1.1519,1.3034,0.994,1.4487,1.6697,1.7582,1.3413,1.4929,2.2002,0.9182,1.3287,1.234,1.1645,1.2024,1.0319,1.1203,0.7414,1.0256,1.2908,1.0066,2.1742,3.6409,1.5119,1.095,1.4298,0.9814,1.5624,1.2213,1.594,1.4487
2/27/2022,52.6965,1.1902,1.1053,0.7835,1.6685,1.3377,2.0126,1.9813,1.2707,0.7075,1.1992,1.0204,1.226,0.7209,1.0606,1.0651,1.0919,1.0695,1.1679,1.1723,1.1545,0.8907,0.9578,1.0874,1.293,0.9354,1.1232,1.5746,0.7343,1.6461,1.0338,0.484,0.9086,0.6404,0.636,0.8773,0.8595,0.9086,0.6896,1.1766,1.9145,0.7656,1.4763,1.1679,0.7433,1.2349,1.1008,0.7656,1.0651
2/26/2022,55.1833,1.0773,1.1245,1.0773,1.6907,1.1764,2.0823,2.1719,1.8464,0.9452,1.3085,1.686,1.1198,1.0018,0.9877,0.9027,1.0301,1.2,0.8933,1.1009,0.931,0.8791,0.7329,0.9452,1.2849,1.0348,1.1339,1.2424,0.681,1.3887,1.0962,0.5772,0.5253,0.681,0.5772,0.5583,0.8319,0.8131,0.8131,2.0259,3.3843,1.3415,1.4736,0.6715,1.2802,0.9027,1.1198,1.1198,0.714
2/25/2022,48.9664,1.1662,0.9491,0.6542,1.4981,1.2236,1.7562,0.8754,1.4776,0.8959,0.8672,0.732,0.7894,0.9245,0.9778,0.7689,1.1048,0.8549,0.9245,0.7935,0.9245,0.9286,0.7238,1.0556,1.1581,0.9901,0.9245,1.2154,0.6173,1.5431,0.8508,0.6665,0.7771,0.478,0.5722,0.7443,0.8959,0.945,0.9327,1.9715,3.2901,0.646,1.2072,0.7607,0.9901,1.1949,1.0761,1.0147,0.6378
2/24/2022,53.0788,1.2125,1.1719,0.9961,1.2305,1.8211,1.4469,1.7174,1.8661,1.3387,1.51,0.8023,1.2215,1.0006,0.924,0.9781,1.1404,1.235,0.7842,0.9285,0.9871,0.8023,0.6941,1.1945,1.3477,0.6941,0.7302,0.924,0.6175,1.2711,0.8383,0.7302,0.906,0.5138,0.5994,0.7121,0.8924,1.1719,0.8744,1.9216,3.2037,0.9826,1.4514,1.0637,0.8248,1.1404,1.1223,0.8293,0.7121
2/23/2022,61.8775,1.4867,1.449,1.2496,1.8099,1.3089,2.4026,1.3196,2.2032,1.9877,1.7345,2.0308,1.0664,1.0018,0.8186,0.9587,1.3951,0.8671,1.1742,1.2496,1.4759,1.0664,0.8671,1.2442,1.3681,0.7432,0.7485,0.7916,0.7216,1.3951,1.1796,0.7216,0.8671,0.7485,0.797,0.6785,1.1041,0.7647,1.2281,2.4002,4.032,1.4543,1.2119,0.727,1.3358,1.449,0.9156,1.3035,1.0233
2/22/2022,49.4448,0.9665,0.9997,0.8795,1.1738,1.5261,1.8245,0.9168,1.4473,1.1199,1.5799,1.5509,0.9127,0.9831,0.78,0.6847,0.9168,0.8381,0.9748,1.0287,0.9127,0.9127,0.8049,0.921,1.1821,0.9044,0.7345,1.0702,0.6723,0.95,1.0329,0.5977,0.4692,0.4816,0.6226,0.6226,0.7262,0.7137,0.7179,2.0305,3.3922,0.9707,1.3769,1.1779,0.8919,0.9251,1.1779,0.7137,0.635
2/21/2022,50.4012,0.9214,0.8027,1.197,1.744,1.6125,1.7016,1.0359,1.9518,1.2521,1.32,1.2352,1.0825,0.8281,0.9341,0.9172,0.7264,1.108,1.1631,0.8408,0.9638,0.6628,0.8578,1.303,1.1461,0.7518,0.8451,0.7179,0.6967,1.4811,0.7518,0.7221,0.6161,0.7264,0.7052,0.5271,0.8408,1.1589,1.0359,1.6294,2.6981,1.197,0.8196,0.5949,0.5652,0.8875,1.2649,0.8154,1.0444
2/20/2022,63.0254,1.2342,1.6468,1.5423,1.4983,1.4818,1.3497,1.5698,1.8339,1.0361,1.8945,1.1736,1.2892,1.0471,1.1131,0.9535,1.4212,1.2947,0.8765,1.1021,1.4433,0.7995,0.7664,0.849,0.7499,0.8215,0.882,1.0196,0.7829,2.054,1.2562,1.0086,0.6344,0.6509,0.7995,0.7499,1.1351,1.2837,0.7664,3.5723,6.0603,1.4488,1.5533,0.7719,1.0691,1.2011,1.3112,0.9975,1.2287
2/19/2022,74.0234,1.1834,1.3353,1.606,1.771,1.639,1.6324,2.0153,2.867,1.705,1.9691,2.0417,1.8503,1.091,1.5135,1.6852,1.1108,1.6786,1.6126,1.705,1.5796,1.0646,1.5135,1.2957,1.5202,0.9722,1.4079,1.7776,0.8467,1.4673,1.0976,0.8863,0.6552,0.9127,0.8071,1.025,1.025,0.8995,1.1372,3.3124,5.6106,1.573,1.771,1.3749,1.0646,1.5862,1.3947,1.1834,1.2495
2/18/2022,37.5856,0.6578,0.6992,0.5454,0.9803,0.9921,1.3915,1.0809,1.2051,0.6903,0.8146,0.9004,0.7318,0.5039,0.6696,0.7584,0.6696,0.856,0.7702,0.8235,0.8264,0.5542,0.6105,0.572,0.9507,0.6164,0.5424,1.1223,0.5394,0.7022,0.5779,0.5868,0.4832,0.5631,0.4951,0.5365,0.646,0.6371,0.6933,1.6716,2.7711,0.6045,0.7643,0.5099,0.5897,0.8974,0.6193,0.6134,0.5483
2/17/2022,38.1595,0.5949,0.9478,0.5346,0.9689,1.3037,1.3851,1.3037,0.9387,0.5618,0.8573,1.3097,0.5587,0.5648,0.8181,0.5346,0.6462,0.8845,0.5708,0.806,0.7216,0.6613,0.8121,0.8754,0.4652,0.7035,0.791,0.8091,0.5648,0.6251,0.6733,0.6522,0.4019,0.5799,0.604,0.5467,0.5618,0.803,0.8603,1.4766,2.4336,0.601,0.4864,0.5165,0.806,0.6583,0.9327,0.8664,0.5799
2/16/2022,53.27,0.9408,1.1852,1.2169,1.819,2.3351,2.0273,0.891,1.6334,1.1354,0.8004,1.3437,1.0042,0.8004,1.1219,1.0857,0.7235,0.9136,1.0721,1.0087,0.8865,0.9,1.2079,1.1717,0.814,0.7461,0.8276,1.1671,0.7959,0.7461,1.0268,0.5515,0.8955,0.5152,0.7959,0.9,0.8321,0.8367,1.054,1.9904,3.3227,0.6873,1.3799,1.1852,0.633,1.0494,1.2441,1.2532,0.7959
2/15/2022,70.6765,1.8965,1.3575,1.3763,1.8903,2.3666,1.6333,2.4105,1.533,2.1848,1.5518,1.4578,1.5643,1.276,1.1256,1.5205,1.6458,1.157,1.0191,1.1256,1.6897,1.439,1.2447,0.9564,1.7085,0.9,1.1758,1.4327,1.0191,2.2851,1.1946,1.1319,0.806,0.7308,0.9689,0.7308,1.1883,1.1946,1.1507,2.889,4.8778,1.1632,1.6521,0.8373,1.0253,1.3262,1.182,1.6082,1.0755
2/14/2022,92.0991,1.3861,1.4282,1.6636,3.4718,3.8754,1.8402,1.6552,3.4886,1.6889,1.487,2.6476,2.5046,1.2011,1.3441,2.1178,1.6552,1.3104,1.5038,1.6468,1.3945,1.4786,1.5879,1.2852,2.3701,1.6132,1.0245,2.2019,1.3441,1.4029,1.7814,0.7385,1.487,0.7722,1.1506,1.1506,1.6468,1.2179,1.4282,5.3409,9.1211,1.5711,1.1843,1.3861,2.1766,1.7561,1.3441,1.302,1.9243
2/13/2022,68.2852,1.3663,1.5653,1.0227,2.0717,2.8916,2.2947,1.5593,1.2819,2.0596,1.4025,1.3061,0.8599,0.866,1.1855,1.2759,1.3362,1.4327,0.9142,1.4628,1.2156,1.3362,1.083,1.3543,1.71,1.3543,0.7876,1.9089,0.9443,1.8788,1.2397,0.9263,0.7936,0.7092,0.9986,0.9926,0.9383,1.5593,1.1252,2.7409,4.6217,0.8961,1.4447,1.5291,0.9624,0.9745,1.1795,1.5954,1.3302
2/12/2022,58.243,1.1012,0.9605,1.3775,1.9855,1.4378,1.9101,2.1965,1.2921,1.1213,1.5182,0.8349,0.8952,1.0208,1.2519,0.86,0.8048,0.865,0.86,1.3524,0.9253,0.7394,0.9002,1.3926,1.2921,0.8902,0.7796,1.4428,0.8249,1.8599,1.1012,0.4882,0.6289,0.7997,0.7143,0.8902,0.8801,0.9002,1.2017,2.7556,4.647,1.2268,0.86,0.7193,0.865,1.2821,0.9706,1.3524,1.267
2/11/2022,64.7467,1.6591,1.313,1.4435,2.0053,2.8905,1.5853,1.2449,1.9939,1.6024,1.5002,1.12,1.0406,0.8079,1.3924,1.4491,1.0803,1.0803,1.1881,1.1654,1.12,1.1881,0.9554,1.4435,0.7512,0.9611,1.1257,1.0803,0.7795,1.6875,1.3016,0.7455,1.0349,0.8476,0.9668,1.0008,1.1654,1.0235,0.9214,2.7873,4.7018,1.0008,1.4718,1.0519,1.0803,0.9441,1.5002,1.2789,1.2676
2/10/2022,54.2269,0.8416,0.9987,0.7907,1.1883,2.2654,1.7384,2.1082,1.9279,1.0912,0.8416,1.8077,1.216,0.9941,0.7075,0.7214,0.9202,1.1328,0.8554,1.0265,1.3038,1.1143,1.2946,1.3963,0.6382,1.082,0.9571,1.6182,0.7491,1.6367,1.1143,0.7399,0.6659,0.6798,0.7815,0.6752,0.9294,0.8462,0.9849,1.6057,2.6569,0.8231,1.4749,0.6151,1.0311,0.7584,0.6752,0.9895,1.216
2/9/2022,59.0088,0.789,1.4878,1.3654,1.7173,2.7681,1.5337,2.2682,1.2327,1.7581,1.8601,1.7479,0.9573,0.7431,0.7686,0.891,1.2991,0.9573,1.1511,0.8961,1.3909,1.2123,0.8655,1.4266,0.8247,0.7635,0.9522,0.7227,0.8196,1.8295,1.095,0.8655,0.7482,0.5543,0.7533,0.5747,0.9675,0.7737,1.146,2.3074,3.8715,1.3756,0.9012,0.7686,1.2736,0.8757,0.84,1.0083,1.3093
2/8/2022,57.0015,0.936,1.3574,1.0536,1.3476,1.2839,1.2006,1.377,1.769,1.5191,1.1222,1.5338,1.1663,0.7253,1.2153,0.8429,1.0144,0.9409,0.9507,0.9801,1.0193,1.1222,0.9556,0.8821,0.9752,1.1565,0.7596,1.0732,0.8527,1.1712,1.1712,0.6273,0.6077,0.9311,0.8968,0.8968,1.0046,0.74,0.8037,3.7592,6.3839,0.7596,0.7204,1.0144,0.7204,0.7841,0.8282,1.181,0.8674
2/7/2022,72.3024,1.4913,1.6778,1.9414,2.0121,2.1022,1.5363,2.4301,1.3434,1.009,1.8128,2.6359,1.1698,1.0798,1.009,0.9126,1.0926,0.9447,1.7228,1.7163,1.6263,1.0862,0.9383,1.1055,1.054,1.2277,1.5877,1.4784,0.8097,2.1793,1.4206,1.1119,1.2084,0.8547,0.919,1.1441,1.2084,1.7807,1.2791,2.611,4.3969,1.3434,1.7292,1.2534,1.5749,1.6328,1.472,1.3884,1.2405
2/6/2022,82.344,1.3562,1.6015,2.1814,2.8059,3.1702,2.1219,3.1404,3.2371,2.4862,1.5197,2.0922,2.0847,1.5569,1.4528,1.2372,1.8989,1.4751,1.8245,1.6312,1.5272,1.1926,1.9435,1.2075,1.0662,1.6238,1.0588,1.8171,0.977,1.9063,1.7576,1.1406,0.7242,0.806,1.2893,1.2744,1.371,1.5346,1.9286,1.4872,2.4519,2.1963,1.3413,1.7576,1.7799,2.003,1.0291,1.49,1.7874
2/5/2022,80.5272,1.9218,1.1748,1.2256,2.2772,2.6036,2.5528,1.7623,2.444,1.9146,1.5447,1.9218,2.2047,1.4431,1.726,1.2328,1.9291,1.5882,1.7332,1.3996,1.4214,1.3779,1.2546,1.3851,2.0089,0.8629,1.2401,1.4867,0.9572,1.4286,1.6462,1.3271,1.2038,0.7179,1.2183,0.9282,1.4649,1.4359,0.9282,3.3248,5.632,2.0669,1.8275,1.61,1.0152,1.7478,1.8348,1.5374,1.037
2/4/2022,53.2702,1.1898,1.3029,0.7144,1.4659,1.7511,1.8915,1.8236,1.3482,1.0902,1.2622,1.9005,1.3392,0.8819,1.0947,1.1038,1.1173,1.0585,1.1038,0.9996,1.1083,0.9182,1.1626,0.7688,0.6058,0.8638,1.0087,1.3392,0.6601,1.7104,0.891,0.8004,0.6103,0.8729,0.728,0.6103,0.8095,0.8819,0.9544,1.2294,2.0058,0.9725,1.3301,1.226,0.8004,0.9815,1.0087,0.9136,1.0585
2/3/2022,74.8846,1.899,1.2435,1.8187,2.3471,2.4274,1.5244,1.5579,2.3471,1.3907,1.6515,2.0261,1.8722,1.297,0.9559,1.2636,1.7585,0.9893,1.404,1.1097,1.812,1.0027,1.384,1.0964,1.8455,1.0094,1.4508,1.2101,1.0763,1.6381,1.2034,0.7887,0.9091,0.8154,1.1499,1.2368,1.0964,1.5378,1.5579,3.2236,5.4569,1.4107,1.8522,1.4508,0.869,1.404,1.9458,1.2368,1.3305
2/2/2022,65.7031,1.1361,1.1996,1.6785,2.2497,1.5169,1.8747,2.0305,1.4534,1.5342,1.1996,2.2786,1.1418,0.8533,1.2515,1.2861,1.4708,1.5169,1.2515,1.1592,1.1476,1.2457,0.9226,1.1245,1.39,1.0438,1.2976,1.4131,0.9976,2.1459,1.2688,0.8764,0.6571,1.0668,1.0668,0.911,1.0495,1.1707,1.5458,2.375,3.9883,1.3323,1.0438,1.0034,0.9803,1.5573,0.836,0.9399,1.2226
2/1/2022,74.693,1.1737,1.0604,1.7606,2.5409,2.9878,2.0808,1.2738,1.5139,2.3675,1.5405,1.5806,1.2404,0.967,1.6006,0.9536,1.7073,1.3205,1.3271,1.127,1.3338,1.5205,1.127,1.5672,1.8207,1.0804,1.6206,1.854,0.9536,1.2604,1.2404,1.2004,0.7802,0.8403,0.8069,0.8936,1.2738,1.1604,1.047,4.0551,6.8958,1.0337,1.1404,1.4405,1.1937,1.0337,1.7273,1.7206,0.947
1/31/2022,10.3287,0.2286,0.2049,0.2186,0.2545,0.2675,0.2181,0.2263,0.2326,0.2365,0.2181,0.1972,0.1997,0.2,0.2023,0.2095,0.2035,0.1997,0.2228,0.2142,0.2077,0.216,0.2221,0.196,0.2102,0.2111,0.2167,0.2361,0.196,0.1981,0.2056,0.1867,0.2007,0.1918,0.1883,0.1946,0.2018,0.22,0.216,0.2583,0.3252,0.2214,0.2272,0.1932,0.2023,0.2011,0.2228,0.2025,0.2046
1/30/2022,74.8844,1.491,1.3639,1.3505,2.0127,2.0929,2.3872,1.7719,2.9491,1.6114,1.4107,1.5579,1.5512,1.0763,1.3171,1.2368,1.5846,1.6515,1.5311,1.5512,1.705,1.3238,1.3505,1.2234,1.1967,1.2903,1.3438,1.1365,0.9225,1.705,1.4642,0.7352,0.9291,1.1833,1.1699,1.0897,1.3104,1.4442,1.404,3.226,5.4612,1.8722,0.9693,1.3706,1.5512,1.6381,1.1632,1.1231,1.083
1/29/2022,71.1544,1.6445,1.6887,1.4361,2.4781,1.8845,1.575,1.5245,2.2508,0.9056,2.3455,1.2845,1.7518,1.335,0.9182,1.1771,0.9561,1.5497,1.6192,1.1645,1.695,1.0445,1.0698,1.1519,0.874,0.8929,0.9119,1.1014,1.0256,1.2592,1.4676,0.6782,0.7477,1.1392,0.8045,0.6782,1.0256,1.714,1.5687,3.3931,5.7503,0.9561,1.9855,1.6255,1.0382,1.695,1.4866,1.2719,1.6129
1/28/2022,77.7532,1.5827,1.8896,1.7919,1.8338,2.4406,2.3918,2.7336,1.8547,1.6733,1.9872,2.6917,1.1362,1.3315,1.4501,1.2409,1.771,1.0456,1.6036,1.5687,1.5199,1.0316,1.3246,1.8826,1.3943,1.0316,1.2339,1.3036,0.8851,1.4153,1.0874,1.1572,0.8991,1.0037,0.9967,1.0804,1.3943,1.6175,1.3106,2.7621,4.6582,1.2199,1.492,1.6733,1.8617,1.6106,2.057,1.1641,1.6664
1/27/2022,72.4935,1.3985,1.6307,1.0051,2.411,1.6952,1.5597,2.6626,2.5336,0.889,1.3662,2.4691,1.3018,1.0309,1.2824,1.0567,1.0502,1.1341,1.392,1.147,1.3533,1.5468,1.2889,1.2889,1.4888,1.076,0.8825,1.9983,1.018,1.2695,1.334,0.9083,0.8954,1.1857,1.0309,0.7665,1.0696,1.7016,1.1276,4.0969,6.9682,0.9922,1.0502,1.4178,0.8438,0.9793,1.3146,1.5984,0.9857
1/26/2022,72.7802,1.0088,1.1837,1.2032,2.3757,1.7603,2.0583,2.8421,2.136,2.2072,1.3262,2.5895,1.3003,1.093,1.2744,0.9181,1.1254,1.3845,1.1189,1.6242,1.6696,1.1902,1.1837,1.106,1.4169,1.1384,1.2679,1.8121,0.9376,1.9805,1.4169,0.7173,1.0218,1.1643,1.1643,1.0736,1.0606,1.5141,1.5918,2.5509,4.2928,1.2485,1.4947,1.0736,1.4947,1.093,1.9157,1.0023,1.6566
1/25/2022,74.884,1.9123,1.2168,1.404,1.9257,2.414,2.7551,1.8655,2.4274,1.9725,2.1866,1.6916,0.9358,0.9492,1.0562,1.4241,1.3505,1.2769,1.3371,1.2903,1.4241,1.6181,1.1499,1.8388,1.1766,1.5445,0.8823,1.2101,0.996,2.2601,1.598,0.8823,0.7151,0.7486,0.7017,1.0161,1.0161,1.1097,1.5846,3.324,5.6307,1.7251,1.1967,1.2903,1.4508,1.2769,1.3171,1.3706,1.4375
1/24/2022,91.047,1.6366,2.0103,1.8691,3.5467,4.1031,3.256,3.6214,2.5003,1.6366,2.5833,1.7861,1.0802,1.3709,1.1217,1.894,1.6947,1.3542,1.9937,1.3792,1.5536,1.9771,2.0518,2.3425,2.002,1.3127,1.9356,2.2761,1.2961,1.8857,1.6283,1.2712,1.047,1.2712,1.2214,0.9473,1.4788,1.6283,1.62,2.323,3.8984,2.3591,2.5916,1.7861,1.5868,1.5452,1.1881,1.5702,1.0137
1/23/2022,81.6749,1.6402,1.9422,2.1264,3.0252,2.4211,1.5739,3.1063,3.1137,1.8612,1.6549,1.3013,1.0139,1.6107,1.6991,1.3455,1.1318,1.2718,1.6844,1.4707,1.677,1.4118,0.9329,2.1485,1.4412,0.9771,1.6107,1.537,1.095,2.0822,1.6254,1.2497,0.815,1.2865,0.9624,0.9918,1.2939,1.0066,1.2939,3.3828,5.7325,1.2055,1.2497,1.7286,1.3455,1.6033,1.7654,1.4854,1.7433
1/22/2022,70.2937,1.8797,1.8548,1.7738,2.0479,1.5434,2.484,2.2348,2.7332,2.4155,2.023,2.2224,0.9017,0.9765,1.2194,1.3316,1.3689,1.5994,1.2007,1.506,1.0325,1.506,1.2132,1.1384,1.4748,0.9267,1.0325,1.3565,0.7958,1.967,1.4935,0.7273,0.7834,0.8644,0.9952,0.7273,1.1571,1.7116,1.2506,1.6404,2.7171,0.8644,1.4188,1.6991,1.3004,1.4873,1.3316,1.1758,1.1883
1/21/2022,71.6329,1.4393,1.0639,1.4393,2.2284,3.3038,1.7575,2.2029,2.3111,1.4202,1.9738,1.6875,0.8603,1.1784,0.9366,1.6493,1.5666,1.5093,1.153,1.6175,1.2357,1.0766,1.2866,0.9112,1.6939,0.9557,1.5602,2.0566,0.9875,2.0247,1.3566,0.7839,0.7648,1.0384,0.8348,1.1021,1.0193,1.1721,1.3439,2.8466,4.8045,1.8148,0.9303,0.9748,0.8412,1.083,1.0321,1.3948,1.4075
1/20/2022,58.339,0.7858,1.2288,1.5007,2.1551,1.3798,1.8933,2.0242,1.7473,1.108,1.5007,0.8412,0.9771,0.8865,1.0979,1.1986,0.8009,1.3043,1.0426,0.9872,1.0275,0.9016,0.9218,0.8966,0.7506,0.8261,1.2037,1.7775,0.8714,1.6718,0.9469,0.7707,0.9721,0.7556,0.8815,0.9218,0.816,0.9318,0.811,2.6923,4.5375,0.8412,0.9469,1.3194,1.254,1.0577,0.9067,0.7959,0.8714
1/19/2022,74.5975,1.1523,1.8116,1.452,2.4909,1.8849,2.8572,2.2512,2.2911,1.745,1.4187,2.5309,1.5186,1.3055,1.139,1.5719,1.6984,1.5852,1.0125,1.6185,1.0924,0.9991,1.6318,1.0857,1.7384,1.0458,1.0258,2.098,0.9858,2.2179,1.1057,0.846,0.9991,0.8992,0.6595,0.8726,1.0857,1.7317,1.2522,2.4983,4.2017,1.8316,1.9581,0.9192,1.7783,1.0591,1.0125,1.7583,0.8726
1/18/2022,87.3173,1.3961,1.5785,1.4516,2.2051,1.9275,3.1173,3.0062,2.9824,2.0465,1.2374,2.0623,2.1179,1.5944,1.3485,1.5706,2.0703,1.5071,1.9989,2.0227,2.0703,1.2454,1.3168,1.3247,1.0233,1.3644,0.9757,2.0544,1.3088,1.4913,1.2612,0.8409,1.2295,1.3168,1.2612,1.1502,1.4754,1.1264,1.8641,3.7337,6.3398,1.9751,2.34,1.3168,1.7927,1.9275,2.2368,1.2057,1.5071
1/17/2022,72.6846,1.1693,1.6479,1.234,2.0555,2.657,1.3569,2.0684,2.3401,2.4306,1.5574,1.3375,1.5768,1.4215,1.0981,1.2986,1.1305,1.538,1.1434,1.1434,1.5639,1.3957,1.0981,1.939,0.8394,1.4021,1.2663,0.8523,1.0981,2.3659,1.3957,0.7294,0.8588,0.7359,0.9817,0.7682,1.2275,1.0205,1.1757,2.9383,4.9632,1.6544,1.8679,1.331,1.2016,1.732,1.4733,1.1887,1.4151
1/16/2022,75.171,1.8795,1.7116,1.7385,2.4371,3.2968,1.4832,2.0407,2.5177,2.1214,1.5571,2.0273,1.6444,1.1339,1.4362,1.4496,1.6915,1.3019,1.5974,1.1474,1.5907,1.3153,1.7989,1.4429,1.2414,1.2481,0.8585,1.3556,0.8652,2.2826,1.3623,1.0197,1.2145,0.7309,1.0802,0.7645,1.228,0.966,1.4832,2.0535,3.4319,0.9929,1.6108,1.725,1.7922,1.1608,1.1877,1.6108,1.5437
1/15/2022,68.381,0.9939,1.6339,1.3864,2.3766,2.5094,1.5554,1.3381,2.5215,1.8271,1.2113,0.9577,1.5675,1.0543,1.2414,1.2716,0.9275,0.8912,1.6218,1.1086,1.5675,1.4105,1.2837,1.0301,0.9094,0.7282,1.4286,1.3803,0.9275,1.9902,1.4286,0.8973,1.1267,1.1267,0.6376,0.9094,1.0301,1.1207,0.9577,2.9219,4.9349,0.849,1.7849,1.5796,0.849,1.5615,1.5615,1.1871,1.2656
1/14/2022,64.0775,1.3219,1.1312,1.6359,2.4378,2.6789,1.5574,2.5556,1.2714,1.9107,1.2153,1.0134,1.3106,0.9181,1.0695,1.3219,0.8957,1.2714,1.434,1.5013,1.2041,1.2153,1.2714,1.0807,0.7443,1.1761,0.7611,1.0246,0.8396,1.5574,1.0695,0.5985,0.7218,1.0134,0.9686,0.7667,0.9125,1.2658,1.1817,2.4421,4.1046,1.6751,1.7088,1.1256,0.7274,1.249,0.8957,1.1368,1.1873
1/13/2022,62.8339,1.6253,0.9179,0.9837,1.9707,2.9084,2.3162,2.4039,1.6856,1.5704,1.1317,1.9926,1.3072,1.0934,0.8027,1.0659,1.3017,1.1701,1.0056,0.9837,1.1043,1.0221,1.1811,0.9892,1.2195,1.044,0.9782,1.4936,0.7534,1.1811,1.1317,1.0221,0.896,0.8576,0.8685,0.7479,0.9672,1.4224,1.1701,2.0764,3.4716,1.4224,0.704,0.9782,0.7205,1.0605,1.6691,1.2579,1.1866
1/12/2022,65.5119,1.1501,1.4319,0.9258,2.2601,2.6684,2.4844,1.6045,2.0531,1.6447,1.915,2.3924,0.9891,0.8913,1.0408,1.3112,1.2306,1.2709,1.0006,1.4032,1.5009,1.3859,1.4492,1.4147,0.9546,0.7015,1.0006,1.5412,0.805,1.3514,1.0466,0.9776,1.0639,0.9718,0.9661,0.9718,1.1789,1.2019,1.2939,1.6537,2.74,1.3284,1.3227,1.1329,1.2651,1.1674,1.0006,1.0926,1.3629
1/11/2022,52.983,1.2373,1.1248,0.8864,1.876,1.4847,1.0753,0.9944,1.4802,1.3407,1.0258,0.9764,1.3317,0.8594,1.0213,0.8189,1.2193,1.0843,1.0978,1.0124,1.0843,0.7874,0.9764,0.9764,1.0213,0.8864,1.0483,1.0079,0.693,1.5027,0.8639,0.7829,0.531,0.5985,0.5355,0.63,0.8414,1.0978,1.2463,2.4137,4.0553,0.7694,1.0618,0.7919,0.711,1.1248,0.7065,1.1923,1.0978
1/10/2022,42.9417,0.8969,0.7816,0.841,1.5014,1.9382,1.6063,0.8865,1.2429,0.6558,1.166,1.0192,1.0507,0.6733,0.5545,0.7572,0.7118,0.7432,0.6174,0.9843,0.8585,0.8795,0.6733,0.7292,0.8445,0.7048,0.5231,0.6838,0.565,0.8306,0.8026,0.4602,0.7118,0.5825,0.5895,0.565,0.6768,0.8865,0.5685,1.8123,3.0145,0.7467,0.9319,0.6349,0.9948,0.9179,0.5615,0.6733,0.89
1/9/2022,43.5152,0.9764,0.8415,1.0297,1.0332,1.0013,1.2925,0.8272,1.3955,0.7278,1.1611,0.9089,1.1327,0.5573,0.877,0.7846,0.6994,0.6816,0.8344,0.7598,1.0048,0.8805,0.5041,1.0972,1.0474,0.6,0.6035,1.1291,0.5289,0.9516,0.916,0.6497,0.5076,0.5467,0.4614,0.5751,0.7527,0.6674,0.6603,1.9082,3.1806,0.6319,0.8876,0.9089,0.9942,0.7456,0.9516,0.7278,0.9729
1/8/2022,49.4445,1.3105,0.8173,0.6391,1.8452,1.5882,1.5675,0.9458,1.2525,1.3396,1.3561,0.9583,0.7096,0.8298,0.8298,0.7469,1.0287,0.8091,0.9085,0.8754,0.9873,0.9873,1.008,1.1033,1.2069,0.6557,0.9707,0.6972,0.7303,1.1158,0.7552,0.8008,0.5314,0.4982,0.8256,0.664,0.751,0.7303,0.8546,2.4874,4.1828,0.8215,0.8298,0.7013,0.8546,0.6847,0.8919,0.9002,0.8588
1/7/2022,68.6675,1.5074,1.3376,1.2041,1.7622,2.108,1.647,2.4538,2.4053,1.7986,1.4892,1.6712,1.1677,1.3072,1.3618,0.9553,1.1738,1.1616,1.562,1.4164,1.5074,1.2344,1.0403,1.4164,1.5256,1.2951,1.192,1.4953,0.925,1.7804,1.2769,0.9371,0.9068,0.6277,0.9675,0.7855,1.2102,0.8947,0.8158,2.6795,4.5154,0.9189,1.556,0.9371,0.9675,1.4892,1.5256,1.5014,1.2526
1/6/2022,56.5218,1.0934,1.336,0.8702,1.8601,2.2677,1.3409,1.4282,1.1565,1.1614,1.6175,1.8358,1.108,1.074,0.8411,0.9333,0.8945,0.8751,0.9527,1.1031,1.0837,1.2536,1.0304,1.2972,1.404,1.0401,1.0207,1.7824,0.8654,0.7926,1.142,0.4918,0.6276,0.8751,0.5743,0.5694,0.9527,0.9721,0.9818,2.0876,3.491,1.3409,1.1856,0.7004,1.0886,1.205,1.0109,0.9818,0.9236
1/5/2022,55.0872,0.9012,1.4192,0.9059,1.7723,2.0549,1.7347,1.8618,1.471,1.2826,1.6499,1.3815,0.8447,0.7317,0.7553,0.8871,1.0237,0.9059,1.1037,1.1743,1.2732,0.986,1.0943,1.0519,1.1272,0.9436,0.8023,1.0142,0.84,1.73,0.9766,0.8306,0.5245,0.6375,0.76,0.8306,0.953,0.873,1.1838,1.8618,3.1002,1.3721,1.0943,0.7364,0.6281,0.9201,1.1367,0.8589,1.0849
1/4/2022,39.4978,0.951,0.6958,1.0045,0.9919,1.0266,1.2723,1.5053,1.4896,1.1589,1.1715,0.8691,0.5635,0.8092,0.7305,0.6612,0.9163,0.6391,0.9321,0.8565,0.7462,0.6643,0.7588,0.7966,0.5698,0.51,0.4942,1.014,0.5667,0.7431,0.8092,0.4155,0.6895,0.5163,0.6328,0.6045,0.6328,0.7021,0.8785,0.7861,1.2387,0.6391,0.7525,0.8722,0.8502,0.7935,0.951,0.8722,0.7525
1/3/2022,42.5586,0.9512,0.7749,0.7922,1.4004,1.0998,1.1447,1.3589,1.5145,1.1412,1.2207,0.8164,0.5434,0.5814,0.7058,0.8682,0.9719,0.9131,0.685,0.8751,0.7092,0.7749,0.5675,0.7438,0.7853,0.5917,0.7092,0.7403,0.5745,0.9615,0.9028,0.647,0.5157,0.6125,0.647,0.6436,0.6747,1.0306,0.6021,1.8664,3.1082,0.6712,1.162,0.5952,0.6228,0.6436,0.647,0.8889,0.5606
1/2/2022,48.0102,0.6588,0.8188,1.1989,1.0709,1.471,1.8151,1.599,1.463,0.9189,1.1469,1.615,0.6228,0.6708,0.7828,0.6428,0.9509,0.7868,0.8148,0.9069,0.7348,0.7428,0.9509,1.1989,0.8148,0.5868,0.7988,0.8348,0.6148,0.7628,0.7988,0.4988,0.5708,0.5868,0.5028,0.6188,0.7308,0.9109,0.5948,2.5624,4.3126,0.8868,1.311,0.9509,0.6348,0.8708,0.8388,0.7908,1.0429
1/1/2022,46.3842,0.9152,0.7463,0.7578,1.1224,2.0283,1.4103,0.942,1.395,0.6273,1.3028,0.8192,1.1839,0.823,0.9919,0.7923,0.6234,0.8192,0.942,0.8154,1.0802,0.7923,0.5467,0.9228,0.8653,0.8115,0.6004,0.9958,0.6004,1.1493,0.9689,0.4737,0.6541,0.4545,0.6618,0.5851,0.8077,0.9344,0.6772,2.4102,4.0493,0.6887,0.7693,0.8307,0.658,0.7232,0.7079,1.0226,0.8845
12/31/2021,46.346,0.8991,1.0678,1.1061,1.317,1.0141,1.7657,1.5663,1.0601,0.5885,1.1982,1.0256,1.1713,0.8837,0.9911,0.8032,0.7342,0.9566,0.7073,0.8147,1.0026,0.8761,0.9067,1.0985,0.8569,0.9298,0.623,0.8262,0.5923,0.7879,0.9298,0.5731,0.669,0.761,0.5386,0.7112,0.692,0.9873,0.6422,2.1299,3.5642,0.9259,0.7879,0.5501,0.6192,0.9298,0.5961,0.7879,0.7802
12/30/2021,29.5008,0.6784,0.5064,0.6332,0.7386,0.7601,0.9042,0.5709,0.6246,0.945,0.8633,0.5085,0.4376,0.5859,0.5257,0.573,0.4698,0.4612,0.4268,0.644,0.4935,0.5021,0.6354,0.7214,0.6354,0.4935,0.5752,0.6913,0.4505,0.5816,0.5193,0.4763,0.4419,0.429,0.4827,0.3838,0.53,0.4784,0.4784,1.1643,1.8932,0.5064,0.6053,0.6182,0.4075,0.5644,0.7579,0.6547,0.472
12/29/2021,28.3426,0.604,0.5837,0.4799,0.9804,0.9682,0.7037,0.84,0.9743,0.6366,0.484,0.6752,0.4393,0.5349,0.4962,0.6427,0.4921,0.4759,0.5288,0.6284,0.5898,0.4738,0.3884,0.6467,0.3864,0.3864,0.3884,0.5918,0.4576,0.5939,0.4799,0.3416,0.3925,0.4006,0.3416,0.4189,0.5206,0.602,0.425,1.0532,1.7009,0.6712,0.7078,0.6061,0.3823,0.6325,0.5308,0.4555,0.6081
12/28/2021,28.3423,0.4657,0.5206,0.6773,0.9763,1.1858,0.5755,0.9336,0.7668,0.4148,0.72,0.4962,0.661,0.4047,0.4433,0.5796,0.602,0.5633,0.5755,0.5654,0.4637,0.5817,0.4942,0.6061,0.6529,0.3823,0.5125,0.6447,0.4433,0.84,0.5979,0.3192,0.4779,0.4759,0.366,0.3355,0.5206,0.5166,0.4433,0.709,1.1052,0.4087,0.7118,0.5735,0.6549,0.5939,0.6691,0.5674,0.5471
12/27/2021,39.5724,0.7508,0.8392,0.9844,0.9433,1.379,1.4675,0.716,1.1202,1.1391,0.7697,1.3064,0.9939,0.7318,0.7444,0.6781,0.7634,0.6908,0.7381,0.6087,0.7918,0.5297,0.9086,0.5834,0.9718,0.7792,0.7855,0.9749,0.5519,0.8802,0.7602,0.5203,0.4003,0.4729,0.4287,0.574,0.6939,0.6055,0.8676,1.59,2.6299,0.6213,0.4824,0.5297,0.5013,0.7602,0.6845,0.7097,0.6182
12/26/2021,46.7026,0.9175,1.0762,0.7433,1.4245,1.08,1.3703,1.5251,1.4516,1.0839,1.2697,1.2503,1.1768,0.8594,0.8014,0.6311,0.6466,0.7124,1.0413,0.9523,0.7936,0.7666,0.5421,0.9988,1.1497,0.6892,0.7743,1.3587,0.5576,1.2465,0.7395,0.546,0.5382,0.515,0.4647,0.573,0.7975,1.0104,0.6466,2.0801,3.4781,1.1768,0.5847,0.813,0.6582,1.0026,0.6737,0.8981,0.6156
12/25/2021,39.0377,0.9892,0.8433,0.595,1.0016,1.3026,1.0264,0.8309,0.7502,1.0885,0.6974,0.8309,0.7936,0.6198,0.7471,0.716,0.6136,0.7719,0.6571,0.7098,0.7905,0.5236,0.8464,0.7191,0.7036,0.7253,0.7595,0.7719,0.505,0.6322,0.7936,0.4801,0.4119,0.6602,0.4491,0.654,0.6664,0.6043,0.7812,1.9046,3.1744,0.7129,0.5826,0.8961,0.6136,0.6074,0.7967,0.834,0.8526
12/24/2021,34.4032,0.5997,0.7,0.7185,0.8848,0.8558,1.2439,0.9456,1.1093,0.935,0.7924,0.9429,0.7264,0.7079,0.5337,0.6736,0.6498,0.5522,0.5073,0.7396,0.6578,0.6578,0.7766,0.7792,0.7898,0.5257,0.5891,0.7871,0.4861,0.6314,0.5257,0.465,0.3911,0.436,0.3858,0.4017,0.5918,0.5838,0.7185,1.2893,2.1094,0.7291,0.4307,0.5469,0.6208,0.531,0.6974,0.7238,0.7264
12/23/2021,38.5919,0.6561,0.754,0.959,1.0905,1.1028,0.8336,1.1578,0.7969,0.8978,0.6776,1.1701,0.9804,0.7999,0.7877,0.6623,0.6317,0.8366,0.803,0.7571,0.855,0.8183,0.5185,0.5246,0.6041,0.6867,0.7999,0.6745,0.5307,0.5613,0.7326,0.6194,0.4848,0.5521,0.5674,0.4909,0.65,0.6531,0.7387,1.5761,2.6057,0.855,0.7693,0.7204,0.855,0.7602,0.9468,0.5858,0.5001
12/22/2021,37.8792,0.9764,0.9107,0.6716,1.2214,0.9435,1.3559,0.9824,1.0391,0.5551,1.1826,1.0511,0.9405,0.5133,0.5222,0.8389,0.6537,0.7702,0.8927,0.7493,0.8868,0.6627,0.6089,0.8091,0.7941,0.7284,0.5551,0.573,0.5222,1.081,0.7583,0.4774,0.5282,0.5133,0.6149,0.4475,0.5611,0.8061,0.8389,1.2456,2.0338,0.9614,0.5222,0.5611,0.4953,0.6208,0.5163,0.6985,0.6866
12/21/2021,49.2871,0.9965,1.1823,0.8809,1.1823,2.1815,1.876,1.4507,1.3764,1.6613,0.9016,0.9676,0.6621,0.6332,0.9387,0.7158,0.6993,0.9842,0.6704,0.8355,1.0667,0.8107,0.5754,1.2979,0.7984,0.9718,0.7117,0.9057,0.7612,1.1947,0.9511,0.5135,0.8314,0.6497,0.7529,0.5011,0.819,0.9511,0.8892,2.0219,3.3773,1.1287,0.7447,1.0296,0.8066,1.0585,1.0296,0.7364,0.6043
12/20/2021,57.8436,0.9542,1.0339,1.029,1.9062,2.2601,2.0557,2.3149,2.0458,0.7249,1.3928,1.4975,0.9891,1.0688,1.1885,0.9691,1.1934,1.2134,1.1137,1.2483,1.2682,0.7698,1.0539,1.0439,1.3131,1.0339,0.6801,1.1586,0.7947,1.6769,0.9093,0.5455,0.7,0.7648,0.705,0.6601,1.029,1.2981,0.8794,2.2841,3.8311,0.8396,0.8844,0.705,0.9492,1.1286,0.8794,1.1785,0.6801
12/19/2021,53.9217,1.3147,0.9565,0.9979,1.4249,2.4995,1.8107,1.4754,1.5673,0.9611,1.3423,1.0851,0.9611,0.9703,0.8509,0.7131,1.007,1.0024,0.7131,0.883,1.2642,0.8188,1.1724,1.3928,0.6948,0.9657,1.007,1.1953,0.7591,0.9336,1.1448,0.6534,0.534,0.8463,0.7315,0.8279,0.7637,1.2963,1.2504,2.1478,3.5951,1.0438,0.8509,1.2321,0.6167,0.9106,1.0943,1.007,0.6351
12/18/2021,61.4082,0.8663,1.4698,1.6354,1.3363,2.4739,1.5553,1.4538,1.3951,1.6995,1.4057,1.9879,1.4004,1.2402,0.9998,1.3523,0.9197,1.0906,0.8236,1.3256,1.0052,1.3684,0.7915,1.6461,1.4164,1.1814,1.2188,1.6942,0.877,0.9464,0.8823,1.0052,0.9998,0.8129,0.5779,0.6367,0.9197,1.3577,1.0265,1.5867,2.6241,1.0372,1.7209,1.4592,0.9411,1.2989,1.3897,1.2722,1.2829
12/17/2021,57.1306,1.5178,0.9871,1.1542,1.8175,1.9648,1.6111,1.8518,2.0926,1.7094,1.0166,0.9921,1.4784,1.051,0.9724,1.3163,0.7906,1.3163,1.11,1.164,1.1837,0.7759,1.0608,0.7366,0.8496,0.7464,0.9871,1.7241,0.7169,1.8027,0.8741,0.4762,0.7022,0.7268,0.6285,0.8938,1.0363,0.9577,0.7513,1.8976,3.1621,0.938,0.9528,1.3311,1.1788,0.9331,1.2918,0.7415,1.1591
12/16/2021,51.5152,0.8934,1.1414,0.6889,1.3111,2.0683,1.3155,1.4025,1.4156,1.4634,1.2807,1.4634,0.8542,0.7976,0.6627,0.7367,0.6758,0.7498,1.1588,1.1545,1.1675,1.0283,0.6323,1.3677,0.9282,0.7628,1.0413,1.3111,0.7063,0.7498,0.963,0.6279,0.6627,0.8063,0.8455,0.5975,0.9195,1.0892,0.9064,2.1507,3.6003,1.3285,0.6714,0.8194,0.7933,1.1414,1.2284,0.7715,0.6627
12/15/2021,56.1498,1.4812,1.0189,0.913,1.6208,2.2179,2.136,2.1986,1.4041,1.5582,1.616,1.25,1.2163,0.73,0.783,1.0141,0.9804,0.7541,0.8311,1.3078,1.2693,0.9419,1.2308,1.3415,1.0189,0.6963,1.173,1.5438,0.6771,1.173,0.8985,0.7156,0.7011,0.6578,0.8071,0.6482,0.8022,0.8697,0.8985,2.064,3.4502,0.7685,0.8793,1.0526,0.6867,0.9082,0.9467,1.2837,1.0141
12/14/2021,56.3283,0.7756,0.8336,1.4232,1.8533,1.2492,1.3555,0.9786,1.4135,0.7998,1.4377,0.9351,1.0124,0.8771,1.1719,1.2009,1.0607,0.9931,0.8384,0.9931,1.2396,1.2057,1.1139,1.0897,0.9158,0.6016,0.8771,1.1864,0.8481,1.5972,1.0607,0.6886,0.7708,0.6451,0.6355,0.6113,0.7998,1.0946,1.0414,3.179,5.3798,0.9593,0.6983,1.2927,1.2154,1.3797,0.8046,1.1332,1.0607
12/13/2021,56.4175,0.8687,1.4788,1.3142,1.4013,1.3093,1.5998,1.0479,2.0985,1.1205,0.8736,1.9242,0.7089,0.9656,0.8832,0.8832,0.7622,0.9849,1.1011,1.3142,1.1786,0.7283,1.2609,0.738,1.3481,0.6315,0.8251,1.6095,0.767,0.8832,1.1205,0.8784,0.6412,0.6024,0.7864,0.8106,1.014,0.9462,1.0963,2.8885,4.8769,0.9268,1.5127,0.9801,0.6993,1.0479,0.7283,1.2948,0.9559
12/12/2021,54.7242,1.2133,1.1292,1.4703,1.7319,1.4235,2.031,2.0917,1.4749,1.6338,1.232,1.4983,1.4703,0.961,1.1479,0.9937,1.1806,1.0498,0.9002,0.8161,1.1712,0.732,0.8862,1.1105,0.6246,0.961,0.8582,1.0918,0.6339,1.5263,0.8348,0.7274,0.6199,0.8582,0.5171,0.7507,0.8535,1.1899,0.6993,1.5441,2.5505,0.8629,1.1292,0.9049,1.3067,1.2507,1.3862,0.8722,0.8208
12/11/2021,51.2485,1.2133,0.9495,0.7981,1.1657,2.2599,1.3387,1.702,1.7149,1.5895,1.4857,0.8111,0.9322,0.7462,0.824,1.1138,0.7765,0.9711,1.1095,0.9192,1.01,1.1138,0.8803,1.3517,1.183,0.6164,0.7029,1.5636,0.6208,1.4728,1.0922,0.504,0.4781,0.8413,0.5645,0.6208,0.7678,1.0403,0.9538,1.5795,2.6116,1.2652,1.01,0.6727,0.9841,0.7159,0.9278,0.7635,0.9192
12/10/2021,58.1997,1.3413,1.2359,1.015,1.3213,1.6526,1.8935,2.3554,2.2751,1.8383,1.8835,1.4819,0.7942,1.0452,1.1757,0.8092,1.0251,0.8092,1.0251,0.8644,1.3564,0.8193,0.8544,1.005,0.759,0.8343,0.8895,0.8042,0.6737,1.3162,0.9448,0.5331,0.7942,0.6636,0.8393,0.5783,0.9648,1.1405,1.0502,2.8159,4.7513,1.4819,1.3715,0.8142,0.8092,1.1506,0.749,0.8695,0.7239
12/9/2021,69.9648,1.8769,1.2263,1.0652,1.9141,2.5399,1.753,2.1991,1.3316,1.3936,2.1371,1.9574,0.9412,1.1333,1.2882,0.904,1.6352,1.1581,1.0528,1.66,1.5671,1.2634,0.8297,1.3254,1.8273,1.4246,1.4741,1.5671,0.997,2.0752,1.2449,0.7677,0.8049,0.6128,0.6686,0.7987,1.1147,1.7282,1.4803,2.6447,4.4552,1.0466,1.6104,1.0218,0.7553,1.5237,1.7592,1.1643,1.2449
12/8/2021,66.2216,1.7328,1.4184,1.3078,2.0356,3.037,1.8376,2.4082,1.8376,1.203,2.1637,1.727,1.2205,1.0807,1.2088,1.1448,0.941,1.2321,0.9119,1.2147,1.5873,1.4475,0.842,1.5349,1.2263,0.7431,1.1215,1.0225,0.9061,1.0866,1.1739,0.842,0.5975,0.7314,0.9876,0.6441,1.1681,1.3719,1.5523,1.9471,3.2478,1.663,1.6106,1.5232,1.0458,1.4068,1.1855,0.8595,1.4825
12/7/2021,60.1604,1.2881,1.3872,0.9699,1.7628,2.6704,1.5124,2.2844,1.3559,1.2307,1.6272,0.8552,1.5385,0.7717,1.1629,0.7926,1.3194,1.1786,0.9334,1.1577,1.0586,1.1734,0.6674,1.3455,1.5646,1.0325,1.2307,0.8187,0.7561,0.8969,1.0482,0.9073,0.7039,0.9543,0.8395,0.8761,1.0273,1.1942,1.2829,2.5201,4.2395,0.9543,1.4759,0.8917,0.9073,1.3142,0.9021,0.8917,0.8865
12/6/2021,62.3888,1.5373,0.9064,0.8737,1.6569,1.5699,1.6678,1.8908,1.2708,1.8092,1.1348,1.8255,1.3306,1.0586,1.0151,1.2762,0.8465,0.9988,1.5264,0.9281,1.0369,1.1674,1.472,1.2544,1.2001,0.9281,1.0967,1.5481,0.7269,1.2381,1.0586,0.542,0.8085,0.9009,0.9118,0.6779,0.9009,0.7867,0.8302,3.3915,5.7474,1.4992,0.9825,1.2436,0.9988,1.0478,1.0695,1.249,0.9499
12/5/2021,59.6259,1.2457,1.163,1.1424,1.8187,2.8151,1.7774,1.9168,1.4831,1.7103,0.8791,1.3799,0.8998,1.0908,1.1011,1.3644,0.7759,1.2611,1.034,1.1114,0.9152,1.3231,0.9307,1.5193,1.2973,0.9927,0.7087,1.6896,0.8378,1.8703,1.225,0.5126,0.781,0.7242,0.8223,0.8894,1.0391,1.0443,0.8275,2.2199,3.72,1.1785,0.7965,0.9049,1.034,0.8533,1.1011,1.0598,0.8378
12/4/2021,43.2268,0.6528,0.8853,0.6105,1.0649,1.2552,0.9311,0.7444,1.1107,1.1284,1.0192,0.6669,1.1424,0.6598,0.7409,0.6528,0.6845,0.8642,0.681,0.755,0.6986,0.8853,0.8677,0.6317,0.6528,0.7726,0.6281,1.0015,0.533,0.7162,0.6669,0.4203,0.4273,0.4273,0.5013,0.6739,0.7444,0.7479,0.6176,3.0874,5.2212,0.7726,0.7056,0.8184,0.7867,0.6739,0.7444,0.9029,0.6493
12/3/2021,54.7238,1.0825,0.9329,0.9937,2.059,1.6665,1.9188,1.1806,1.0825,1.6712,1.6992,1.2553,1.0965,0.9283,0.7881,1.1198,1.1525,0.9843,1.0124,1.2133,1.0124,0.7507,1.0684,0.9236,1.1245,1.1058,0.8909,1.2133,0.6946,1.2694,0.9329,0.8722,0.9189,0.8909,0.8301,0.8675,0.9937,1.1292,1.0965,1.4466,2.3817,1.017,1.3067,1.274,1.2366,0.9563,1.0544,0.7087,0.9189
12/2/2021,63.6369,0.851,0.9345,0.9845,1.7022,2.9485,1.374,1.3295,2.3699,1.0346,1.3629,1.6577,0.8677,0.9233,1.1848,1.2905,1.285,0.8955,1.2238,1.3573,1.1793,0.979,0.9901,1.6577,1.4463,1.246,0.9901,1.7746,0.7509,1.4686,1.1959,0.634,0.7342,0.5895,0.9011,0.6841,1.1347,1.0235,0.9901,3.3493,5.6745,1.2126,1.3462,0.9456,0.723,0.9178,1.4797,1.2571,0.7842
12/1/2021,58.913,0.9507,1.5566,0.9304,1.2918,1.9283,1.4242,1.2562,1.5922,1.3071,1.5668,1.5311,1.5057,0.798,1.1646,1.2766,0.8591,1.1798,0.7878,1.4039,1.2817,0.8794,0.9405,1.0016,1.3173,0.6554,0.9355,1.745,0.7063,1.9028,0.8387,0.7216,0.7216,0.798,0.9049,0.6045,0.8336,0.9762,0.9864,2.7267,4.597,1.4344,0.6656,1.2664,0.8794,0.8744,1.2002,1.2766,0.9304
11/30/2021,59.4479,1.5866,1.2985,1.3808,1.4168,1.35,1.3963,1.0979,1.9005,0.9384,1.1082,0.8561,1.4323,0.8406,0.8149,0.9127,0.7995,1.0824,1.3037,1.2316,1.1596,1.2008,0.8252,1.53,0.9075,0.8509,0.9075,1.2522,0.8149,1.3603,1.1236,0.5577,0.8458,0.5731,0.7274,0.7995,0.8818,0.9693,0.9075,3.5129,5.9576,1.031,1.2522,1.422,1.175,0.8355,1.0413,1.2419,1.0361
11/29/2021,62.9235,1.4739,1.5178,1.364,1.7265,2.9019,1.2926,1.3365,1.3805,0.7598,1.8363,1.2432,0.8258,0.9686,1.1388,1.1333,1.1059,1.0564,0.8422,0.996,1.4134,1.3036,0.974,1.0619,1.018,1.04,1.0949,1.2047,0.8532,1.2816,1.2706,0.8697,0.9301,0.9081,0.7653,1.0454,1.0729,0.8258,1.4354,3.4051,5.771,0.9246,1.2706,1.2102,1.1168,1.018,0.8093,1.0729,1.0564
11/28/2021,55.0803,1.2589,1.1365,1.2401,1.8192,1.7062,1.7721,1.2684,1.9557,1.3719,1.5085,0.8352,0.9717,0.8352,0.8258,1.2071,1.226,1.0847,1.0094,1.0659,1.0141,0.8211,1.113,1.0894,1.2354,0.8399,0.8399,1.0847,0.7316,1.3813,1.0942,0.5574,0.9294,0.661,0.7175,0.8352,0.8823,1.2919,1.2731,1.9788,3.3027,1.1554,0.661,0.6657,0.8823,1.0518,1.1648,0.8964,0.8305
11/27/2021,52.3177,0.9688,1.2436,1.0087,1.7355,2.192,1.8552,1.7444,1.2524,0.663,1.0442,1.2259,0.6719,0.8669,0.8935,1.053,0.9201,0.9245,0.9112,0.8669,1.1948,1.1195,1.1461,1.1594,1.2613,0.6231,0.6763,0.8226,0.6187,1.4519,0.8137,0.8713,0.7915,0.7206,0.499,0.7384,0.7517,1.1106,1.1328,2.1143,3.5372,1.0176,0.632,0.7428,0.9422,0.9378,1.022,0.9954,0.8314
11/26/2021,59.1803,0.873,1.0521,1.1749,1.8454,2.6182,1.2517,1.8607,1.3387,0.9037,1.5383,1.4155,1.006,1.2056,0.7501,0.9753,1.2261,1.3336,1.3592,1.0981,1.4103,1.2107,1.1493,0.9856,1.0316,0.6324,1.2517,1.4052,0.8115,1.5127,1.047,0.873,0.6375,0.7092,0.6375,0.6887,0.9241,1.2159,1.1852,2.3971,4.0267,0.8422,1.5895,0.7297,1.1493,1.0521,1.2056,1.1084,0.9344
11/25/2021,58.1996,1.5221,1.0602,1.5672,1.8433,2.7218,1.5823,1.2861,1.261,1.3815,0.8845,1.246,1.497,0.7339,1.005,1.0753,0.764,1.1355,0.9498,1.1154,0.9397,1.0602,1.0502,0.8745,1.1104,0.9699,1.0652,0.759,0.6837,0.9096,0.9498,0.4829,0.7992,0.6586,0.744,0.9749,0.8444,1.2711,0.8444,2.8324,4.7799,1.1004,1.3966,0.6737,1.1405,1.1606,0.9799,1.2911,1.2209
11/24/2021,64.3498,0.9837,1.1753,1.7219,1.6543,2.5108,2.3699,2.3361,1.6825,1.7614,1.6937,2.0375,0.9837,0.8429,1.0514,1.0852,1.0232,1.5303,1.0345,1.0063,1.2373,1.0908,1.1021,1.2993,1.5022,1.2091,0.7921,1.953,0.7471,1.9924,1.2993,0.6118,0.6175,0.578,0.8203,0.8316,0.8823,1.4683,0.995,2.024,3.3809,1.2429,0.7583,1.3669,1.2824,1.5585,1.181,1.0345,1.0063
11/23/2021,60.1609,1.2673,1.2881,0.8604,1.6063,1.9975,1.6063,1.7889,2.081,1.236,1.4811,1.5646,1.1577,1.0951,0.9752,1.116,1.2673,1.3664,1.069,1.1421,0.8865,1.0795,0.7039,1.3455,0.8082,0.7039,0.7665,1.1838,0.7561,1.622,1.1838,0.996,0.5735,0.7926,0.6361,0.9908,0.9699,1.1577,0.8395,2.9079,4.9105,1.1369,0.8761,0.8917,1.1525,1.1473,0.8343,1.0065,1.3351
11/22/2021,54.546,1.3163,1.2838,0.7206,1.2838,1.5956,1.9587,1.8516,1.4374,0.9859,0.9626,1.0464,1.2698,0.8602,0.7485,0.7718,1.0417,0.7345,1.0417,1.1255,0.9859,1.0231,0.6787,1.3117,1.2698,0.8509,0.7578,0.9719,0.7113,0.7857,1.0836,0.4692,0.6833,0.8974,0.7531,0.6275,0.944,0.93,0.8835,2.9401,4.9663,1.2698,0.8742,0.7904,1.1581,0.9579,0.7625,1.2186,0.9533
11/21/2021,38.7703,0.8621,0.739,0.8036,0.8959,1.3267,1.1052,0.8128,0.8221,0.8467,0.5605,1.2405,0.7144,0.5605,0.819,0.5975,0.6559,0.619,0.5698,0.6836,0.7821,0.8313,0.7759,0.5298,0.5513,0.6467,0.5174,1.1329,0.5728,0.699,0.5913,0.4128,0.659,0.4036,0.419,0.6436,0.6005,0.5975,0.5328,2.2875,3.8368,0.8928,0.5051,0.5359,0.8621,0.6682,0.5144,0.7944,0.739
11/20/2021,46.6135,0.6493,0.7575,1.1397,1.4795,1.1552,1.5066,1.7498,1.3173,0.993,1.0393,1.3212,0.9196,0.6918,0.6378,0.8849,0.8694,1.0316,1.105,1.0973,0.9003,0.769,1.0355,0.7768,1.0471,0.9505,0.8965,0.8231,0.5914,1.4834,0.715,0.7343,0.5605,0.6571,0.7806,0.5605,0.6764,0.9775,0.7266,1.2343,2.0143,1.1938,0.7343,1.0277,1.0509,0.827,0.8192,0.9196,0.7845
11/19/2021,51.6049,0.8643,0.8905,1.0475,1.9501,2.0199,1.6841,1.1129,1.8106,0.9995,1.4356,1.0824,1.03,0.6812,1.0039,0.9734,0.8207,1.0867,0.8207,1.1652,0.9777,1.0475,0.751,0.7728,1.2481,0.7902,1.0039,1.3702,0.6376,0.9297,0.9385,0.594,0.86,0.5111,0.6943,0.6986,0.7204,0.6638,0.9167,2.1005,3.5133,0.9254,1.2263,1.1609,0.9254,0.7684,0.7771,0.6856,0.9167
11/18/2021,54.9916,1.224,1.2334,1.2522,1.6798,1.9664,2.1168,2.1074,1.2005,1.5153,0.9984,1.2945,0.6883,1.1018,1.13,1.1253,0.7259,1.0454,1.2992,1.0924,1.2898,0.7024,1.2663,1.1347,0.6554,0.9232,0.8668,1.1911,0.6507,1.3649,1.1582,0.8151,0.5426,0.74,0.8245,0.6131,0.8386,0.8527,0.7024,2.483,4.1753,0.7635,0.6272,0.6601,0.8104,0.8339,1.1676,0.7635,0.7776
11/17/2021,56.1501,0.8937,1.4138,1.1537,1.3271,1.2067,1.5101,1.5389,1.173,1.433,1.1537,1.7556,1.25,0.9611,1.0382,0.9563,0.8697,1.2886,1.3367,1.3367,1.3512,1.1345,0.7974,1.0911,1.2934,0.8697,0.6915,1.0141,0.7059,0.7782,0.8841,0.5085,0.9082,0.6337,0.8456,0.7589,0.9756,0.836,0.9371,2.7341,4.6099,1.2115,0.836,1.1586,0.8119,0.7878,1.4956,0.9852,0.9082
11/16/2021,55.0803,1.4284,1.4284,1.0424,1.5791,1.2778,1.2401,1.7015,1.499,1.1836,1.6685,1.612,0.9435,0.7646,1.1506,0.7222,0.9576,1.2731,0.774,0.9247,1.0706,1.1318,0.8964,0.741,0.741,0.5857,1.0989,1.4425,0.8352,0.7834,1.1554,0.5292,0.7693,0.8776,0.807,0.7787,0.8964,0.9576,1.2401,2.084,3.4847,1.0377,1.3107,1.0989,1.1506,1.2354,1.1977,1.2636,0.7081
11/15/2021,48.1284,1.0535,1.0977,0.7846,1.2863,2.2172,1.0856,1.5391,1.1739,0.596,0.9371,1.527,0.9411,0.9612,0.7204,0.7806,0.8729,0.9131,1.1257,0.9131,0.8569,0.7566,0.7084,0.6883,1.0013,0.9773,0.7646,0.588,0.6562,0.7485,0.7164,0.4556,0.7766,0.4877,0.7124,0.6964,0.7084,1.0816,1.1298,2.1242,3.5543,1.0896,0.7004,0.7927,1.1458,0.9973,1.198,0.897,0.592
11/14/2021,50.4457,1.2957,0.85,0.7736,1.1005,2.1616,1.8772,1.2363,1.7414,0.6336,1.3212,1.5546,0.6336,0.9859,0.8288,1.0665,0.7949,0.867,0.9222,0.7609,1.1599,0.8416,1.0156,0.7397,1.1132,0.9434,0.9052,1.5631,0.6081,0.8373,0.8373,0.8416,0.5996,0.5741,0.5105,0.5572,0.8288,1.1387,0.8076,2.0243,3.3814,0.7694,1.0793,1.0835,0.5699,1.0368,0.9264,0.9731,0.7736
11/13/2021,41.8007,1.0184,0.7818,0.7109,0.9914,1.5255,1.1469,1.3835,0.9272,1.2043,1.1807,0.9306,1.0489,0.7886,0.7852,0.6602,0.9508,0.6331,0.7785,0.792,0.7109,0.6906,0.5114,0.6365,0.9542,0.8596,0.8934,0.8799,0.6264,1.0387,0.7852,0.6737,0.5621,0.6602,0.6128,0.4607,0.694,0.5655,0.7548,1.2188,1.9875,0.7447,0.9745,0.7142,0.8765,0.9001,0.8832,0.8258,0.8663
11/12/2021,43.3161,0.6929,0.8271,0.7035,1.1732,1.9713,1.205,1.6782,0.8165,1.3886,0.7564,1.1732,0.9825,0.7988,0.7458,0.9012,0.9118,0.5834,0.9366,0.7953,0.9507,0.5693,0.6328,0.6893,0.986,0.8341,0.8977,0.8942,0.6576,0.8306,0.7458,0.7141,0.534,0.594,0.481,0.5304,0.6999,0.6576,0.6999,1.6657,2.7608,0.5905,1.0531,0.7882,0.5622,0.6364,1.0248,0.8447,0.7494
11/11/2021,48.7523,0.9369,1.0225,1.267,1.4096,2.1228,0.9736,0.8309,1.1692,1.487,1.0428,0.7739,0.8798,0.8024,0.8961,0.8798,0.7698,0.6598,0.8391,0.7983,0.9165,0.7128,0.8269,1.2751,1.1896,0.5742,1.0102,1.3485,0.6679,0.7861,0.7454,0.7046,0.8309,0.5538,0.5212,0.5783,0.7046,0.7005,0.7494,2.4277,4.0796,0.7128,1.2303,0.8758,1.0102,0.9124,0.7494,0.9491,0.8472
11/10/2021,52.1392,0.9656,0.9303,1.3849,1.3275,2.4222,1.1421,1.7778,1.0627,1.4644,1.61,0.9391,1.301,0.9479,0.6522,0.7228,0.8729,0.9214,1.2039,1.1466,0.7979,0.7581,1.2172,0.8508,1.0936,1.0539,1.0539,1.1289,0.6257,1.4864,1.0539,0.639,0.8994,0.7714,0.8597,0.5948,0.8552,1.0097,0.7802,1.3661,2.2424,1.2216,1.3628,0.8067,0.8508,1.0671,1.2569,0.8817,0.7581
11/9/2021,54.2781,1.157,0.921,0.8284,1.8743,2.5361,1.7355,1.2403,1.4902,1.4532,1.2496,1.1339,1.3468,1.1015,0.6804,1.1061,1.157,1.1246,0.9117,1.2403,1.2496,1.1755,0.9673,0.7637,0.7035,0.7266,1.0506,1.1107,0.7405,1.3699,1.0598,0.5971,0.7868,0.5415,0.56,0.8747,0.8331,1.2681,0.6665,2.0445,3.4165,1.157,1.4023,0.6295,0.7266,0.7683,0.8516,0.7729,1.1755
11/8/2021,52.4957,1.3636,0.8875,1.0699,1.328,2.3114,1.328,2.0889,1.7151,1.5905,1.1456,0.8341,1.1723,0.8519,0.9275,1.0165,1.0966,1.1856,1.1545,0.9898,0.9097,0.8297,0.6561,0.9542,0.8564,0.9453,0.6739,1.0788,0.6116,0.9364,0.972,0.5849,0.9008,0.7318,0.5004,0.6517,0.932,1.0254,0.7407,2.0032,3.3449,0.6784,0.6606,1.1367,1.1144,1.2346,1.021,0.8297,0.9231
11/7/2021,58.8241,1.5084,1.2594,1.4576,1.4068,1.5999,2.1183,1.0103,1.8032,1.6355,1.2543,0.8833,1.3458,1.1018,0.9951,0.7562,1.2594,1.3458,0.7867,0.9544,1.2746,0.8121,0.9748,0.8325,1.051,0.863,1.0103,1.5999,0.8833,1.9048,1.0815,0.6393,0.6038,0.6546,0.6038,0.7156,1.0358,1.0103,1.2391,2.0782,3.4747,1.4576,1.5999,1.3712,0.7156,1.2645,1.2136,1.1679,1.2086
11/6/2021,44.9201,0.7574,1.0306,0.8165,1.1044,1.6619,1.3186,1.4256,1.0306,1.1487,1.3001,1.182,0.7685,0.6208,0.9678,0.9494,0.8017,0.8312,0.9974,1.0048,0.9494,0.9752,0.702,0.6983,0.7131,0.8977,0.7943,1.2078,0.6651,0.7611,0.7832,0.5137,0.7352,0.6282,0.5137,0.51,0.8165,0.5839,0.8792,1.6202,2.6821,0.6651,1.0084,1.0084,0.9974,0.7463,0.6392,0.8165,0.6909
11/5/2021,44.4745,0.8196,0.67,1.1442,1.2682,1.9503,1.5381,1.0348,1.684,1.3995,1.0275,0.9436,1.0712,0.794,0.8451,0.9144,0.6007,0.9618,0.7503,0.9144,0.7685,0.6846,0.8925,1.1259,0.9618,0.8852,0.8925,0.7393,0.6846,0.6481,0.6627,0.7539,0.5095,0.5241,0.6992,0.6117,0.7247,1.0676,0.7393,1.2299,2.0068,0.7138,0.6664,0.6372,0.9655,0.7101,0.7977,0.9363,0.9034
11/4/2021,35.5616,0.6848,0.8695,0.9219,0.8006,1.0376,1.1561,0.9191,0.8943,0.6462,1.1065,1.1203,0.5195,0.4726,0.6738,0.6132,0.7785,0.7014,0.7923,0.6049,0.7234,0.638,0.547,0.5911,0.7151,0.4588,0.5911,0.7482,0.5332,0.7014,0.6435,0.4947,0.5663,0.5994,0.4257,0.3982,0.5415,0.5167,0.4919,1.276,2.0864,0.8915,0.7482,0.8254,0.7096,0.7207,0.5801,0.8281,0.6573
11/3/2021,33.333,0.8329,0.5923,0.4453,1.0432,0.9292,1.1141,0.8355,0.7772,0.8557,0.5821,1.0255,0.8228,0.6581,0.5061,0.6404,0.5391,0.7189,0.5315,0.7417,0.6277,0.5619,0.7189,0.4681,0.7721,0.5416,0.4909,0.952,0.4985,0.9444,0.5999,0.5771,0.458,0.4048,0.4149,0.5188,0.5416,0.6683,0.5441,1.1547,1.8766,0.5264,0.5669,0.5897,0.6632,0.5416,0.4656,0.7696,0.6835
11/2/2021,25.9358,0.5146,0.6007,0.4124,0.7065,0.5989,0.9056,0.6707,0.8249,0.8177,0.6671,0.8016,0.6115,0.4357,0.4465,0.398,0.5935,0.4859,0.4178,0.4626,0.4375,0.3998,0.3496,0.4788,0.6276,0.4931,0.4877,0.4214,0.4052,0.7657,0.407,0.3998,0.3012,0.294,0.3801,0.4196,0.4698,0.4447,0.4752,0.8393,1.3307,0.6276,0.5236,0.5666,0.3496,0.4303,0.3927,0.4931,0.5523
11/1/2021,22.4599,0.492,0.5108,0.5253,0.7349,0.6048,0.5614,0.4342,0.7769,0.5759,0.44,0.6829,0.3243,0.3691,0.4645,0.3879,0.466,0.3691,0.453,0.4009,0.4732,0.4747,0.3575,0.4703,0.5036,0.4024,0.4631,0.5947,0.3387,0.3879,0.44,0.3315,0.3749,0.3546,0.359,0.3358,0.398,0.4024,0.4978,0.5998,0.9163,0.372,0.3286,0.4226,0.5079,0.5152,0.4024,0.4819,0.3792
10/31/2021,21.1232,0.4108,0.4081,0.4974,0.7047,0.4869,0.7165,0.5118,0.6653,0.4514,0.4619,0.4672,0.4974,0.3136,0.3255,0.3884,0.3517,0.4331,0.4659,0.4606,0.3871,0.3176,0.3268,0.4423,0.3123,0.3018,0.336,0.395,0.3399,0.3412,0.3871,0.2848,0.3491,0.2835,0.2874,0.3596,0.3898,0.3871,0.332,0.8789,1.3993,0.4816,0.336,0.3688,0.4344,0.3346,0.4842,0.4357,0.3911
10/30/2021,23.2622,0.4582,0.3788,0.5421,0.6077,0.6276,0.5681,0.7497,0.7863,0.5116,0.6276,0.6627,0.4032,0.4261,0.3864,0.4109,0.4841,0.4368,0.4551,0.4628,0.475,0.4109,0.42,0.4109,0.333,0.446,0.4429,0.3513,0.3208,0.4505,0.4002,0.2979,0.304,0.2918,0.3803,0.2888,0.3819,0.3544,0.4521,0.9766,1.5683,0.5497,0.5177,0.3269,0.3132,0.4032,0.5314,0.4811,0.3956
10/29/2021,25.401,0.499,0.5199,0.4799,0.6887,1.035,0.5686,0.4694,0.6696,0.7044,0.5739,0.6139,0.5286,0.4729,0.4103,0.5721,0.4555,0.4868,0.4938,0.5756,0.5634,0.4834,0.3929,0.6417,0.5478,0.4781,0.4886,0.6591,0.3668,0.5652,0.419,0.3685,0.3076,0.3616,0.3442,0.3285,0.4677,0.3563,0.5756,0.8307,1.3158,0.6121,0.3476,0.4207,0.3337,0.5982,0.5269,0.5251,0.3563
10/28/2021,27.2729,0.4288,0.6735,0.4288,0.8778,1.0956,0.5868,0.5117,0.9337,0.5521,0.4962,0.5136,0.4057,0.4596,0.4403,0.477,0.4847,0.5772,0.4481,0.4789,0.5059,0.5926,0.3864,0.4384,0.5309,0.3671,0.5271,0.6196,0.3999,0.5213,0.4731,0.3536,0.4211,0.3478,0.4731,0.4326,0.4269,0.3767,0.4808,1.4315,2.3555,0.6061,0.556,0.5251,0.4538,0.4326,0.4712,0.4943,0.4018
10/27/2021,30.9271,0.5541,0.6344,0.4372,0.843,0.694,0.7192,0.7788,0.8017,0.4578,0.9485,0.6115,0.5908,0.4418,0.4991,0.5404,0.5633,0.5954,0.7146,0.6115,0.7215,0.6504,0.5037,0.7353,0.7834,0.4189,0.522,0.451,0.3982,0.7628,0.5656,0.4578,0.3936,0.451,0.4899,0.5152,0.545,0.6734,0.6206,1.2532,2.0469,0.749,0.8316,0.5839,0.4189,0.5335,0.6573,0.7009,0.4555
10/26/2021,28.5206,0.6386,0.5217,0.4806,0.6776,1.1783,0.6202,0.6325,0.967,0.8746,0.8562,0.7638,0.6797,0.4601,0.4601,0.5401,0.5258,0.4929,0.6079,0.6386,0.4601,0.3986,0.6448,0.6838,0.6776,0.5012,0.5771,0.7782,0.4396,0.8336,0.4806,0.495,0.4581,0.3944,0.3883,0.417,0.4683,0.4868,0.4191,0.6935,1.0784,0.6489,0.5853,0.5771,0.4088,0.4375,0.575,0.4129,0.4847
10/25/2021,24.5098,0.487,0.4754,0.6157,0.8073,0.5893,0.5662,0.6669,0.5992,0.6867,0.4143,0.5728,0.5068,0.4506,0.5233,0.4985,0.3995,0.4374,0.4391,0.5002,0.4407,0.4193,0.3384,0.4721,0.5827,0.4837,0.4325,0.4704,0.3862,0.4457,0.4143,0.3714,0.2888,0.3499,0.3054,0.3582,0.4374,0.5662,0.5134,0.9974,1.6044,0.4704,0.4259,0.3565,0.4671,0.4374,0.4523,0.553,0.4325
10/24/2021,21.7472,0.5021,0.5062,0.4567,0.6781,0.6341,0.4815,0.755,0.4911,0.6423,0.6038,0.6781,0.4705,0.3962,0.4279,0.4169,0.4512,0.4059,0.3742,0.465,0.4155,0.4141,0.4251,0.5296,0.4897,0.3646,0.3096,0.4526,0.3358,0.5392,0.3523,0.3289,0.311,0.3055,0.3536,0.322,0.344,0.4347,0.454,0.357,0.496,0.5076,0.4306,0.4444,0.476,0.4746,0.52,0.3275,0.3949
10/23/2021,22.2817,0.4852,0.5337,0.3309,0.5137,0.618,0.5737,0.7408,0.7636,0.4137,0.6137,0.5794,0.4552,0.4237,0.3738,0.3795,0.5066,0.4123,0.3923,0.5151,0.4923,0.4137,0.378,0.3795,0.3366,0.3195,0.3523,0.5494,0.3309,0.3752,0.388,0.3238,0.3752,0.3666,0.3638,0.3952,0.3695,0.4951,0.4623,0.7106,1.108,0.418,0.4894,0.4537,0.3152,0.3866,0.548,0.4109,0.3495
10/22/2021,33.601,0.5353,0.8323,0.5763,1.0038,1.1267,0.7196,0.6198,0.648,0.9885,1.0473,0.5558,0.4918,0.4739,0.6121,0.5814,0.6736,0.6198,0.5814,0.7273,0.6249,0.456,0.6403,0.7683,0.5993,0.6428,0.5481,0.6787,0.4662,0.6633,0.5046,0.3689,0.5072,0.5174,0.3843,0.5072,0.5251,0.5942,0.6044,1.7605,2.925,0.6275,0.6275,0.6531,0.4662,0.776,0.5046,0.6915,0.5532
10/21/2021,23.1731,0.4762,0.5202,0.5354,0.5976,0.4959,0.7948,0.4383,0.5612,0.6856,0.5612,0.6901,0.4519,0.4641,0.4216,0.3457,0.4276,0.4732,0.4974,0.4292,0.5081,0.4459,0.3578,0.4656,0.3867,0.4428,0.3412,0.4701,0.3654,0.414,0.4701,0.4049,0.2941,0.3093,0.329,0.3958,0.4155,0.5323,0.4428,0.6768,1.0494,0.5703,0.6006,0.3882,0.4838,0.4944,0.3548,0.3836,0.5126
10/20/2021,21.301,0.4287,0.3728,0.3462,0.4726,0.6495,0.4713,0.6229,0.5497,0.3555,0.3462,0.6508,0.3622,0.43,0.3462,0.4699,0.4593,0.3236,0.3582,0.3768,0.4367,0.3236,0.3449,0.3516,0.3436,0.3968,0.3289,0.4819,0.3516,0.4939,0.3901,0.325,0.2997,0.313,0.3728,0.3396,0.3955,0.4167,0.4247,1.0493,1.6942,0.3915,0.4034,0.4167,0.3196,0.3821,0.321,0.4061,0.3941
10/19/2021,21.4801,0.5064,0.3972,0.4295,0.6533,0.6101,0.7045,0.5926,0.4457,0.3446,0.3392,0.6573,0.4511,0.3608,0.3581,0.4646,0.3958,0.412,0.4026,0.3743,0.4538,0.4511,0.4309,0.4888,0.4417,0.4201,0.4619,0.4996,0.35,0.3554,0.3918,0.3271,0.3244,0.3149,0.3392,0.3419,0.3864,0.35,0.3284,0.7349,1.15,0.4956,0.4956,0.3796,0.3891,0.3459,0.3379,0.4538,0.3406
10/18/2021,27.0947,0.4187,0.5333,0.4951,0.7892,0.7701,0.7051,0.5409,0.6249,0.4607,0.4913,0.835,0.5887,0.3901,0.5066,0.6039,0.5715,0.5963,0.4244,0.5046,0.5906,0.4149,0.4722,0.4034,0.5524,0.4932,0.4932,0.7643,0.3633,0.5734,0.455,0.3691,0.4722,0.3194,0.4435,0.3481,0.4244,0.3748,0.6249,1.2436,2.0303,0.6822,0.3595,0.4531,0.4703,0.5543,0.4779,0.5104,0.5104
10/17/2021,27.8967,0.4492,0.6243,0.4651,0.9048,0.9844,0.8252,0.5944,0.9307,0.8213,0.5626,0.879,0.4373,0.4154,0.5845,0.5686,0.6323,0.4373,0.4671,0.5566,0.5129,0.5706,0.5944,0.5487,0.6342,0.4154,0.5447,0.6462,0.3816,0.6283,0.483,0.3676,0.4174,0.3895,0.4452,0.3597,0.4253,0.4094,0.479,0.8866,1.4125,0.3975,0.6163,0.4333,0.4432,0.6263,0.6701,0.4034,0.6143
10/16/2021,24.7775,0.425,0.5559,0.5945,0.7673,0.665,0.4787,0.8143,0.5072,0.6348,0.6331,0.6096,0.5458,0.3915,0.4049,0.4234,0.4804,0.3714,0.4032,0.4032,0.477,0.3898,0.4502,0.6381,0.3764,0.3344,0.3596,0.6046,0.3479,0.3932,0.5123,0.3093,0.3059,0.368,0.4133,0.4032,0.4569,0.5358,0.5509,0.8812,1.4033,0.6129,0.571,0.4687,0.5408,0.5442,0.5391,0.4368,0.4435
10/15/2021,26.025,0.5308,0.5488,0.5272,0.866,0.857,0.529,0.6678,0.7561,0.6371,0.4515,0.5794,0.4641,0.4767,0.3974,0.4767,0.4821,0.5722,0.5127,0.4713,0.529,0.3848,0.3469,0.4803,0.3433,0.4731,0.4641,0.7218,0.3649,0.5975,0.4911,0.4352,0.4587,0.3217,0.3397,0.4136,0.4533,0.5254,0.583,1.0413,1.6803,0.5488,0.5091,0.4406,0.5326,0.5254,0.3956,0.4028,0.4172
10/14/2021,28.7881,0.5159,0.6469,0.5388,0.834,0.967,0.9358,0.6677,0.624,0.7092,0.5305,0.5512,0.6219,0.4868,0.5803,0.6427,0.4265,0.5284,0.5907,0.5367,0.6406,0.4328,0.5159,0.7342,0.4764,0.5034,0.5616,0.8464,0.3933,0.7737,0.5512,0.3891,0.3683,0.3912,0.4057,0.4182,0.4577,0.4037,0.6053,1.0582,1.7095,0.4369,0.5201,0.5762,0.5076,0.6469,0.4598,0.6344,0.4348
10/13/2021,27.8967,0.4651,0.4472,0.4512,0.9586,1.1396,0.7974,0.5029,0.7954,0.6143,0.8213,0.7178,0.4293,0.5268,0.4313,0.6064,0.5407,0.4492,0.5646,0.5606,0.5527,0.5765,0.4771,0.5228,0.6442,0.5109,0.4353,0.5188,0.3816,0.7576,0.4353,0.294,0.4014,0.3119,0.3855,0.489,0.5109,0.5387,0.6243,0.864,1.3735,0.5666,0.7417,0.5328,0.4014,0.6004,0.487,0.6362,0.5049
10/12/2021,34.6706,0.7668,0.6787,0.8948,1.0788,1.5269,1.0708,0.6787,1.1428,0.8334,0.5054,0.7001,0.5507,0.6814,0.6067,0.5854,0.7081,0.5294,0.8201,0.7668,0.7854,0.6921,0.8068,0.4974,0.7881,0.6734,0.5027,0.8601,0.508,0.7507,0.7054,0.5534,0.508,0.516,0.5721,0.4654,0.6041,0.4574,0.7694,0.9539,1.5291,0.4974,0.6841,0.6734,0.6947,0.6067,0.5187,0.7748,0.5961
10/11/2021,27.6299,0.4513,0.6653,0.5848,0.9656,1.0147,0.8871,1.0166,0.8753,0.7261,0.7497,0.9342,0.5396,0.465,0.4042,0.5494,0.4356,0.5318,0.575,0.5966,0.4729,0.5023,0.624,0.6967,0.522,0.359,0.3885,0.5789,0.3649,0.7673,0.5691,0.3492,0.4101,0.4081,0.3316,0.4376,0.4788,0.6358,0.6221,0.3608,0.5026,0.3904,0.6044,0.6064,0.6005,0.5867,0.5475,0.4925,0.4513
10/10/2021,22.6385,0.3584,0.5019,0.5356,0.5194,0.8254,0.72,0.5458,0.4668,0.5429,0.4404,0.6805,0.5721,0.3921,0.4697,0.3906,0.4858,0.4638,0.5253,0.3965,0.4887,0.3321,0.4389,0.4126,0.4609,0.3599,0.4463,0.4872,0.3335,0.5019,0.4448,0.313,0.3072,0.3936,0.2838,0.3848,0.417,0.5312,0.4126,0.5703,0.8653,0.3716,0.5868,0.3467,0.398,0.4009,0.5663,0.4843,0.4653
10/9/2021,28.5208,0.5586,0.4745,0.7351,0.9978,1.1537,0.77,0.5381,1.0203,0.7351,0.5422,0.653,0.6592,0.573,0.575,0.5853,0.6489,0.5648,0.614,0.4581,0.4519,0.5771,0.5832,0.7064,0.7023,0.5442,0.5997,0.5525,0.378,0.7166,0.5914,0.4519,0.3288,0.3185,0.3986,0.3534,0.4457,0.6243,0.3821,0.5529,0.8352,0.6858,0.4581,0.6571,0.4909,0.6407,0.7228,0.417,0.497
10/8/2021,23.7078,0.5515,0.3897,0.363,0.7164,0.517,0.5688,0.4745,0.7871,0.4447,0.374,0.4101,0.4196,0.4777,0.3614,0.4054,0.3834,0.407,0.396,0.4384,0.5468,0.4227,0.3662,0.5986,0.3662,0.3614,0.3426,0.674,0.3724,0.6882,0.4023,0.3049,0.3567,0.2845,0.3897,0.3159,0.3662,0.5546,0.4934,1.2205,1.9905,0.5578,0.3175,0.4368,0.3552,0.5437,0.4023,0.3772,0.4133
10/7/2021,26.3815,0.6501,0.4553,0.5343,0.8358,0.8872,0.7769,0.7677,0.5894,0.6961,0.4644,0.6133,0.5747,0.4828,0.3781,0.4277,0.4185,0.4626,0.4442,0.4865,0.5269,0.5527,0.6005,0.4644,0.6372,0.3339,0.5067,0.5931,0.402,0.4516,0.5159,0.4222,0.3983,0.3597,0.4424,0.3266,0.4755,0.5435,0.5729,0.9657,1.5495,0.6207,0.4111,0.3817,0.345,0.5472,0.47,0.4957,0.5233
10/6/2021,29.4118,0.702,0.4557,0.5071,0.9632,1.1024,1.0531,0.702,0.5799,0.8775,0.4493,0.9204,0.5435,0.49,0.415,0.4729,0.5821,0.5799,0.5264,0.4729,0.6142,0.5392,0.4579,0.4771,0.5242,0.4793,0.4814,0.4343,0.4493,0.7362,0.4686,0.4343,0.4793,0.3765,0.4921,0.49,0.5285,0.642,0.5285,1.052,1.6988,0.6292,0.5135,0.5842,0.6848,0.6634,0.5242,0.6527,0.3808
10/5/2021,28.1643,0.5014,0.6909,0.4611,0.7212,1.1426,0.6002,1.0277,0.9712,0.816,0.5982,0.5236,0.5296,0.5619,0.4429,0.6385,0.6284,0.5558,0.6728,0.6567,0.5982,0.4792,0.4772,0.5417,0.459,0.3865,0.6103,0.5699,0.4268,0.8119,0.5458,0.3986,0.3764,0.4127,0.4772,0.4127,0.4308,0.5679,0.572,0.7419,1.1622,0.459,0.455,0.3643,0.5034,0.6183,0.4974,0.5034,0.5639
10/4/2021,23.7971,0.5695,0.5821,0.4668,0.6737,0.8728,0.5869,0.4684,0.6121,0.56,0.3657,0.5442,0.4763,0.4068,0.3499,0.4873,0.451,0.5316,0.5284,0.4684,0.5253,0.4968,0.3183,0.3547,0.579,0.4479,0.4984,0.3957,0.3246,0.4384,0.4242,0.3878,0.2836,0.3088,0.4115,0.3152,0.3799,0.4226,0.4005,0.9488,1.5203,0.5521,0.4289,0.4494,0.3278,0.5569,0.3515,0.4226,0.5237
10/3/2021,25.9358,0.4375,0.4572,0.4662,0.7209,0.963,0.8177,0.8303,0.6509,0.4196,0.6456,0.6617,0.3693,0.5146,0.3819,0.4249,0.3837,0.5272,0.4752,0.5864,0.4465,0.5146,0.5236,0.633,0.4393,0.3514,0.477,0.6258,0.398,0.6653,0.4249,0.3693,0.4608,0.3227,0.3155,0.3927,0.3962,0.4698,0.477,1.0114,1.6285,0.5666,0.5361,0.3424,0.5272,0.407,0.4483,0.4788,0.5523
10/2/2021,23.797,0.5821,0.4779,0.5332,0.7354,0.827,0.6264,0.8554,0.4905,0.6374,0.372,0.6927,0.5063,0.481,0.4242,0.4779,0.5237,0.4952,0.5553,0.47,0.5095,0.4842,0.4542,0.5742,0.579,0.3373,0.3831,0.3325,0.3562,0.4668,0.4873,0.3989,0.4115,0.3641,0.3009,0.4084,0.3941,0.4952,0.3578,0.4958,0.7363,0.4005,0.4668,0.3752,0.5363,0.5031,0.5395,0.4084,0.4763
10/1/2021,23.5295,0.5875,0.4571,0.5285,0.6217,0.7677,0.7646,0.69,0.4648,0.4586,0.544,0.7366,0.3515,0.353,0.3406,0.471,0.4214,0.499,0.44,0.4245,0.5207,0.4866,0.4788,0.5906,0.4928,0.4245,0.4478,0.6217,0.3468,0.3965,0.4974,0.3095,0.3794,0.3173,0.339,0.3499,0.3887,0.5347,0.5409,0.5318,0.7985,0.5471,0.4462,0.4509,0.3251,0.5254,0.5301,0.4835,0.5052
9/30/2021,22.9058,0.3589,0.4365,0.3649,0.5304,0.6168,0.5035,0.4171,0.4499,0.6436,0.6392,0.6571,0.4722,0.4618,0.4439,0.353,0.3813,0.3858,0.4514,0.4156,0.5289,0.4469,0.3291,0.3396,0.4439,0.3455,0.4081,0.3157,0.3679,0.4856,0.4156,0.3262,0.3306,0.4037,0.3739,0.3381,0.3739,0.353,0.3783,1.1509,1.8699,0.3888,0.4141,0.3545,0.5006,0.5229,0.4901,0.4782,0.4484
9/29/2021,18.1818,0.3652,0.3978,0.3337,0.4395,0.4141,0.4395,0.5689,0.5556,0.5067,0.3143,0.355,0.3958,0.3163,0.3866,0.3082,0.3774,0.4019,0.299,0.3347,0.409,0.2939,0.3937,0.3489,0.3601,0.3561,0.3805,0.4548,0.298,0.5027,0.3398,0.2939,0.2756,0.2471,0.3214,0.2848,0.3204,0.4141,0.3235,0.5287,0.7933,0.2827,0.3387,0.3744,0.3683,0.3754,0.2817,0.408,0.3021
9/28/2021,22.2817,0.458,0.4951,0.5623,0.5023,0.5451,0.688,0.6465,0.5994,0.4552,0.6037,0.6722,0.4694,0.378,0.4337,0.3366,0.4794,0.3809,0.5266,0.4994,0.4452,0.3566,0.4937,0.4009,0.5223,0.3295,0.4709,0.4866,0.368,0.5523,0.4723,0.338,0.3995,0.3809,0.2966,0.3652,0.4152,0.4394,0.4637,0.5971,0.9116,0.3952,0.3638,0.408,0.3295,0.4709,0.398,0.3638,0.3152
9/27/2021,25.2231,0.6041,0.537,0.5266,0.5473,0.7454,0.8728,0.6627,0.8831,0.6265,0.4681,0.7402,0.5645,0.4422,0.3957,0.5232,0.475,0.5025,0.3957,0.4147,0.5249,0.4474,0.3768,0.5852,0.4233,0.4233,0.4836,0.5921,0.3423,0.7402,0.4422,0.2958,0.3045,0.3785,0.3837,0.382,0.3992,0.4061,0.4629,0.781,1.2298,0.5749,0.3355,0.4595,0.5042,0.5111,0.4612,0.5283,0.5163
9/26/2021,21.9252,0.3407,0.5385,0.5538,0.6527,0.551,0.5259,0.6262,0.6889,0.5176,0.4243,0.4034,0.4661,0.3936,0.4285,0.4758,0.3421,0.4452,0.4299,0.434,0.4354,0.3895,0.4299,0.3407,0.3588,0.3296,0.3839,0.5761,0.363,0.5148,0.395,0.3282,0.395,0.3505,0.3198,0.3101,0.3797,0.4869,0.4326,0.7363,1.1525,0.5051,0.3588,0.4048,0.4438,0.3867,0.3616,0.4911,0.3268
9/25/2021,20.232,0.4688,0.5018,0.3807,0.6205,0.6975,0.4456,0.4615,0.3905,0.3379,0.3281,0.4431,0.3881,0.3697,0.3575,0.3208,0.4162,0.3734,0.426,0.4566,0.3881,0.3905,0.3073,0.4407,0.2963,0.3599,0.3147,0.5385,0.3342,0.4052,0.3294,0.2633,0.3355,0.3416,0.3281,0.3159,0.3734,0.3978,0.3501,0.8149,1.2884,0.3538,0.4908,0.3771,0.4333,0.3917,0.3416,0.3771,0.3685
9/24/2021,18.5387,0.3701,0.33,0.2963,0.4639,0.4396,0.4206,0.5608,0.3585,0.3901,0.3606,0.5756,0.4017,0.3195,0.3153,0.3121,0.3153,0.3353,0.3374,0.3848,0.3859,0.3753,0.3332,0.447,0.2699,0.2763,0.2942,0.4491,0.2742,0.3342,0.3342,0.2973,0.2815,0.2952,0.2594,0.251,0.3079,0.4164,0.3616,0.7942,1.2527,0.4185,0.3701,0.3753,0.3543,0.3606,0.4101,0.3911,0.2805
9/23/2021,21.3014,0.3649,0.4593,0.3396,0.5497,0.4859,0.4912,0.4952,0.4447,0.3742,0.3635,0.4939,0.3808,0.3542,0.4234,0.3994,0.3316,0.462,0.4181,0.4154,0.3941,0.3582,0.3449,0.3223,0.2957,0.3289,0.4127,0.4473,0.3063,0.3662,0.4393,0.2771,0.3529,0.321,0.3715,0.3728,0.3835,0.4606,0.3396,1.1677,1.8991,0.4194,0.5471,0.297,0.4048,0.3369,0.3808,0.4354,0.4713
9/22/2021,21.2122,0.3926,0.4838,0.3411,0.5036,0.5987,0.4283,0.678,0.5234,0.6383,0.3556,0.563,0.4692,0.3701,0.3662,0.4283,0.4137,0.4177,0.4269,0.4705,0.4798,0.3833,0.2935,0.4322,0.4587,0.2988,0.3503,0.3622,0.3556,0.6093,0.3437,0.2631,0.3741,0.3411,0.3252,0.3345,0.4005,0.4336,0.4626,0.7096,1.1062,0.3701,0.4111,0.4521,0.3331,0.3384,0.4904,0.3741,0.456
9/21/2021,24.8666,0.3724,0.5107,0.3775,0.7098,0.5698,0.8312,0.7435,0.5698,0.7317,0.5394,0.3859,0.4163,0.4298,0.4989,0.3944,0.5647,0.3876,0.4281,0.4585,0.558,0.4197,0.3573,0.5107,0.5259,0.4281,0.3421,0.3589,0.3522,0.4079,0.4332,0.3573,0.3539,0.3539,0.337,0.423,0.4315,0.4601,0.4163,1.3137,2.1517,0.5681,0.3977,0.3421,0.4652,0.504,0.5158,0.504,0.3573
9/20/2021,23.5296,0.4835,0.4742,0.4462,0.6636,0.6838,0.7149,0.7661,0.6263,0.381,0.5347,0.7428,0.3686,0.412,0.4943,0.3887,0.5285,0.3934,0.3934,0.4928,0.4027,0.3701,0.4509,0.5332,0.5766,0.3297,0.4881,0.6279,0.3887,0.5829,0.4524,0.4198,0.4214,0.3779,0.3266,0.3965,0.3996,0.5487,0.4819,0.6245,0.959,0.5347,0.3142,0.4012,0.5176,0.3608,0.3686,0.3794,0.5052
9/19/2021,25.4904,0.6022,0.5864,0.555,0.7648,0.6197,0.6704,0.8051,0.6162,0.5742,0.6931,0.6214,0.6511,0.492,0.4535,0.5532,0.5497,0.4308,0.4378,0.4255,0.5585,0.3923,0.5654,0.4063,0.4658,0.5182,0.4692,0.5689,0.415,0.7596,0.415,0.2821,0.4448,0.3206,0.3311,0.3451,0.3923,0.5182,0.513,0.7412,1.161,0.52,0.3975,0.408,0.3363,0.5847,0.5724,0.548,0.4378
9/18/2021,21.5686,0.3878,0.491,0.529,0.5873,0.8356,0.6389,0.6117,0.5249,0.3254,0.4285,0.5832,0.4313,0.3811,0.3593,0.3512,0.4787,0.4231,0.419,0.3811,0.4326,0.3376,0.4367,0.5235,0.2983,0.3214,0.3444,0.5819,0.3322,0.6212,0.4041,0.263,0.3756,0.3186,0.3824,0.2929,0.3811,0.3553,0.4462,0.6124,0.938,0.419,0.514,0.4313,0.4692,0.3621,0.3824,0.4,0.4231
9/17/2021,19.6079,0.4766,0.3663,0.4743,0.5846,0.6147,0.5567,0.3721,0.3884,0.3025,0.5021,0.6159,0.3338,0.3094,0.328,0.3547,0.3861,0.3234,0.3396,0.4151,0.4197,0.3884,0.3338,0.3199,0.4418,0.357,0.3013,0.3803,0.3292,0.5184,0.3977,0.3361,0.2793,0.292,0.2595,0.2827,0.3617,0.3872,0.3733,0.7291,1.14,0.357,0.3408,0.2932,0.4046,0.4,0.3419,0.3791,0.4186
9/16/2021,20.8559,0.3724,0.3441,0.4752,0.4778,0.4456,0.6205,0.6938,0.5138,0.5883,0.5395,0.4932,0.3364,0.3209,0.3556,0.4533,0.3646,0.4444,0.3222,0.4713,0.4791,0.3248,0.4354,0.3994,0.3055,0.3428,0.3017,0.3029,0.3184,0.4598,0.4186,0.3068,0.3261,0.3119,0.3621,0.3556,0.3569,0.3505,0.3351,0.7321,1.1452,0.4354,0.4842,0.3505,0.4623,0.4585,0.5202,0.4701,0.3711
9/15/2021,20.9452,0.4968,0.511,0.4023,0.4916,0.6417,0.6392,0.6456,0.7091,0.5498,0.5693,0.6741,0.3414,0.4269,0.445,0.3958,0.4269,0.4256,0.3453,0.3699,0.4696,0.3893,0.445,0.3738,0.3375,0.3427,0.3699,0.3777,0.3104,0.3557,0.4074,0.3298,0.3673,0.3116,0.2819,0.2767,0.3867,0.3583,0.4023,0.5194,0.7771,0.3647,0.454,0.4139,0.4696,0.4877,0.4152,0.344,0.2987
9/14/2021,18.8951,0.3464,0.4096,0.366,0.4423,0.5284,0.4935,0.4456,0.5589,0.499,0.5415,0.3715,0.3541,0.3911,0.3878,0.3715,0.366,0.3846,0.4358,0.3748,0.3573,0.3225,0.3639,0.378,0.3857,0.3083,0.366,0.3813,0.3007,0.402,0.3595,0.2669,0.3225,0.3225,0.3159,0.305,0.3617,0.3344,0.3443,0.5892,0.8979,0.3268,0.4826,0.3606,0.2898,0.3595,0.3835,0.2974,0.341
9/13/2021,21.301,0.4167,0.3688,0.3542,0.5085,0.4713,0.5537,0.4819,0.4686,0.4633,0.3808,0.3768,0.4127,0.3875,0.3369,0.3289,0.4114,0.3901,0.3808,0.4393,0.4939,0.3582,0.462,0.3356,0.313,0.3821,0.3768,0.3901,0.3542,0.3662,0.3955,0.325,0.2784,0.3688,0.3622,0.3675,0.3821,0.5019,0.4433,1.0347,1.6689,0.5072,0.4367,0.4061,0.4207,0.4633,0.4726,0.3622,0.3396
9/12/2021,25.2232,0.4009,0.5749,0.5955,0.8556,0.7609,0.7936,0.8763,0.5886,0.4009,0.394,0.5111,0.4629,0.4302,0.3561,0.4991,0.4388,0.3871,0.5904,0.4164,0.4147,0.5301,0.5421,0.4095,0.4371,0.444,0.4198,0.611,0.3923,0.6386,0.5335,0.3303,0.3303,0.4371,0.3492,0.4371,0.3975,0.4526,0.4853,0.9406,1.506,0.4991,0.4939,0.4818,0.5438,0.4577,0.4285,0.5042,0.4422
9/11/2021,21.7471,0.4664,0.4636,0.4526,0.5887,0.5805,0.575,0.5213,0.5722,0.3523,0.6286,0.6107,0.432,0.443,0.3248,0.3261,0.487,0.4952,0.4828,0.41,0.4457,0.4746,0.3962,0.3605,0.4567,0.3619,0.4251,0.5172,0.3344,0.4141,0.4292,0.3248,0.3096,0.267,0.3096,0.2904,0.3454,0.3619,0.4883,0.7371,1.1538,0.3811,0.4526,0.4815,0.4017,0.3481,0.3454,0.4595,0.4609
9/10/2021,18.7165,0.4399,0.3692,0.4121,0.4035,0.4474,0.4946,0.3413,0.4153,0.2942,0.4421,0.3253,0.4314,0.2846,0.3724,0.3649,0.3906,0.3006,0.3296,0.4239,0.3906,0.3113,0.3574,0.3992,0.3403,0.3413,0.381,0.5,0.321,0.4871,0.3306,0.321,0.3124,0.336,0.3349,0.262,0.3231,0.3789,0.3553,0.8142,1.2873,0.2856,0.2846,0.3864,0.2867,0.396,0.3199,0.2996,0.2899
9/9/2021,21.2122,0.3397,0.4943,0.3133,0.6198,0.8194,0.6648,0.4071,0.6093,0.4811,0.4719,0.4124,0.4626,0.4243,0.4415,0.3873,0.3609,0.3794,0.4521,0.382,0.4124,0.4137,0.4322,0.386,0.4547,0.353,0.4098,0.3199,0.3371,0.5247,0.3886,0.3384,0.3226,0.345,0.2803,0.2776,0.3939,0.4111,0.3609,0.6946,1.0802,0.5168,0.3239,0.4851,0.4151,0.3715,0.4996,0.4362,0.3041
9/8/2021,22.1032,0.5559,0.4022,0.5446,0.5616,0.759,0.6321,0.5616,0.697,0.4713,0.3937,0.4741,0.5559,0.4064,0.3204,0.3951,0.5052,0.4092,0.4882,0.4812,0.4812,0.398,0.3133,0.4431,0.343,0.3712,0.4558,0.3923,0.3669,0.4078,0.4614,0.3627,0.3585,0.3867,0.3176,0.2865,0.3895,0.405,0.3514,0.6656,1.0301,0.5418,0.4699,0.35,0.491,0.4276,0.5009,0.4078,0.3119
9/7/2021,22.7272,0.4642,0.4568,0.4067,0.5245,0.7455,0.7779,0.445,0.526,0.6041,0.3581,0.5761,0.4023,0.3743,0.3935,0.4141,0.4966,0.4863,0.4627,0.3802,0.4435,0.4833,0.3228,0.3846,0.4273,0.4671,0.4111,0.6335,0.3272,0.4008,0.3625,0.3876,0.3596,0.3817,0.3449,0.3228,0.367,0.4892,0.3964,0.9255,1.4799,0.4715,0.3213,0.5142,0.4597,0.4612,0.3375,0.3581,0.3905
9/6/2021,20.9447,0.4152,0.5019,0.5136,0.4748,0.6262,0.6288,0.6612,0.6637,0.5615,0.388,0.4722,0.4825,0.41,0.4294,0.3337,0.4217,0.3324,0.4553,0.4204,0.4851,0.3621,0.3013,0.5136,0.4566,0.2819,0.366,0.401,0.3401,0.5045,0.4087,0.3168,0.3634,0.3595,0.3194,0.3337,0.379,0.4074,0.3557,0.5853,0.8911,0.344,0.4372,0.3311,0.3362,0.4074,0.4411,0.3453,0.3777
9/5/2021,17.4691,0.3646,0.321,0.3835,0.5161,0.5047,0.4611,0.3968,0.5445,0.2888,0.3381,0.4602,0.4252,0.3021,0.2765,0.2831,0.3845,0.3324,0.3248,0.393,0.3239,0.3002,0.3475,0.3523,0.393,0.303,0.2964,0.4157,0.2992,0.2926,0.303,0.25,0.322,0.2822,0.2973,0.2623,0.3267,0.3343,0.3636,0.5502,0.8304,0.3693,0.3797,0.339,0.3381,0.2973,0.4242,0.3115,0.2632
9/4/2021,16.6666,0.3088,0.2828,0.392,0.4215,0.4579,0.4596,0.4726,0.5029,0.3443,0.4189,0.4908,0.2689,0.3183,0.2897,0.3487,0.3504,0.2793,0.3695,0.3296,0.3175,0.3599,0.2923,0.3868,0.3825,0.2499,0.2941,0.4535,0.2603,0.3842,0.2854,0.2343,0.2932,0.2351,0.2334,0.2906,0.3166,0.3738,0.3157,0.4136,0.594,0.3339,0.3305,0.2923,0.3209,0.3114,0.3721,0.2776,0.3547
9/3/2021,18.8949,0.3639,0.3148,0.3116,0.4183,0.5066,0.499,0.3551,0.6199,0.2952,0.3148,0.329,0.3508,0.2963,0.3846,0.3486,0.3682,0.426,0.3748,0.3312,0.3486,0.3704,0.3225,0.4281,0.329,0.3203,0.3508,0.3377,0.3137,0.439,0.3955,0.3083,0.3072,0.3072,0.28,0.3257,0.3497,0.3007,0.414,0.904,1.4427,0.4129,0.4205,0.2909,0.3976,0.3083,0.2876,0.3029,0.3704
9/2/2021,13.7257,0.2629,0.3121,0.2852,0.3653,0.3304,0.355,0.3728,0.3224,0.2588,0.3402,0.3751,0.2692,0.2783,0.2382,0.2337,0.2474,0.2961,0.2875,0.2623,0.2829,0.2926,0.2692,0.2623,0.3029,0.2697,0.2405,0.3482,0.2377,0.3298,0.2548,0.248,0.2205,0.2239,0.2405,0.2148,0.2508,0.2417,0.2674,0.4047,0.5785,0.2995,0.2228,0.2377,0.26,0.248,0.2898,0.2674,0.2262
9/1/2021,20.9449,0.3686,0.4307,0.4463,0.4553,0.788,0.4282,0.6055,0.634,0.4683,0.4773,0.6262,0.3492,0.3233,0.4411,0.3349,0.3803,0.4282,0.4333,0.4385,0.4605,0.3984,0.476,0.4333,0.3828,0.3634,0.3,0.4217,0.3078,0.3311,0.4282,0.3647,0.3518,0.2793,0.3621,0.3259,0.3906,0.4139,0.3712,0.6237,0.9575,0.4489,0.4696,0.3712,0.3777,0.4657,0.4204,0.357,0.4333
8/31/2021,17.1123,0.3598,0.297,0.3152,0.4847,0.4072,0.4892,0.4437,0.4792,0.4291,0.358,0.4054,0.3298,0.3425,0.3079,0.3398,0.327,0.3808,0.3179,0.3826,0.3644,0.3608,0.3808,0.3781,0.3863,0.2915,0.3216,0.389,0.2633,0.369,0.327,0.3116,0.266,0.2605,0.2678,0.2769,0.307,0.2979,0.2687,0.4897,0.7257,0.3936,0.2997,0.3116,0.3198,0.3198,0.4127,0.2924,0.2623
8/30/2021,20.0533,0.415,0.4752,0.4776,0.4463,0.7669,0.4101,0.4813,0.6633,0.3294,0.5777,0.4162,0.3402,0.333,0.327,0.3728,0.3607,0.3993,0.3306,0.374,0.4355,0.3872,0.3583,0.4752,0.4668,0.3559,0.3583,0.4318,0.3149,0.4198,0.3885,0.2751,0.3342,0.3354,0.3077,0.3041,0.3294,0.3824,0.3439,0.6571,1.0154,0.4921,0.3149,0.4282,0.38,0.3354,0.4692,0.3547,0.3053
8/29/2021,15.33,0.3074,0.3037,0.3375,0.4364,0.432,0.3631,0.3983,0.3404,0.2488,0.3462,0.3353,0.2766,0.2847,0.2935,0.2993,0.3265,0.3419,0.2971,0.3037,0.3001,0.2759,0.2451,0.369,0.2905,0.2444,0.325,0.3206,0.2429,0.2729,0.3067,0.237,0.2876,0.2488,0.2554,0.2612,0.2759,0.3448,0.2979,0.5556,0.8398,0.2488,0.2385,0.3367,0.2817,0.3015,0.2949,0.2715,0.2869
8/28/2021,19.9643,0.4418,0.3976,0.3366,0.4454,0.4801,0.5459,0.6141,0.3928,0.5555,0.3976,0.601,0.4825,0.4119,0.3437,0.3689,0.4287,0.4095,0.3246,0.4251,0.3545,0.4072,0.4095,0.4897,0.3868,0.2935,0.309,0.5148,0.3378,0.4442,0.3509,0.3378,0.3533,0.3019,0.2552,0.3437,0.327,0.4622,0.3485,0.5781,0.8787,0.3653,0.4072,0.4299,0.4048,0.4658,0.3294,0.3545,0.3198
8/27/2021,9.4473,0.1901,0.1878,0.2069,0.2105,0.2253,0.1985,0.2034,0.2008,0.2162,0.2084,0.1937,0.1994,0.1913,0.1879,0.1949,0.1947,0.194,0.193,0.1933,0.1933,0.1864,0.1885,0.2014,0.2039,0.1801,0.1913,0.2086,0.1814,0.1853,0.1892,0.1895,0.1787,0.1781,0.1881,0.1891,0.1869,0.1845,0.1969,0.2273,0.2716,0.202,0.19,0.1958,0.1835,0.1959,0.1975,0.1943,0.1981
8/26/2021,7.9322,0.1654,0.165,0.1659,0.1647,0.1634,0.1653,0.1644,0.1644,0.1652,0.1655,0.1655,0.1659,0.1658,0.1655,0.1656,0.1653,0.1653,0.1653,0.1653,0.1651,0.1658,0.166,0.1652,0.1649,0.1656,0.1652,0.1647,0.1657,0.1646,0.1657,0.1661,0.166,0.166,0.166,0.166,0.1656,0.1656,0.1654,0.164,0.1621,0.1652,0.1654,0.1651,0.1652,0.1655,0.1651,0.1652,0.1655
8/25/2021,10.2499,0.202,0.2274,0.1937,0.2585,0.2555,0.2492,0.2056,0.2222,0.2092,0.2371,0.2454,0.1943,0.2027,0.2024,0.2193,0.2081,0.2092,0.2126,0.2117,0.2011,0.2038,0.1988,0.2126,0.2105,0.2074,0.209,0.2283,0.1975,0.2261,0.2096,0.182,0.1907,0.2006,0.1874,0.186,0.1957,0.2076,0.2042,0.2677,0.3415,0.195,0.188,0.1982,0.2087,0.2126,0.2085,0.1973,0.2074
8/24/2021,7.8432,0.1634,0.1627,0.1643,0.1631,0.1617,0.1606,0.1636,0.1617,0.1611,0.1631,0.1628,0.1645,0.1641,0.1641,0.1646,0.1635,0.1634,0.1641,0.1631,0.1642,0.1648,0.1648,0.1631,0.1649,0.1646,0.1636,0.1629,0.1646,0.1619,0.1644,0.1647,0.1642,0.165,0.1642,0.1645,0.1641,0.1642,0.1647,0.1592,0.1538,0.1633,0.1649,0.164,0.1645,0.1637,0.1641,0.1635,0.1633
8/23/2021,7.9323,0.1654,0.165,0.1658,0.1647,0.1645,0.1644,0.1648,0.1648,0.1642,0.1647,0.1646,0.1652,0.1657,0.1654,0.1655,0.1653,0.1655,0.1653,0.1652,0.1651,0.1652,0.166,0.1655,0.1656,0.1657,0.1658,0.1657,0.1659,0.1652,0.1652,0.1658,0.166,0.1661,0.1659,0.1656,0.1655,0.1654,0.1659,0.1636,0.1614,0.1651,0.1659,0.1652,0.1658,0.1658,0.1657,0.1652,0.1655
8/22/2021,7.8434,0.1644,0.1643,0.1636,0.1614,0.1601,0.1623,0.164,0.1616,0.1647,0.1638,0.1612,0.1644,0.164,0.1644,0.1634,0.1648,0.1634,0.1634,0.1641,0.1644,0.1646,0.164,0.1633,0.1638,0.1643,0.1649,0.1625,0.1647,0.1645,0.1645,0.1647,0.164,0.1643,0.1655,0.1648,0.1641,0.1632,0.1634,0.1582,0.152,0.164,0.1627,0.1634,0.163,0.1639,0.1646,0.1642,0.1646
8/21/2021,7.8432,0.1644,0.163,0.1643,0.1602,0.1592,0.1608,0.1616,0.1621,0.1627,0.164,0.1635,0.163,0.1649,0.1645,0.1644,0.1632,0.1646,0.1636,0.1645,0.163,0.1639,0.1637,0.1627,0.163,0.1643,0.1644,0.1636,0.1645,0.1616,0.1637,0.1652,0.1644,0.1642,0.1644,0.1643,0.164,0.1643,0.1636,0.1616,0.1579,0.1642,0.1632,0.1649,0.1649,0.1637,0.1635,0.1645,0.1635
8/20/2021,8.1103,0.1693,0.1688,0.1694,0.1711,0.1711,0.1707,0.1687,0.1709,0.1696,0.1688,0.1694,0.1682,0.1689,0.1689,0.1692,0.1692,0.1683,0.1687,0.1685,0.1684,0.1686,0.1683,0.1688,0.168,0.1677,0.1679,0.1691,0.168,0.1692,0.1686,0.1676,0.168,0.1681,0.1681,0.168,0.1685,0.1682,0.1689,0.1711,0.1744,0.1696,0.1684,0.1684,0.168,0.1692,0.1682,0.1682,0.1691
8/19/2021,7.9321,0.165,0.1649,0.1655,0.1649,0.164,0.1642,0.165,0.1642,0.1645,0.1655,0.1648,0.1654,0.1657,0.1653,0.1657,0.1651,0.1654,0.165,0.1657,0.1653,0.1658,0.1657,0.165,0.1654,0.1655,0.1654,0.1652,0.1658,0.1644,0.1653,0.1662,0.1656,0.1656,0.1658,0.1661,0.1657,0.1653,0.1651,0.1648,0.1634,0.1657,0.1656,0.166,0.1653,0.1653,0.1648,0.1656,0.1656
8/18/2021,8.8233,0.1808,0.1881,0.187,0.1927,0.1949,0.19,0.1994,0.1839,0.1784,0.1798,0.1969,0.1836,0.1775,0.176,0.1812,0.1818,0.1846,0.1818,0.1867,0.1791,0.1769,0.1805,0.1821,0.1831,0.1828,0.1761,0.1795,0.1757,0.182,0.1833,0.1719,0.1793,0.1753,0.176,0.1746,0.1783,0.1806,0.1799,0.2073,0.2369,0.1852,0.1903,0.1827,0.1803,0.1862,0.177,0.1769,0.1784
8/17/2021,7.8433,0.1628,0.1634,0.1649,0.1619,0.1606,0.1612,0.1611,0.1602,0.1636,0.1633,0.1625,0.1624,0.164,0.1636,0.1647,0.1642,0.1646,0.163,0.1634,0.1644,0.1649,0.164,0.1637,0.1642,0.1647,0.1649,0.1632,0.1645,0.1622,0.1644,0.1654,0.1643,0.1642,0.1646,0.1642,0.1644,0.1639,0.1648,0.1593,0.154,0.1639,0.1645,0.1647,0.1647,0.164,0.1639,0.1639,0.1641
8/16/2021,8.1104,0.1684,0.1681,0.1691,0.1711,0.1704,0.1694,0.1703,0.1692,0.1687,0.1703,0.1683,0.1693,0.1686,0.1687,0.1687,0.1683,0.169,0.1689,0.1686,0.1682,0.1679,0.1691,0.1687,0.1695,0.1689,0.1682,0.1687,0.1682,0.1699,0.1682,0.1678,0.168,0.1681,0.1679,0.1679,0.1683,0.168,0.1689,0.1722,0.1762,0.1682,0.1681,0.1685,0.1684,0.1681,0.1694,0.1685,0.169
8/15/2021,6.9519,0.1477,0.1493,0.1403,0.1421,0.123,0.123,0.146,0.1323,0.1495,0.1402,0.1326,0.1404,0.1484,0.1514,0.1527,0.1483,0.1501,0.153,0.1463,0.1436,0.1484,0.1416,0.1492,0.1518,0.1541,0.1519,0.1392,0.1528,0.1493,0.1527,0.1574,0.1574,0.1517,0.1578,0.1538,0.1524,0.153,0.1476,0.1077,0.0647,0.1418,0.1533,0.1536,0.1441,0.1475,0.1548,0.1466,0.1555
8/14/2021,8.7344,0.1789,0.1848,0.1786,0.1901,0.193,0.1871,0.1883,0.1815,0.1819,0.1918,0.1908,0.1754,0.1814,0.1806,0.1783,0.1758,0.1839,0.1833,0.1822,0.1835,0.1764,0.1806,0.1787,0.176,0.1745,0.1821,0.1824,0.1769,0.1761,0.1797,0.1774,0.1744,0.1731,0.1753,0.1754,0.1777,0.1811,0.175,0.2037,0.2308,0.1783,0.1752,0.1827,0.1761,0.1839,0.1863,0.1771,0.1763
8/13/2021,7.843,0.1635,0.1627,0.1632,0.1624,0.1588,0.1635,0.1615,0.1624,0.1625,0.1642,0.1644,0.1634,0.1638,0.1633,0.1634,0.1643,0.1645,0.1641,0.1637,0.163,0.1631,0.164,0.1648,0.1643,0.1635,0.1637,0.1623,0.165,0.1631,0.1637,0.1641,0.1655,0.1649,0.1651,0.1647,0.1645,0.1632,0.1632,0.1608,0.1565,0.1633,0.163,0.1636,0.1651,0.1631,0.1643,0.1641,0.1639
8/12/2021,7.9324,0.1657,0.1651,0.1652,0.1646,0.1638,0.1642,0.1646,0.1638,0.1643,0.1649,0.1652,0.1659,0.1656,0.1657,0.1657,0.1655,0.1656,0.1657,0.1657,0.1655,0.1655,0.1651,0.1659,0.165,0.1658,0.1654,0.165,0.1658,0.1652,0.1655,0.1659,0.1658,0.1659,0.1662,0.1659,0.1655,0.1652,0.1654,0.1644,0.1627,0.1657,0.1647,0.1652,0.1656,0.1654,0.1656,0.1655,0.1653
8/11/2021,17.7361,0.3176,0.377,0.301,0.5678,0.6262,0.4354,0.4149,0.3526,0.4714,0.3867,0.5074,0.3711,0.3585,0.3127,0.2874,0.3682,0.3419,0.3273,0.3643,0.3984,0.3371,0.3108,0.4101,0.3517,0.2971,0.3371,0.301,0.2806,0.4383,0.3263,0.2854,0.3263,0.3001,0.2621,0.2757,0.3098,0.3818,0.3147,0.4327,0.627,0.3468,0.45,0.4091,0.4003,0.3458,0.3117,0.3224,0.3565
8/10/2021,14.7061,0.2981,0.3216,0.3021,0.3638,0.3752,0.3155,0.3913,0.4269,0.3169,0.3658,0.2921,0.3457,0.2787,0.2954,0.2746,0.3229,0.3075,0.2948,0.2659,0.329,0.3088,0.2921,0.2565,0.2357,0.2572,0.2559,0.3839,0.2626,0.3893,0.2686,0.2156,0.2344,0.2196,0.2552,0.2331,0.2612,0.2827,0.3035,0.3978,0.5666,0.2659,0.3256,0.272,0.2706,0.3021,0.3243,0.2673,0.3142
8/9/2021,8.8235,0.1882,0.1782,0.1847,0.1888,0.2054,0.1952,0.2004,0.1843,0.1801,0.1906,0.1852,0.1828,0.1821,0.1787,0.1764,0.182,0.1802,0.1843,0.1784,0.1839,0.1835,0.1827,0.1872,0.1885,0.1752,0.1793,0.1882,0.1772,0.1858,0.1826,0.1793,0.1727,0.1775,0.1734,0.1794,0.1776,0.1785,0.1758,0.1979,0.2207,0.1764,0.188,0.1789,0.1745,0.184,0.1866,0.1791,0.1831
8/8/2021,16.8448,0.3913,0.2887,0.3268,0.5072,0.5939,0.5249,0.44,0.5311,0.3285,0.4214,0.2887,0.3639,0.3391,0.3091,0.325,0.3542,0.3338,0.2719,0.3073,0.3427,0.3161,0.2666,0.4134,0.34,0.3117,0.2684,0.256,0.2578,0.3153,0.3533,0.2489,0.3029,0.2657,0.2932,0.2905,0.3064,0.3745,0.3294,0.4482,0.6538,0.3692,0.3816,0.3046,0.2914,0.2887,0.3135,0.3657,0.3285
8/7/2021,20.4997,0.4829,0.4954,0.3679,0.4691,0.6804,0.5066,0.5579,0.4067,0.5291,0.4879,0.4179,0.3867,0.3279,0.3867,0.3592,0.3567,0.3704,0.3717,0.3804,0.4279,0.4079,0.3179,0.3292,0.2992,0.4129,0.3054,0.4941,0.3154,0.4079,0.4004,0.2917,0.3067,0.3604,0.3379,0.2779,0.3592,0.4304,0.4104,0.8895,1.4175,0.3842,0.3267,0.4229,0.3329,0.4117,0.4229,0.3529,0.3042
8/6/2021,15.5078,0.3394,0.3363,0.3363,0.3724,0.3964,0.3348,0.3348,0.4077,0.4167,0.3949,0.2665,0.3499,0.2785,0.3153,0.3266,0.3326,0.274,0.262,0.3078,0.2883,0.3198,0.2838,0.3694,0.277,0.3063,0.3198,0.2763,0.2635,0.3934,0.3108,0.2335,0.262,0.2575,0.268,0.2448,0.2665,0.3086,0.2718,0.5541,0.8371,0.2981,0.2455,0.2981,0.2808,0.2823,0.2973,0.268,0.2425
8/5/2021,15.4193,0.3329,0.3536,0.3358,0.4026,0.4338,0.4657,0.4256,0.3863,0.4197,0.407,0.338,0.2854,0.2817,0.3239,0.2928,0.278,0.3373,0.3418,0.3084,0.2876,0.321,0.3351,0.3729,0.2794,0.3128,0.2817,0.341,0.2713,0.2683,0.3121,0.2639,0.2371,0.2305,0.2676,0.2312,0.2995,0.2579,0.3336,0.3536,0.4902,0.2891,0.2601,0.2935,0.2371,0.3507,0.2772,0.2772,0.3358
8/4/2021,15.0627,0.2832,0.2994,0.3086,0.4393,0.4047,0.44,0.4287,0.4449,0.38,0.3001,0.279,0.3023,0.2973,0.3037,0.2606,0.3044,0.3178,0.2938,0.3249,0.2818,0.3016,0.2896,0.3468,0.2472,0.2302,0.2472,0.2874,0.2613,0.3757,0.2917,0.2189,0.2634,0.2712,0.2281,0.25,0.2888,0.25,0.3249,0.4235,0.6111,0.2662,0.2987,0.303,0.2606,0.3016,0.3574,0.2797,0.2924
8/3/2021,16.3993,0.3867,0.2943,0.3876,0.3657,0.5547,0.4632,0.3279,0.4665,0.3061,0.3347,0.3137,0.3061,0.296,0.3187,0.312,0.2691,0.3506,0.291,0.3204,0.3699,0.2792,0.27,0.3372,0.2851,0.2406,0.3447,0.3632,0.2784,0.2733,0.2985,0.2238,0.2414,0.2935,0.2843,0.2784,0.3137,0.2683,0.317,0.6459,0.996,0.2901,0.3069,0.3758,0.3389,0.3481,0.3128,0.2977,0.2616
8/2/2021,17.5583,0.311,0.3817,0.3425,0.4171,0.6388,0.3741,0.4544,0.3989,0.376,0.3158,0.4869,0.4123,0.2871,0.3674,0.3282,0.353,0.3435,0.3722,0.3903,0.3473,0.3511,0.3722,0.2947,0.3397,0.3139,0.2995,0.4152,0.2728,0.3655,0.3617,0.2871,0.2536,0.3043,0.2804,0.3081,0.2881,0.2728,0.3712,0.5325,0.7997,0.2986,0.4276,0.2594,0.2689,0.3846,0.3951,0.3674,0.3741
8/1/2021,13.2797,0.2712,0.3013,0.2754,0.3662,0.3008,0.3726,0.3567,0.3404,0.2786,0.3325,0.3134,0.2527,0.2659,0.2585,0.2654,0.2295,0.2538,0.2633,0.2564,0.2702,0.2754,0.258,0.2791,0.2939,0.2232,0.2797,0.3372,0.2306,0.2892,0.267,0.2443,0.2527,0.221,0.2348,0.239,0.2496,0.2749,0.2939,0.2664,0.3393,0.2823,0.258,0.2902,0.2538,0.2765,0.2342,0.2886,0.2221
7/31/2021,18.0923,0.3816,0.314,0.425,0.5078,0.531,0.4846,0.4573,0.5007,0.3382,0.5098,0.5128,0.3261,0.3372,0.2767,0.3493,0.3473,0.3675,0.3675,0.3917,0.3534,0.3655,0.2908,0.3594,0.3009,0.2837,0.2757,0.2716,0.2726,0.3282,0.3645,0.2787,0.2878,0.2504,0.316,0.2565,0.3009,0.316,0.4069,0.744,1.1658,0.2868,0.3201,0.3332,0.3504,0.3393,0.2918,0.3645,0.2908
7/30/2021,10.25,0.2281,0.1975,0.2276,0.2569,0.2585,0.2195,0.2603,0.2092,0.2173,0.2423,0.2391,0.206,0.1997,0.2087,0.2137,0.2204,0.2047,0.2209,0.2058,0.218,0.2121,0.2009,0.1984,0.1919,0.197,0.2022,0.2342,0.1973,0.2434,0.2132,0.1941,0.1856,0.1986,0.1982,0.1946,0.1982,0.1977,0.2042,0.2114,0.2441,0.2191,0.1964,0.2137,0.2218,0.2146,0.2128,0.195,0.2051
7/29/2021,13.4583,0.3173,0.26,0.2524,0.3446,0.4434,0.3861,0.349,0.2813,0.3495,0.3462,0.2627,0.3102,0.2502,0.2371,0.2513,0.2698,0.2846,0.248,0.2966,0.2928,0.2485,0.2354,0.2649,0.2425,0.2736,0.2529,0.2949,0.236,0.2693,0.2649,0.212,0.2256,0.2196,0.2409,0.2109,0.2458,0.2589,0.2491,0.3752,0.5275,0.2895,0.2431,0.2333,0.2573,0.2786,0.2485,0.272,0.2545
7/28/2021,10.4277,0.2215,0.2198,0.2266,0.2361,0.2194,0.2453,0.2101,0.23,0.2002,0.2451,0.2465,0.2264,0.1999,0.2172,0.1985,0.2181,0.2242,0.196,0.2067,0.2031,0.2147,0.1909,0.1973,0.1924,0.2031,0.2157,0.2259,0.2007,0.2371,0.2116,0.2019,0.205,0.1975,0.1851,0.1987,0.2007,0.2172,0.2128,0.2831,0.3682,0.1941,0.2232,0.1968,0.2043,0.2043,0.2155,0.2206,0.2186
7/27/2021,11.4086,0.257,0.2243,0.2379,0.3057,0.2597,0.2948,0.2239,0.2962,0.241,0.2243,0.2236,0.2352,0.2052,0.2202,0.2209,0.2348,0.2151,0.242,0.2246,0.2376,0.2089,0.2079,0.2382,0.2239,0.2372,0.2304,0.2079,0.2144,0.2676,0.2185,0.2178,0.2137,0.2011,0.1926,0.2011,0.2113,0.2335,0.2478,0.3584,0.4985,0.2573,0.2011,0.2045,0.2174,0.2267,0.2096,0.2297,0.2076
7/26/2021,12.0317,0.2542,0.2352,0.2767,0.3296,0.3227,0.3235,0.2384,0.3199,0.2094,0.2586,0.2989,0.2715,0.2259,0.2138,0.2465,0.2642,0.2481,0.2163,0.2586,0.238,0.2171,0.2521,0.2384,0.2308,0.2372,0.2449,0.2961,0.2167,0.2977,0.2392,0.211,0.2219,0.1977,0.2106,0.2034,0.2267,0.259,0.2227,0.2821,0.3665,0.2691,0.2336,0.2223,0.2042,0.2175,0.2751,0.2501,0.238
7/25/2021,14.3497,0.3121,0.281,0.2479,0.3603,0.4321,0.4003,0.3959,0.4289,0.3559,0.2848,0.3114,0.2632,0.2962,0.2949,0.3127,0.2683,0.2448,0.3102,0.293,0.286,0.26,0.3064,0.274,0.3197,0.2264,0.246,0.3654,0.2314,0.2479,0.2791,0.2181,0.2435,0.241,0.2575,0.2333,0.2746,0.3191,0.2594,0.4213,0.6073,0.2371,0.2892,0.2346,0.2956,0.2486,0.2898,0.3025,0.241
7/24/2021,11.4084,0.2236,0.241,0.2447,0.2907,0.3344,0.2509,0.3064,0.2386,0.287,0.2174,0.2846,0.2096,0.2307,0.2301,0.241,0.2437,0.2205,0.2464,0.2151,0.2157,0.2072,0.2447,0.2192,0.211,0.2035,0.2393,0.2307,0.2157,0.2229,0.227,0.2086,0.2127,0.198,0.2069,0.2031,0.2188,0.2454,0.2202,0.2877,0.3762,0.2485,0.2403,0.2127,0.2028,0.2488,0.2103,0.2454,0.2287
7/23/2021,10.3386,0.2186,0.2102,0.2291,0.2558,0.2838,0.2263,0.2583,0.2623,0.1973,0.205,0.2186,0.2247,0.1959,0.2153,0.2048,0.2095,0.2069,0.212,0.2223,0.201,0.2069,0.213,0.2296,0.2226,0.1945,0.1971,0.2078,0.1933,0.2343,0.209,0.1912,0.2034,0.1912,0.1844,0.2034,0.1971,0.2242,0.2139,0.2183,0.256,0.2141,0.2305,0.2144,0.1901,0.2148,0.2134,0.1945,0.2179
7/22/2021,13.0125,0.2925,0.2514,0.282,0.3306,0.4033,0.281,0.3672,0.3035,0.3,0.3206,0.303,0.2784,0.2594,0.2318,0.2694,0.2559,0.2619,0.2895,0.2564,0.2589,0.2343,0.2268,0.2995,0.2734,0.2208,0.2759,0.2398,0.2293,0.3115,0.2439,0.2298,0.2208,0.2098,0.2414,0.2383,0.2328,0.2243,0.2283,0.331,0.451,0.2704,0.295,0.2549,0.2163,0.2323,0.2509,0.2639,0.2694
7/21/2021,13.5472,0.2793,0.2576,0.2959,0.388,0.3192,0.3181,0.3009,0.3847,0.2931,0.2404,0.266,0.2588,0.2715,0.2665,0.2649,0.2726,0.2454,0.2399,0.2887,0.3015,0.231,0.2926,0.2377,0.2465,0.2759,0.2893,0.2393,0.2282,0.317,0.2493,0.2194,0.2421,0.2366,0.2144,0.2227,0.2421,0.2981,0.2676,0.4373,0.635,0.2377,0.3142,0.2815,0.2205,0.292,0.2965,0.2615,0.2682
7/20/2021,14.3494,0.3419,0.2816,0.3235,0.3857,0.4054,0.3171,0.3749,0.3064,0.2981,0.2924,0.2841,0.2879,0.2822,0.2391,0.2791,0.2994,0.3089,0.2987,0.3083,0.3146,0.2791,0.2302,0.2721,0.2486,0.2613,0.2441,0.3229,0.2314,0.3279,0.2594,0.2441,0.2225,0.2289,0.246,0.2346,0.274,0.3248,0.2892,0.4792,0.7075,0.2822,0.3127,0.2511,0.2797,0.3171,0.2435,0.2511,0.2549
7/19/2021,14.706,0.2538,0.3471,0.3035,0.343,0.4718,0.4148,0.4114,0.443,0.329,0.2961,0.394,0.286,0.2552,0.2659,0.2981,0.3189,0.3055,0.3135,0.3062,0.2961,0.2532,0.2699,0.3363,0.2364,0.2686,0.288,0.2887,0.2344,0.3129,0.2619,0.2733,0.225,0.2337,0.2411,0.2364,0.2867,0.2505,0.2807,0.4206,0.6061,0.2827,0.2304,0.2652,0.3162,0.3162,0.2652,0.3243,0.2485
7/18/2021,14.2602,0.2537,0.32,0.2894,0.3996,0.4715,0.3513,0.3082,0.2806,0.3726,0.3745,0.3751,0.3357,0.2643,0.2875,0.3,0.2643,0.2731,0.2599,0.2894,0.2581,0.2869,0.2794,0.2837,0.3063,0.2662,0.2337,0.2737,0.2487,0.2743,0.2543,0.2587,0.2193,0.2556,0.228,0.2524,0.2593,0.2938,0.2862,0.395,0.5618,0.31,0.3182,0.2549,0.2512,0.3119,0.2787,0.2393,0.2499
7/17/2021,15.5082,0.3221,0.3273,0.2725,0.4332,0.4745,0.443,0.3461,0.3048,0.2515,0.3784,0.3161,0.2943,0.3026,0.2733,0.262,0.274,0.2996,0.265,0.3431,0.3311,0.3041,0.3071,0.2921,0.2808,0.3093,0.2883,0.2613,0.2613,0.4114,0.3161,0.2665,0.289,0.2402,0.2733,0.2275,0.2936,0.3101,0.3333,0.5263,0.7891,0.3536,0.3363,0.286,0.2463,0.3131,0.3101,0.2778,0.2898
7/16/2021,18.0032,0.4418,0.3937,0.3707,0.5618,0.4958,0.3847,0.5998,0.5488,0.4468,0.4728,0.3397,0.3537,0.3107,0.2777,0.2927,0.3477,0.2877,0.3357,0.3998,0.4128,0.3267,0.4108,0.2837,0.4258,0.3597,0.2997,0.3777,0.2857,0.4188,0.3007,0.2537,0.3337,0.2807,0.2787,0.3217,0.3057,0.3357,0.3137,0.4696,0.691,0.3087,0.4048,0.3487,0.3968,0.3747,0.2967,0.3407,0.3837
7/15/2021,16.2212,0.2727,0.3812,0.2859,0.4634,0.4577,0.4149,0.3755,0.498,0.4125,0.3171,0.4149,0.2998,0.2916,0.3294,0.3155,0.2801,0.3582,0.3155,0.2966,0.3056,0.3007,0.2645,0.2818,0.35,0.3278,0.2818,0.2513,0.2489,0.3895,0.2818,0.2538,0.2505,0.2727,0.2448,0.2933,0.2711,0.3171,0.3089,0.5593,0.8461,0.3352,0.262,0.3484,0.2883,0.341,0.3245,0.2867,0.3533
7/14/2021,16.0427,0.3895,0.2913,0.2873,0.445,0.4152,0.4932,0.3114,0.3139,0.3259,0.3082,0.3122,0.338,0.2728,0.2841,0.276,0.2937,0.3348,0.2986,0.3476,0.301,0.2712,0.2889,0.3476,0.35,0.2841,0.2608,0.3919,0.2704,0.4361,0.305,0.2294,0.2769,0.276,0.2439,0.2664,0.2785,0.3106,0.3259,0.5955,0.9088,0.3702,0.2584,0.3243,0.268,0.3597,0.3605,0.2688,0.2752
7/13/2021,16.9344,0.3775,0.3355,0.3445,0.449,0.4356,0.4758,0.382,0.3471,0.4454,0.3811,0.3418,0.3168,0.2926,0.3579,0.3713,0.3498,0.3436,0.3373,0.3328,0.2998,0.2685,0.2971,0.3168,0.3159,0.3025,0.3141,0.432,0.2917,0.3391,0.348,0.2614,0.3105,0.2873,0.2399,0.2524,0.323,0.3266,0.3391,0.6143,0.9413,0.281,0.3409,0.3257,0.298,0.2783,0.2739,0.3677,0.3302
7/12/2021,18.8949,0.3312,0.3737,0.3443,0.6014,0.4641,0.3813,0.414,0.5066,0.5033,0.3726,0.3246,0.3203,0.2887,0.3137,0.3094,0.3595,0.3279,0.3486,0.3933,0.3377,0.3214,0.2723,0.3671,0.3029,0.3432,0.3998,0.3508,0.2778,0.4423,0.3878,0.3388,0.2473,0.3094,0.3083,0.2745,0.3519,0.3497,0.3094,0.9531,1.5276,0.3148,0.3018,0.3857,0.3137,0.4064,0.3998,0.366,0.3551
7/11/2021,13.8147,0.3091,0.3062,0.2946,0.3975,0.4626,0.2987,0.2649,0.2818,0.3173,0.2952,0.3702,0.2394,0.2713,0.2382,0.2632,0.2684,0.237,0.2731,0.283,0.3051,0.2364,0.2271,0.2446,0.2905,0.2347,0.2516,0.3522,0.2341,0.358,0.2737,0.2492,0.2614,0.2155,0.2423,0.2167,0.2696,0.2318,0.2498,0.4045,0.5783,0.2725,0.3085,0.2556,0.2649,0.2614,0.3109,0.2545,0.2876
7/10/2021,10.7839,0.2276,0.2343,0.2151,0.2689,0.2992,0.256,0.2872,0.2352,0.2098,0.207,0.2541,0.2382,0.2176,0.202,0.2299,0.1998,0.2173,0.2343,0.2251,0.2307,0.207,0.2279,0.2204,0.2034,0.2051,0.2171,0.2494,0.202,0.2552,0.2229,0.2098,0.2076,0.2048,0.1889,0.1953,0.2034,0.2249,0.2087,0.2052,0.2334,0.2418,0.2457,0.2279,0.2154,0.2274,0.2249,0.204,0.2151
7/9/2021,13.2796,0.2448,0.3082,0.3013,0.3335,0.3937,0.3319,0.2754,0.3863,0.2353,0.2892,0.3552,0.287,0.2601,0.2791,0.2459,0.2474,0.2559,0.2638,0.2443,0.2496,0.2506,0.2606,0.2633,0.2939,0.2564,0.2348,0.3092,0.2269,0.2385,0.2575,0.2015,0.2184,0.2126,0.22,0.2369,0.2485,0.2791,0.2696,0.372,0.522,0.2807,0.2828,0.2279,0.2274,0.2665,0.3039,0.2754,0.2548
7/8/2021,13.7256,0.264,0.2514,0.276,0.3963,0.4329,0.3087,0.2703,0.3447,0.2749,0.2686,0.2491,0.2714,0.2417,0.2428,0.2949,0.3012,0.2474,0.244,0.3029,0.2932,0.2886,0.272,0.2732,0.3167,0.256,0.2314,0.3029,0.2279,0.2566,0.2772,0.2543,0.2108,0.2537,0.2108,0.2262,0.2503,0.2714,0.272,0.5361,0.806,0.2354,0.2554,0.2411,0.2697,0.2497,0.2319,0.2337,0.2382
7/7/2021,18.36,0.3542,0.3096,0.4091,0.4619,0.58,0.3594,0.4215,0.5697,0.4775,0.4536,0.4008,0.3438,0.378,0.3045,0.3884,0.3335,0.321,0.4257,0.3811,0.4163,0.3749,0.3345,0.4443,0.3449,0.2941,0.3148,0.3718,0.2754,0.3801,0.3076,0.3272,0.2993,0.262,0.2682,0.3034,0.3418,0.4101,0.4091,0.614,0.9408,0.2837,0.3811,0.3687,0.3604,0.3065,0.3076,0.3573,0.2868
7/6/2021,14.7061,0.2867,0.278,0.2847,0.4208,0.3531,0.3122,0.4396,0.3122,0.3397,0.333,0.2565,0.2948,0.2492,0.2686,0.2619,0.3189,0.3256,0.2807,0.3015,0.2874,0.2813,0.2344,0.2585,0.2398,0.2263,0.2766,0.2907,0.2498,0.2914,0.2646,0.2639,0.2485,0.2686,0.2579,0.2485,0.2733,0.2559,0.2492,0.5041,0.7506,0.3497,0.3524,0.3202,0.2954,0.3142,0.3383,0.2968,0.3001
7/5/2021,18.7166,0.4153,0.456,0.3156,0.5685,0.71,0.5257,0.4046,0.3842,0.4249,0.3617,0.3338,0.3746,0.3542,0.3767,0.3285,0.3178,0.3917,0.4282,0.3542,0.3596,0.3413,0.3146,0.4046,0.3521,0.2931,0.2899,0.4067,0.3038,0.4142,0.3124,0.3135,0.276,0.3156,0.2663,0.3371,0.3103,0.2856,0.3285,0.6726,1.0422,0.3756,0.411,0.4056,0.3939,0.3992,0.3038,0.3071,0.3542
7/4/2021,21.8362,0.4392,0.4282,0.3548,0.7146,0.4835,0.7229,0.7256,0.6648,0.5278,0.4462,0.507,0.4475,0.4406,0.4268,0.395,0.406,0.4226,0.3714,0.4572,0.5001,0.4254,0.3064,0.3618,0.3797,0.3936,0.3521,0.478,0.3078,0.3714,0.3839,0.294,0.2843,0.3687,0.323,0.2967,0.3521,0.4213,0.4074,0.8244,1.3049,0.4849,0.5001,0.3853,0.3424,0.4711,0.4019,0.3825,0.3493
7/3/2021,15.1517,0.3462,0.299,0.3605,0.4213,0.4391,0.4427,0.3748,0.3076,0.2954,0.3512,0.4313,0.2568,0.2868,0.2789,0.3254,0.2897,0.324,0.3076,0.3054,0.2732,0.3154,0.2675,0.3512,0.2575,0.2604,0.2439,0.324,0.2646,0.2646,0.2782,0.2289,0.2418,0.2389,0.2253,0.2246,0.2718,0.2875,0.3054,0.4529,0.6621,0.2975,0.3419,0.2532,0.2804,0.3412,0.3555,0.2925,0.3061
7/2/2021,17.1123,0.3972,0.3763,0.3252,0.4446,0.4291,0.348,0.3362,0.492,0.4154,0.4719,0.3516,0.3726,0.307,0.3471,0.3434,0.3516,0.2961,0.3106,0.2979,0.3207,0.2751,0.2842,0.2778,0.3498,0.286,0.3088,0.4519,0.2888,0.2842,0.3371,0.2532,0.2705,0.2924,0.2879,0.2514,0.3216,0.3198,0.338,0.6626,1.0249,0.338,0.3252,0.2678,0.3243,0.3307,0.4027,0.3562,0.2669
7/1/2021,14.7954,0.2815,0.3345,0.3529,0.3977,0.5071,0.3257,0.3474,0.4099,0.4065,0.3821,0.3257,0.3331,0.2591,0.2693,0.2869,0.2632,0.2713,0.2666,0.2822,0.2666,0.272,0.2577,0.2733,0.3291,0.2339,0.2482,0.3257,0.2496,0.3848,0.2829,0.253,0.2197,0.2536,0.2564,0.2333,0.2849,0.3236,0.3121,0.3772,0.531,0.342,0.3454,0.2645,0.2435,0.2815,0.3223,0.2482,0.2767
6/30/2021,18.5387,0.4228,0.4407,0.4438,0.5461,0.6188,0.5935,0.3606,0.3827,0.4881,0.3479,0.5798,0.4154,0.3574,0.3785,0.3026,0.4164,0.3827,0.2921,0.3353,0.3321,0.3237,0.3279,0.4459,0.3521,0.3711,0.3121,0.4881,0.3132,0.4849,0.3469,0.2415,0.31,0.2942,0.3247,0.2541,0.3543,0.291,0.2952,0.4801,0.709,0.4301,0.2931,0.3406,0.3658,0.3543,0.3406,0.3279,0.329
6/29/2021,13.1909,0.2871,0.2892,0.2648,0.3406,0.3592,0.2928,0.3847,0.325,0.2668,0.2336,0.3079,0.2352,0.2404,0.2752,0.257,0.231,0.2445,0.257,0.2772,0.2762,0.258,0.2772,0.2923,0.2388,0.2144,0.243,0.2248,0.2258,0.2534,0.2632,0.2217,0.204,0.2419,0.2378,0.2248,0.2523,0.2336,0.2466,0.425,0.6138,0.3027,0.216,0.2944,0.2814,0.2565,0.2606,0.2845,0.257
6/28/2021,17.6474,0.3625,0.3365,0.3249,0.5207,0.3895,0.4484,0.459,0.4677,0.3857,0.3914,0.4165,0.3664,0.349,0.3336,0.3866,0.3307,0.3712,0.3963,0.3577,0.3316,0.3239,0.3548,0.2988,0.376,0.295,0.3789,0.2882,0.2651,0.4021,0.3625,0.3239,0.2824,0.3046,0.2448,0.2651,0.2902,0.3586,0.2959,0.5655,0.857,0.4098,0.3567,0.4001,0.3606,0.2902,0.3017,0.3818,0.2873
6/27/2021,21.3013,0.4673,0.3821,0.454,0.6828,0.708,0.7054,0.6641,0.6974,0.3635,0.5857,0.426,0.3808,0.3635,0.4088,0.4433,0.4526,0.3795,0.3888,0.4088,0.4713,0.3502,0.3835,0.3369,0.4779,0.2904,0.3409,0.3955,0.3023,0.5231,0.3476,0.325,0.3502,0.2824,0.3609,0.3289,0.3888,0.3436,0.4393,0.6718,1.0409,0.3422,0.4021,0.462,0.4553,0.3343,0.3462,0.4726,0.3728
6/26/2021,17.2017,0.3829,0.3857,0.3562,0.4344,0.6231,0.4068,0.3774,0.5016,0.4308,0.3535,0.4501,0.2762,0.3185,0.2679,0.2927,0.3222,0.2982,0.3397,0.3774,0.37,0.2909,0.2964,0.3157,0.2964,0.3176,0.2946,0.3783,0.2624,0.2955,0.3102,0.2881,0.3056,0.2532,0.3056,0.2789,0.2844,0.2909,0.347,0.6516,1.0059,0.3866,0.2697,0.2697,0.2927,0.3719,0.2854,0.3479,0.3433
6/25/2021,17.5579,0.3607,0.3961,0.3349,0.4993,0.6274,0.5471,0.4591,0.5691,0.3053,0.3903,0.3225,0.311,0.2938,0.3301,0.3444,0.2852,0.376,0.4075,0.3148,0.3024,0.3683,0.2594,0.3282,0.3253,0.3406,0.3569,0.4505,0.2967,0.4343,0.2947,0.2527,0.3129,0.3148,0.2833,0.2622,0.2947,0.3406,0.3645,0.4498,0.6567,0.4171,0.3349,0.3655,0.3846,0.2938,0.3693,0.3339,0.2947
6/24/2021,15.5083,0.3251,0.3191,0.3296,0.3867,0.3957,0.3912,0.3867,0.4527,0.2575,0.3904,0.3829,0.3138,0.3198,0.3161,0.3071,0.3326,0.3213,0.2628,0.3093,0.2808,0.3348,0.2793,0.2545,0.2906,0.2365,0.2688,0.3829,0.2658,0.3889,0.2996,0.2297,0.2387,0.28,0.256,0.2275,0.3003,0.3033,0.2628,0.4862,0.7196,0.2748,0.2936,0.3296,0.3228,0.3536,0.274,0.2906,0.2823
6/23/2021,15.5974,0.2859,0.3209,0.3141,0.4614,0.5397,0.3156,0.4926,0.3953,0.3574,0.2753,0.387,0.3726,0.3141,0.2806,0.3308,0.311,0.2685,0.2753,0.3285,0.2723,0.2943,0.3217,0.3034,0.3467,0.2426,0.292,0.387,0.2601,0.4219,0.2814,0.2768,0.2495,0.2229,0.2594,0.2434,0.2632,0.267,0.2783,0.4813,0.7112,0.251,0.3292,0.2632,0.3315,0.2882,0.3141,0.27,0.2472
6/22/2021,20.2317,0.5006,0.3783,0.4517,0.503,0.5018,0.4835,0.629,0.6449,0.3489,0.4248,0.3697,0.5055,0.3575,0.3636,0.4321,0.3159,0.4529,0.3966,0.4284,0.366,0.3501,0.3514,0.3416,0.3612,0.333,0.4027,0.3978,0.2939,0.4566,0.3819,0.2547,0.2902,0.3342,0.3147,0.3012,0.3391,0.4113,0.3049,0.7696,1.2101,0.3746,0.4419,0.2988,0.4541,0.426,0.3367,0.4615,0.3832
6/21/2021,17.5582,0.332,0.3617,0.3836,0.5605,0.4075,0.4114,0.5194,0.4114,0.4773,0.2976,0.4668,0.3846,0.3177,0.3511,0.3617,0.2861,0.2919,0.3234,0.3186,0.311,0.2852,0.2642,0.3339,0.3903,0.2565,0.3206,0.2861,0.2814,0.4916,0.3655,0.2393,0.2881,0.2632,0.2986,0.2928,0.3215,0.3416,0.3186,0.6525,1.0075,0.419,0.3454,0.2814,0.3435,0.3072,0.3081,0.3081,0.3712
6/20/2021,14.1711,0.2549,0.3166,0.2993,0.3185,0.4388,0.3561,0.3382,0.3086,0.2518,0.2673,0.2561,0.245,0.2728,0.2673,0.2753,0.2815,0.25,0.2691,0.2987,0.2802,0.2543,0.287,0.3086,0.2796,0.2685,0.2679,0.3123,0.2333,0.3098,0.2969,0.2339,0.2469,0.2432,0.2167,0.2463,0.2697,0.2784,0.279,0.5613,0.8496,0.2703,0.2919,0.229,0.2395,0.295,0.2395,0.279,0.2376
6/19/2021,18.8947,0.3737,0.3584,0.3301,0.451,0.7125,0.5262,0.3748,0.4445,0.3889,0.499,0.4804,0.366,0.3562,0.2898,0.3116,0.3312,0.4303,0.4271,0.4314,0.3889,0.4129,0.3944,0.3181,0.3998,0.2963,0.3148,0.3268,0.2843,0.4652,0.3911,0.2734,0.2996,0.3203,0.2604,0.3137,0.3137,0.3878,0.3137,0.5641,0.8544,0.365,0.3889,0.2876,0.3987,0.4303,0.4281,0.4151,0.4042
6/18/2021,15.6863,0.3189,0.3757,0.2635,0.4426,0.4072,0.4518,0.3665,0.3988,0.3342,0.3019,0.345,0.2789,0.2543,0.3273,0.3358,0.2697,0.3258,0.2612,0.3427,0.3027,0.3012,0.3135,0.3604,0.3427,0.2512,0.3358,0.3219,0.2489,0.3181,0.3227,0.2458,0.295,0.2681,0.2389,0.2412,0.3027,0.3281,0.3404,0.429,0.6207,0.3027,0.3189,0.3004,0.3373,0.3388,0.2774,0.3481,0.3319
6/17/2021,14.6172,0.2686,0.2924,0.3321,0.4406,0.4426,0.3215,0.3883,0.3374,0.3308,0.3083,0.3513,0.3354,0.2798,0.301,0.2745,0.295,0.252,0.3017,0.2679,0.2719,0.2719,0.2699,0.2653,0.2811,0.3017,0.2924,0.254,0.2533,0.3605,0.2613,0.2335,0.2183,0.2527,0.2322,0.2692,0.2686,0.303,0.2964,0.4315,0.625,0.2904,0.3222,0.2785,0.2977,0.2858,0.2454,0.2957,0.2666
6/16/2021,18.2711,0.3546,0.406,0.4409,0.5703,0.4882,0.4573,0.5847,0.4584,0.4625,0.3988,0.5477,0.3546,0.3557,0.2981,0.3515,0.4091,0.3444,0.3002,0.4029,0.3906,0.2827,0.368,0.3279,0.3865,0.2714,0.3916,0.4481,0.2776,0.2971,0.331,0.3228,0.2427,0.3238,0.2755,0.3228,0.3166,0.3043,0.3012,0.4657,0.6842,0.3875,0.3402,0.4019,0.4142,0.3793,0.3608,0.3567,0.3125
6/15/2021,18.984,0.4512,0.3743,0.4555,0.5423,0.4413,0.3874,0.4259,0.6203,0.4588,0.3842,0.3918,0.2952,0.3029,0.3534,0.3457,0.4215,0.3182,0.3556,0.3369,0.3424,0.3787,0.405,0.3633,0.4501,0.349,0.2897,0.4138,0.2963,0.338,0.3534,0.2425,0.2721,0.2919,0.3095,0.2919,0.3358,0.2875,0.3468,0.7664,1.2046,0.4204,0.4863,0.3435,0.3435,0.3973,0.3358,0.3446,0.3215
6/14/2021,20.2316,0.4835,0.3734,0.3355,0.5067,0.4957,0.6021,0.3844,0.6816,0.4504,0.3771,0.618,0.355,0.3746,0.4003,0.3538,0.4076,0.4248,0.344,0.404,0.4101,0.3868,0.4186,0.4137,0.3391,0.3355,0.3171,0.4627,0.3232,0.552,0.3624,0.3391,0.2694,0.3012,0.2768,0.2657,0.3599,0.3954,0.4321,0.6679,1.0341,0.3612,0.4517,0.3893,0.4419,0.4272,0.4027,0.3636,0.3587
6/13/2021,22.5492,0.4562,0.4766,0.4111,0.6177,0.6817,0.6672,0.6133,0.4547,0.4897,0.5639,0.4606,0.3834,0.3383,0.3427,0.3936,0.5144,0.3849,0.382,0.4926,0.4751,0.3805,0.3369,0.4489,0.3311,0.4256,0.4096,0.494,0.3544,0.5115,0.4751,0.3893,0.3616,0.3282,0.3005,0.3413,0.4184,0.4853,0.3878,0.814,1.287,0.4358,0.5537,0.3442,0.4955,0.4242,0.4504,0.51,0.4547
6/12/2021,20.5886,0.431,0.4096,0.4914,0.4952,0.6198,0.4436,0.5972,0.5934,0.3014,0.3819,0.6312,0.4474,0.3769,0.4084,0.4272,0.3379,0.3933,0.3996,0.4084,0.4524,0.4499,0.353,0.47,0.2938,0.3618,0.3882,0.47,0.3442,0.3933,0.4147,0.3291,0.3316,0.2573,0.353,0.3668,0.353,0.4361,0.4298,0.6802,1.0554,0.4033,0.285,0.3719,0.3555,0.4147,0.4096,0.46,0.3102
6/11/2021,16.7561,0.3593,0.3961,0.3181,0.404,0.3899,0.3847,0.3094,0.4705,0.2971,0.4258,0.3041,0.3497,0.3251,0.347,0.2805,0.3532,0.3786,0.2875,0.3251,0.3681,0.2682,0.3269,0.2866,0.3068,0.3234,0.2998,0.3751,0.2822,0.3173,0.3181,0.2998,0.277,0.2779,0.298,0.277,0.3094,0.3628,0.2779,0.6252,0.9602,0.3987,0.3838,0.3488,0.2779,0.3103,0.3068,0.319,0.2674
6/10/2021,15.8648,0.3523,0.3177,0.3082,0.4584,0.5489,0.3814,0.3255,0.412,0.4459,0.2791,0.2697,0.2579,0.2532,0.276,0.3373,0.357,0.3208,0.331,0.3004,0.3586,0.3326,0.3035,0.2595,0.2477,0.2665,0.2972,0.3271,0.2673,0.3177,0.3326,0.2949,0.2264,0.2288,0.2241,0.2878,0.3051,0.342,0.2894,0.5705,0.8655,0.2548,0.3688,0.2705,0.3106,0.3161,0.2603,0.3554,0.2508
6/9/2021,16.4889,0.3967,0.3908,0.3025,0.423,0.4773,0.3993,0.3585,0.3636,0.3263,0.2898,0.4247,0.2609,0.2719,0.283,0.3144,0.3483,0.3551,0.2787,0.3144,0.3526,0.2813,0.3738,0.2728,0.322,0.3144,0.3042,0.277,0.2847,0.3729,0.3093,0.2499,0.2286,0.2668,0.2999,0.2516,0.2974,0.3441,0.3212,0.6075,0.9295,0.384,0.3441,0.378,0.2685,0.3237,0.2753,0.3356,0.339
6/8/2021,18.9839,0.3809,0.36,0.3809,0.4391,0.6873,0.6082,0.5972,0.6049,0.3171,0.4259,0.5621,0.36,0.3918,0.293,0.3929,0.3874,0.3918,0.3556,0.4149,0.3699,0.3644,0.2842,0.3677,0.4555,0.3798,0.4083,0.461,0.3237,0.3325,0.3171,0.2425,0.249,0.2787,0.2666,0.2842,0.3073,0.4237,0.427,0.4225,0.6094,0.4094,0.4391,0.416,0.405,0.438,0.2952,0.3029,0.3523
6/7/2021,17.3797,0.3993,0.3843,0.298,0.4284,0.3702,0.3833,0.4996,0.5616,0.404,0.4565,0.4105,0.3871,0.3449,0.2698,0.2905,0.3674,0.3289,0.3665,0.3571,0.3158,0.3064,0.3937,0.3965,0.3177,0.267,0.2867,0.4659,0.2802,0.4134,0.313,0.2445,0.2445,0.3074,0.267,0.2708,0.297,0.3552,0.3121,0.4789,0.707,0.3561,0.4302,0.3111,0.3749,0.3749,0.3045,0.3167,0.3627
6/6/2021,21.4797,0.4673,0.5347,0.4403,0.6452,0.5495,0.6789,0.6964,0.5508,0.6155,0.4565,0.4484,0.5225,0.3257,0.3594,0.3325,0.4241,0.447,0.3298,0.3769,0.4646,0.3675,0.4255,0.5374,0.3931,0.3918,0.3823,0.3689,0.3473,0.4619,0.4214,0.35,0.3527,0.3675,0.2651,0.2799,0.3972,0.3284,0.3594,0.5675,0.8604,0.4821,0.5064,0.4403,0.478,0.4417,0.4066,0.385,0.4484
6/5/2021,15.5083,0.3454,0.3439,0.3529,0.4768,0.3686,0.4647,0.455,0.4707,0.4114,0.2966,0.4362,0.2485,0.2958,0.286,0.2838,0.3101,0.2628,0.2575,0.3213,0.2958,0.3116,0.2936,0.3469,0.256,0.3086,0.3168,0.3679,0.2643,0.3213,0.3176,0.2838,0.2703,0.256,0.235,0.2613,0.2943,0.2913,0.2508,0.2871,0.3751,0.3506,0.3379,0.259,0.3303,0.3018,0.3664,0.3356,0.3333
6/4/2021,19.9648,0.4873,0.4694,0.4323,0.6129,0.5065,0.4359,0.577,0.4586,0.3078,0.3832,0.3748,0.4538,0.3569,0.3342,0.3868,0.3641,0.394,0.4024,0.4407,0.4466,0.4335,0.4275,0.4598,0.461,0.394,0.3019,0.5543,0.2959,0.3964,0.3964,0.3521,0.3007,0.2899,0.3342,0.3234,0.3725,0.4454,0.4407,0.4199,0.605,0.4742,0.5041,0.4095,0.3055,0.339,0.4909,0.4143,0.3976
6/3/2021,15.0624,0.2903,0.3009,0.3503,0.4117,0.3468,0.4435,0.4372,0.3404,0.3687,0.2867,0.4449,0.3658,0.3051,0.2507,0.2804,0.3235,0.2945,0.3348,0.3178,0.2867,0.315,0.2521,0.2705,0.2719,0.298,0.2768,0.286,0.2422,0.2606,0.31,0.2288,0.2578,0.2542,0.2761,0.2338,0.2641,0.3277,0.2825,0.4204,0.6058,0.3538,0.2775,0.2705,0.2429,0.2634,0.3369,0.3079,0.2945
6/2/2021,15.9535,0.2685,0.2963,0.2876,0.3926,0.4705,0.4824,0.3647,0.4967,0.4275,0.3011,0.3234,0.2677,0.2748,0.2844,0.3361,0.3265,0.2613,0.356,0.3122,0.2852,0.282,0.3067,0.3623,0.2438,0.243,0.2756,0.2947,0.2605,0.3941,0.2907,0.2462,0.2892,0.2351,0.2375,0.2947,0.3019,0.2629,0.3448,0.5713,0.8668,0.3663,0.3512,0.278,0.2804,0.2931,0.3329,0.2899,0.3424
6/1/2021,18.5388,0.408,0.4196,0.3637,0.4238,0.3901,0.5966,0.5735,0.6093,0.3089,0.4818,0.4733,0.4396,0.3237,0.2995,0.3026,0.3237,0.3521,0.3648,0.368,0.4006,0.3764,0.311,0.3606,0.3353,0.3658,0.3806,0.3269,0.31,0.3353,0.3153,0.2763,0.2879,0.3332,0.2847,0.2963,0.3089,0.3901,0.3458,0.5804,0.8827,0.4291,0.3016,0.3479,0.3901,0.3195,0.349,0.4006,0.3743
5/31/2021,16.7559,0.319,0.3584,0.3103,0.418,0.4355,0.4118,0.3663,0.3829,0.3033,0.4031,0.4197,0.3873,0.3409,0.3374,0.3689,0.2805,0.3497,0.3015,0.2919,0.2963,0.2998,0.3374,0.312,0.2928,0.2647,0.2621,0.4381,0.2551,0.3111,0.2892,0.3041,0.2306,0.2332,0.2604,0.2586,0.3146,0.3794,0.3094,0.6518,1.0063,0.3602,0.3409,0.291,0.3374,0.3707,0.298,0.3444,0.3199
5/30/2021,22.4602,0.4978,0.5209,0.4429,0.6178,0.7523,0.6005,0.4429,0.7075,0.5209,0.5629,0.5209,0.4212,0.3691,0.4703,0.4298,0.4501,0.4645,0.3532,0.4009,0.479,0.4848,0.4486,0.3445,0.4327,0.3619,0.4747,0.5629,0.3185,0.5614,0.3706,0.3301,0.3648,0.3055,0.3026,0.3344,0.3749,0.5152,0.3518,0.7762,1.2215,0.3879,0.3156,0.4645,0.4226,0.3894,0.5499,0.3474,0.3199
5/29/2021,19.9647,0.4873,0.4526,0.3737,0.5352,0.5866,0.4395,0.4957,0.4323,0.4574,0.5519,0.4765,0.4311,0.4119,0.3952,0.3617,0.4072,0.4227,0.4095,0.3808,0.3342,0.4024,0.4215,0.3366,0.3258,0.3952,0.2995,0.4119,0.3126,0.4335,0.3366,0.2851,0.2851,0.3425,0.2648,0.3533,0.3581,0.4407,0.3677,0.7683,1.2078,0.3019,0.3605,0.4107,0.2971,0.3701,0.4,0.3126,0.3198
5/28/2021,17.2906,0.4138,0.3088,0.3274,0.5076,0.5485,0.4612,0.5346,0.4184,0.2819,0.3859,0.346,0.2921,0.3255,0.3655,0.3348,0.3748,0.3896,0.3794,0.3162,0.3869,0.3553,0.3042,0.2865,0.3683,0.3116,0.2819,0.3506,0.2698,0.4584,0.3051,0.2893,0.3144,0.2363,0.2633,0.2995,0.3116,0.2726,0.3618,0.412,0.5912,0.3766,0.4119,0.3952,0.3311,0.3683,0.3692,0.3683,0.3274
5/27/2021,20.4998,0.3879,0.4342,0.3817,0.5091,0.8041,0.6404,0.5841,0.4067,0.5479,0.3342,0.4004,0.4042,0.3917,0.3392,0.3942,0.3267,0.4342,0.3192,0.4641,0.4654,0.3967,0.2854,0.4466,0.4017,0.3092,0.3604,0.5754,0.3154,0.3567,0.4142,0.2454,0.2892,0.2742,0.3129,0.2704,0.3804,0.4441,0.3979,0.7608,1.1949,0.4079,0.5266,0.3242,0.2867,0.3667,0.4854,0.3354,0.3654
5/26/2021,27.6296,0.6456,0.4572,0.465,0.7575,1.1678,0.8458,0.522,0.6319,0.8243,0.5887,0.5043,0.6437,0.4768,0.5867,0.4925,0.3963,0.4317,0.4277,0.6378,0.6201,0.5907,0.5671,0.7006,0.6633,0.4906,0.5475,0.677,0.4434,0.6181,0.4906,0.3021,0.3806,0.4788,0.31,0.3355,0.4376,0.3924,0.416,0.9783,1.5712,0.4886,0.6338,0.6397,0.3846,0.5966,0.5553,0.4101,0.4061
5/25/2021,34.4925,0.7389,0.5376,0.6144,1.2237,0.882,0.7415,0.6992,0.6859,1.0515,0.5561,0.8979,0.4687,0.5402,0.7257,0.5826,0.4978,0.7839,0.6568,0.7945,0.7892,0.4925,0.7601,0.8449,0.474,0.7071,0.5349,0.6435,0.5376,1.025,0.6886,0.5349,0.3654,0.4581,0.3919,0.5879,0.5217,0.6091,0.5323,1.4396,2.3695,0.8687,0.7415,0.5323,0.6647,0.6488,0.8952,0.5084,0.6462
5/24/2021,34.4034,0.8267,0.6366,0.5601,0.7502,1.3838,1.0564,1.1594,1.1779,0.6446,0.5891,1.1621,0.8716,0.6683,0.6762,0.7528,0.7502,0.4835,0.5337,0.7555,0.7317,0.5865,0.7159,0.5125,0.7581,0.6314,0.6657,0.6076,0.4941,0.7,0.6578,0.5152,0.5284,0.5416,0.3647,0.4545,0.5733,0.6815,0.6076,0.8861,1.4117,0.6182,0.7977,0.5073,0.8056,0.5548,0.7502,0.6604,0.6446
5/23/2021,35.3837,0.8266,0.7554,0.4679,1.0457,1.5468,0.9991,0.8102,0.9224,1.0484,0.624,0.7006,0.739,0.6842,0.4706,0.7089,0.5966,0.5446,0.7828,0.7143,0.6185,0.7335,0.5007,0.6377,0.6075,0.6815,0.7472,0.5199,0.5583,0.9252,0.5966,0.383,0.6103,0.4651,0.3885,0.5966,0.6322,0.7335,0.5637,1.3952,2.2927,0.5391,0.5637,0.7034,0.7198,0.7801,0.6678,0.687,0.5473
5/22/2021,35.0269,0.6072,0.7667,0.7964,0.9748,1.5288,0.6856,1.218,0.8559,0.8288,0.9504,0.5207,0.8045,0.6883,0.5396,0.691,0.645,0.7018,0.5261,0.591,0.6721,0.5883,0.6342,0.6126,0.6775,0.5991,0.545,0.8423,0.518,0.9802,0.7045,0.4261,0.3964,0.564,0.5802,0.5667,0.5586,0.645,0.4667,1.2921,2.1142,0.7991,0.5829,0.4964,0.4748,0.545,0.8667,0.6477,0.7099
5/21/2021,30.66,0.4816,0.4975,0.749,0.9598,1.0799,0.817,0.6244,1.0663,0.7989,0.5315,1.0255,0.6629,0.5338,0.4137,0.6335,0.6697,0.4454,0.5202,0.5066,0.6946,0.5134,0.5972,0.6992,0.6471,0.5632,0.4046,0.4318,0.4408,0.8442,0.6017,0.4363,0.3706,0.4748,0.468,0.3842,0.5723,0.604,0.6584,1.1334,1.8397,0.6357,0.8057,0.4794,0.4205,0.493,0.4567,0.5111,0.4612
5/20/2021,21.4798,0.5279,0.5225,0.3837,0.6075,0.6101,0.5832,0.6465,0.4484,0.3985,0.5832,0.3985,0.4915,0.3325,0.3406,0.3406,0.385,0.478,0.4983,0.3864,0.3716,0.47,0.4349,0.3432,0.4282,0.4336,0.4646,0.4322,0.3149,0.4106,0.4026,0.3446,0.3163,0.3513,0.3743,0.3608,0.3635,0.4861,0.3891,0.5759,0.8749,0.4578,0.4255,0.4848,0.4659,0.4228,0.5239,0.3837,0.4093
5/19/2021,28.6099,0.517,0.6551,0.4573,0.6922,0.8695,0.6489,0.785,0.6283,0.4284,0.4325,0.4902,0.5686,0.4387,0.4552,0.616,0.4758,0.5686,0.4902,0.4738,0.5232,0.5995,0.4985,0.7355,0.684,0.4861,0.3975,0.8097,0.4511,0.5294,0.6036,0.4593,0.4367,0.3625,0.4325,0.4325,0.4944,0.6304,0.6015,1.3154,2.1547,0.5768,0.3913,0.5727,0.5583,0.447,0.517,0.6551,0.5624
5/18/2021,28.164,0.4812,0.699,0.4711,0.945,1.195,0.7776,0.4893,0.6688,0.8543,0.7111,0.4974,0.5841,0.5276,0.4066,0.4469,0.6002,0.5236,0.5941,0.4752,0.4631,0.5236,0.5135,0.451,0.4127,0.4651,0.4772,0.5316,0.4288,0.6022,0.4853,0.457,0.3118,0.3723,0.4328,0.336,0.4933,0.4207,0.4913,1.2744,2.0836,0.5095,0.695,0.5861,0.58,0.5074,0.4772,0.4127,0.4207
5/17/2021,27.7186,0.5354,0.4723,0.6655,0.7424,1.125,0.9613,0.9101,0.6419,0.5196,0.774,0.7701,0.6675,0.4033,0.5512,0.6024,0.4684,0.4408,0.4427,0.5512,0.4999,0.5078,0.427,0.4802,0.6734,0.4782,0.4822,0.6419,0.3698,0.7129,0.4605,0.2968,0.3717,0.4447,0.4486,0.4151,0.4743,0.6458,0.6044,0.7177,1.1202,0.4526,0.6793,0.6222,0.3658,0.634,0.3875,0.5137,0.5453
5/16/2021,22.4601,0.4139,0.3691,0.4371,0.5918,0.8289,0.7393,0.4515,0.6887,0.466,0.4313,0.6959,0.3474,0.4241,0.4096,0.4776,0.3489,0.3865,0.4385,0.4718,0.3937,0.4053,0.3518,0.5079,0.372,0.3561,0.4168,0.6236,0.3214,0.4617,0.4645,0.3503,0.4038,0.3836,0.3358,0.3662,0.4168,0.3416,0.466,0.6253,0.9603,0.4674,0.5253,0.3619,0.4298,0.4255,0.5513,0.4573,0.4992
5/15/2021,16.2208,0.276,0.3919,0.3442,0.3525,0.5761,0.4552,0.4651,0.4141,0.387,0.304,0.3903,0.299,0.3294,0.3015,0.3525,0.3664,0.3549,0.3097,0.3303,0.3253,0.3278,0.2924,0.299,0.2916,0.3056,0.2513,0.3492,0.2505,0.3163,0.3146,0.267,0.2398,0.2809,0.2579,0.2596,0.2974,0.3664,0.2966,0.4376,0.6356,0.2637,0.2982,0.313,0.3229,0.3237,0.3788,0.3434,0.3146
5/14/2021,18.6276,0.46,0.3697,0.3782,0.5397,0.6672,0.4122,0.3505,0.5822,0.3186,0.3101,0.3133,0.3569,0.3282,0.3505,0.4026,0.3144,0.3144,0.426,0.3601,0.393,0.3718,0.3909,0.3941,0.4525,0.2974,0.2814,0.3665,0.3186,0.4696,0.3548,0.3282,0.341,0.2687,0.2602,0.2921,0.3091,0.3643,0.4196,0.6345,0.9763,0.4483,0.3803,0.3537,0.291,0.2995,0.3484,0.2931,0.3739
5/13/2021,26.7381,0.5958,0.5733,0.5021,0.8113,1.0492,0.5433,0.7363,0.6258,0.4796,0.6632,0.459,0.6164,0.4253,0.3934,0.5789,0.5564,0.4702,0.5564,0.5452,0.6051,0.5583,0.3653,0.5789,0.3765,0.5396,0.3709,0.652,0.3859,0.7063,0.4702,0.3971,0.4459,0.3709,0.3728,0.4534,0.4852,0.6145,0.6108,0.986,1.5846,0.5602,0.4121,0.592,0.3803,0.4196,0.3803,0.5189,0.3634
5/12/2021,31.9963,0.4882,0.5698,0.469,1.0065,0.7954,0.925,1.0569,0.9322,0.8434,0.4762,0.7978,0.6274,0.5314,0.6082,0.529,0.7498,0.649,0.4522,0.7498,0.709,0.601,0.4186,0.5794,0.6442,0.4666,0.445,0.577,0.445,0.5194,0.529,0.445,0.565,0.5386,0.493,0.4186,0.5794,0.5194,0.7066,1.5148,2.4997,0.6322,0.6178,0.5194,0.4906,0.601,0.517,0.5338,0.613
5/11/2021,26.8268,0.6053,0.6223,0.5225,0.5827,1.0252,0.8294,0.6599,0.9235,0.7804,0.4246,0.8011,0.6185,0.5281,0.5074,0.5639,0.4886,0.4491,0.4717,0.4961,0.4698,0.4434,0.3512,0.5959,0.4321,0.4754,0.3681,0.4359,0.3568,0.6863,0.4999,0.4001,0.4302,0.4302,0.3455,0.3794,0.4434,0.5564,0.4698,0.7893,1.2442,0.643,0.6035,0.5376,0.434,0.6242,0.5018,0.5394,0.4397
5/10/2021,25.847,0.4362,0.4754,0.636,0.5825,0.6485,0.877,0.661,0.5914,0.3666,0.4469,0.8538,0.6432,0.3862,0.3915,0.5682,0.5165,0.4272,0.413,0.5914,0.5629,0.5379,0.3933,0.3951,0.4808,0.5236,0.4736,0.5254,0.3737,0.6539,0.4254,0.4201,0.2987,0.3648,0.363,0.4201,0.404,0.3701,0.5504,1.1843,1.9278,0.4005,0.4469,0.5022,0.495,0.5004,0.545,0.4326,0.363
5/9/2021,18.4492,0.4373,0.4425,0.3276,0.4216,0.6254,0.407,0.4875,0.5418,0.3589,0.3401,0.4937,0.3297,0.3788,0.2931,0.2994,0.3119,0.3077,0.4091,0.3192,0.3621,0.3746,0.3192,0.3046,0.3516,0.2701,0.3276,0.313,0.2795,0.4728,0.3161,0.337,0.2931,0.2994,0.2482,0.3182,0.3286,0.313,0.384,0.6779,1.0514,0.4373,0.3913,0.3997,0.3412,0.3077,0.3537,0.3788,0.3652
5/8/2021,23.6184,0.4744,0.4134,0.3681,0.5852,0.8711,0.7571,0.7789,0.504,0.3635,0.3681,0.7602,0.3947,0.4603,0.4978,0.5009,0.4775,0.3806,0.5603,0.5415,0.529,0.3791,0.3197,0.5634,0.4884,0.3572,0.4072,0.6524,0.3728,0.4041,0.3869,0.3416,0.3525,0.376,0.3744,0.3572,0.3947,0.5337,0.5181,0.5762,0.8754,0.5462,0.5165,0.4915,0.4993,0.504,0.4712,0.4603,0.5118
5/7/2021,25.9359,0.4913,0.5523,0.5559,0.8626,0.8967,0.8733,0.4752,0.6491,0.6527,0.6545,0.8249,0.4913,0.468,0.4698,0.3819,0.4232,0.398,0.3819,0.4321,0.5433,0.4106,0.3675,0.4357,0.3945,0.3245,0.5505,0.3496,0.3765,0.6348,0.4913,0.3765,0.3945,0.398,0.3281,0.3119,0.4285,0.5917,0.3927,1.213,1.9775,0.6491,0.3389,0.4196,0.4465,0.59,0.3819,0.3819,0.5021
5/6/2021,19.8754,0.4529,0.346,0.4374,0.5847,0.6013,0.6369,0.4529,0.4576,0.3745,0.3377,0.4137,0.397,0.403,0.4006,0.3875,0.3389,0.4208,0.3567,0.3626,0.422,0.3222,0.4398,0.3911,0.4149,0.3947,0.3032,0.3056,0.3377,0.4101,0.3816,0.3056,0.3044,0.3056,0.3543,0.3234,0.3792,0.4208,0.3769,0.7738,1.2173,0.4172,0.3389,0.3472,0.3365,0.3852,0.308,0.3685,0.327
5/5/2021,22.549,0.4969,0.4504,0.542,0.6017,0.5842,0.526,0.593,0.6613,0.4678,0.4358,0.494,0.3267,0.3645,0.4664,0.4111,0.4897,0.5013,0.398,0.4518,0.4533,0.4576,0.5188,0.5217,0.5479,0.4227,0.3704,0.5362,0.3223,0.366,0.4722,0.2656,0.4096,0.2889,0.3645,0.3791,0.3834,0.4373,0.3238,0.6915,1.0749,0.4431,0.3878,0.4853,0.3893,0.5158,0.5275,0.4984,0.4315
5/4/2021,29.5005,0.558,0.6612,0.7321,0.7407,0.7063,1.0676,0.5515,1.0719,0.7708,0.5107,0.5687,0.6074,0.487,0.5128,0.6676,0.5021,0.4526,0.53,0.5064,0.5472,0.5967,0.5988,0.6483,0.6289,0.4956,0.4333,0.6655,0.386,0.4999,0.5881,0.3881,0.3881,0.3387,0.444,0.4978,0.4677,0.5236,0.601,1.2439,2.0308,0.6762,0.3881,0.6827,0.3924,0.5816,0.4935,0.4913,0.5773
5/3/2021,32.3535,0.7779,0.6464,0.6148,1.0604,1.2285,0.8291,0.8388,0.7511,0.7755,0.8534,0.6732,0.7731,0.6586,0.6245,0.6903,0.5953,0.7122,0.7244,0.5052,0.7049,0.7024,0.7609,0.5076,0.4638,0.4979,0.4979,0.6708,0.4248,0.683,0.5052,0.4248,0.5295,0.3932,0.4078,0.3907,0.5027,0.532,0.6269,1.0746,1.7379,0.8145,0.5027,0.4906,0.683,0.7195,0.7365,0.4735,0.5612
5/2/2021,38.0567,0.6746,0.7408,0.9752,1.1014,0.8309,0.9482,0.9602,1.1465,0.843,0.8339,1.2337,0.885,0.5754,0.7167,0.8039,0.5634,0.6806,0.7498,0.7167,0.8339,0.7047,0.9001,0.8249,0.5153,0.4943,0.5995,0.879,0.4763,0.6686,0.7227,0.4282,0.4642,0.6356,0.5123,0.4552,0.5694,0.6476,0.6806,1.8167,3.0222,0.7227,0.7618,0.5033,0.7287,0.7858,0.6295,0.5213,0.5724
5/1/2021,39.7507,0.8842,0.9636,0.8747,1.1986,0.935,1.4748,1.497,1.1478,1.1922,0.7382,1.0335,0.935,0.5254,0.7382,0.6366,0.6271,0.8144,0.7318,0.6588,0.7668,0.6112,0.5572,0.7763,0.6493,0.5985,0.554,1.1922,0.5127,0.6048,0.6969,0.3857,0.6747,0.4778,0.4556,0.6302,0.5858,0.9223,0.6207,1.4713,2.4245,0.6239,1.0017,0.6652,0.608,0.9477,0.8461,0.5477,0.735
4/30/2021,38.503,0.5754,0.8377,0.978,1.0543,1.5301,1.155,1.2556,1.2861,0.7432,0.7584,1.3471,0.8072,0.7462,0.795,0.7462,0.7432,0.5815,0.5754,0.5937,0.7645,0.856,0.8194,0.7371,0.7645,0.7432,0.6334,0.8896,0.5968,0.7127,0.6791,0.4259,0.5907,0.5358,0.5541,0.6151,0.6852,0.5785,0.7127,1.1464,1.8621,0.9658,0.5602,0.7188,0.7737,0.5571,0.8621,0.5632,0.49
4/29/2021,31.5506,0.4658,0.706,0.6283,0.8426,1.3513,0.8473,0.6542,0.8591,0.7625,0.6871,0.9556,0.5105,0.5929,0.5623,0.5223,0.4705,0.5741,0.5388,0.5835,0.6259,0.6659,0.4257,0.713,0.6777,0.4257,0.4587,0.9227,0.4987,0.9015,0.6094,0.5435,0.3386,0.4351,0.4822,0.3598,0.5835,0.6612,0.5929,1.1861,1.9309,0.5717,0.5034,0.421,0.5623,0.746,0.5082,0.5388,0.5458
4/28/2021,31.2835,0.4787,0.6207,0.807,0.9979,0.9653,0.7348,0.7511,0.7231,0.7325,0.5136,1.0002,0.6649,0.5671,0.4251,0.6067,0.4694,0.46,0.6533,0.6463,0.7115,0.6463,0.4251,0.7627,0.6789,0.5299,0.5788,0.8023,0.4065,0.8745,0.63,0.3553,0.5182,0.3948,0.3692,0.4531,0.5625,0.7045,0.5462,1.0083,1.6231,0.7138,0.5392,0.6393,0.5043,0.7092,0.7348,0.5485,0.495
4/27/2021,26.9164,0.6415,0.5204,0.5904,0.8268,0.912,0.8325,0.9082,0.7644,0.7096,0.8136,0.4731,0.5469,0.458,0.4958,0.528,0.5091,0.5185,0.4731,0.5374,0.4977,0.5223,0.4674,0.4826,0.668,0.4334,0.4164,0.6755,0.3634,0.7531,0.4561,0.4258,0.3237,0.3747,0.3502,0.4145,0.4447,0.6036,0.3747,0.7527,1.1809,0.4504,0.4996,0.3861,0.3766,0.4939,0.5961,0.4807,0.5923
4/26/2021,24.1532,0.4752,0.5479,0.5091,0.619,0.724,0.766,0.6674,0.8435,0.3411,0.396,0.5495,0.388,0.3621,0.4768,0.3912,0.5366,0.5253,0.4849,0.451,0.4784,0.438,0.4768,0.396,0.3476,0.3476,0.3734,0.5253,0.354,0.3912,0.4784,0.3928,0.333,0.3169,0.3169,0.3621,0.4397,0.4057,0.4461,0.9428,1.5099,0.5737,0.5673,0.5301,0.4251,0.3734,0.6044,0.5543,0.3977
4/25/2021,20.8559,0.5099,0.4842,0.4636,0.6912,0.6989,0.5922,0.3891,0.4508,0.4842,0.5575,0.3685,0.3492,0.3209,0.4328,0.3685,0.4315,0.4006,0.4611,0.4045,0.3775,0.3209,0.4084,0.5099,0.3029,0.3171,0.3415,0.3235,0.3029,0.3364,0.4328,0.2811,0.2772,0.3119,0.2618,0.3094,0.3942,0.3145,0.3544,0.8861,1.4116,0.4032,0.4071,0.3801,0.3904,0.4212,0.4945,0.3441,0.3801
4/24/2021,27.8966,0.684,0.5646,0.6422,0.7317,0.867,0.6402,0.5208,0.6521,0.8193,0.5427,0.9347,0.6303,0.4771,0.4731,0.5168,0.6143,0.5825,0.6163,0.6502,0.5447,0.3955,0.5984,0.5885,0.5964,0.4353,0.4333,0.5149,0.3816,0.672,0.4472,0.298,0.4393,0.3577,0.3855,0.4492,0.4393,0.5029,0.5427,1.0556,1.7051,0.5944,0.5666,0.3855,0.4671,0.5885,0.3855,0.479,0.487
4/23/2021,24.5102,0.4077,0.5563,0.619,0.7825,0.8848,0.7429,0.7858,0.7759,0.4259,0.5513,0.7016,0.5497,0.3945,0.4804,0.4061,0.5299,0.3615,0.5249,0.5068,0.4077,0.3896,0.5068,0.3681,0.3747,0.3945,0.4325,0.5811,0.3862,0.4936,0.4936,0.4044,0.3681,0.4292,0.3796,0.4094,0.4374,0.482,0.4605,0.5373,0.8081,0.6075,0.4837,0.4804,0.411,0.4638,0.5629,0.4622,0.5068
4/22/2021,28.7878,0.5803,0.6822,0.6323,0.6988,1.1437,0.5616,0.6302,0.7134,0.7529,0.6988,0.6781,0.6302,0.545,0.5492,0.5325,0.4951,0.5284,0.6469,0.5471,0.676,0.5055,0.5845,0.572,0.3849,0.3683,0.3953,0.809,0.3891,0.7591,0.5159,0.4993,0.3662,0.4535,0.4702,0.4224,0.4535,0.6469,0.5201,0.9242,1.4776,0.4328,0.6302,0.6427,0.466,0.491,0.6905,0.5492,0.4452
4/21/2021,28.9659,0.7474,0.5692,0.5713,0.8963,1.0053,0.6761,0.7579,0.6992,0.6007,0.4707,0.7998,0.412,0.4854,0.4225,0.63,0.5545,0.6049,0.6929,0.6468,0.5147,0.6321,0.5755,0.5441,0.6447,0.3952,0.5147,0.5671,0.3763,0.4875,0.5399,0.4979,0.3637,0.4937,0.4078,0.4434,0.4895,0.5608,0.6741,0.9821,1.5778,0.435,0.6531,0.4895,0.6258,0.5,0.7097,0.5147,0.5126
4/20/2021,31.5507,0.7837,0.746,0.6283,0.8708,0.8544,0.7719,1.071,0.7743,0.421,0.6165,0.8708,0.4257,0.5647,0.6683,0.5717,0.6895,0.4987,0.7413,0.6966,0.6848,0.6589,0.6824,0.6353,0.4799,0.3998,0.4893,0.5388,0.414,0.6565,0.5152,0.315,0.4422,0.5152,0.414,0.4281,0.5199,0.6707,0.6306,1.2042,1.9623,0.7107,0.7413,0.706,0.3998,0.6353,0.4563,0.6777,0.7013
4/19/2021,39.7511,0.6207,0.6112,0.8715,1.3129,0.8779,1.1573,0.843,1.0589,1.0493,0.6683,1.4049,0.9954,0.7636,0.789,0.7223,0.8557,0.8144,0.608,0.7255,0.8557,0.8747,0.8017,0.6906,0.6112,0.7858,0.5159,1.0525,0.5127,0.7668,0.7509,0.3953,0.6239,0.4937,0.662,0.554,0.6683,0.7922,0.535,1.769,2.9396,0.8112,0.5032,0.5699,0.8715,0.7128,0.6112,0.6239,0.6461
4/18/2021,45.0986,1.0904,0.6712,0.9272,1.0422,0.9977,1.4651,1.0236,1.1757,0.8901,0.7677,0.8827,0.9643,0.7788,0.7528,0.9717,1.0273,0.827,1.0719,0.942,0.942,0.6638,0.7343,0.9902,0.6527,0.5228,0.8085,1.2796,0.5414,0.9977,0.7157,0.4152,0.6527,0.6378,0.6898,0.7009,0.6638,0.8641,0.9198,1.8228,3.0328,0.8604,1.1795,0.9865,0.8048,1.0088,0.8085,1.0125,0.9198
4/17/2021,44.0288,0.6458,0.826,0.6675,1.053,1.6438,1.0097,1.6438,1.0458,1.1322,0.6783,0.8584,0.599,0.8764,0.8044,0.772,0.6062,0.6891,0.9233,0.844,0.9305,0.5918,0.6891,0.7503,0.7287,0.8656,0.8188,0.9053,0.6495,0.6278,0.9341,0.4225,0.6603,0.7359,0.7323,0.5125,0.7143,0.5918,0.6495,2.3161,3.8864,0.9881,0.8296,0.8764,0.7575,0.8764,0.8981,0.9197,0.8512
4/16/2021,34.1356,0.7207,0.6397,0.7861,1.0866,1.4891,1.037,0.9481,0.7965,0.6606,0.5482,0.8462,0.807,0.5535,0.4803,0.5247,0.5927,0.6685,0.6789,0.7573,0.8018,0.5352,0.6057,0.6842,0.5561,0.5561,0.5587,0.5848,0.4515,0.5195,0.6214,0.3522,0.5064,0.4829,0.496,0.5117,0.6136,0.7443,0.496,1.3727,2.2538,0.8462,0.8932,0.496,0.5718,0.6737,0.7469,0.5221,0.4594
4/15/2021,37.7007,0.535,0.6151,0.8201,0.8884,1.4586,1.2864,1.0369,0.9567,0.7607,0.7963,0.9686,0.6181,0.5201,0.7072,0.7963,0.6716,0.7815,0.9122,0.8379,0.728,0.7815,0.7904,0.8468,0.924,0.5944,0.7013,0.7161,0.5825,0.7904,0.6835,0.5468,0.4934,0.627,0.4874,0.4488,0.6745,0.5765,0.5112,1.4154,2.3276,0.5587,0.8082,0.8112,0.7577,0.7399,0.6181,0.5379,0.6538
4/14/2021,45.1874,0.8769,1.0331,0.5757,1.4757,1.1633,0.9774,0.9699,1.0331,0.836,1.3418,1.3195,0.7319,0.598,0.9327,0.7877,0.6427,0.8918,0.8435,1.0629,0.7282,0.6613,0.7431,0.8435,0.7208,0.8509,0.9885,1.2228,0.5757,1.4087,0.81,0.4419,0.6278,0.4381,0.6352,0.6352,0.6427,0.8658,0.8844,1.884,3.1387,1.1187,0.6761,1.0257,0.9625,0.81,1.0926,0.6538,1.0071
4/13/2021,45.0984,1.1312,0.9457,0.7825,1.2388,1.3019,1.3946,1.3872,1.2759,0.5933,1.3316,1.5653,0.8567,0.8827,0.8344,0.879,0.7083,0.7862,0.6675,0.6935,0.7602,0.6898,0.879,0.9754,1.0385,0.5006,0.5896,0.9346,0.6081,1.4132,0.8344,0.4226,0.7417,0.4338,0.6081,0.5265,0.7936,0.9532,0.6601,1.6951,2.8118,0.9754,1.2536,0.7639,0.5376,0.7528,1.0756,0.994,0.6193
4/12/2021,38.8592,0.6265,0.7345,0.8548,0.8517,1.7127,1.1912,0.824,1.3116,1.1326,1.0215,0.8363,0.7592,0.7036,0.537,0.5308,0.9042,0.6481,0.8517,0.7221,0.6419,0.6172,0.6265,0.6419,0.5987,0.79,0.6419,0.9937,0.5894,1.04,0.7684,0.6635,0.5401,0.5462,0.4598,0.4351,0.6326,0.6728,0.6789,1.4697,2.4217,0.611,0.6851,0.6049,0.5586,0.9227,1.0184,0.7252,0.5092
4/11/2021,33.6901,0.5726,0.8552,0.5135,1.0144,1.333,0.9014,0.6214,0.9836,0.7087,0.5597,0.832,0.5058,0.4698,0.5289,0.737,0.4827,0.7704,0.6907,0.6162,0.5726,0.6522,0.7807,0.8346,0.57,0.6728,0.7036,0.7421,0.4441,1.0273,0.6162,0.4749,0.4287,0.5417,0.4981,0.5289,0.6214,0.7241,0.6676,0.9476,1.5181,0.7961,0.7858,0.6959,0.7575,0.5135,0.7447,0.6445,0.4878
4/10/2021,31.373,0.5453,0.4962,0.6458,0.7907,0.9216,0.6598,1.0151,1.1133,1.0011,0.9216,0.8515,0.7557,0.4822,0.4728,0.6598,0.5476,0.7042,0.4728,0.7323,0.5967,0.5126,0.4845,0.6879,0.6154,0.4939,0.4986,0.8492,0.4822,0.9497,0.6575,0.4121,0.4097,0.4799,0.3934,0.4051,0.5593,0.4892,0.4869,0.8626,1.371,0.5734,0.4869,0.5617,0.571,0.7393,0.7183,0.5991,0.6365
4/9/2021,25.5794,0.3864,0.5218,0.6114,0.5886,0.6817,0.8839,0.6589,0.5306,0.6888,0.7028,0.7907,0.5394,0.5288,0.4831,0.3706,0.4233,0.4444,0.6009,0.578,0.5692,0.513,0.4075,0.4233,0.5429,0.5024,0.3987,0.5464,0.36,0.673,0.469,0.3003,0.3794,0.404,0.3319,0.3126,0.4532,0.527,0.3513,0.9238,1.4769,0.513,0.3741,0.3706,0.36,0.5095,0.6272,0.5833,0.3618
4/8/2021,38.0574,0.8339,0.7889,0.9331,1.3028,1.4561,1.369,1.2127,0.7347,0.7257,0.8971,0.9331,0.5454,0.6446,0.5093,0.8279,0.5334,0.5995,0.6987,0.6446,0.8129,0.6416,0.8159,0.5724,0.7708,0.7017,0.6476,0.6776,0.5153,1.0083,0.5995,0.6145,0.4222,0.4763,0.5544,0.5634,0.6867,0.7919,0.4883,1.3808,2.2678,0.5243,0.8941,0.6566,0.5935,0.6987,0.9752,0.8099,0.7047
4/7/2021,38.6809,0.63,0.8846,0.5993,1.0441,1.4307,0.8263,1.3847,0.857,0.857,1.0043,0.7005,0.8079,0.6115,0.7496,0.7864,0.7404,0.6177,0.6944,0.6177,0.8355,0.5931,0.4673,0.6023,0.8018,0.6729,0.5011,0.63,0.5839,0.8877,0.6146,0.633,0.679,0.5686,0.5256,0.6514,0.6269,0.5563,0.7189,1.8555,3.0893,0.7588,0.814,0.5809,0.5532,0.7312,0.8938,0.5563,0.8539
4/6/2021,34.225,0.6544,0.8564,0.7672,0.9823,1.4727,1.0347,1.297,1.0845,0.8092,0.6571,1.0714,0.8616,0.6046,0.6282,0.762,0.5653,0.7489,0.7279,0.7987,0.7803,0.7069,0.7384,0.741,0.7121,0.6308,0.4761,0.9508,0.4473,0.7069,0.6571,0.5023,0.602,0.4446,0.4184,0.4473,0.5286,0.5417,0.6099,0.6027,0.9212,0.5522,0.6099,0.6781,0.4866,0.5207,0.7148,0.6256,0.4866
4/5/2021,35.8295,0.868,0.6064,0.6815,0.8958,1.4997,1.1379,0.9487,1.2826,0.7817,0.5257,0.9347,0.4756,0.5841,0.5173,0.6231,0.5758,0.5201,0.8012,0.6453,0.7928,0.6704,0.7539,0.5841,0.5284,0.7177,0.534,0.7399,0.4756,0.7149,0.6899,0.3476,0.4366,0.4116,0.4338,0.4561,0.5284,0.7427,0.8012,1.5079,2.4878,0.9097,0.8652,0.6676,0.6175,0.7066,0.6676,0.5451,0.5897
4/4/2021,33.9575,0.5976,0.8753,0.8156,1.0544,0.8675,1.1245,0.7455,1.0908,1.0103,0.6962,1.0155,0.5119,0.5301,0.6053,0.5119,0.5794,0.7092,0.6962,0.5664,0.5612,0.5327,0.4496,0.6469,0.447,0.5067,0.5898,0.5145,0.4626,1.0544,0.6339,0.4055,0.3562,0.46,0.3899,0.5223,0.5664,0.543,0.6365,1.373,2.2543,0.8052,0.9116,0.569,0.5327,0.7948,0.8675,0.4678,0.4989
4/3/2021,23.1728,0.4853,0.4792,0.4337,0.6537,0.6537,0.6537,0.7402,0.6219,0.6962,0.6158,0.4337,0.5187,0.4094,0.3639,0.3578,0.4914,0.455,0.4944,0.3988,0.4777,0.3487,0.4383,0.4185,0.4914,0.4352,0.4459,0.5627,0.3776,0.4398,0.461,0.4034,0.3169,0.3563,0.282,0.3821,0.4246,0.3745,0.4747,0.5884,0.8965,0.5763,0.3836,0.4292,0.5308,0.5263,0.4944,0.3654,0.5141
4/2/2021,19.7861,0.4342,0.4425,0.3682,0.5155,0.6263,0.4884,0.492,0.5368,0.5368,0.4601,0.4861,0.4884,0.3953,0.3977,0.3211,0.3765,0.3258,0.3871,0.3399,0.3965,0.3057,0.3435,0.4071,0.3387,0.4083,0.3611,0.4613,0.3199,0.4814,0.3482,0.2727,0.3128,0.2751,0.3222,0.2834,0.3387,0.3305,0.4059,0.6436,0.9921,0.2987,0.3164,0.3906,0.3234,0.433,0.4719,0.3776,0.4071
4/1/2021,21.9256,0.409,0.4897,0.3477,0.5691,0.6861,0.5287,0.5594,0.6749,0.6095,0.5232,0.4716,0.4675,0.4312,0.4591,0.4145,0.4633,0.4271,0.3505,0.4772,0.4856,0.4062,0.3366,0.4814,0.3755,0.3045,0.4549,0.409,0.3324,0.6137,0.3825,0.2892,0.3226,0.3769,0.2976,0.2781,0.3463,0.4521,0.4285,0.772,1.2143,0.4842,0.2976,0.4034,0.4424,0.4118,0.3978,0.3895,0.3797
3/31/2021,19.6078,0.3187,0.3744,0.3756,0.4905,0.4662,0.4975,0.4998,0.595,0.429,0.4766,0.5857,0.393,0.3721,0.3094,0.429,0.3536,0.3861,0.4255,0.3861,0.3419,0.3315,0.3652,0.4685,0.4278,0.2851,0.328,0.3594,0.3327,0.3257,0.3582,0.3361,0.2723,0.2827,0.256,0.2688,0.3257,0.3431,0.3187,0.8103,1.2805,0.3733,0.4987,0.3849,0.3779,0.3837,0.3327,0.3083,0.3663
3/30/2021,25.045,0.5434,0.6286,0.436,0.649,0.5962,0.828,0.4547,0.6013,0.5894,0.7087,0.6064,0.6218,0.4905,0.453,0.4377,0.5519,0.5042,0.5604,0.5826,0.4735,0.4223,0.3286,0.4888,0.5911,0.4121,0.3882,0.6882,0.3951,0.7326,0.499,0.3797,0.4138,0.4206,0.3831,0.3354,0.4326,0.4837,0.4309,0.6885,1.0698,0.3985,0.661,0.5417,0.3371,0.4598,0.511,0.482,0.3525
3/29/2021,29.1448,0.6953,0.4944,0.5346,0.8856,0.7164,1.0421,0.7037,0.9511,0.7185,0.469,0.9892,0.7059,0.5325,0.5092,0.5578,0.4606,0.56,0.6044,0.5621,0.6699,0.5896,0.6022,0.5346,0.431,0.6044,0.5304,0.7291,0.4141,0.8771,0.4754,0.3549,0.4098,0.4606,0.4796,0.3464,0.4923,0.4183,0.6086,0.8481,1.3459,0.6995,0.5769,0.3929,0.3971,0.5219,0.6297,0.45,0.5621
3/28/2021,39.4833,0.6074,0.7523,0.5634,0.938,1.3914,0.9034,1.3032,1.341,0.6263,0.661,1.363,0.7963,0.5287,0.7995,0.8687,0.5571,0.8121,0.598,0.9002,0.875,0.7082,0.8593,0.9034,0.8152,0.7019,0.7995,0.535,0.5539,0.7711,0.6924,0.6767,0.6641,0.4563,0.5161,0.6232,0.6861,0.5634,0.8373,1.4396,2.3695,0.5539,0.9286,0.8593,0.9002,0.7806,0.6484,0.9002,0.5539
3/27/2021,41.2657,0.8187,0.8919,0.7189,1.128,1.4707,0.8586,1.1913,1.1646,1.2378,1.2312,0.6557,0.5891,0.6923,0.6224,0.8852,0.6889,0.7022,0.6357,0.6623,0.7156,0.7788,0.5625,0.7821,0.9085,0.5592,0.7189,1.0715,0.5592,0.8719,0.7921,0.3929,0.6889,0.4727,0.5958,0.5126,0.6091,0.7422,0.6124,1.6822,2.7894,0.9384,1.1014,0.995,0.6756,0.9451,1.0482,0.7588,0.5392
3/26/2021,43.048,1.0884,0.9553,0.7099,1.1655,1.3233,1.5791,0.8256,1.2006,1.2146,1.2391,1.5195,0.7204,0.7695,0.6608,0.8922,0.8151,0.6994,0.78,0.7975,1.0008,0.9132,0.9763,0.6328,0.8326,0.8781,0.6538,0.9307,0.6573,1.0289,0.7134,0.5487,0.7029,0.6433,0.6538,0.5662,0.7134,0.759,0.8081,1.2089,1.9704,1.0078,0.8781,0.8606,0.6398,0.8781,0.7765,0.5908,0.6679
3/25/2021,37.4335,0.6199,0.7406,0.7494,1.1115,1.4912,0.7848,0.8201,0.8495,1.032,0.6317,1.1527,0.6582,0.5199,0.567,0.7642,0.7965,0.8377,0.7759,0.7965,0.6111,0.7171,0.6965,0.5434,0.7671,0.5758,0.8054,0.7024,0.4728,0.5611,0.7082,0.514,0.5346,0.5758,0.5876,0.5728,0.617,0.8113,0.5817,1.4839,2.4462,0.8554,0.5375,0.8083,0.7671,0.8584,0.6965,0.6876,0.6376
3/24/2021,44.2961,0.7293,0.7946,0.7982,1.281,1.9706,1.0958,1.1249,1.5133,0.6059,0.9797,0.7801,1.1793,0.6421,0.7401,0.8454,0.5986,0.624,0.653,0.7184,0.6784,0.987,0.7184,0.791,0.8744,0.751,0.6639,0.8672,0.6893,0.9361,0.7547,0.7547,0.5768,0.5296,0.6095,0.5296,0.653,0.6676,0.8744,1.9957,3.332,1.1285,0.9833,0.7401,0.9325,0.6748,0.9616,1.0378,0.9289
3/23/2021,43.2268,0.7585,0.7268,0.7162,1.4524,1.921,1.1847,1.1988,1.2164,0.7197,0.6986,0.6528,0.8994,0.8465,0.7726,0.688,0.6775,0.5859,0.7937,0.9663,1.0015,0.9628,0.7514,0.9663,0.6775,0.6598,0.5753,1.153,0.526,0.7409,0.7585,0.5929,0.4309,0.6528,0.6211,0.4661,0.7479,0.8289,0.9522,2.2024,3.6897,0.7937,0.7761,0.6176,1.0227,0.762,0.6246,0.6775,0.5189
3/22/2021,50.6245,1.1385,1.0703,0.7634,1.1087,1.9697,1.667,1.7736,1.0916,1.3431,1.0703,0.87,1.1598,0.7208,1.0319,0.8487,0.7847,0.951,0.8913,0.9595,0.9339,1.066,1.1641,1.2195,1.1769,0.5972,0.725,1.3005,0.7208,1.049,0.8529,0.7421,0.6227,0.6824,0.8359,0.5588,0.7634,1.0362,0.8444,2.2022,3.6893,0.7336,0.61,0.8018,0.8188,1.1811,0.8018,0.8828,0.7975
3/21/2021,54.546,0.809,1.1581,1.442,1.9168,1.968,1.9587,1.3629,1.1674,1.1162,1.5165,0.9114,0.8649,1.0185,0.8462,0.7904,1.079,1.0557,1.0278,1.1395,0.8323,0.7345,1.0883,1.0371,1.3769,0.688,0.6647,1.5118,0.8043,1.186,0.8974,0.7485,0.944,0.6135,0.674,0.6414,0.8509,0.7019,0.8742,2.3247,3.9013,1.4141,1.0976,0.8649,0.8602,1.0557,1.2931,0.7345,0.9812
3/20/2021,53.8325,1.0421,0.8267,1.3812,1.4133,1.23,1.6333,1.3446,1.9816,1.3812,0.7854,1.5966,0.9962,0.9458,0.7533,0.8267,1.0879,1.1154,0.8542,1.0192,1.2071,0.8267,1.1658,0.79,1.0237,0.8358,1.0696,0.9412,0.6525,1.1475,0.9504,0.9137,0.7625,0.8083,0.8037,0.7212,0.9367,0.8404,0.9871,2.5736,4.3321,0.8862,1.1292,0.7487,0.6617,1.0329,0.955,0.7762,1.1383
3/19/2021,52.7635,0.7307,1.1873,1.3842,1.9259,1.6439,1.6573,1.617,1.6573,0.9142,0.9455,1.3753,1.2768,0.8068,0.7307,0.7934,1.1336,1.0082,0.9321,0.8874,1.1694,1.044,1.232,1.3216,0.7754,0.9814,1.1246,1.5767,0.7531,1.044,0.9769,0.856,0.6009,0.6456,0.5248,0.865,0.9545,0.9097,0.6501,1.7339,2.8788,1.3574,0.762,1.0216,0.6546,0.9097,0.8381,0.8426,1.1515
3/18/2021,38.9487,0.7578,0.8971,0.7733,1.4479,1.4201,1.3458,0.894,0.8599,1.2034,0.7516,0.8599,0.9961,0.5969,0.5721,0.6742,0.8321,0.8599,0.928,0.9063,0.8816,0.7918,0.5597,0.6216,0.8259,0.7114,0.5876,1.1013,0.4916,0.6061,0.8135,0.4731,0.6154,0.3926,0.3957,0.5071,0.7206,0.9001,0.5566,0.9737,1.5632,0.9559,0.764,0.6309,0.7423,0.8816,0.8475,0.829,0.6309
3/17/2021,40.4639,0.8971,0.8971,0.7737,1.1893,1.1763,0.988,0.8387,1.001,0.5984,1.2672,0.9685,0.7283,0.5368,0.7445,0.8776,0.6374,0.8971,0.6212,0.9003,0.803,0.6569,0.8809,0.6212,0.5562,0.6634,0.6861,0.5368,0.5238,1.2802,0.8517,0.6569,0.6179,0.5205,0.5627,0.5108,0.6147,0.7056,0.527,1.9274,3.2138,0.8646,0.8581,0.5854,0.6179,0.9198,0.8484,0.6309,0.6828
3/16/2021,40.0179,0.743,0.5957,0.7398,1.1688,1.742,1.1336,1.2073,0.7494,1.0055,0.9031,1.1848,0.7334,0.7782,0.5893,0.5669,0.5797,0.7718,0.9351,0.8903,0.8134,0.7526,0.8454,1.0312,0.9639,0.7878,0.6277,0.6533,0.5541,0.8871,0.6021,0.6085,0.5285,0.6533,0.4676,0.6117,0.6886,0.8519,0.9351,1.2536,2.0478,0.5253,0.4868,0.8006,0.9351,0.839,0.7174,0.759,0.7718
3/15/2021,52.7631,1.0351,1.0575,0.9724,1.4424,1.4693,1.3529,1.8632,2.002,1.711,0.9142,0.8023,1.2768,0.9948,0.6725,1.1246,0.9142,0.9276,0.7978,1.0172,1.2365,0.7396,1.2589,0.7217,1.3753,1.0395,1.138,0.9008,0.7934,1.2499,1.0395,0.5427,0.6635,0.8068,0.6501,0.8829,0.9053,1.0172,1.1828,1.2912,2.1128,0.9814,1.1873,1.1962,1.2096,1.1425,1.1022,1.1201,0.9276
3/14/2021,45.3657,1.0821,0.8579,0.7122,1.6613,1.0373,0.914,0.7683,1.5754,0.9812,0.9177,1.0522,0.7458,0.5964,0.6225,0.6973,0.9513,0.6487,0.8505,1.0709,0.6935,0.9626,0.8617,0.6599,0.985,0.9177,0.9439,1.2652,0.6225,0.8243,0.8691,0.6935,0.5926,0.5777,0.488,0.6786,0.8094,1.0971,0.9401,2.1919,3.6715,0.5852,0.9252,0.7197,0.7384,0.8617,1.1083,0.6524,0.686
3/13/2021,48.6635,0.8742,0.7969,0.7604,1.1955,1.5858,1.3906,1.5208,1.1589,0.7685,1.0369,1.537,1.1914,0.9962,0.8335,0.6587,0.862,1.1345,0.6831,0.8213,1.1223,0.9759,1.1548,1.0735,0.9271,0.6424,1.0572,0.8254,0.736,0.6953,0.9718,0.7929,0.4757,0.6668,0.6343,0.5611,0.8661,0.7319,0.8945,2.5479,4.2875,0.6587,0.8661,0.7969,0.5774,0.8701,0.8945,0.7278,0.8254
3/12/2021,43.7615,0.6816,0.7782,0.9928,1.3575,1.3289,0.9427,1.0857,1.3003,1.1179,1.0285,1.3969,0.6316,0.7067,0.5672,0.9248,0.6638,0.9534,0.889,0.6888,0.9892,0.9391,0.6137,0.5887,1.0428,0.8962,0.9534,0.6888,0.6459,1.193,0.9177,0.5672,0.5207,0.5636,0.4778,0.5279,0.6423,0.6852,0.8962,1.6767,2.7799,1.075,0.7031,0.9212,0.535,0.9284,1.1215,0.8032,0.8318
3/11/2021,44.6527,0.6248,0.6725,0.6138,1.4825,1.1746,1.5192,1.2259,1.3029,0.8081,0.7201,0.6761,0.8374,0.6541,0.9547,0.6358,0.8997,0.9107,0.6578,0.6981,0.8777,0.8594,0.9877,0.8191,0.9694,0.7678,0.5698,1.061,0.6505,1.2003,0.9437,0.6212,0.6505,0.6651,0.6578,0.6688,0.6432,0.5735,0.8374,2.36,3.9624,0.6395,0.5589,1.0793,0.8411,0.7861,0.6798,0.8961,0.7568
3/10/2021,47.4156,1.2151,0.884,0.9786,1.2545,2.165,1.7433,1.3294,1.0772,0.7697,1.3531,1.5344,0.8249,0.7224,0.6397,0.9392,0.9195,0.9471,1.0693,0.7264,0.9589,0.9432,0.9865,1.0772,0.5726,0.951,0.6594,0.9077,0.6633,0.7185,0.8446,0.7027,0.6278,0.7343,0.6042,0.5253,0.687,1.1442,0.8091,1.626,2.6922,0.6594,0.8091,0.9747,0.8959,1.089,0.8722,0.9905,0.5963
3/9/2021,56.0611,1.3442,1.1856,1.2865,1.7911,2.2525,1.2288,1.7959,1.3394,1.8584,1.0125,1.2192,0.777,0.7963,0.8539,1.2721,1.2528,1.1135,1.1808,1.1375,1.2721,1.1471,1.1279,0.9068,1.2913,0.7578,0.8395,1.5941,0.7963,1.1567,0.9981,0.9356,0.9356,0.9308,0.5752,0.8107,1.027,0.8395,1.027,1.7736,2.9477,0.8684,0.8876,0.6377,0.7867,1.224,1.1759,0.8828,1.2096
3/8/2021,52.4068,1.3079,0.9216,0.8106,1.974,2.316,1.712,2.0628,1.7209,0.7662,0.8017,1.3346,1.1436,1.0726,0.6507,0.6818,0.6907,1.1436,1.2324,1.2058,0.9926,0.8727,0.8106,0.8594,1.3568,0.7928,0.664,1.2058,0.6685,1.0415,1.0015,0.5574,0.5752,0.7528,0.8328,0.6418,0.9482,0.6862,0.926,1.4596,2.4041,0.9704,1.4367,0.7262,1.0814,1.1214,1.2591,1.1614,1.0504
3/7/2021,57.5763,0.9301,1.3763,0.8062,1.5796,1.4755,1.3367,2.2191,1.0888,1.0194,1.3763,2.0704,1.069,1.0342,1.0739,0.9054,0.8409,1.2177,0.9946,1.1136,1.178,1.2425,0.7269,1.2375,1.3714,0.6624,0.8359,1.0888,0.707,0.9748,1.1235,0.5187,0.5881,0.5286,0.6525,0.6129,1.0095,1.302,0.9946,3.0734,5.197,0.7913,0.8359,1.3912,0.9847,0.8161,1.4011,1.1185,1.0838
3/6/2021,53.8325,0.9733,1.3446,0.9321,1.4179,2.1008,1.1062,1.1612,1.8441,0.7167,1.4362,1.6746,1.0512,1.0604,0.9458,0.8771,0.8083,0.7304,0.8725,1.0512,0.9962,1.01,0.8725,0.9733,0.9137,0.9733,0.9092,1.0879,0.7992,1.3721,0.7762,0.5196,0.5287,0.7304,0.8771,0.8083,0.8083,0.7625,0.9046,2.6794,4.5151,1.3308,0.7946,0.8129,0.8404,1.2712,0.8267,1.1062,0.9275
3/5/2021,49.1093,1.104,1.2643,0.6312,1.4493,2.1687,1.5438,1.2848,1.7411,1.3383,1.4822,1.6959,1.1368,0.7093,1.0505,0.9107,0.9066,0.9601,0.8532,0.9149,0.9354,0.8532,0.6929,1.2232,0.6435,0.8203,0.6559,1.2972,0.7134,1.5274,0.8532,0.5695,0.7997,0.808,0.7299,0.6148,0.8614,0.6476,1.0464,0.9661,1.5501,0.845,0.8779,0.7915,0.7011,1.1081,1.2602,0.7627,0.808
3/4/2021,45.1876,0.784,0.8063,0.9588,1.2897,1.0406,1.7174,0.8509,1.6765,0.9922,0.7914,0.8881,0.8472,0.7133,0.9141,1.0183,0.7765,1.0666,1.0778,0.7022,0.903,0.7989,1.0443,0.8918,1.1596,0.8844,0.8732,0.8584,0.6724,0.7468,0.81,0.5571,0.5943,0.5832,0.7468,0.7059,0.7319,0.6873,0.8584,2.0216,3.3767,0.6166,0.8881,0.5794,0.691,0.8026,0.7356,0.6873,0.7691
3/3/2021,38.057,0.9722,0.9602,0.5754,1.2187,1.387,1.4261,1.405,1.1616,1.1225,0.7738,1.0624,0.5454,0.5634,0.5724,0.852,0.882,0.6265,0.7648,0.8369,0.6115,0.7889,0.5033,0.6566,0.8219,0.7137,0.7889,0.7287,0.5093,0.6235,0.6446,0.6295,0.5574,0.5514,0.5754,0.5334,0.6115,0.9091,0.6566,0.8855,1.4106,0.882,0.4672,0.6265,0.5394,0.5604,0.9662,0.885,0.7107
3/2/2021,32.5315,0.8266,0.542,0.8511,1.089,0.9345,0.9811,0.6328,0.7456,0.8364,0.7432,0.9713,0.7481,0.5101,0.6965,0.5346,0.7554,0.7137,0.5763,0.7015,0.5101,0.5788,0.5788,0.5273,0.7432,0.5199,0.4512,0.9149,0.412,0.6941,0.6696,0.3286,0.5273,0.5101,0.4978,0.3654,0.5101,0.5984,0.6524,1.0327,1.6654,0.5616,0.8045,0.6647,0.7039,0.5469,0.4488,0.5763,0.5469
3/1/2021,49.8221,0.7982,0.84,0.9362,1.8605,1.6848,1.6974,1.4046,1.4213,1.2624,1.0366,1.3335,1.208,0.8735,0.9822,0.7522,1.0491,0.8693,1.1913,1.1035,0.7438,0.6434,0.7731,0.932,0.9362,1.0282,0.6936,1.3879,0.6058,1.3,0.794,0.4552,0.7856,0.7313,0.7731,0.7982,0.8316,0.8693,1.116,1.5022,2.478,1.1662,1.1704,1.1286,0.6685,0.9195,0.6518,0.7396,0.8944
2/28/2021,51.5152,1.1545,1.3416,1.0587,1.7289,1.2154,1.3024,0.9151,1.211,1.2197,0.9151,1.5983,1.1327,0.7411,0.9499,0.7541,1.0283,1.05,0.8586,0.8194,0.9238,1.0283,0.889,1.0196,1.1458,1.0109,1.0109,1.1675,0.6192,1.2589,1.0283,0.5322,0.493,0.6453,0.6845,0.5627,0.889,1.1414,1.0935,2.4153,4.0581,0.7106,0.9586,1.0848,0.7628,0.9238,0.6453,0.9935,0.8238
2/27/2021,43.583,0.9958,0.8072,1.1132,1.5402,1.9885,1.3409,1.2769,1.3765,1.2057,1.0598,1.5188,0.7894,0.6613,0.9032,0.8961,0.7751,0.921,0.7502,0.9139,0.8392,0.6684,1.0064,0.7004,0.6506,0.5723,0.6933,0.9459,0.6577,0.7502,0.7111,0.6862,0.4656,0.6755,0.6506,0.6791,0.7965,0.9139,0.9993,0.4455,0.6493,1.0918,1.1879,0.8072,0.9566,1.0064,1.0562,0.9068,0.5794
2/26/2021,47.1486,0.7774,0.7108,0.7852,1.5095,1.4625,1.7522,1.2354,1.7169,0.8244,1.1493,1.5917,0.8244,0.6169,0.8792,0.7265,0.7147,0.8713,0.9966,0.8909,0.8009,0.8831,0.8518,0.977,0.6913,0.7813,1.0044,0.6169,0.5934,1.0123,0.75,0.6012,0.4681,0.6991,0.7069,0.7069,0.7578,1.0945,0.9966,2.1853,3.6601,0.8596,0.8283,0.6913,0.5738,0.7852,0.8596,0.8635,0.8126
2/25/2021,42.1573,1.0582,0.7747,0.7678,0.9625,1.0957,1.2836,1.1709,0.8122,0.539,1.1197,1.2119,0.9079,0.6005,0.6927,0.6449,0.9557,0.6244,0.5834,0.8054,1.0069,0.6175,0.9659,0.7917,0.8157,0.5287,0.5766,0.6927,0.6551,1.0548,0.8601,0.7166,0.6244,0.5151,0.6073,0.4433,0.6175,0.6654,0.5834,2.3608,3.9637,0.5526,0.8122,0.8225,0.4843,1.024,0.5834,0.7849,0.8191
2/24/2021,45.4545,1.1367,1.1929,0.9382,1.3502,1.6461,1.1967,1.2678,1.6836,1.4514,1.2416,1.4888,0.6798,0.897,0.8708,0.8633,1.0094,0.6161,0.6723,0.9944,0.9008,0.751,0.8633,0.6274,1.0693,0.7997,0.6761,0.7322,0.6011,1.354,0.8071,0.4551,0.7809,0.5038,0.6648,0.7397,0.8109,0.8034,0.5599,0.9691,1.5553,1.1255,0.8895,0.9982,0.8109,0.9307,0.8596,0.8596,0.7585
2/23/2021,51.4264,1.2263,1.1003,1.2827,1.2306,2.0253,0.9787,1.9124,1.8038,1.4173,1.6518,1.7344,0.9353,0.9657,0.7877,1.1611,0.7138,0.7703,0.8875,1.0699,1.2219,0.9701,0.5922,1.3696,0.5922,0.9006,0.792,1.2567,0.779,0.805,1.0005,0.8485,0.7573,0.6096,0.8094,0.6357,0.7877,1.1047,1.1524,1.1686,1.9006,1.2784,0.8094,0.9961,1.1134,0.7877,0.8485,0.8181,1.0656
2/22/2021,45.9892,0.9872,0.9151,0.7175,1.3519,1.1164,1.0214,1.1582,1.5039,0.9606,1.2228,1.01,0.9075,0.9151,0.7555,0.6073,0.7631,0.8581,0.7821,1.0936,0.8961,0.6187,0.5352,0.6111,0.558,0.7555,0.9303,0.6567,0.6681,1.086,0.7213,0.5959,0.6795,0.6643,0.5997,0.7099,0.7441,0.7707,0.6681,2.7308,4.604,0.7631,1.0784,0.7821,0.7783,0.9189,0.6567,0.6111,0.9493
2/21/2021,36.7204,0.6406,0.6291,0.787,1.2667,1.5682,0.7755,1.2293,0.8157,0.7641,0.6894,0.9909,0.5889,0.5659,0.721,0.8272,0.6951,0.5515,0.7842,0.721,0.5917,0.7554,0.7727,0.6894,0.5889,0.5573,0.7353,1.0886,0.474,0.8473,0.7497,0.4137,0.4596,0.4711,0.6118,0.586,0.6032,0.7325,0.7669,1.2185,1.9869,0.6463,0.8789,0.5917,0.5084,0.652,0.899,0.5228,0.7095
2/20/2021,36.4529,0.7983,0.8495,0.7414,1.0373,1.2621,0.7016,1.0487,0.7329,0.7869,0.565,1.2792,0.6532,0.6475,0.5479,0.5792,0.5109,0.6162,0.5821,0.7727,0.6617,0.6874,0.8382,0.9349,0.7101,0.6447,0.5366,1.0601,0.491,1.0231,0.6959,0.4028,0.4512,0.4626,0.4199,0.565,0.6504,0.7613,0.7841,1.7266,2.8662,0.5394,0.713,0.4484,0.4654,0.6276,0.5024,0.5081,0.5622
2/19/2021,40.6416,0.9076,0.7085,1.0708,1.1655,0.9827,1.4985,0.7901,0.9566,0.6955,1.2895,1.2373,0.5388,0.6857,0.7836,0.6432,0.7608,0.8064,0.5714,0.7836,0.6432,0.6139,0.6596,1.0251,0.5975,0.7053,0.7901,0.7085,0.6073,0.9501,0.7216,0.6987,0.4604,0.4996,0.4604,0.6857,0.6498,0.9468,0.6498,1.8546,3.0878,0.5714,0.5812,0.5192,0.8946,0.9076,0.8554,0.5518,0.8685
2/18/2021,38.2354,0.72,0.7956,0.9346,1.0374,1.3973,1.0556,1.1977,0.7925,1.24,0.6958,1.0042,0.9286,0.6172,0.7714,0.5325,0.6111,0.8591,0.6776,0.85,0.8863,0.6474,0.4569,0.6776,0.6262,0.5416,0.6051,0.5144,0.5688,0.6807,0.5779,0.3753,0.5869,0.5779,0.4086,0.6383,0.59,0.5355,0.5446,1.8597,3.0966,0.6051,0.6867,0.6172,0.7593,0.8681,0.5748,0.6111,0.7986
2/17/2021,38.3245,0.9703,0.8854,0.8277,1.1249,1.1371,1.1613,0.7853,1.3615,0.57,0.8611,0.6306,0.7459,0.7762,0.573,0.6094,0.8581,0.573,0.6064,0.8186,0.8672,0.7428,0.7701,0.9339,0.8065,0.4608,0.5033,1.0188,0.5124,0.6033,0.5942,0.6276,0.3941,0.5033,0.4153,0.5093,0.5882,0.8035,0.6185,1.6792,2.7843,0.5457,0.5275,0.7246,0.6185,0.7307,0.9308,0.7853,0.849
2/16/2021,45.6328,0.75,0.7274,1.051,1.0887,1.608,1.0548,1.2768,1.2166,0.9381,1.3672,1.3333,1.1715,0.6709,0.9607,0.7989,0.9344,0.6333,0.9457,0.7914,0.7575,0.8478,0.9156,0.7011,1.1113,0.543,0.7726,1.3446,0.5769,1.0548,0.7462,0.6634,0.622,0.5919,0.5806,0.5505,0.6822,0.5919,0.8252,2.1554,3.6084,0.6408,0.8478,0.6484,0.9908,0.6973,0.7989,0.7236,0.7236
2/15/2021,44.7421,1.0632,0.839,0.8758,1.2212,2.0038,1.122,1.0264,1.5629,1.2212,0.8831,0.7729,0.964,0.6627,0.9199,0.8317,0.975,0.7913,1.0485,0.964,0.9897,0.7031,0.8133,1.1991,0.7435,0.8721,0.5561,0.5635,0.6259,1.3093,0.8684,0.6002,0.6406,0.5929,0.7362,0.479,0.7913,0.964,0.7215,1.2996,2.1274,1.0191,0.6517,0.9382,0.8354,0.8096,1.144,0.6443,0.7545
2/14/2021,46.7026,0.9872,0.7201,0.6853,1.1923,1.7186,1.5445,1.3664,1.4206,1.3897,1.4864,1.5406,1.0375,0.6775,0.7975,0.8594,0.9407,0.7201,0.6427,0.7395,0.7782,0.8478,0.5343,1.0607,1.0297,0.8633,0.9756,1.0607,0.6234,1.4593,0.782,0.4182,0.6814,0.5692,0.6621,0.7666,0.7356,1.1226,0.8324,1.2396,2.0235,1.0646,0.8091,1.0375,0.7549,0.8711,1.053,0.6234,0.9562
2/13/2021,42.5137,0.9329,1.0537,0.7534,1.0088,1.4644,1.561,1.0468,0.9053,1.0985,0.8224,1.2435,0.6533,0.7983,0.7741,0.643,0.6464,0.6706,1.0053,0.8811,0.8535,0.7672,0.7258,0.6119,0.8259,0.8776,0.9156,0.6671,0.5222,0.995,0.8155,0.6188,0.4669,0.4428,0.4462,0.5636,0.7638,0.567,0.8638,1.9173,3.1962,0.8362,0.9225,0.5325,0.7568,0.7707,0.6257,0.926,0.7568
2/12/2021,44.0293,0.6062,0.6495,0.772,1.4205,1.2223,1.561,0.9053,1.0169,1.4745,1.1106,1.071,1.089,0.7864,0.6783,0.862,1.0386,0.9197,1.0242,0.8044,0.7972,0.617,0.8944,1.0458,0.6819,0.7503,0.7792,0.545,0.6242,0.6567,0.79,0.4765,0.6603,0.6891,0.4765,0.545,0.7792,0.7251,0.6134,1.9849,3.3132,0.8368,1.1899,0.7107,0.6819,1.0242,0.5882,0.7503,0.79
2/11/2021,46.0788,1.012,0.9587,1.0082,1.2405,1.6022,1.6555,1.4347,1.6022,0.9663,1.1453,1.1377,0.9397,0.616,0.8102,0.795,1.0006,0.7683,0.7378,0.8902,1.092,0.913,0.9816,0.6388,0.5741,0.795,0.7912,1.408,0.5817,0.913,0.8825,0.6883,0.6236,0.6579,0.5703,0.6922,0.696,0.7988,1.0691,1.2335,2.0129,0.913,1.1872,0.5741,0.7302,0.8407,1.1758,0.8978,0.8254
2/10/2021,52.05,1.2855,1.0829,1.2635,1.5322,1.497,1.6996,1.6688,1.4926,1.5146,1.1314,0.8186,0.7569,0.823,0.8186,1.0168,1.0653,1.149,0.845,0.8054,0.8054,1.0124,0.6028,1.3736,0.7613,0.7305,0.8142,1.6115,0.7085,1.5366,0.8583,0.5895,0.5103,0.5587,0.7349,0.6821,0.7834,1.127,0.7702,2.4703,4.1534,0.9243,0.7305,0.8318,0.8627,0.8142,0.9067,0.8494,0.6688
2/9/2021,50.4459,1.2448,0.7567,0.9689,1.8645,1.9706,1.0835,0.9562,1.2533,1.1005,1.2448,1.5589,0.6293,0.8458,0.7397,1.0962,0.9307,1.1726,0.7312,0.8967,1.1684,0.9562,0.71,1.1641,0.9562,0.901,0.9264,0.7312,0.7312,0.8076,1.0665,0.7439,0.6888,0.7397,0.5062,0.5954,0.884,1.0241,1.1641,2.2139,3.7096,0.867,1.0156,0.6336,0.6123,0.8967,1.058,0.9944,0.9349
2/8/2021,53.0305,0.8106,0.9682,1.0673,1.8958,1.2474,1.9003,1.7878,1.7562,0.8241,1.5176,1.6617,1.4005,0.9142,1.1348,0.8376,0.8691,0.7836,0.9952,0.9817,1.1573,0.8286,0.644,1.0943,0.6755,0.8511,0.698,1.4951,0.6665,1.3465,1.0448,0.6125,0.617,0.6665,0.7431,0.644,0.8106,1.1708,0.7881,2.1159,3.54,1.1393,0.617,0.7611,1.1033,0.8331,1.0448,1.2294,0.7386
2/7/2021,57.2196,1.2938,0.8656,1.3972,1.6039,1.8057,1.7761,1.9829,2.1551,1.1904,1.3036,1.1314,0.777,1.1806,0.7622,1.2987,0.8951,1.3381,1.343,0.9886,1.2003,1.0871,1.2446,1.1018,0.8656,0.6736,1.2397,0.8164,0.8656,1.215,1.1166,0.526,0.7179,0.8557,0.8853,0.8607,0.8065,0.905,0.9936,2.3838,4.0036,1.1264,0.7819,1.1461,1.0132,1.0772,0.8164,0.9493,0.8557
2/6/2021,46.6131,0.7034,1.1861,0.8849,1.2517,1.9429,1.634,0.9428,1.4872,0.6879,1.3598,1.4216,0.9698,0.603,0.9235,0.6184,0.8965,0.7806,0.9042,1.0857,1.0277,0.63,0.9582,1.0239,0.9505,0.5412,0.8424,0.9737,0.5682,0.9389,0.8347,0.4099,0.8038,0.4987,0.5335,0.6146,0.7343,0.9196,0.8231,1.7915,2.9785,0.742,0.6918,0.993,0.6995,0.9196,0.9775,0.8617,1.0471
2/5/2021,50.3569,0.946,0.9121,1.2891,1.6788,2.1829,1.035,1.6788,1.2637,1.1536,1.5475,1.5136,1.2298,0.8147,0.9121,0.6834,0.819,1.1409,0.9079,1.0223,0.8401,0.8825,1.1917,1.0477,1.2679,0.6665,0.7258,1.3442,0.6241,0.9164,0.9079,0.6368,0.6072,0.5182,0.6199,0.5733,0.819,1.0477,0.7978,1.237,2.019,1.323,1.1197,1.2002,0.9757,1.0011,1.2002,0.8825,0.6326
2/4/2021,40.6423,0.6237,1.0611,0.7379,0.937,1.3581,1.3255,1.0121,1.394,1.0088,0.8456,1.1786,0.5649,0.591,0.7151,0.6987,0.813,0.5649,0.9435,0.8032,0.7803,0.6008,0.7412,0.7183,0.5486,0.7053,0.6824,0.5584,0.542,0.6367,0.8032,0.5159,0.4017,0.4474,0.6596,0.5061,0.7053,0.924,0.6955,1.9431,3.2409,0.702,0.9501,0.5127,0.7183,0.7771,1.0284,0.8619,0.5584
2/3/2021,42.0678,1.0116,0.7594,0.5789,0.9536,1.1274,1.3045,0.9059,1.417,0.9945,1.3352,1.4987,0.8719,0.5584,0.6607,0.6743,0.6709,0.7731,0.6981,0.756,0.8821,0.8957,0.8037,1.0286,1.0729,0.7118,0.647,1.158,0.6402,1.0831,0.8855,0.4562,0.722,0.5823,0.4494,0.6368,0.6198,0.9502,0.7492,0.7818,1.2311,1.0184,1.0627,0.9843,0.6572,0.957,1.032,0.8685,0.9502
2/2/2021,38.7701,0.6344,0.7328,0.8036,1.3944,1.0713,1.0621,1.4036,0.7267,0.9759,0.7051,1.3729,1.0036,0.6498,0.8252,0.6251,0.7328,0.899,0.899,0.6251,0.8682,0.7513,0.4713,0.699,0.939,0.5205,0.8375,1.0005,0.6005,0.7667,0.659,0.5574,0.4959,0.5082,0.4221,0.5113,0.6375,0.5728,0.619,1.2676,2.072,0.979,0.5051,0.7544,0.6405,0.7698,0.7667,0.7913,0.6436
2/1/2021,48.7521,1.0917,0.9247,0.835,1.8253,1.3159,1.7438,0.9287,1.5319,1.2344,0.9817,1.3159,1.0265,0.7331,0.8472,1.0591,0.9002,0.7209,0.9654,1.0754,1.0591,0.8635,0.6557,1.1773,0.5905,0.7576,0.9899,0.5986,0.6231,1.4015,0.8228,0.8146,0.5986,0.6068,0.5823,0.562,0.7209,0.8024,0.6557,2.171,3.6354,0.7739,0.6679,1.0591,0.6638,1.0347,1.1855,0.725,0.8961
1/31/2021,50.1784,0.7825,1.2127,0.8415,1.3645,2.0984,1.799,1.7905,1.8412,1.1072,1.0988,1.1874,0.7656,1.0355,1.0229,0.8921,1.1579,1.1199,1.0145,0.8753,1.0609,0.9723,1.1916,0.7656,1.0862,0.6053,0.6053,1.1621,0.7614,1.6007,0.8626,0.4408,0.7234,0.483,0.6475,0.6264,0.7108,0.9976,0.85,1.4642,2.4121,0.7909,0.9132,1.0229,1.0271,0.7445,1.2127,0.7276,0.7023
1/30/2021,48.7523,1.1325,0.8472,1.2711,1.6664,1.1447,1.3852,1.2059,1.4218,0.7617,1.4911,1.2914,1.161,0.7331,0.945,0.7943,0.8554,0.7168,0.7617,0.8309,0.8961,0.7046,1.0184,0.8676,0.6598,0.9206,0.8961,1.1284,0.6924,1.1529,0.9776,0.782,0.7209,0.5986,0.6027,0.5538,0.7617,0.9206,1.0551,1.9904,3.3228,1.1121,0.672,0.5946,0.9817,0.6842,1.2711,0.9817,0.8146
1/29/2021,42.5134,0.8017,0.8293,0.6291,1.5472,1.8268,1.4126,0.7465,0.8466,0.6395,0.6015,0.957,0.5567,0.7016,0.605,0.888,0.9053,0.8776,0.8811,0.8915,0.9329,0.5912,0.926,0.9467,0.9708,0.7189,0.9018,0.7603,0.6637,0.8224,0.8638,0.5601,0.674,0.6602,0.4635,0.4807,0.7016,0.85,0.6671,1.5735,2.6012,0.9984,1.0088,0.781,0.9053,0.995,0.8638,0.712,0.7741
1/28/2021,35.6509,0.8275,0.739,0.7695,0.8109,1.3446,1.1372,1.2036,1.1759,0.9298,0.5842,0.6727,0.634,0.5427,0.4736,0.7003,0.587,0.7363,0.7031,0.5953,0.6506,0.5897,0.7003,0.8718,0.7418,0.4128,0.7722,0.7778,0.54,0.6671,0.6837,0.4045,0.5676,0.4847,0.5344,0.4902,0.6257,0.5814,0.7999,1.2583,2.0558,0.5648,0.5012,0.5565,0.6671,0.7833,0.9243,0.7805,0.4957
1/27/2021,41.8008,0.6095,1.0489,0.5993,0.9272,1.7283,1.3125,0.7142,1.4038,1.0455,1.1097,1.3091,1.0759,0.5554,0.7109,0.8393,0.9035,0.7278,0.9441,0.694,0.8123,0.6128,0.6331,0.7818,0.9982,0.7548,0.6669,0.961,0.6433,0.9238,0.8123,0.454,0.454,0.6331,0.6196,0.5689,0.7514,0.9407,0.8123,1.3562,2.2253,0.6331,1.0218,0.7649,0.5182,1.0015,0.5452,0.9238,0.7176
1/26/2021,53.3869,0.9791,1.2832,0.852,1.6826,1.3967,1.8006,0.9836,2.0638,0.7522,1.265,1.6735,0.7703,0.7612,0.8611,1.0835,1.0744,1.088,0.7975,1.2469,0.9428,0.7476,0.8656,1.1107,0.97,0.6977,0.7113,0.8929,0.6705,0.7749,0.8293,0.6886,0.8293,0.5842,0.7249,0.8112,0.7885,0.7249,1.0835,2.8278,4.772,0.8384,1.4194,0.6432,1.1334,0.7431,1.2196,1.2423,0.6841
1/25/2021,55.6154,1.1809,1.4666,0.6904,1.7856,1.9903,1.8189,1.1333,1.8856,1.8903,1.0047,1.9475,1.4761,0.8952,1.0285,1.0856,0.8523,0.8523,1.1571,0.9047,0.8714,1.2428,1.0666,1.2047,0.938,0.8238,0.9999,1.2142,0.7904,0.8142,0.8619,0.8333,0.6,0.6285,0.8999,0.8238,0.8095,0.9809,1.1904,1.3699,2.2489,1.1999,1.5427,0.9047,1.1428,1.0666,1.3428,1.0237,1.1333
1/24/2021,53.0303,1.2294,1.1213,0.725,1.8913,2.3507,1.5716,1.2969,1.3915,1.6527,1.5761,1.3149,0.7701,0.671,0.6575,0.725,0.8016,0.9592,1.1483,1.0403,1.2564,0.7205,1.0763,1.1663,1.2294,0.9007,1.0853,1.1573,0.6935,1.5086,1.1168,0.8466,0.7025,0.8511,0.5089,0.8331,0.7746,0.8917,1.0943,1.1858,1.9304,1.1123,1.3195,1.0763,0.8241,1.1348,1.0448,1.1078,0.9862
1/23/2021,57.2196,1.4267,1.4464,1.0083,1.6334,1.6236,1.4956,1.8204,1.7466,0.8804,0.9591,1.1264,0.777,0.8754,1.1215,1.2101,1.0772,0.9345,0.9197,1.0231,1.0379,1.0132,0.6884,1.2298,1.3578,0.8853,0.9542,1.5842,0.7868,1.594,1.0625,0.7425,0.7475,0.8262,0.8902,0.9394,0.8262,0.9345,0.9246,2.3063,3.8694,0.7524,1.1954,1.1314,1.279,0.9591,1.2397,1.1117,1.2446
1/22/2021,47.5045,0.8145,1.016,0.8382,1.7034,1.5651,0.9212,1.5019,1.6599,0.9331,0.8619,1.0911,1.0911,0.6131,0.6486,0.8501,1.0555,1.1029,1.1029,0.9963,0.9686,0.8422,1.1069,0.6802,0.5538,0.7474,0.8027,1.4664,0.6407,0.7829,0.9252,0.5301,0.7474,0.6842,0.463,0.7553,0.6684,0.6802,1.0476,1.8666,3.1085,1.2056,0.6526,1.0713,0.6526,0.7434,1.1859,0.6447,0.9133
1/21/2021,46.5242,1.1567,0.7676,1.0258,1.2261,1.9003,1.3455,1.045,1.5612,0.5866,0.8062,1.1105,0.6598,0.8755,0.8177,0.864,1.0527,0.8177,1.0913,1.0103,0.7676,0.9795,0.9179,1.1336,1.1144,0.5172,0.9333,0.8293,0.6598,0.8563,0.7407,0.6482,0.5442,0.5134,0.4517,0.6097,0.6675,1.0373,0.5866,1.8823,3.1356,1.0758,0.8717,1.1221,0.8986,0.8909,1.1105,0.6174,0.6906
1/20/2021,45.9895,0.8505,0.8315,1.2,1.295,2.0016,1.5951,1.5571,1.2722,0.6415,1.3937,1.1696,0.5959,0.6377,0.9606,0.7289,0.7669,0.7593,0.6985,0.8201,0.8201,0.9493,0.8657,0.7289,0.8087,0.9189,0.7403,1.3178,0.6719,1.0936,0.9568,0.5732,0.558,0.6339,0.463,0.7479,0.8011,0.7783,0.9075,1.9377,3.2317,0.6263,0.8201,0.6111,0.6985,0.6529,0.9986,0.6833,0.6187
1/19/2021,56.9523,1.1898,1.3758,1.224,1.5177,2.022,1.1457,2.0856,1.8604,1.6548,1.1457,1.4345,0.9548,0.8275,0.7002,1.2779,0.8471,1.2485,0.9695,1.1017,0.8814,0.9548,1.0625,1.459,1.2583,0.7737,1.0674,0.7443,0.8128,1.1996,0.8716,0.6317,0.5485,0.5926,0.8863,0.6219,0.9646,1.224,1.2093,2.7106,4.5691,1.0184,1.1996,0.6464,1.1359,0.9107,0.8618,0.8814,0.6709
1/18/2021,56.3282,1.0221,1.486,1.4087,1.7277,1.834,1.4425,1.9741,1.9935,1.2347,1.2444,1.4232,1.1284,0.7466,0.7949,1.2347,1.0317,0.8384,1.3265,0.8529,1.2589,1.2444,1.1767,1.1139,0.8143,0.7031,1.2347,0.8191,0.8336,1.2734,1.1961,0.8384,0.8239,0.8868,0.8529,0.8143,0.8916,1.0656,1.0994,1.3897,2.2832,1.457,1.5827,0.9303,1.0462,0.9496,0.9351,0.7949,1.2734
1/17/2021,47.3264,0.906,1.2363,1.0161,1.3229,1.4448,0.9925,1.5038,1.6099,1.0869,1.2835,1.315,0.8077,0.8391,0.7841,0.6622,0.7212,0.9768,0.8863,0.8627,0.7684,0.8667,0.9414,1.2717,1.1656,0.8549,0.5875,0.67,0.5717,0.9768,0.7723,0.7605,0.7644,0.5167,0.7487,0.7133,0.8313,0.8706,1.0751,1.6242,2.689,1.2049,0.6425,0.8156,0.9729,1.0161,0.8509,0.8588,0.6661
1/16/2021,57.0415,1.3289,1.2456,0.9857,1.2897,2.4324,1.324,1.6183,1.5692,0.8925,1.4515,1.2358,1.3388,1.0788,1.0985,1.1083,1.0788,0.8189,0.7601,1.3044,1.1916,0.9023,0.8091,1.4172,0.8827,0.9906,1.172,0.8876,0.7454,0.8974,1.172,0.5247,0.5835,0.5884,0.8974,0.5688,0.8336,0.8091,0.7699,3.4049,5.7706,0.8581,0.6473,0.662,1.3535,1.3976,0.7208,0.8827,0.7405
1/15/2021,57.933,0.8208,0.9456,1.5099,1.9043,1.4949,2.174,1.0355,2.0441,1.2802,1.2802,1.9692,1.2552,0.7609,0.7908,1.3301,1.0804,1.1154,0.8308,0.9007,1.1254,0.7958,0.696,1.0355,1.1553,1.2003,0.7858,0.9806,0.7709,1.1953,0.9906,0.7059,0.7858,0.5911,0.9157,0.666,1.0505,1.2702,1.2202,2.4598,4.1351,0.8308,1.435,0.9406,0.8308,1.1803,1.1953,1.1703,1.2951
1/14/2021,47.9502,0.9577,0.9097,1.0216,1.7966,1.7287,1.4531,1.3053,1.7487,0.8978,1.0336,1.4211,1.0176,0.7979,0.71,0.9976,1.1095,0.9057,0.9976,0.73,0.9737,0.6261,1.0496,0.698,1.0815,0.9097,0.7659,1.3252,0.702,1.2054,0.7539,0.6421,0.5262,0.682,0.702,0.5342,0.8099,0.7459,0.7459,1.5493,2.5594,0.8658,0.718,0.8938,0.8418,1.0016,1.0456,0.8338,0.6221
1/13/2021,55.6152,1.4142,1.038,1.4761,1.4047,1.6142,1.4713,1.6951,1.8713,1.438,0.8095,1.1047,1.5094,1.1237,0.6904,1.2237,1.1904,0.7761,0.9523,1.019,1.1809,0.7904,0.9761,0.8904,1.119,1.0618,1.1285,1.2237,0.7904,1.5523,0.9476,0.7381,0.8,0.5143,0.519,0.8857,0.8809,1.3475,0.819,2.0255,3.3836,1.1142,1.2237,1.2142,0.7761,1.1333,0.838,1.1713,0.7476
1/12/2021,72.9955,1.0701,1.4341,1.7395,2.37,2.6365,2.097,2.1425,1.5446,1.1806,1.2846,2.279,0.9271,1.2911,1.5706,1.2521,0.9986,1.6811,1.2326,1.5641,1.5966,0.9531,1.2261,1.0181,1.1611,1.4146,1.5771,1.7071,0.8686,1.8825,1.4536,1.0441,0.7581,1.1416,1.0571,0.7971,1.2976,1.2001,1.4211,2.9897,5.0521,1.3691,2.032,0.9271,1.7525,1.3756,1.0766,1.4276,1.1221
1/11/2021,75.0449,1.6752,1.8093,1.7489,2.4931,2.4529,1.7355,1.7221,2.7747,0.9913,1.6551,1.4875,1.1187,0.9243,1.2461,1.1656,1.7825,1.1321,1.6819,1.4942,1.7959,1.4338,1.4942,1.7556,1.7288,1.5411,1.1925,1.6685,1.0181,1.1522,1.1321,0.8706,0.817,1.226,1.2327,1.1589,1.1992,1.6886,1.6551,2.6318,4.4328,1.588,2.0774,0.9846,1.6148,1.7221,1.2461,1.0315,0.8639
1/10/2021,71.6582,1.8281,1.1916,1.2107,1.9045,2.6939,2.4202,2.6302,1.5099,1.1406,1.3125,1.0642,1.7709,1.0197,1.0006,1.6563,1.2552,0.9879,1.739,1.6563,1.3571,1.4462,1.3189,1.0324,0.8796,1.2234,1.5162,0.8287,0.8796,1.4526,1.1661,1.0133,1.0324,1.0261,1.1406,1.147,1.0006,1.6308,0.9879,3.596,6.1014,1.1725,1.5671,1.077,0.9178,1.3953,0.9178,1.6563,1.1852
1/9/2021,72.906,1.8477,1.2376,1.692,2.1528,1.5427,1.8802,1.5946,1.3674,0.9001,2.2891,1.7114,1.9775,1.0624,1.3674,1.0818,1.2571,1.1403,1.7374,1.296,1.4323,1.2895,1.653,1.679,1.8218,1.2246,1.0559,1.6465,1.1013,1.666,1.2117,0.634,1.1922,0.66,0.7638,0.8677,1.0753,1.7634,1.1273,3.4636,5.8722,1.2571,1.9905,0.8157,0.952,1.3869,1.3804,1.4583,1.3285
1/8/2021,9.1797,0.1889,0.1894,0.1898,0.2057,0.1951,0.191,0.2133,0.1956,0.1966,0.2021,0.1906,0.1926,0.1838,0.191,0.1894,0.1874,0.187,0.1955,0.19,0.1854,0.1821,0.1826,0.1913,0.1859,0.1828,0.1792,0.1927,0.1793,0.2041,0.1886,0.1766,0.1758,0.1828,0.1825,0.1833,0.1822,0.1796,0.1848,0.231,0.278,0.1833,0.1839,0.1826,0.1893,0.19,0.1827,0.1899,0.1926
1/7/2021,76.8278,1.3643,1.8116,1.1027,2.8096,1.9906,2.1627,2.2246,2.3072,1.9287,2.204,2.0181,1.6465,1.4813,1.2886,1.6396,1.4537,1.6327,1.7635,1.7635,1.3436,1.144,1.0752,1.2404,0.9031,1.5432,1.0821,1.3092,1.0201,1.8805,1.3299,0.8687,1.1784,0.7792,1.0339,1.2128,1.3918,0.9719,1.2817,3.0755,5.2006,2.0044,1.7222,1.8461,1.495,1.2817,0.9582,0.9788,1.0821
1/6/2021,64.706,1.5106,1.2838,1.2271,1.8679,2.554,1.3972,1.7715,2.0153,1.074,1.8111,1.3575,1.4369,1.1534,1.3688,1.0626,0.9038,0.8925,1.1307,1.1987,1.2724,0.9265,1.4936,1.1137,1.3575,0.7507,1.193,1.7488,0.8698,1.1534,1.2157,0.6827,0.7507,0.694,0.7337,0.66,1.1647,1.59,1.2838,3.0678,5.1874,1.193,0.7734,1.2554,1.193,1.2668,1.0456,0.9662,1.0853
1/5/2021,60.6956,1.1257,1.4682,0.8359,2.0374,2.5696,1.9794,1.4103,2.2587,1.3839,0.936,1.4208,1.0678,0.8833,1.2575,1.3154,1.3365,0.9097,1.3102,1.21,1.052,0.7937,0.9834,1.2153,1.5315,0.6884,1.0045,1.4946,0.7147,1.3839,0.8675,0.857,0.799,0.8359,0.6515,0.7569,0.9097,1.3365,0.7358,2.494,4.1944,1.347,0.8517,1.2785,0.72,1.189,1.0151,0.9676,1.3102
1/4/2021,62.6567,0.8717,1.2871,1.1505,1.4347,2.3912,2.2163,1.2161,1.8228,0.91,1.074,2.2053,1.0685,1.2489,1.0576,1.4292,1.0685,0.9537,1.0794,1.2161,1.4074,1.1068,1.391,1.4456,1.2981,1.2161,0.828,1.4675,0.8444,1.6096,1.0521,0.6968,0.9155,0.6039,0.6367,0.6039,1.0029,0.9155,0.8444,2.8128,4.7461,1.5112,1.0412,1.4019,0.7679,0.8991,1.4511,1.4839,0.9537
1/3/2021,67.5582,1.5127,0.9588,1.072,2.6205,1.5365,1.4412,1.1732,2.4299,1.6675,1.4948,1.0005,1.8105,1.34,1.4114,1.2804,1.3817,0.8992,1.1375,1.6199,1.6318,0.8516,0.9528,1.1315,0.8575,1.2685,0.8933,1.7986,0.8992,1.8581,1.2506,0.935,0.6253,0.8992,1.0243,0.7801,1.0362,1.4233,1.2208,2.7579,4.651,1.4829,1.87,1.1017,1.3697,1.4591,1.5008,1.3995,0.8397
1/2/2021,63.0127,1.5585,0.9478,1.2834,2.2737,2.0481,2.4002,2.5267,1.4155,0.9258,0.8873,1.1569,1.1294,0.9699,1.0304,0.9258,1.1679,1.3769,1.2339,1.487,1.498,0.9974,0.8213,1.641,0.9919,0.7223,0.8048,0.9368,0.7498,0.9093,0.8928,0.6178,0.8818,0.7058,0.9093,0.9478,1.1404,1.3054,1.2504,2.5501,4.2913,1.1514,1.421,1.2834,1.2119,1.5035,1.509,1.3825,1.2394
1/1/2021,50.3566,0.946,0.9037,0.7639,1.6873,1.5602,1.1875,1.5602,1.4543,1.5009,0.9121,0.8232,1.1578,0.7766,0.9079,0.7215,1.1917,1.0689,1.0562,0.7597,0.8147,0.963,0.7893,1.2425,1.2383,0.9376,1.0646,0.7215,0.6749,1.3738,1.0562,0.5182,0.7131,0.7342,0.747,0.7766,0.7978,0.9121,0.9418,1.5348,2.5344,0.7215,1.3357,0.9884,1.2002,1.2044,0.9206,1.179,0.7808
12/31/2020,51.7251,1.0062,0.7613,0.7788,1.7189,1.2161,1.3298,1.6271,1.9944,1.7451,0.722,1.6839,1.2904,0.722,0.7526,1.1199,0.8313,0.6957,0.875,1.2336,0.8182,0.6608,1.1068,0.9056,0.8925,0.8357,0.7132,1.2904,0.7001,1.3691,0.9581,0.7132,0.7351,0.5252,0.6914,0.5208,0.9187,0.8182,0.9668,1.9777,3.3009,1.356,1.4347,0.6345,0.9406,1.0412,1.098,0.9537,0.7438
12/30/2020,63.4713,1.5812,1.5313,1.6921,1.6699,2.147,1.5146,1.8142,1.3538,1.792,0.8989,1.0764,0.8157,1.2206,1.1929,0.9876,1.3371,1.1818,1.4758,1.3648,0.9544,1.4037,0.91,1.6644,1.0542,1.0819,0.8656,0.8878,0.7935,1.7421,1.1263,0.8323,0.738,0.7158,0.6548,0.6271,1.093,1.4758,1.0986,2.3525,3.9495,1.5812,1.3981,1.5091,1.1208,1.2317,1.2761,1.4869,1.1984
12/29/2020,55.7435,1.1932,0.8876,1.3364,2.0764,2.5968,2.1671,1.26,2.1432,1.1932,1.6897,1.7899,1.3221,0.8542,1.0977,1.0833,1.3077,0.8924,1.1024,1.2361,0.9831,0.9306,0.816,0.8828,1.3698,0.8398,1.0642,1.3459,0.6918,1.1359,0.9306,0.8446,0.8017,0.8351,0.8446,0.7778,0.816,0.878,1.1359,0.6615,1.023,1.3221,1.3268,1.1932,0.6727,1.3077,1.2886,0.9258,0.8685
12/28/2020,65.4288,1.5909,1.6483,1.723,1.8378,1.7919,2.1997,1.4129,1.2923,0.9936,1.7804,2.1652,0.942,0.8041,1.0166,1.1028,0.9936,0.9132,1.0453,1.5335,1.1142,1.2291,1.4244,0.8845,1.2463,1.1774,0.9592,1.3038,0.8328,1.7862,1.2004,0.695,0.8616,0.8903,0.6204,1.0855,0.9477,1.2865,0.9764,2.8714,4.8473,1.1315,1.8378,1.0568,1.5048,1.2923,1.3382,0.9247,1.3152
12/27/2020,72.3326,1.5884,1.2603,1.5948,1.5948,3.4412,1.7685,1.82,2.7464,1.3118,1.9165,2.2253,1.3633,1.434,1.5176,1.3054,1.1638,1.0995,1.1896,1.2153,1.6077,1.3826,0.9322,1.7364,1.7685,1.3633,1.479,1.1188,0.8615,2.2189,1.3118,1.0738,0.765,0.8357,0.9708,1.0673,1.1767,1.1638,1.2089,1.9478,3.2491,1.6399,1.6077,0.8164,1.6399,1.6592,1.9036,1.151,1.1188
12/26/2020,55.5371,0.9748,1.3266,0.7371,2.0682,2.3058,1.4121,1.0128,2.0777,1.6356,0.8084,1.7877,1.1269,0.9368,0.7133,0.8655,0.9605,0.8084,1.241,1.1459,0.8227,0.8607,1.2553,0.932,1.0841,0.642,0.8512,0.8084,0.7704,1.3979,0.9273,0.8179,0.9082,0.856,0.8274,0.9082,0.8655,1.3076,1.0889,2.1008,3.5139,1.2885,0.7181,1.0746,0.9796,0.9653,1.4074,0.8797,0.7324
12/25/2020,60.4831,1.3056,0.8962,1.1743,1.8986,2.1558,2.0718,2.2765,1.7307,1.6939,1.316,1.1691,1.337,0.8699,1.2846,0.9487,0.7807,0.8489,0.9749,0.8962,1.1429,1.0431,1.1901,1.0641,1.3948,0.9539,1.2373,1.0326,0.8909,1.1534,1.1743,0.7597,0.7702,0.5708,0.9277,0.8804,0.9277,1.1324,0.9329,2.5885,4.3578,1.4682,0.9592,0.6758,0.6862,1.0169,1.4315,1.2426,1.2478
12/24/2020,54.9188,1.0206,1.274,0.9784,1.9261,1.6212,1.5461,1.8651,1.2974,0.9455,1.2599,1.8276,0.8376,1.091,0.908,0.9878,0.8798,1.152,1.2599,1.2786,1.166,1.0487,1.1754,1.0722,0.7578,0.7672,0.6499,0.8751,0.7719,1.4804,1.105,0.908,0.7578,0.5983,0.7672,0.8376,0.8564,0.7954,0.8188,2.4056,4.0413,0.7438,1.3772,0.6781,1.0957,0.8845,0.9549,0.9127,0.6593
12/23/2020,52.7553,1.1737,1.3348,1.1692,1.1647,1.1602,1.5586,1.2095,1.5899,1.7913,1.2855,1.9256,1.3616,0.6635,0.6993,0.9812,0.7574,1.0842,1.0439,0.9902,1.0483,1.0797,0.9275,0.7709,1.2005,0.8335,0.7172,0.838,0.7127,1.4869,0.9588,0.5918,0.7574,0.556,0.6635,0.8872,0.7619,0.7037,0.829,2.3253,3.9023,0.9051,1.2139,0.6411,0.7082,1.1379,1.0304,0.7351,0.8872
12/22/2020,45.0277,0.9887,0.8554,0.9479,1.5959,2.0366,1.2516,1.0183,1.1442,0.922,0.9998,1.496,0.7036,0.748,0.574,0.9702,1.0405,0.8369,0.8702,0.9183,1.0405,0.5851,0.8739,0.9109,1.0998,0.5999,0.9702,1.3256,0.5777,0.7258,0.8591,0.5703,0.6369,0.5332,0.6036,0.6258,0.6851,0.6443,0.9442,1.6976,2.8161,0.6591,0.7184,0.5406,0.7517,0.7406,1.1183,0.5962,0.6591
12/21/2020,52.2404,1.0072,0.9586,1.0338,1.7593,1.5824,1.2771,1.3612,1.7106,0.9497,0.7374,1.8345,0.9011,0.6887,0.8391,1.0515,0.7595,1.1001,1.1798,1.0869,0.932,0.8878,0.6445,1.2373,1.1399,0.8214,0.7329,0.9143,0.6533,1.2904,0.7595,0.8568,0.9055,0.5471,0.7728,0.5737,0.9541,1.2329,0.8701,1.8192,3.0266,1.193,1.2152,1.1444,0.9276,1.2373,1.1886,0.9763,0.9674
12/20/2020,46.1614,0.7925,0.7658,0.7582,1.1703,1.7313,1.1016,1.0444,1.7427,0.7353,1.052,1.5252,1.1245,0.8574,0.6933,0.6093,0.9299,0.9566,0.9413,0.9032,1.0253,1.0177,1.0749,1.2352,1.1398,0.6704,0.8612,1.4374,0.5979,1.1398,0.9337,0.6742,0.617,0.5483,0.5292,0.6055,0.7429,0.9719,0.7124,1.4776,2.4353,0.9184,1.0787,0.6742,0.7429,0.8307,0.6322,0.7811,0.6208
12/19/2020,56.3619,1.4289,1.013,1.308,1.9028,1.8835,1.0662,1.8738,1.3612,1.5837,1.1049,1.0759,1.3805,1.1484,1.0855,0.9405,0.7712,1.337,1.3177,0.8873,1.3177,1.0807,0.8341,1.2838,1.2983,1.0565,1.1436,1.221,0.66,1.0178,0.9259,0.7664,0.7712,0.5149,0.8437,0.5536,0.9937,1.2838,1.0227,1.8758,3.1244,0.9066,0.8921,1.1146,1.0323,1.3757,0.8099,0.9501,1.221
12/18/2020,52.549,0.9953,0.9997,0.9641,1.9665,1.2225,1.3606,2.0956,1.6323,1.717,0.7458,0.924,1.218,0.8928,0.7814,1.022,1.0086,0.8839,1.0888,1.0532,0.8527,0.7458,0.9285,1.4007,0.679,0.7725,1.0354,1.2759,0.8082,1.5566,0.8884,0.5721,0.7458,0.4919,0.5854,0.5587,0.9374,1.1601,0.9195,1.7867,2.9703,0.9017,1.2002,0.6656,1.0354,1.0621,1.1512,1.1557,1.1334
12/17/2020,45.7483,0.8197,0.9367,0.665,1.167,1.4124,1.2538,1.8125,1.5558,1.2689,0.8235,1.6238,0.748,0.899,0.68,0.8914,0.7291,0.7631,0.9669,0.8763,0.7404,0.9858,0.7971,0.7329,1.0387,0.6687,0.8273,0.8612,0.6536,0.7442,0.7782,0.5177,0.5215,0.665,0.68,0.631,0.7178,0.6121,0.7253,2.3523,3.9491,0.8612,0.5517,0.7027,0.8084,0.6461,0.6121,0.7933,0.68
12/16/2020,48.9426,1.1329,1.2025,0.9528,1.6938,1.9722,1.5423,1.3049,1.8781,1.4891,1.5383,0.7972,0.9814,0.961,0.9978,0.9118,0.6662,1.0428,0.8545,0.7399,0.9159,0.7071,1.1206,1.1698,0.9036,0.8422,0.9855,0.6375,0.5843,0.7726,0.7849,0.4615,0.6048,0.703,0.7972,0.8258,0.7276,1.0265,0.9282,1.2328,2.0116,0.8586,1.0592,0.8299,1.0633,0.6866,1.2639,0.8258,0.9528
12/15/2020,47.8097,0.939,0.8156,1.2415,1.5759,1.6436,1.357,1.3689,1.6794,0.9111,1.2774,1.4724,0.7081,0.6802,0.9509,0.732,0.716,0.8394,0.6922,1.1261,0.7519,1.0345,0.7439,1.0504,1.1301,0.7519,0.8235,0.8195,0.7001,0.8235,0.8116,0.6046,0.8275,0.716,0.6683,0.728,0.7598,1.146,0.9629,1.4832,2.445,0.716,1.0465,1.0743,0.6523,0.8713,0.8355,1.0863,1.0186
12/14/2020,48.6337,1.0769,0.8371,0.9021,1.8286,1.5929,1.6376,1.5929,1.2231,1.0281,1.4466,1.0891,1.0484,0.9875,0.6787,0.6543,1.0444,0.9672,0.6583,1.1175,0.7559,0.7355,0.9997,1.0525,0.7233,0.7518,0.638,1.0484,0.6624,1.2597,0.9387,0.7193,0.4714,0.5161,0.8087,0.4958,0.8453,1.085,0.9143,1.9033,3.172,0.7559,0.8127,0.959,0.7843,0.7518,1.1459,0.8899,0.6258
12/13/2020,49.3551,0.6919,0.8862,1.3122,1.2584,1.0393,1.643,1.7919,1.581,1.4942,1.0889,1.5769,0.6381,0.6588,0.878,1.0269,0.878,0.7705,0.9028,0.7498,0.787,1.0806,1.0723,0.8987,0.634,0.5389,1.0723,1.3494,0.6547,1.5231,0.7911,0.6423,0.8283,0.6464,0.5099,0.7291,0.758,1.2088,0.9979,1.5449,2.5518,1.1054,1.2005,0.8821,0.8945,0.9441,0.6836,0.9235,1.0351
12/12/2020,48.9431,0.8299,1.1616,0.6334,1.5096,1.2025,1.8453,1.1411,1.5096,1.0347,1.5587,0.9528,0.9651,0.8136,0.7931,0.7071,1.1206,0.7767,0.8955,1.0101,0.9282,0.9405,0.7972,1.2476,0.8422,0.7235,0.7071,0.9241,0.7153,1.1493,0.7317,0.5802,0.6416,0.5679,0.5884,0.7194,0.7685,1.0428,0.8095,2.1369,3.5763,0.9405,1.3294,0.6498,0.5802,1.178,0.961,0.7481,0.9569
12/11/2020,46.2638,0.9052,0.6985,0.8745,1.1462,1.1462,1.1883,1.4638,1.2266,1.3414,0.6794,1.1615,0.622,0.6373,0.9281,1.0544,0.9779,0.6832,0.8669,1.0544,0.8822,0.8975,0.8554,0.6756,1.1347,0.8248,0.6718,0.8975,0.6794,1.2189,0.8057,0.4881,0.7559,0.4843,0.6488,0.7598,0.8018,0.7865,0.9358,2.1005,3.5133,1.1386,1.1921,0.6985,0.5493,0.8325,1.1998,0.6258,0.5531
12/10/2020,55.8465,1.3963,1.2097,0.9226,1.626,1.1858,1.6547,1.2863,2.0375,0.7265,1.7073,1.6643,1.4346,1.1236,0.8174,1.0853,1.1954,1.071,1.071,1.0231,0.9992,0.8269,1.0805,1.0088,0.6643,0.9753,1.0279,0.9513,0.8269,1.7887,1.1667,0.4872,0.626,0.6547,0.5829,0.7743,0.9944,1.0566,0.7695,2.4937,4.1937,0.9561,0.937,0.9848,0.6356,0.8652,0.8413,1.2528,1.1858
12/9/2020,67.5924,1.0069,1.5671,0.8937,2.2047,2.5742,2.1869,1.1917,2.5563,0.8877,1.1976,1.1917,1.0725,1.0188,1.0546,1.0427,1.0486,1.3287,1.6684,1.3466,1.1499,0.8639,0.9295,1.6267,1.287,0.9652,0.9175,2.0319,0.8401,1.5194,1.0069,0.7328,0.6136,0.6494,0.9473,0.7268,1.2334,1.4002,0.8639,3.4294,5.8131,1.1857,1.8829,1.0665,1.3883,1.4062,1.1261,1.4896,1.4598
12/8/2020,60.1739,1.4658,0.918,1.5284,2.2797,2.3632,1.471,1.6693,2.2954,1.3875,1.5284,1.6693,1.4762,1.1423,0.8606,0.7823,0.8241,1.0171,1.4449,1.2519,0.991,1.1319,0.8293,1.5962,0.8449,0.6884,0.8762,1.4919,0.6988,1.7788,0.9336,0.6832,0.751,0.5528,0.8815,0.7354,0.9701,1.2623,0.7719,2.2226,3.7246,0.9649,1.0849,1.1215,0.678,1.3145,1.1215,0.9284,1.1684
12/7/2020,57.5983,1.0793,0.9702,1.0049,1.486,1.7836,1.9621,1.2578,1.8183,1.2479,1.0594,2.0762,1.0049,1.0446,1.0942,0.9751,1.3521,1.0743,0.9999,0.9999,1.1041,0.8164,0.9106,0.8958,0.6527,1.0098,0.6874,1.357,0.7073,1.7588,1.1388,0.8313,0.6825,0.747,0.6874,0.7569,0.9354,0.747,1.1636,2.8222,4.7623,1.1933,1.2876,0.9057,1.0297,0.871,1.0098,0.7966,1.0396
12/6/2020,71.096,1.3592,1.6494,0.867,2.2804,1.5043,1.7756,1.2393,2.0532,2.0974,2.0532,2.375,1.5548,1.3403,1.2772,1.1573,0.9995,1.0689,1.416,1.2078,1.498,0.8986,1.1762,1.4412,1.8072,1.3907,1.2078,1.1131,0.9932,1.3844,1.2267,0.6651,1.0185,0.8418,0.8292,0.9743,1.1383,1.3907,0.9617,3.7575,6.3809,1.4664,1.6368,0.8481,0.9617,1.5737,0.9364,1.1573,1.1447
12/5/2020,67.4899,1.6777,1.0947,1.8205,2.0525,1.4754,2.4154,1.8978,1.3922,1.0471,1.5766,1.2375,1.7848,1.3148,0.94,1.2018,1.2494,1.6004,1.5825,1.0888,1.41,1.297,0.7318,1.1304,0.8746,0.7556,1.0769,1.8443,0.8151,2.0644,1.3684,0.9817,0.7378,1.059,0.6009,0.94,0.9876,0.9043,1.5885,3.2211,5.4527,1.5587,1.5706,1.2494,0.7675,0.9638,0.8211,1.0055,1.2613
12/4/2020,60.6894,1.526,1.5577,0.8622,2.074,2.7695,1.6736,1.6999,1.9739,1.1151,1.5998,0.9096,1.1783,1.1941,0.8411,0.9886,1.036,0.9307,0.8464,1.1888,1.4417,1.0466,0.7726,1.1256,1.3364,0.8358,0.8622,1.1414,0.7884,1.7895,0.9254,0.6461,1.0044,0.741,0.5671,0.8042,1.0466,1.015,0.7252,2.5574,4.3041,0.9886,1.5524,1.0255,0.7937,1.015,1.3891,1.2837,1.1994
12/3/2020,50.1796,0.9639,1.141,0.8879,1.373,1.5038,1.0904,1.4827,1.2043,0.812,1.238,1.2169,1.2802,0.8415,0.8964,0.909,0.7867,0.6728,1.0862,0.8626,0.909,1.0904,0.8247,1.3224,1.1073,0.6686,0.6053,1.335,0.677,1.2802,0.7445,0.4746,0.6813,0.7066,0.5674,0.6391,0.7023,1.0356,0.8078,1.9771,3.2997,1.2802,1.179,0.8036,1.082,1.0145,0.9723,1.044,1.0988
12/2/2020,57.495,0.8843,1.0427,1.2407,2.1415,1.6268,1.8445,1.4387,2.0376,1.7159,1.2853,2.0475,0.8447,0.8744,1.2308,0.9734,0.8398,1.2754,0.9635,1.2011,1.0031,1.112,1.2061,1.3694,0.9784,1.0477,1.1071,1.0229,0.6666,0.9388,0.8843,0.8052,0.7458,0.9487,0.6666,0.7804,1.0328,0.726,0.7111,2.3328,3.9152,1.1912,0.8002,0.9685,1.3545,0.8447,0.8843,0.7656,1.1764
12/1/2020,46.5729,1.1503,1.0654,0.8918,1.3701,1.9217,1.2776,1.2621,1.1387,0.942,1.2159,1.3123,0.7838,0.8417,0.9998,0.6643,0.618,0.9497,0.834,0.7568,1.0577,0.6951,1.0886,0.6758,0.8263,0.7607,0.861,0.7838,0.6411,1.3161,0.8494,0.6103,0.8031,0.537,0.5331,0.7838,0.8224,0.9921,0.6913,1.551,2.5624,0.8456,0.8224,1.1156,0.9227,1.023,0.6488,0.7144,1.0423
11/30/2020,43.379,0.6231,0.6372,0.754,1.083,1.4863,1.1537,1.5606,1.1927,1.3695,0.8389,1.4332,0.7999,0.7787,0.5983,0.6195,0.7858,0.7964,0.6195,0.7292,0.9061,0.9379,0.8884,0.6124,0.9945,0.6054,0.8495,0.9945,0.5912,1.3023,0.899,0.7363,0.616,0.5028,0.4709,0.5948,0.6443,0.7823,0.8459,1.7487,2.9044,1.0334,0.5948,0.5417,0.6443,0.9132,0.8035,0.6089,0.9521
11/29/2020,50.4884,1.0504,1.0887,1.3011,1.5433,2.2189,1.1397,1.1779,1.1609,1.1184,1.0122,1.6028,0.6893,0.9655,0.9527,0.7573,0.8975,1.0249,0.8422,1.1991,1.2119,1.0589,1.0674,0.957,0.9867,0.8167,1.0547,1.3181,0.668,1.2246,0.8592,0.7063,0.8082,0.77,0.6,0.7827,0.77,0.8507,0.6765,1.4551,2.3963,1.0164,1.2161,1.0802,1.0802,1.1864,0.634,0.8125,0.6808
11/28/2020,51.8282,1.1265,1.2405,0.754,1.4245,1.6568,1.0783,1.1265,1.762,1.0827,1.4684,1.8146,0.9468,1.0345,0.9074,0.789,1.0914,0.754,0.697,1.0564,0.8591,1.0871,0.7233,0.9205,0.7978,0.5567,0.995,0.754,0.7452,1.521,0.8942,0.6137,0.5567,0.8153,0.5611,0.6225,0.8329,1.2317,0.9687,2.1762,3.6444,0.6619,1.3676,1.109,0.995,1.0125,1.3763,0.846,0.7715
11/27/2020,46.7792,1.1284,0.7639,1.0702,1.427,1.2951,1.3572,1.0857,1.2564,0.7212,1.1012,0.8337,1.1633,0.7212,0.7367,0.919,0.6979,0.9073,0.6863,0.9539,0.791,0.7328,0.5351,1.1633,0.7484,0.822,0.601,1.0043,0.7018,0.8492,0.9772,0.7445,0.5002,0.5932,0.729,0.7135,0.7406,0.9345,0.7445,2.1606,3.6173,1.0896,1.109,0.9151,1.0198,0.8375,1.0392,0.6553,0.8841
11/26/2020,50.4886,1.2501,0.804,1.2799,1.5858,1.6665,1.9257,1.0929,1.5348,1.3436,1.6325,1.3054,1.2246,0.9612,0.889,0.6978,0.9145,0.8847,0.8422,0.855,0.8125,0.9612,0.668,1.1184,0.7785,0.8295,0.702,0.5916,0.6638,1.4158,1.0292,0.6765,0.6978,0.5193,0.6213,0.8125,0.8337,1.2076,0.9442,1.5951,2.6387,0.7275,1.2034,0.9612,0.5703,1.0292,1.2204,1.0207,0.9485
11/25/2020,52.2399,1.1311,0.8878,1.2284,1.9009,1.9849,1.9009,1.3744,1.2727,1.485,1.4762,1.1311,0.702,0.7683,1.109,1.078,1.1134,0.7064,1.0603,1.1399,1.1267,1.0559,0.6533,1.0647,1.2329,1.0072,1.0957,0.8612,0.6356,0.9055,0.8789,0.7329,0.8347,0.5471,0.6666,0.7683,0.7949,1.2682,1.1311,1.3624,2.2359,1.1001,1.2063,1.2152,0.8745,0.8303,0.8081,0.932,0.963
11/24/2020,54.4044,1.2108,1.2479,0.9323,1.749,2.4869,1.3639,2.176,1.8326,0.7978,1.6005,1.3824,1.3639,0.988,0.6725,1.0483,1.053,1.0762,1.2757,0.9231,1.2525,0.9184,1.0669,1.0437,1.0019,0.6957,1.0159,1.2572,0.6493,1.4892,0.8813,0.5147,0.8302,0.7746,0.5472,0.9045,0.9741,0.821,0.8674,1.0079,1.6224,1.3824,1.4521,1.1087,1.1876,0.9184,1.1087,0.7514,1.1783
11/23/2020,55.2283,1.1018,1.3285,1.4088,1.6827,2.0511,1.4324,1.3143,1.0687,1.5741,1.2624,0.8231,1.4135,0.8042,1.0073,1.0593,0.9601,1.286,1.0782,1.0498,1.2151,1.1962,1.116,0.8656,0.7617,0.6956,1.064,1.4891,0.672,0.8468,0.9412,0.7617,0.5492,0.842,0.5162,0.8326,0.9459,0.9318,0.9695,2.0052,3.3485,1.0357,1.1254,1.0357,1.2671,1.2482,1.3899,1.1112,0.7429
11/22/2020,62.956,1.1943,1.2218,0.8756,2.244,2.876,1.3043,1.8978,1.4142,1.013,1.8208,1.7604,1.013,0.8371,1.1229,1.2823,1.4636,0.991,1.3922,0.98,1.4966,1.1449,1.2218,0.8481,1.2658,0.8701,1.1339,1.8868,0.8097,1.9582,1.2108,0.5294,0.9635,1.0295,0.7272,0.7107,0.9525,0.9306,0.7877,2.0002,3.3397,1.4581,1.59,1.2163,0.8042,1.1998,1.579,1.1779,1.4087
11/21/2020,65.4287,1.2348,1.3956,1.1659,2.4696,1.9814,1.2521,2.3719,1.5622,2.0733,1.8953,1.2348,0.8443,0.8903,0.9822,1.4129,1.3842,1.476,0.9592,1.0511,0.9592,1.4129,0.9936,1.074,1.1372,1.1774,1.1372,0.7984,0.8271,1.6943,1.2578,0.7467,0.873,0.9247,0.6031,0.6835,0.9707,1.2865,0.9822,3.435,5.8228,1.1372,1.2578,1.1372,1.4416,0.9132,1.0855,0.8616,1.1602
11/20/2020,52.9612,1.0029,0.9445,0.8591,1.2188,2.1944,1.2053,1.6369,1.0614,1.7898,1.6234,1.2367,0.7781,0.7017,0.7377,1.0884,1.1918,0.8411,0.7781,1.1963,0.8411,0.9085,0.6927,0.886,0.7062,0.7826,1.0389,1.2727,0.7287,1.1918,1.0389,0.6253,0.8231,0.6478,0.8006,0.6702,0.9085,0.94,0.9895,2.6563,4.4752,0.904,0.7062,0.8456,0.6747,1.1783,1.0569,0.7107,1.1738
11/19/2020,38.845,0.9902,0.6386,1.0057,0.9039,1.0427,0.8854,0.8792,1.3234,1.0272,0.6972,0.6417,0.7681,0.6571,0.5892,0.8669,0.5677,0.8545,0.7065,0.8021,0.8329,0.7065,0.8298,0.9285,0.9717,0.472,0.8453,0.6139,0.5183,0.7558,0.6047,0.5245,0.5923,0.4689,0.5368,0.5306,0.6818,0.5553,0.8823,1.695,2.8116,0.6633,1.0303,0.5491,0.6694,0.8422,0.6324,0.7681,0.4844
11/18/2020,37.2997,0.9197,0.8933,0.7058,0.99,1.1043,0.8376,0.9665,1.075,0.697,0.5915,0.779,0.8523,0.5593,0.6179,0.7614,0.8523,0.7907,0.8259,0.8523,0.6413,0.6091,0.8406,0.949,0.6589,0.7263,0.779,1.0603,0.5505,0.6208,0.5798,0.5124,0.6032,0.5769,0.5651,0.445,0.5769,0.7673,0.7614,1.039,1.6764,0.9167,0.9578,0.5388,0.6501,0.779,0.7673,0.8025,0.6765
11/17/2020,40.9063,0.7623,0.8379,0.6965,1.2427,1.1242,0.8314,1.2822,1.0124,0.5879,1.042,1.1835,1.0913,0.7952,0.7392,0.5648,0.7919,0.6899,0.5648,0.7787,0.8281,0.7294,0.759,0.6405,0.5089,0.7326,0.657,0.8412,0.5023,0.7195,0.7162,0.3871,0.4497,0.5714,0.5122,0.5155,0.6734,0.657,0.5615,2.3346,3.9185,0.6175,0.7721,0.5912,0.9367,0.7919,0.9531,0.68,0.7294
11/16/2020,35.0329,0.6479,0.7154,0.756,1.0101,1.3372,0.71,0.7641,0.8884,0.7722,0.929,1.175,0.6262,0.683,0.5397,0.7614,0.756,0.5992,0.6019,0.6397,0.6046,0.5992,0.7073,0.4884,0.5046,0.5127,0.6424,0.8317,0.4505,0.5478,0.5505,0.5884,0.4478,0.4316,0.4911,0.4938,0.6506,0.6506,0.8073,1.6873,2.7983,0.5965,0.6668,0.4667,0.6884,0.5451,0.5208,0.564,0.5857
11/15/2020,34.6207,0.8109,0.723,0.8907,1.0585,0.9307,0.7044,0.96,1.0052,0.8109,0.6671,1.0451,0.8828,0.6858,0.5181,0.4861,0.5394,0.4808,0.6725,0.6485,0.7363,0.723,0.7576,0.6698,0.7337,0.5047,0.5979,1.0052,0.4462,0.7923,0.6299,0.377,0.4222,0.3716,0.4781,0.5447,0.5181,0.5181,0.755,1.0158,1.6362,0.7869,0.7736,0.5979,0.7923,0.731,0.771,0.723,0.6911
11/14/2020,40.8029,0.6095,0.9605,0.5865,0.9933,1.2557,0.8752,1.1737,0.8851,1.177,1.2229,0.7801,0.9211,0.685,0.6357,0.5833,0.7276,0.7374,0.6915,0.7014,0.6554,0.8588,0.58,0.9867,0.826,0.7899,0.5734,0.9507,0.5472,0.7834,0.7834,0.6653,0.416,0.4357,0.4586,0.6062,0.6423,0.9769,0.8916,1.8317,3.0481,0.6161,1.095,0.8588,0.7768,0.639,1.0392,0.6653,0.6029
11/13/2020,35.9603,0.6644,0.5441,0.6951,1.2627,1.0782,0.9775,0.8125,1.2012,1.0139,0.8573,1.0866,0.5749,0.5749,0.6811,0.7958,0.7175,0.7986,0.5106,0.8321,0.7958,0.5301,0.8014,0.8433,0.8098,0.5721,0.6336,0.4519,0.4882,0.8349,0.628,0.6112,0.5441,0.3987,0.3959,0.5721,0.5218,0.7762,0.6224,1.2725,2.0805,0.8629,0.4351,0.6252,0.5525,0.6895,0.6224,0.5162,0.793
11/12/2020,29.5718,0.555,0.5981,0.6456,0.6456,1.1762,0.6822,0.7103,1.0209,0.6197,0.6865,0.9886,0.5744,0.4212,0.4967,0.5636,0.6283,0.4557,0.6714,0.5593,0.6585,0.6154,0.5485,0.5528,0.7038,0.5097,0.6305,0.7211,0.4751,0.555,0.5938,0.322,0.4622,0.4665,0.501,0.5118,0.5269,0.5981,0.6261,0.5719,0.868,0.6844,0.5161,0.5463,0.6585,0.611,0.5528,0.6499,0.6348
11/11/2020,40.0816,0.6671,1.0361,0.9976,1.3922,1.5622,1.4916,1.4852,0.8596,0.7891,0.7024,0.5901,0.6286,0.5869,0.5805,0.8532,0.6543,0.8821,0.7955,0.7794,0.9495,0.7987,0.5324,1.004,0.4907,0.7473,0.8179,0.9463,0.5516,0.6832,0.834,0.4329,0.5196,0.6479,0.6768,0.6094,0.7121,0.8404,0.619,1.2535,2.0474,0.5613,0.8564,0.757,0.773,0.6768,0.9719,0.6158,0.8211
11/10/2020,32.3538,0.7877,0.6416,0.834,0.7219,1.2407,1.0531,0.5977,0.9898,0.8388,0.7049,0.7268,0.5466,0.627,0.6927,0.6294,0.6294,0.756,0.7633,0.7341,0.7512,0.5417,0.5076,0.8047,0.6221,0.5174,0.6635,0.4248,0.493,0.7414,0.6026,0.3712,0.4053,0.3469,0.4638,0.532,0.5636,0.7268,0.5904,1.0461,1.6885,0.6464,0.5588,0.5515,0.4005,0.5344,0.683,0.4638,0.5953
11/9/2020,33.4875,0.5898,0.758,0.5949,1.1658,1.255,0.7758,0.6229,0.7886,1.0103,0.4904,0.7911,0.6994,0.6025,0.4725,0.5235,0.5541,0.6917,0.5566,0.5796,0.6178,0.4929,0.7835,0.6637,0.6178,0.5082,0.5643,0.8191,0.4674,1.0154,0.6025,0.5745,0.4802,0.3731,0.3527,0.4776,0.5515,0.7478,0.7299,1.2307,2.0081,0.7452,0.6637,0.6458,0.7452,0.7758,0.5923,0.605,0.5133
11/8/2020,34.1056,0.5191,0.6209,0.6235,0.895,0.8585,0.9994,1.1535,1.1535,0.8767,0.5948,0.8872,0.8585,0.6783,0.7305,0.7723,0.4982,0.4878,0.5191,0.5844,0.7567,0.6366,0.647,0.8245,0.5817,0.6574,0.4852,0.5635,0.5191,0.5948,0.5765,0.3755,0.5791,0.4538,0.3729,0.3964,0.5191,0.7201,0.6392,1.574,2.6021,0.4695,0.8063,0.5374,0.5504,0.6705,0.6287,0.4773,0.5791
11/7/2020,31.7356,0.7339,0.601,0.5749,1.0734,0.8075,0.8787,0.9618,0.6295,0.6722,0.9025,0.499,0.7601,0.5203,0.5702,0.6129,0.6556,0.7387,0.639,0.5797,0.6794,0.5369,0.6675,0.5322,0.48,0.4444,0.5417,0.4135,0.499,0.8597,0.6461,0.3803,0.4325,0.5322,0.4064,0.5298,0.5274,0.7031,0.5488,1.2489,2.0395,0.5607,0.7387,0.4824,0.6509,0.4657,0.8218,0.4918,0.4634
11/6/2020,43.5849,0.6008,1.0029,0.6471,1.5118,1.2271,1.2271,1.6506,1.3516,0.9353,1.1097,0.9389,0.6293,0.583,0.6684,0.7182,0.825,0.7752,0.8535,0.6613,1.0314,0.6862,0.8036,1.0278,1.01,0.6506,0.8036,0.6542,0.5723,0.7111,0.6826,0.6684,0.6222,0.6898,0.704,0.5972,0.6649,0.7111,0.8179,2.2935,3.8473,0.6328,0.5723,0.7752,0.5047,0.8997,0.7538,0.6649,0.615
11/5/2020,40.0817,1.0232,0.7249,0.7121,1.4756,1.0682,1.1772,0.9463,0.911,0.7121,0.8179,0.6511,1.0585,0.5484,0.8019,0.85,0.8885,0.8051,0.8981,0.8757,0.8564,0.6062,0.773,0.9045,0.6254,0.6768,0.773,1.065,0.4939,0.6126,0.773,0.68,0.4265,0.5164,0.4714,0.4971,0.68,0.5645,0.5869,1.835,3.0539,0.6126,0.757,0.7923,0.5869,0.9591,0.8051,0.6447,0.5067
11/4/2020,41.112,0.7428,0.6501,1.0143,1.0508,1.1468,1.2031,1.0905,1.3653,0.6998,0.968,0.809,0.8024,0.6369,0.6402,0.5739,0.8587,0.5574,0.6203,0.819,0.6435,0.6369,0.7991,0.8057,0.9481,0.5739,0.5706,1.1667,0.5541,1.2726,0.7064,0.5342,0.6137,0.4349,0.6733,0.5408,0.6633,0.713,0.9216,1.8862,3.1424,0.9812,0.9978,0.564,0.7494,0.819,0.5342,0.5739,0.8422
11/3/2020,33.5905,0.5173,0.6836,0.6324,0.9318,0.7962,1.0854,1.2159,0.9574,1.07,0.5198,0.768,0.5377,0.5556,0.4891,0.5045,0.7783,0.7732,0.6273,0.6068,0.5556,0.6478,0.5787,0.7194,0.8064,0.5531,0.681,0.548,0.5326,0.9395,0.5761,0.4277,0.4789,0.4226,0.548,0.5761,0.5045,0.745,0.484,1.0457,1.688,0.7655,0.6861,0.5659,0.7552,0.7117,0.8474,0.6734,0.4763
11/2/2020,19.8861,0.402,0.4151,0.4531,0.503,0.6421,0.3961,0.5827,0.4151,0.5649,0.3782,0.4068,0.4721,0.3794,0.3378,0.427,0.4103,0.4507,0.3675,0.4484,0.4448,0.3854,0.3319,0.4864,0.3105,0.2855,0.3295,0.4103,0.3022,0.4912,0.3521,0.3034,0.2665,0.2986,0.3343,0.3081,0.3782,0.3236,0.3176,0.6455,0.9953,0.427,0.4222,0.4567,0.4175,0.4282,0.3283,0.358,0.295
11/1/2020,32.5601,0.7193,0.7758,0.6431,0.7119,0.8052,0.9428,0.7045,0.9035,0.7487,0.8519,0.6407,0.7291,0.6358,0.6063,0.4786,0.7561,0.7365,0.5056,0.7635,0.5621,0.6775,0.4663,0.454,0.8077,0.4221,0.6431,0.7831,0.4417,0.54,0.5523,0.5351,0.5768,0.5203,0.5277,0.4417,0.4933,0.6775,0.6579,1.2667,2.0703,0.7512,0.8372,0.4417,0.4319,0.5866,0.5007,0.6824,0.5523
10/31/2020,38.3301,0.5428,0.8521,0.6095,1.0159,1.2676,1.2009,1.1312,1.0826,0.6762,0.6853,1.2676,0.9552,0.7126,0.5488,0.7338,0.8673,0.8976,0.658,0.8946,0.8794,0.5185,0.9037,0.5974,0.4912,0.5428,0.5155,0.6004,0.5064,0.5579,0.6944,0.5033,0.5367,0.6034,0.6337,0.4427,0.6156,0.4973,0.7945,1.7151,2.8463,0.928,0.5883,0.5094,0.5246,0.661,0.7763,0.8885,0.8582
10/30/2020,29.1596,0.7401,0.6999,0.7189,0.9792,1.1337,0.8903,0.9221,0.7295,0.4544,0.8565,0.6406,0.6533,0.501,0.4629,0.592,0.4904,0.5962,0.4417,0.4946,0.6237,0.6385,0.6343,0.7613,0.6512,0.6047,0.5348,0.6914,0.465,0.7697,0.5814,0.5116,0.3465,0.4566,0.4735,0.3402,0.4777,0.611,0.52,0.5464,0.8238,0.5285,0.4587,0.4904,0.556,0.501,0.5539,0.5899,0.4206
10/29/2020,31.5299,0.7055,0.5008,0.6349,0.8467,0.6655,0.842,0.9196,0.9926,0.8867,0.9573,0.562,0.5831,0.482,0.4749,0.4514,0.5314,0.642,0.5008,0.6255,0.682,0.5243,0.729,0.5126,0.5126,0.6537,0.4396,0.6537,0.5055,0.8137,0.5808,0.4396,0.4584,0.3949,0.4914,0.4631,0.5431,0.4608,0.4302,1.1783,1.9174,0.6514,0.7008,0.7408,0.6843,0.7008,0.7526,0.5831,0.5267
10/28/2020,31.2208,0.7495,0.6613,0.5986,1.0305,0.9817,0.7774,0.6055,0.8354,0.7518,0.5893,0.8819,0.5057,0.4291,0.436,0.6868,0.5614,0.5034,0.6148,0.6473,0.6171,0.4709,0.4198,0.4894,0.6357,0.4894,0.5498,0.9167,0.45,0.9237,0.652,0.4987,0.3431,0.4546,0.3478,0.443,0.4987,0.6984,0.7054,1.2399,2.0239,0.5986,0.4755,0.6868,0.4662,0.5661,0.6497,0.5359,0.5266
10/27/2020,37.403,0.8812,0.7547,0.5166,0.9547,1.5104,1.0958,0.8282,1.0311,0.6518,0.9429,0.8753,0.5166,0.6842,0.7253,0.6106,0.6224,0.6224,0.6077,0.7635,0.6401,0.6636,0.5283,0.9194,0.7518,0.6283,0.643,0.6577,0.4813,0.6283,0.7253,0.3842,0.5724,0.5401,0.5577,0.5224,0.5754,0.7665,0.593,1.854,3.0867,0.8459,0.6136,0.5783,0.6989,0.6048,0.8282,0.7871,0.5313
10/26/2020,46.058,1.0839,0.7528,0.7604,1.6814,1.8222,1.1029,1.4226,1.7385,0.9925,1.0534,0.768,0.5891,0.6576,0.8403,0.886,0.6728,0.6995,0.943,0.768,0.7071,0.8022,0.6462,1.0268,0.9849,0.8974,0.5815,0.6957,0.7033,0.6538,0.7109,0.6728,0.4673,0.5891,0.5054,0.6119,0.7756,0.7147,0.631,2.5612,4.3105,1.1409,0.7185,0.5358,0.9659,0.6728,0.8783,0.8289,0.8327
10/25/2020,40.0818,0.9174,0.7762,0.9142,1.0104,1.1676,1.4307,0.8051,1.158,0.5067,1.2703,0.85,0.6447,0.7281,0.7313,0.834,0.6415,0.7698,0.8115,0.7602,0.911,0.8404,0.5292,0.6447,1.004,0.7698,0.6447,0.5934,0.5516,1.0938,0.6222,0.5677,0.6639,0.5388,0.5228,0.5709,0.6575,0.8372,0.757,1.6388,2.7143,0.542,0.7217,0.6736,0.7794,0.9591,0.5901,0.8885,0.526
10/24/2020,26.6869,0.4899,0.432,0.6376,0.9197,0.9926,0.688,0.931,0.5796,0.4395,0.5311,0.8319,0.4881,0.5068,0.5049,0.5385,0.6039,0.5535,0.4862,0.4675,0.4974,0.4937,0.4638,0.4974,0.5778,0.3461,0.4937,0.5722,0.389,0.5722,0.5273,0.3049,0.4657,0.4358,0.3704,0.3909,0.4843,0.3778,0.4395,1.0919,1.7679,0.5236,0.3704,0.3554,0.3629,0.5311,0.4395,0.5292,0.3928
10/23/2020,26.4803,0.625,0.5585,0.4624,0.904,0.6139,0.7063,0.8615,0.7266,0.7617,0.7359,0.4328,0.6564,0.4476,0.3958,0.4827,0.4993,0.4328,0.5492,0.6139,0.6194,0.4827,0.3718,0.6361,0.3773,0.4309,0.4088,0.6047,0.381,0.8006,0.5344,0.3977,0.3404,0.3847,0.4494,0.3219,0.4605,0.4531,0.3829,0.6898,1.0721,0.6231,0.6157,0.5529,0.418,0.527,0.6342,0.5695,0.4734
10/22/2020,24.7291,0.3992,0.5999,0.5314,0.7321,0.6418,0.8442,0.7907,0.692,0.7204,0.5414,0.7539,0.5581,0.3791,0.3574,0.5514,0.3975,0.5464,0.5464,0.5598,0.4661,0.518,0.3273,0.4109,0.6016,0.4728,0.5012,0.5397,0.339,0.7037,0.4427,0.2938,0.4276,0.3741,0.3624,0.4209,0.4394,0.5682,0.4962,0.3774,0.5314,0.6234,0.5782,0.4778,0.4795,0.4678,0.5665,0.4394,0.339
10/21/2020,28.1292,0.529,0.5713,0.5531,0.835,0.6981,0.8148,0.8571,0.9416,0.4827,0.8611,0.9276,0.682,0.4203,0.5149,0.523,0.5652,0.4585,0.5672,0.6236,0.5612,0.5471,0.5511,0.5693,0.6317,0.527,0.4203,0.7484,0.4183,0.6457,0.5109,0.3277,0.4243,0.3196,0.4183,0.4907,0.4465,0.4585,0.6156,0.6731,1.0431,0.6759,0.7484,0.4424,0.3539,0.6679,0.4726,0.4223,0.5713
10/20/2020,38.6391,0.6109,0.9786,0.9081,1.1134,1.5516,1.0981,1.0368,0.7978,0.5221,0.5711,1.3218,0.7366,0.6416,0.6691,0.6538,0.66,0.8132,0.6017,0.9112,0.8254,0.6875,0.47,0.9939,0.8223,0.7733,0.5466,0.8898,0.5129,0.8989,0.7917,0.4148,0.6109,0.6109,0.5466,0.5834,0.5619,0.5742,0.5037,1.4627,2.4095,0.9909,0.6691,0.663,0.6171,0.8101,0.9204,0.5282,0.7519
10/19/2020,45.5425,1.1428,1.0489,0.696,1.0264,1.8899,1.582,0.8237,1.4844,0.9738,0.9063,1.1465,0.7749,0.8424,0.6547,0.8274,0.8086,0.711,1.094,0.895,1.0226,0.8762,0.7861,1.0639,0.636,0.5421,0.8725,1.1728,0.6134,0.7261,0.711,0.5271,0.666,0.5046,0.6622,0.7035,0.7486,0.8349,0.8762,1.8688,3.1123,0.9738,0.5496,0.7148,0.5496,0.94,1.094,0.865,1.0001
10/18/2020,48.3246,0.8361,0.9207,0.8723,1.1828,1.0296,0.9732,0.9893,1.4288,1.0578,1.328,1.3643,0.7715,0.6586,0.6223,0.953,0.9328,0.6788,0.8522,0.7796,0.9207,0.824,0.8078,1.078,0.7635,0.5417,0.578,1.0014,0.6707,1.0296,0.8844,0.7756,0.7433,0.4852,0.7312,0.5175,0.699,1.0619,0.6627,3.2354,5.4774,0.9207,0.703,0.8603,0.6869,0.8119,0.8683,0.8643,0.8885
10/17/2020,32.7663,0.5704,0.6595,0.8081,0.7611,1.2737,0.8304,0.8874,1.0904,1.0533,0.7016,0.9394,0.8552,0.4713,0.5109,0.5208,0.6273,0.6298,0.5258,0.5852,0.7412,0.506,0.5431,0.6125,0.5258,0.6422,0.6719,0.6595,0.4663,0.7041,0.5753,0.5382,0.4614,0.5357,0.4069,0.4886,0.5208,0.501,0.5258,1.2342,2.0141,0.5902,0.4738,0.4341,0.61,0.6917,0.6174,0.7239,0.449
10/16/2020,38.6392,0.7274,0.9909,0.663,1.3861,1.4167,0.9572,1.1104,1.1441,0.5037,0.712,1.0736,0.5374,0.7825,0.7396,0.856,0.5619,0.7611,0.5374,0.807,0.8591,0.6048,0.6477,0.7519,0.9909,0.5558,0.516,0.6814,0.5864,1.0154,0.6354,0.4118,0.6232,0.6171,0.4853,0.6354,0.6446,0.8101,0.8132,1.3392,2.1959,0.5251,0.9817,0.6416,0.7794,0.9081,0.8346,0.5864,0.6937
10/15/2020,43.4815,0.6386,0.9402,0.6705,1.4866,1.4263,1.0821,0.8479,1.1424,1.2098,1.2843,1.2666,1.1353,0.5712,0.8905,0.7415,0.8266,0.8763,0.6279,0.8763,1.004,0.7166,0.6812,0.7415,0.7131,0.8053,0.6953,0.8763,0.5428,1.0608,0.6599,0.4789,0.6137,0.6953,0.4576,0.5924,0.6776,0.8266,0.9118,1.839,3.0608,1.0502,0.8869,0.7841,0.635,0.8018,0.7095,0.7734,0.6492
10/14/2020,43.7911,0.861,0.8503,0.8682,1.4301,1.1473,1.5124,1.2368,1.3907,0.7286,1.0113,1.5518,0.7071,0.8252,0.6463,0.9684,0.7787,0.9219,0.9004,0.6785,0.8789,0.6856,0.5282,1.0078,0.9147,0.7465,0.6606,0.7357,0.5389,0.9505,0.7823,0.6964,0.6892,0.725,0.6821,0.6785,0.7715,1.04,0.8896,1.6373,2.7118,0.9254,0.6785,0.5282,0.8037,0.657,0.9469,0.5997,0.6856
10/13/2020,44.4097,0.64,1.066,1.0478,0.9859,1.7978,1.6594,0.8548,1.2553,0.8657,0.9313,1.5175,0.7565,0.6109,0.7347,0.8766,0.9094,0.7092,0.9604,0.782,0.6982,0.9313,0.691,0.8657,0.6546,0.9058,0.7893,1.2153,0.6181,1.2589,0.8002,0.7092,0.538,0.4944,0.6509,0.5562,0.7347,1.0259,0.5927,1.6081,2.6611,0.9313,0.7929,0.5963,0.6764,1.0114,1.0405,0.8402,0.5599
10/12/2020,37.6087,0.5516,0.6226,0.7085,1.3658,1.0135,0.972,1.3273,0.7855,0.7174,0.9868,0.7677,0.8566,0.5664,0.6286,0.522,0.8566,0.7144,0.6907,0.6463,0.7529,0.5161,0.6463,0.6523,0.5072,0.4509,0.4953,1.0786,0.4805,1.1822,0.673,0.519,0.3798,0.3976,0.4272,0.5397,0.5575,0.5427,0.5457,1.919,3.1992,0.6878,1.0253,0.5901,0.4953,0.6611,0.824,0.7677,0.7944
10/11/2020,39.4636,0.6386,0.7236,0.5379,1.2301,1.3182,1.334,1.4441,0.8494,0.5379,0.6009,0.969,0.6732,0.7173,0.7204,0.6795,0.8022,0.6827,0.7771,0.8777,0.8809,0.6292,0.56,0.7299,0.9533,0.7078,0.6134,0.9879,0.5788,0.7582,0.6544,0.5977,0.5033,0.5254,0.5977,0.6732,0.6355,0.7519,0.5663,1.7165,2.8487,0.733,1.0288,0.9501,0.604,0.6984,0.5442,0.7456,0.5757
10/10/2020,27.7169,0.5176,0.4388,0.703,0.7759,0.7306,0.8075,0.7207,0.9061,0.5965,0.7286,0.8173,0.4092,0.4683,0.561,0.563,0.563,0.4171,0.4131,0.4683,0.6438,0.5965,0.63,0.5728,0.6911,0.4782,0.4052,0.5531,0.3855,0.5985,0.4979,0.4565,0.3993,0.3579,0.4427,0.3402,0.425,0.3993,0.5926,0.8389,1.3301,0.4151,0.6142,0.4427,0.5965,0.5255,0.6675,0.6379,0.5768
10/9/2020,22.5654,0.3997,0.4376,0.423,0.4944,0.7056,0.7056,0.4696,0.5643,0.5425,0.4332,0.6575,0.5046,0.3429,0.4478,0.3604,0.5206,0.3822,0.3895,0.5162,0.4449,0.4201,0.3181,0.3764,0.3895,0.3997,0.4653,0.3866,0.3429,0.4711,0.3633,0.2774,0.3983,0.3007,0.2788,0.3036,0.3691,0.5075,0.4012,0.9892,1.5901,0.4143,0.4958,0.4536,0.4696,0.4682,0.3924,0.4143,0.3662
10/8/2020,24.832,0.6312,0.5993,0.4898,0.808,0.845,0.5622,0.5925,0.8551,0.569,0.6615,0.5791,0.4814,0.4629,0.4713,0.4528,0.4663,0.4983,0.4932,0.441,0.4882,0.4343,0.4444,0.3956,0.3535,0.3485,0.4124,0.7171,0.3905,0.7188,0.5134,0.4158,0.4107,0.2946,0.3889,0.3737,0.4242,0.4107,0.3905,0.682,1.0585,0.5117,0.4208,0.3838,0.5504,0.5723,0.3838,0.5622,0.4208
10/7/2020,34.8267,0.6844,0.5932,0.5798,0.9983,0.942,1.1002,0.8132,0.9715,0.5691,0.6281,0.9339,0.7837,0.5047,0.5261,0.5986,0.5878,0.6469,0.7005,0.8105,0.6281,0.5878,0.6442,0.5261,0.6147,0.5315,0.4698,0.4483,0.4618,0.7112,0.73,0.4027,0.5691,0.5718,0.5691,0.443,0.5798,0.5422,0.612,1.9606,3.2713,0.5476,0.7086,0.5798,0.5449,0.7917,0.4752,0.7783,0.553
10/6/2020,34.9301,0.6164,0.8426,0.8076,0.8992,1.2385,0.6595,0.6595,1.2223,0.7133,0.5437,0.5787,0.8911,0.716,0.7484,0.5114,0.5087,0.5383,0.5625,0.716,0.6433,0.5114,0.6541,0.5518,0.4979,0.4844,0.4494,0.4764,0.4737,1.0769,0.5491,0.5302,0.4737,0.4683,0.3794,0.4063,0.5895,0.6568,0.7241,1.9508,3.2542,0.6729,0.6218,0.6649,0.6864,0.5518,0.5114,0.7887,0.6568
10/5/2020,34.8269,0.7408,0.6147,0.899,0.8534,0.9983,1.0976,1.3283,0.7864,1.0761,0.7488,0.9339,0.8454,0.6281,0.5235,0.6254,0.4886,0.7327,0.7542,0.5744,0.6495,0.6415,0.7434,0.8668,0.5557,0.4188,0.5342,0.9446,0.4698,0.9634,0.5503,0.4832,0.4725,0.494,0.5369,0.553,0.612,0.7273,0.671,0.8888,1.4163,0.8964,0.5986,0.6442,0.7327,0.5825,0.663,0.6308,0.6361
10/4/2020,38.2273,0.611,0.744,0.7924,1.2972,0.9314,0.8196,1.2307,1.0251,1.0614,0.6745,0.7228,0.9495,0.5143,0.738,0.5505,0.7017,0.8196,0.741,0.6201,0.6956,0.7047,0.6231,0.7047,0.9677,0.7803,0.7108,0.7138,0.5717,0.8135,0.7531,0.3934,0.5354,0.614,0.5626,0.5113,0.6594,0.5898,0.5113,1.6589,2.7491,0.7047,0.9314,0.8196,0.7289,0.5959,0.7531,0.8165,0.5082
10/3/2020,49.9733,1.0271,0.7375,1.1614,1.8456,1.7952,0.9851,1.6022,1.6064,0.918,1.0775,1.1866,1.1237,0.6913,0.939,0.8592,0.7795,0.7921,0.7585,1.0691,0.9306,0.9432,0.9222,0.8928,0.6032,0.7165,1.0565,0.6745,0.6326,1.2202,0.9977,0.6913,0.6452,0.6745,0.6913,0.6242,0.8886,0.96,1.1824,2.1312,3.5664,1.0313,0.9642,0.5738,0.9809,0.9558,1.1404,0.8298,0.897
10/2/2020,33.0753,0.4851,0.5679,0.5403,0.7735,0.9967,0.776,0.5804,0.9791,1.0719,0.9916,0.8387,0.6105,0.6481,0.6932,0.5754,0.5904,0.6782,0.5428,0.6983,0.5353,0.4952,0.5403,0.6531,0.7283,0.3949,0.5955,0.9189,0.4199,0.8337,0.5202,0.4901,0.3522,0.5453,0.4651,0.5729,0.4876,0.791,0.628,1.265,2.0674,0.5729,0.4952,0.7208,0.6381,0.7334,0.7409,0.5227,0.7133
10/1/2020,31.2203,0.7704,0.6706,0.7704,1.1187,1.2952,0.9051,0.9213,1.0792,0.4128,0.8656,0.7704,0.5173,0.5893,0.5568,0.5614,0.6798,0.6984,0.5707,0.5173,0.6938,0.5173,0.3965,0.8168,0.4128,0.4383,0.5335,0.6334,0.4639,0.7054,0.638,0.515,0.3617,0.4383,0.4987,0.4616,0.4639,0.4546,0.5103,0.8444,1.3396,0.7263,0.724,0.3919,0.6938,0.6891,0.4453,0.5614,0.58
9/30/2020,30.7055,0.782,0.5368,0.7161,0.9091,0.7729,0.8138,0.7684,1.1089,0.9228,0.7411,1.0227,0.564,0.614,0.5776,0.48,0.5209,0.6594,0.589,0.6435,0.648,0.6276,0.7207,0.7343,0.5572,0.4323,0.48,0.9046,0.455,0.8501,0.6185,0.4982,0.337,0.3415,0.455,0.4005,0.4709,0.4845,0.5072,0.644,0.9927,0.5913,0.816,0.4982,0.5163,0.7116,0.5504,0.4641,0.6548
9/29/2020,31.9414,0.7652,0.6838,0.5234,0.9136,0.7077,0.7508,1.1842,0.9927,0.6383,0.5019,1.0645,0.5737,0.5833,0.6431,0.5449,0.7197,0.667,0.7461,0.7054,0.5569,0.6407,0.6862,0.4659,0.6335,0.5162,0.6407,0.5761,0.4707,0.6623,0.4851,0.3343,0.4372,0.509,0.454,0.5066,0.5904,0.5449,0.5473,1.1364,1.8449,0.5186,0.5952,0.6,0.5713,0.5952,0.6407,0.6263,0.6455
9/28/2020,34.6208,0.8455,0.6591,0.7736,0.7736,1.1516,0.6512,1.0052,1.2288,0.542,1.0318,0.5846,0.6938,0.6618,0.4755,0.5154,0.6831,0.6379,0.6352,0.7843,0.763,0.7363,0.6911,0.6272,0.5633,0.6192,0.7204,0.4435,0.5101,0.755,0.6352,0.3716,0.4675,0.4568,0.3743,0.5979,0.5181,0.6991,0.7071,1.2001,1.9551,0.8668,0.8695,0.6485,0.7896,0.7896,0.6166,0.542,0.7523
9/27/2020,34.1054,0.6627,0.8532,0.5765,1.2265,1.3962,1.1926,0.8793,0.9289,0.7906,0.8167,1.1091,0.6157,0.6261,0.7149,0.7488,0.4956,0.4747,0.7071,0.6392,0.7775,0.7149,0.5217,0.7514,0.848,0.5687,0.4617,0.6157,0.4356,0.8141,0.5817,0.3729,0.3886,0.5504,0.3886,0.5687,0.5426,0.4617,0.5217,0.8311,1.3165,0.7723,0.882,0.7358,0.553,0.7514,0.7958,0.5269,0.6
9/26/2020,25.141,0.4032,0.4529,0.5849,0.71,0.8489,0.7392,0.7186,0.8472,0.3929,0.5678,0.3895,0.6449,0.4049,0.4238,0.5266,0.3758,0.4186,0.3929,0.4152,0.5061,0.4632,0.4426,0.5746,0.6106,0.4204,0.4889,0.7272,0.3672,0.4066,0.4941,0.3604,0.4084,0.3775,0.3655,0.3227,0.4084,0.3672,0.5472,0.9099,1.4529,0.3844,0.5729,0.4118,0.3689,0.5712,0.4906,0.5026,0.5592
9/25/2020,19.7833,0.3422,0.4624,0.4648,0.5461,0.757,0.5178,0.6074,0.4059,0.4648,0.4754,0.4919,0.314,0.3729,0.2951,0.321,0.4318,0.4318,0.3352,0.4294,0.3658,0.3941,0.3399,0.3741,0.4353,0.4094,0.4059,0.3505,0.2845,0.4224,0.3964,0.3128,0.2986,0.2916,0.2774,0.2668,0.3587,0.3057,0.4506,0.574,0.8716,0.3564,0.4259,0.3764,0.4188,0.314,0.4777,0.4271,0.334
9/24/2020,21.3285,0.4772,0.3799,0.5305,0.5332,0.5185,0.6158,0.5172,0.4546,0.4386,0.5665,0.6145,0.4146,0.4346,0.4506,0.4292,0.4386,0.4612,0.4519,0.4212,0.4652,0.4319,0.4572,0.4199,0.3199,0.4359,0.3213,0.5225,0.3413,0.4906,0.4452,0.2573,0.2933,0.276,0.304,0.2906,0.3919,0.4146,0.4799,0.6104,0.9345,0.3439,0.3986,0.3666,0.4359,0.4799,0.4626,0.4506,0.3386
9/23/2020,26.6872,0.5591,0.4152,0.6637,0.6563,0.688,0.5236,0.6357,0.6507,0.83,0.6507,0.8637,0.5236,0.4582,0.3834,0.561,0.4974,0.5385,0.5329,0.5853,0.4544,0.4862,0.404,0.4956,0.6133,0.3405,0.3984,0.5834,0.4021,0.7011,0.5591,0.4507,0.3872,0.3386,0.4059,0.3853,0.4675,0.4974,0.5236,1.0782,1.7442,0.4302,0.4414,0.4059,0.3461,0.5068,0.5778,0.4544,0.5909
9/22/2020,26.2749,0.534,0.4189,0.5797,0.6583,1.0311,0.5925,0.5011,0.5358,0.735,0.5559,0.7716,0.545,0.4061,0.4115,0.4792,0.5852,0.5139,0.5888,0.4572,0.481,0.4134,0.545,0.4755,0.6071,0.3659,0.4042,0.7259,0.3512,0.5596,0.4627,0.417,0.3348,0.311,0.4371,0.3988,0.4846,0.6016,0.5376,0.8928,1.4233,0.5888,0.545,0.4572,0.5559,0.4408,0.4572,0.5724,0.5267
9/21/2020,30.19,0.6926,0.5217,0.5439,0.9012,0.6526,0.8523,0.7924,0.6948,0.9167,0.6082,1.0365,0.6926,0.4152,0.6127,0.4307,0.5483,0.4485,0.5639,0.6371,0.6992,0.4219,0.3797,0.717,0.6127,0.4152,0.6304,0.6082,0.4485,0.6881,0.606,0.3664,0.3287,0.4063,0.3886,0.3553,0.5284,0.4685,0.4551,1.2889,2.1088,0.6171,0.444,0.4285,0.6105,0.5883,0.7414,0.6593,0.6171
9/20/2020,21.8438,0.5294,0.4034,0.3439,0.6304,0.7744,0.4795,0.5321,0.7246,0.4712,0.5308,0.5557,0.4089,0.438,0.4089,0.4892,0.3425,0.4366,0.4449,0.3951,0.4228,0.4726,0.3563,0.348,0.3439,0.4076,0.3909,0.4172,0.319,0.5031,0.3868,0.2691,0.2663,0.3522,0.3148,0.2774,0.3965,0.456,0.3494,0.9251,1.4793,0.33,0.4186,0.3245,0.3273,0.4048,0.5446,0.3397,0.3605
9/19/2020,21.0198,0.5182,0.4935,0.3776,0.5182,0.5989,0.5794,0.5351,0.6354,0.3633,0.5794,0.362,0.3177,0.319,0.3502,0.3581,0.3945,0.4114,0.3385,0.4713,0.4479,0.4596,0.4622,0.4375,0.3945,0.3906,0.4245,0.4557,0.3542,0.4375,0.4323,0.276,0.3008,0.3646,0.3437,0.2773,0.3568,0.4505,0.3437,0.7622,1.1973,0.4192,0.5039,0.3502,0.2982,0.4661,0.362,0.4101,0.319
9/18/2020,19.0618,0.3348,0.3591,0.3625,0.4532,0.4521,0.3857,0.4565,0.5284,0.5339,0.4576,0.3094,0.4753,0.3282,0.3735,0.3746,0.4122,0.41,0.399,0.3691,0.3337,0.2939,0.42,0.316,0.3945,0.2662,0.3757,0.3979,0.3027,0.535,0.3912,0.2397,0.3492,0.2994,0.285,0.3038,0.3171,0.3237,0.4233,0.6731,1.043,0.3802,0.4089,0.3138,0.3116,0.389,0.4133,0.4023,0.3835
9/17/2020,22.3594,0.418,0.5515,0.4366,0.6707,0.4926,0.6448,0.6276,0.7152,0.5601,0.5472,0.6233,0.3964,0.3462,0.3734,0.4266,0.4381,0.3864,0.4768,0.4955,0.5055,0.3304,0.3964,0.5529,0.4424,0.4395,0.3203,0.3749,0.3418,0.6204,0.4409,0.2643,0.2873,0.3016,0.3131,0.306,0.4022,0.3275,0.4194,0.6689,1.0358,0.507,0.4711,0.4955,0.4409,0.3849,0.4969,0.4022,0.4424
9/16/2020,22.1527,0.3464,0.4271,0.4087,0.6634,0.8672,0.6719,0.6733,0.6946,0.3492,0.5658,0.553,0.3634,0.3846,0.386,0.495,0.3959,0.4441,0.3478,0.4398,0.4568,0.3563,0.4087,0.4285,0.5021,0.386,0.4511,0.3719,0.3167,0.6068,0.386,0.2983,0.3719,0.3492,0.3209,0.3719,0.362,0.3492,0.3761,0.7752,1.2197,0.3549,0.5361,0.3634,0.4894,0.3464,0.3252,0.4611,0.3337
9/15/2020,24.3172,0.3951,0.5224,0.604,0.5909,0.5844,0.4914,0.5387,0.5485,0.4522,0.7051,0.7639,0.4114,0.3462,0.4441,0.4408,0.4914,0.5452,0.4832,0.4685,0.5224,0.4473,0.4228,0.4343,0.3918,0.4408,0.4343,0.7002,0.3772,0.586,0.5126,0.382,0.3233,0.2923,0.2874,0.3364,0.4016,0.4914,0.3543,1.1102,1.7996,0.5224,0.3543,0.3788,0.5224,0.4,0.431,0.4963,0.3364
9/14/2020,25.141,0.4341,0.4649,0.638,0.8112,0.5266,0.4906,0.5009,0.5609,0.4324,0.6226,0.4272,0.5043,0.4324,0.4889,0.4718,0.5626,0.4786,0.4889,0.4923,0.5249,0.3946,0.4889,0.4752,0.5575,0.4975,0.4478,0.5335,0.3621,0.4564,0.4169,0.2884,0.3141,0.4032,0.2918,0.3518,0.4101,0.4786,0.5746,1.2489,2.0396,0.4015,0.4238,0.4221,0.5249,0.4255,0.6363,0.5472,0.3741
9/13/2020,22.771,0.403,0.5566,0.4281,0.7206,0.8506,0.6009,0.499,0.6246,0.6763,0.4518,0.4222,0.502,0.4665,0.3395,0.4089,0.465,0.4591,0.3602,0.4872,0.4429,0.4266,0.4089,0.4385,0.4266,0.4015,0.3882,0.3336,0.3572,0.6142,0.4222,0.3882,0.3779,0.2775,0.3779,0.3498,0.3705,0.4724,0.4414,0.6687,1.0354,0.5655,0.4902,0.4577,0.4665,0.4739,0.4296,0.4148,0.3306
9/12/2020,24.008,0.458,0.4612,0.4756,0.7526,0.8678,0.49,0.6293,0.7862,0.362,0.386,0.7349,0.4868,0.4772,0.482,0.4916,0.3828,0.5124,0.3828,0.4596,0.4148,0.41,0.3187,0.5765,0.3668,0.3412,0.3812,0.3924,0.3267,0.4596,0.4532,0.4116,0.3556,0.3331,0.3572,0.378,0.426,0.346,0.5525,1.0349,1.6692,0.466,0.3748,0.3219,0.4868,0.4036,0.5973,0.4852,0.4884
9/11/2020,22.3592,0.507,0.484,0.3462,0.4984,0.5601,0.6994,0.428,0.6319,0.3562,0.5486,0.5199,0.4553,0.3964,0.3404,0.4079,0.4194,0.4998,0.5127,0.4151,0.4223,0.349,0.4768,0.4969,0.4036,0.316,0.4481,0.316,0.3318,0.3993,0.4237,0.3447,0.3146,0.3835,0.3548,0.395,0.3562,0.4668,0.3533,0.9476,1.5181,0.4553,0.405,0.4395,0.5113,0.484,0.3648,0.5012,0.3533
9/10/2020,22.4623,0.4559,0.3605,0.3373,0.7495,0.8912,0.6092,0.5152,0.4762,0.5051,0.5195,0.6063,0.3995,0.3547,0.4631,0.3634,0.4747,0.3619,0.4704,0.3764,0.4776,0.4776,0.4791,0.5326,0.4443,0.2997,0.4762,0.3446,0.333,0.641,0.4487,0.3662,0.3084,0.2708,0.2838,0.3576,0.3836,0.4877,0.359,0.7641,1.2006,0.5123,0.4053,0.4834,0.4111,0.4342,0.4154,0.3706,0.4038
9/9/2020,28.5413,0.5775,0.6186,0.4358,0.9288,1.1527,0.9883,0.9349,0.5549,0.75,0.8753,0.5323,0.4768,0.4358,0.3988,0.5611,0.5241,0.4132,0.4399,0.6617,0.6124,0.522,0.3782,0.6781,0.5652,0.4234,0.3967,0.4871,0.3967,0.596,0.5816,0.4501,0.4542,0.3495,0.4604,0.4193,0.5159,0.6432,0.6206,1.0386,1.6755,0.444,0.4686,0.4152,0.4317,0.598,0.709,0.407,0.5426
9/8/2020,23.0801,0.5015,0.5422,0.4366,0.7156,0.892,0.5135,0.7096,0.5678,0.7065,0.6266,0.4532,0.5919,0.4517,0.3446,0.4004,0.4532,0.411,0.3974,0.4215,0.5346,0.4441,0.3657,0.503,0.4155,0.4517,0.3853,0.5301,0.3597,0.3853,0.4607,0.4019,0.2903,0.3069,0.319,0.3657,0.3597,0.3627,0.4487,0.6963,1.0832,0.4487,0.4034,0.4879,0.3959,0.506,0.3657,0.4441,0.4215
9/7/2020,24.3172,0.5158,0.5452,0.573,0.6252,0.7802,0.5322,0.8732,0.6627,0.4016,0.6888,0.7965,0.48,0.4995,0.4147,0.4294,0.4,0.5501,0.542,0.4196,0.5615,0.4489,0.4636,0.5827,0.4294,0.3462,0.3478,0.3853,0.4,0.4082,0.4571,0.276,0.4392,0.3103,0.3364,0.3233,0.3886,0.4522,0.3886,0.9459,1.5152,0.3657,0.4571,0.3853,0.3772,0.431,0.5795,0.4033,0.382
9/6/2020,18.2375,0.3724,0.3489,0.3837,0.5086,0.4564,0.4758,0.3305,0.3868,0.3765,0.3325,0.3868,0.2844,0.3663,0.3479,0.3161,0.3704,0.3694,0.3192,0.3294,0.3407,0.3305,0.3591,0.2957,0.3192,0.3213,0.3448,0.4236,0.311,0.4093,0.3284,0.3079,0.3366,0.266,0.2936,0.3018,0.3294,0.3898,0.3213,0.7339,1.1484,0.3366,0.4369,0.4165,0.3356,0.3151,0.4298,0.4134,0.2793
9/5/2020,29.8811,0.5518,0.4993,0.4074,1.0616,0.694,1.0638,0.624,0.8297,0.5561,0.5452,0.9019,0.6284,0.4818,0.5277,0.6612,0.6612,0.648,0.5561,0.4774,0.5671,0.4555,0.4993,0.4292,0.4949,0.5715,0.4095,0.4905,0.4664,0.6787,0.4949,0.3461,0.3745,0.3548,0.438,0.3702,0.5211,0.7115,0.4052,1.4969,2.4687,0.5583,0.3899,0.5933,0.3767,0.6918,0.7027,0.5386,0.6087
9/4/2020,15.4556,0.2621,0.365,0.3009,0.4299,0.4366,0.4224,0.4179,0.4567,0.3046,0.3128,0.3217,0.3135,0.3165,0.2673,0.2815,0.3322,0.3381,0.2852,0.271,0.3322,0.2584,0.2904,0.3337,0.2427,0.2792,0.2599,0.3016,0.2636,0.3121,0.2912,0.2367,0.2614,0.2561,0.2554,0.2487,0.2643,0.3381,0.2546,0.55,0.8301,0.3106,0.3076,0.2949,0.2412,0.2725,0.3076,0.3046,0.3203
9/3/2020,19.4739,0.4225,0.4271,0.3089,0.6325,0.6589,0.4065,0.3858,0.4707,0.3617,0.3491,0.3996,0.4489,0.3778,0.3617,0.3732,0.348,0.3698,0.3388,0.3262,0.426,0.3984,0.2871,0.442,0.3743,0.3124,0.3652,0.3319,0.2986,0.3652,0.3893,0.3089,0.2871,0.3158,0.3285,0.2596,0.3457,0.3548,0.3135,0.7566,1.1877,0.4076,0.3239,0.4398,0.4386,0.4248,0.4111,0.4386,0.3732
9/2/2020,18.9593,0.3486,0.4626,0.4308,0.433,0.7026,0.5689,0.365,0.5952,0.4341,0.4845,0.4593,0.3617,0.3552,0.3332,0.4176,0.3913,0.4067,0.3157,0.4231,0.422,0.3015,0.4001,0.3321,0.3091,0.2752,0.3464,0.3179,0.2774,0.5195,0.3672,0.3453,0.2982,0.33,0.3069,0.3376,0.3179,0.3552,0.3234,0.5508,0.8314,0.3332,0.4757,0.273,0.2949,0.3135,0.4165,0.3815,0.3168
9/1/2020,23.0805,0.5482,0.5316,0.5195,0.5573,0.604,0.7141,0.7503,0.7412,0.5753,0.5105,0.6085,0.4019,0.3642,0.4818,0.4758,0.3522,0.4803,0.3748,0.3853,0.4939,0.4683,0.3733,0.4502,0.5075,0.4034,0.3461,0.5904,0.3718,0.3793,0.3899,0.3793,0.2858,0.3431,0.2768,0.3009,0.3582,0.4743,0.417,0.756,1.1865,0.4095,0.4426,0.4803,0.5316,0.4306,0.4261,0.4155,0.4155
8/31/2020,23.1833,0.405,0.5751,0.4703,0.6935,0.6844,0.6298,0.6449,0.4445,0.6859,0.604,0.4764,0.4354,0.4521,0.3322,0.4111,0.443,0.4233,0.5326,0.3883,0.3823,0.4369,0.4369,0.5736,0.4202,0.4005,0.4476,0.5326,0.3413,0.6404,0.443,0.3064,0.358,0.2851,0.3291,0.3124,0.4096,0.5447,0.3899,0.7633,1.1992,0.5599,0.3868,0.3929,0.358,0.5326,0.3868,0.4582,0.4233
8/30/2020,14.7343,0.302,0.3451,0.3546,0.3216,0.3923,0.3249,0.4313,0.3451,0.2569,0.2798,0.2562,0.3263,0.2845,0.3,0.2475,0.3108,0.3007,0.271,0.2818,0.3007,0.269,0.2636,0.2791,0.2845,0.2812,0.263,0.3855,0.2354,0.3007,0.3088,0.2219,0.2744,0.2205,0.2226,0.2428,0.2589,0.2946,0.2522,0.4935,0.7322,0.263,0.3303,0.2562,0.3141,0.2832,0.3357,0.3222,0.3121
8/29/2020,15.4556,0.315,0.3039,0.3299,0.3642,0.4895,0.3262,0.3158,0.4217,0.3516,0.4134,0.3441,0.3046,0.3046,0.318,0.3217,0.3292,0.3143,0.2643,0.2703,0.3314,0.3322,0.3277,0.359,0.3441,0.2435,0.324,0.3165,0.2599,0.3941,0.3188,0.2487,0.2308,0.2614,0.2382,0.2591,0.28,0.3322,0.3225,0.4334,0.6283,0.3277,0.2464,0.2412,0.2539,0.2867,0.3188,0.3009,0.2919
8/28/2020,15.7648,0.2707,0.3274,0.3678,0.339,0.5495,0.3724,0.3647,0.4912,0.2614,0.3825,0.4369,0.3755,0.256,0.2653,0.3344,0.2707,0.3476,0.329,0.2894,0.3367,0.273,0.3398,0.2614,0.3515,0.2404,0.2645,0.301,0.2505,0.3849,0.2894,0.2164,0.2754,0.2699,0.2257,0.249,0.273,0.2917,0.2544,0.569,0.863,0.2637,0.2591,0.2808,0.3212,0.315,0.2862,0.3437,0.2831
8/27/2020,16.074,0.3411,0.2967,0.3508,0.3516,0.5736,0.4969,0.3524,0.5009,0.266,0.2708,0.4832,0.3233,0.3039,0.2644,0.2619,0.3152,0.329,0.2757,0.2845,0.2918,0.2934,0.2603,0.2894,0.2458,0.2757,0.3241,0.2611,0.2781,0.3403,0.3031,0.2627,0.2393,0.2264,0.2724,0.2426,0.2732,0.3168,0.3225,0.6457,0.9956,0.3338,0.3015,0.2668,0.3338,0.3419,0.2918,0.2886,0.3136
8/26/2020,20.1949,0.4679,0.3581,0.3789,0.5398,0.6496,0.4191,0.4947,0.3898,0.5484,0.3264,0.3837,0.363,0.3142,0.3398,0.3459,0.4179,0.4569,0.4276,0.4435,0.4459,0.3862,0.3776,0.3947,0.3033,0.3459,0.424,0.3813,0.3301,0.5691,0.3764,0.2752,0.3081,0.2959,0.3472,0.2654,0.3423,0.3423,0.3959,0.808,1.2766,0.3862,0.4813,0.3679,0.4094,0.3362,0.4301,0.3703,0.3569
8/25/2020,23.4927,0.4486,0.5183,0.4114,0.5772,0.5617,0.6841,0.585,0.6485,0.6764,0.3743,0.506,0.4843,0.3867,0.4641,0.3975,0.5369,0.4734,0.5478,0.4533,0.4517,0.4409,0.3774,0.5989,0.5478,0.3076,0.3402,0.5679,0.3743,0.6795,0.4936,0.2813,0.3262,0.4053,0.3231,0.3913,0.3789,0.413,0.5013,0.7494,1.1751,0.5183,0.396,0.4688,0.4223,0.4626,0.3774,0.5245,0.4626
8/24/2020,17.9283,0.4149,0.3851,0.4357,0.5757,0.5698,0.5559,0.5847,0.541,0.2987,0.3116,0.4278,0.3265,0.3047,0.3424,0.3911,0.2858,0.3086,0.3781,0.3662,0.3414,0.3692,0.3444,0.3851,0.4089,0.3603,0.3762,0.2957,0.3096,0.4139,0.3563,0.3116,0.3017,0.254,0.2729,0.3116,0.3156,0.3772,0.3781,0.3216,0.4347,0.3513,0.4506,0.3662,0.3503,0.2947,0.3891,0.4,0.2818
8/23/2020,19.9889,0.4808,0.4556,0.4688,0.5503,0.4532,0.4256,0.5587,0.5503,0.3141,0.3561,0.5012,0.3093,0.4112,0.3693,0.4352,0.44,0.4136,0.4292,0.4556,0.4472,0.3945,0.4268,0.4748,0.3729,0.2758,0.3261,0.3453,0.3093,0.3573,0.3597,0.3441,0.2985,0.3021,0.2734,0.3165,0.3753,0.3657,0.4017,0.6101,0.9341,0.4568,0.4736,0.446,0.3213,0.428,0.4077,0.3777,0.3885
8/22/2020,15.7651,0.3484,0.3072,0.2552,0.4734,0.5238,0.4687,0.4842,0.4105,0.2925,0.433,0.3981,0.3748,0.2762,0.256,0.3049,0.2948,0.3282,0.3158,0.3297,0.2746,0.3057,0.3103,0.3033,0.2901,0.2994,0.315,0.3538,0.2583,0.3468,0.2777,0.2358,0.2917,0.2373,0.2459,0.2521,0.2715,0.2513,0.3095,0.3905,0.554,0.3654,0.2451,0.3305,0.3383,0.3204,0.3437,0.2987,0.273
8/21/2020,12.8798,0.2662,0.2784,0.2457,0.3526,0.4092,0.3321,0.2491,0.2745,0.2272,0.3262,0.236,0.2726,0.2311,0.2291,0.2272,0.253,0.2769,0.2862,0.2574,0.2618,0.2291,0.2804,0.2643,0.2399,0.2335,0.2672,0.3067,0.2164,0.3243,0.2462,0.2228,0.2457,0.2404,0.2106,0.212,0.2477,0.2838,0.2335,0.3716,0.5214,0.2755,0.2199,0.2613,0.2355,0.2389,0.2833,0.2394,0.236
8/20/2020,10.2005,0.2153,0.2074,0.2254,0.2369,0.2243,0.2124,0.2043,0.2562,0.1948,0.2232,0.2256,0.1913,0.2036,0.192,0.2129,0.2149,0.2067,0.2017,0.2195,0.208,0.2061,0.2201,0.2091,0.188,0.1924,0.2041,0.1942,0.194,0.2206,0.2102,0.1907,0.1948,0.1836,0.1929,0.1902,0.2058,0.221,0.2047,0.2856,0.3725,0.1955,0.2287,0.1918,0.194,0.2173,0.221,0.1964,0.1988
8/19/2020,10.6131,0.1985,0.2168,0.2127,0.2707,0.2981,0.267,0.2694,0.2362,0.2179,0.2529,0.2503,0.203,0.1972,0.2032,0.203,0.2012,0.2098,0.2108,0.226,0.2137,0.2226,0.2163,0.2032,0.2296,0.2085,0.1957,0.2168,0.1999,0.2547,0.2048,0.1889,0.2014,0.1931,0.2059,0.1944,0.2093,0.2025,0.2205,0.2623,0.3321,0.198,0.2121,0.2134,0.2202,0.2053,0.2336,0.2103,0.1993
8/18/2020,11.3338,0.2233,0.2397,0.2457,0.2654,0.2934,0.3044,0.251,0.285,0.2183,0.231,0.2857,0.258,0.235,0.2157,0.244,0.2153,0.207,0.2067,0.244,0.241,0.2043,0.2407,0.227,0.2447,0.208,0.206,0.2233,0.2,0.278,0.2197,0.1883,0.2147,0.1913,0.2037,0.2073,0.2187,0.2227,0.215,0.2862,0.3735,0.2514,0.202,0.242,0.2323,0.228,0.2514,0.2333,0.2107
8/17/2020,14.7344,0.2576,0.2751,0.2697,0.3882,0.43,0.3714,0.2919,0.2906,0.4051,0.3404,0.4017,0.2556,0.2818,0.2623,0.302,0.263,0.2798,0.2717,0.3128,0.269,0.2886,0.2764,0.3,0.3418,0.2663,0.2751,0.3633,0.2347,0.3222,0.2758,0.2118,0.2778,0.2192,0.2461,0.2434,0.2542,0.2859,0.3182,0.5068,0.7552,0.2482,0.2919,0.2428,0.3067,0.3054,0.2993,0.2913,0.2663
8/16/2020,23.5954,0.4911,0.4536,0.5347,0.633,0.9262,0.7998,0.4209,0.5004,0.5753,0.4068,0.4708,0.3679,0.4458,0.4661,0.4645,0.5238,0.4037,0.5378,0.4723,0.4957,0.5035,0.3881,0.5238,0.4599,0.3569,0.4723,0.5176,0.3538,0.5051,0.4755,0.2836,0.424,0.3694,0.332,0.3226,0.4178,0.516,0.4178,0.6207,0.9525,0.5035,0.438,0.5222,0.4677,0.5238,0.5971,0.5176,0.4224
8/15/2020,19.9891,0.3165,0.4412,0.3381,0.6031,0.428,0.4268,0.5839,0.6319,0.3753,0.422,0.5311,0.428,0.3189,0.3969,0.4172,0.3849,0.4005,0.3681,0.4184,0.3765,0.3525,0.2902,0.3609,0.4148,0.3513,0.3249,0.3585,0.2938,0.4664,0.3345,0.259,0.2914,0.2542,0.3057,0.3285,0.3777,0.4688,0.2985,0.9065,1.447,0.4232,0.295,0.2866,0.3189,0.3549,0.3705,0.4196,0.428
8/14/2020,27.4078,0.6926,0.6208,0.4539,0.7955,1.0129,0.9294,0.8576,0.943,0.4811,0.45,0.8362,0.5801,0.4267,0.4151,0.483,0.5412,0.3976,0.5451,0.5762,0.4772,0.4384,0.4461,0.4733,0.6247,0.417,0.3918,0.4015,0.3627,0.6402,0.5704,0.2889,0.483,0.4364,0.3666,0.3685,0.4733,0.6072,0.3705,1.0153,1.6353,0.5704,0.712,0.4461,0.6092,0.4267,0.3821,0.518,0.417
8/13/2020,26.1716,0.5246,0.4629,0.4901,0.8608,0.8808,0.69,0.8572,0.5301,0.3829,0.6355,0.6955,0.4283,0.3993,0.4411,0.4047,0.5664,0.6046,0.6228,0.4392,0.5646,0.4483,0.601,0.5773,0.601,0.3702,0.3702,0.3611,0.4265,0.6518,0.541,0.3393,0.3993,0.3375,0.392,0.4465,0.4665,0.4774,0.452,0.9792,1.5729,0.3938,0.4683,0.5265,0.5955,0.5428,0.561,0.4138,0.3775
8/12/2020,21.8442,0.3868,0.4076,0.3286,0.5792,0.7938,0.6955,0.6069,0.5668,0.6028,0.5266,0.6221,0.4615,0.3273,0.3369,0.4408,0.4006,0.3328,0.4297,0.4089,0.4989,0.3425,0.4768,0.528,0.5391,0.3508,0.3536,0.3854,0.3397,0.5003,0.3951,0.3079,0.3439,0.2899,0.2885,0.3286,0.3854,0.4685,0.4186,0.6737,1.0441,0.4851,0.4934,0.3466,0.3522,0.3771,0.3923,0.4851,0.3979
8/11/2020,19.5771,0.4677,0.4422,0.4144,0.6101,0.4561,0.4793,0.3542,0.6379,0.4549,0.3461,0.3808,0.294,0.3832,0.345,0.3519,0.3461,0.3577,0.3658,0.4063,0.4353,0.323,0.2986,0.4017,0.3195,0.3542,0.3913,0.419,0.3183,0.5024,0.3936,0.3369,0.2917,0.3218,0.3287,0.3345,0.3357,0.3704,0.3392,0.792,1.2489,0.3982,0.3102,0.2824,0.3392,0.4561,0.3716,0.3808,0.2882
8/10/2020,23.2867,0.3669,0.506,0.4189,0.6023,0.6375,0.7338,0.4617,0.5656,0.5763,0.6161,0.6727,0.584,0.3944,0.451,0.422,0.3532,0.3776,0.373,0.3868,0.4602,0.4434,0.5106,0.4067,0.5412,0.4479,0.4709,0.3302,0.3455,0.5228,0.3837,0.3837,0.4158,0.3272,0.3746,0.3302,0.4067,0.4678,0.4617,0.8021,1.2663,0.503,0.4006,0.4174,0.3761,0.4036,0.5611,0.5183,0.5076
8/9/2020,22.2563,0.4133,0.4988,0.5045,0.6585,0.5473,0.6899,0.4147,0.6571,0.5559,0.6414,0.352,0.3278,0.4062,0.4632,0.3534,0.4005,0.4204,0.5202,0.3905,0.4732,0.4532,0.3021,0.5216,0.4318,0.3734,0.4176,0.5573,0.3335,0.4304,0.3848,0.3948,0.2836,0.332,0.3876,0.3648,0.3577,0.5003,0.3976,0.7295,1.1407,0.3919,0.4646,0.4333,0.4147,0.4276,0.5502,0.4361,0.3548
8/8/2020,24.7286,0.4828,0.4795,0.5765,0.8107,0.6384,0.8158,0.5615,0.7304,0.3473,0.6434,0.3908,0.5548,0.3858,0.4527,0.4059,0.4226,0.4427,0.523,0.4661,0.5481,0.3724,0.3892,0.4143,0.4812,0.4661,0.4527,0.5012,0.3641,0.6886,0.3925,0.3741,0.3005,0.3708,0.3624,0.3172,0.4527,0.354,0.4845,1.0691,1.7284,0.5096,0.6501,0.3825,0.4059,0.4544,0.446,0.5146,0.3507
8/7/2020,21.844,0.4546,0.4062,0.5308,0.6346,0.8298,0.5072,0.546,0.7315,0.3757,0.5848,0.6014,0.4615,0.3453,0.4394,0.4519,0.3896,0.3577,0.3729,0.3646,0.5031,0.3771,0.3743,0.5529,0.3826,0.4311,0.4408,0.3273,0.312,0.5335,0.3522,0.2843,0.3217,0.3231,0.301,0.2857,0.4145,0.4602,0.348,0.7061,1.1002,0.3577,0.4823,0.3134,0.4352,0.4505,0.4463,0.4574,0.384
8/6/2020,11.3341,0.2527,0.244,0.215,0.2604,0.2534,0.295,0.2367,0.2617,0.28,0.2597,0.262,0.2574,0.23,0.2163,0.2137,0.24,0.2404,0.2143,0.2177,0.2474,0.2047,0.203,0.2193,0.2173,0.1973,0.2333,0.212,0.208,0.279,0.2247,0.198,0.2077,0.2147,0.199,0.1937,0.2147,0.2097,0.2087,0.3408,0.468,0.2313,0.257,0.204,0.214,0.2247,0.209,0.239,0.2037
8/5/2020,10.8186,0.2177,0.2329,0.2087,0.229,0.2966,0.2659,0.256,0.2183,0.2498,0.2126,0.265,0.2329,0.1996,0.2033,0.2064,0.2174,0.2304,0.2357,0.2225,0.2284,0.205,0.2312,0.1999,0.24,0.2016,0.2064,0.2129,0.1963,0.2597,0.2177,0.1937,0.2075,0.2019,0.1892,0.1991,0.2047,0.2225,0.2225,0.2897,0.3796,0.2005,0.1957,0.2216,0.1968,0.2056,0.2309,0.2264,0.2309
8/4/2020,10.6132,0.2336,0.2056,0.2268,0.2239,0.29,0.2346,0.25,0.2704,0.2479,0.2103,0.2069,0.2059,0.2006,0.204,0.1991,0.2035,0.2155,0.2307,0.2145,0.2064,0.2012,0.2017,0.2158,0.221,0.198,0.2239,0.2385,0.2043,0.215,0.22,0.1923,0.1928,0.1878,0.1993,0.198,0.2103,0.2093,0.2242,0.2893,0.379,0.2004,0.2155,0.2208,0.197,0.2273,0.2333,0.2012,0.2158
8/3/2020,10.304,0.2109,0.2074,0.2054,0.2478,0.2482,0.257,0.2395,0.2164,0.2496,0.2323,0.2526,0.2157,0.2024,0.2091,0.2001,0.2093,0.2026,0.2243,0.1994,0.2167,0.2144,0.2215,0.2104,0.2185,0.1911,0.2019,0.2337,0.1902,0.2079,0.2058,0.1911,0.2001,0.1952,0.1945,0.1865,0.2063,0.2199,0.1991,0.2226,0.2635,0.2277,0.2277,0.1906,0.2038,0.1994,0.2139,0.2084,0.2116
8/2/2020,10.8191,0.2247,0.2397,0.209,0.24,0.2402,0.2501,0.2177,0.2408,0.2154,0.2115,0.2769,0.1999,0.2036,0.2087,0.2129,0.2067,0.2205,0.2053,0.227,0.2143,0.2146,0.2259,0.2191,0.1963,0.2166,0.2166,0.214,0.198,0.2177,0.2214,0.203,0.2005,0.2025,0.1999,0.2067,0.214,0.2047,0.2123,0.3449,0.475,0.2042,0.2402,0.2053,0.2163,0.2233,0.2278,0.2098,0.2236
8/1/2020,19.9891,0.4952,0.4784,0.4772,0.458,0.5887,0.5024,0.3693,0.6642,0.4292,0.3621,0.3777,0.4988,0.3501,0.3249,0.446,0.4172,0.4124,0.3981,0.3921,0.4616,0.4268,0.2962,0.4568,0.3321,0.3153,0.4148,0.3549,0.295,0.4664,0.3777,0.3561,0.3201,0.283,0.3429,0.2722,0.3309,0.3333,0.4268,0.6536,1.0093,0.4736,0.3597,0.4328,0.3369,0.3813,0.2997,0.3189,0.4184
7/31/2020,20.1958,0.4411,0.435,0.3728,0.5581,0.6935,0.4947,0.5825,0.3911,0.5911,0.5874,0.3667,0.4411,0.4155,0.3996,0.3459,0.3862,0.4435,0.4386,0.3752,0.4569,0.4069,0.3362,0.4972,0.4179,0.2886,0.3472,0.5216,0.3289,0.3606,0.3325,0.2911,0.3167,0.3094,0.2813,0.3386,0.3642,0.4472,0.3789,0.5659,0.8577,0.3837,0.524,0.3337,0.3155,0.3411,0.3276,0.4179,0.3472
7/30/2020,18.1346,0.3562,0.3531,0.3613,0.4525,0.5335,0.5244,0.5427,0.5741,0.2903,0.3491,0.4261,0.4231,0.2994,0.3086,0.3825,0.3896,0.346,0.4008,0.4008,0.345,0.2842,0.27,0.3481,0.4292,0.2964,0.345,0.4352,0.2974,0.4839,0.3086,0.266,0.2488,0.2974,0.3025,0.3025,0.3156,0.2933,0.3795,0.5349,0.8038,0.344,0.3004,0.419,0.3511,0.3025,0.4038,0.3471,0.3653
7/29/2020,18.0315,0.3573,0.3492,0.4425,0.5398,0.5599,0.583,0.5087,0.4506,0.5278,0.3021,0.4054,0.4355,0.286,0.3081,0.3382,0.4024,0.2901,0.2901,0.3232,0.3593,0.3502,0.4034,0.3874,0.3633,0.3502,0.3181,0.277,0.3071,0.4435,0.3803,0.257,0.2951,0.2891,0.2439,0.268,0.2951,0.3643,0.3262,0.4793,0.7077,0.3332,0.4024,0.3793,0.3362,0.3723,0.4124,0.3583,0.272
7/28/2020,19.8863,0.4127,0.3699,0.4329,0.5114,0.7372,0.4282,0.465,0.4555,0.301,0.5518,0.5292,0.3283,0.3866,0.3735,0.3485,0.4555,0.427,0.3188,0.3996,0.3866,0.3854,0.421,0.3117,0.4341,0.3152,0.3592,0.3509,0.2903,0.3343,0.3568,0.2641,0.2855,0.2629,0.2808,0.2962,0.3402,0.3034,0.3473,0.9176,1.4662,0.3771,0.4876,0.3105,0.3664,0.3283,0.3735,0.3057,0.3949
7/27/2020,23.2867,0.5672,0.425,0.3746,0.7017,0.8744,0.6803,0.7537,0.8011,0.4296,0.4311,0.5809,0.477,0.3791,0.4892,0.3684,0.532,0.4586,0.4678,0.4021,0.4265,0.477,0.396,0.5534,0.4327,0.3363,0.3532,0.3807,0.3501,0.4648,0.4495,0.2874,0.4189,0.3975,0.3593,0.3241,0.4342,0.4342,0.5045,0.7159,1.1171,0.5305,0.3318,0.4571,0.4113,0.4311,0.3486,0.4907,0.4785
7/26/2020,17.4132,0.3003,0.3785,0.3389,0.4378,0.4397,0.4698,0.386,0.4406,0.4782,0.4387,0.354,0.3286,0.289,0.3267,0.3474,0.3785,0.3756,0.3342,0.3258,0.322,0.2937,0.3323,0.2768,0.3427,0.29,0.3323,0.4406,0.2796,0.3229,0.2947,0.2533,0.2655,0.2627,0.2523,0.2815,0.2872,0.3258,0.305,0.7141,1.1141,0.3804,0.3116,0.2655,0.3323,0.3013,0.4095,0.2777,0.3775
7/25/2020,20.5048,0.3405,0.4493,0.408,0.6819,0.7131,0.5656,0.4018,0.6368,0.4268,0.5756,0.5105,0.3192,0.4193,0.3217,0.4218,0.4268,0.3592,0.4818,0.3417,0.403,0.3705,0.288,0.4893,0.3067,0.4093,0.3805,0.428,0.3442,0.478,0.3392,0.313,0.3192,0.353,0.288,0.283,0.3567,0.4793,0.4343,0.7212,1.1264,0.4093,0.3255,0.413,0.2967,0.3867,0.3492,0.3142,0.298
7/24/2020,19.3707,0.3406,0.4487,0.3907,0.5328,0.5851,0.5362,0.5851,0.468,0.5521,0.5237,0.4748,0.3986,0.385,0.3566,0.2986,0.41,0.3827,0.3554,0.3361,0.4191,0.335,0.3213,0.3008,0.3895,0.3884,0.4077,0.2895,0.2815,0.3895,0.41,0.2554,0.2952,0.2792,0.2974,0.2997,0.3497,0.302,0.3077,0.698,1.0862,0.4066,0.2906,0.3179,0.4453,0.3327,0.3418,0.4111,0.3611
7/23/2020,18.1349,0.4292,0.3491,0.3927,0.4028,0.6562,0.4241,0.3613,0.5639,0.4606,0.3167,0.3065,0.4383,0.3592,0.3258,0.3156,0.3227,0.3714,0.4008,0.3542,0.3156,0.344,0.3136,0.3977,0.3988,0.342,0.3552,0.4626,0.2711,0.3319,0.3542,0.3268,0.2974,0.3035,0.2913,0.3308,0.3146,0.3633,0.3329,0.4877,0.7223,0.4423,0.3501,0.3471,0.3714,0.3592,0.3998,0.3501,0.3065
7/22/2020,19.8861,0.4329,0.3854,0.4935,0.6183,0.6885,0.4757,0.528,0.5126,0.5268,0.4828,0.4626,0.2962,0.4103,0.3461,0.3878,0.4056,0.4115,0.4103,0.4341,0.339,0.4127,0.3521,0.3461,0.4056,0.3212,0.4163,0.2927,0.3295,0.3343,0.3759,0.2606,0.3188,0.2736,0.2748,0.2796,0.3473,0.446,0.3699,0.6098,0.9336,0.4341,0.4317,0.3652,0.3652,0.3414,0.3533,0.4472,0.3996
7/21/2020,17.4132,0.3465,0.3653,0.2834,0.5093,0.4124,0.434,0.4848,0.3964,0.4293,0.3248,0.2947,0.2937,0.2843,0.3427,0.354,0.3587,0.3333,0.2919,0.3399,0.3643,0.3116,0.29,0.3869,0.2599,0.3333,0.305,0.4585,0.29,0.3728,0.3418,0.305,0.2796,0.2476,0.2796,0.2853,0.2862,0.2937,0.3229,0.6917,1.0753,0.2862,0.2909,0.3756,0.3964,0.4029,0.4076,0.2759,0.3173
7/20/2020,23.1835,0.4111,0.4552,0.4931,0.7057,0.7664,0.5311,0.7725,0.6541,0.3519,0.6085,0.736,0.4855,0.3686,0.3367,0.3625,0.4749,0.3868,0.5068,0.4597,0.522,0.3519,0.5265,0.3777,0.4066,0.3686,0.3625,0.3641,0.3504,0.4324,0.405,0.3595,0.3398,0.402,0.3246,0.3625,0.3671,0.5068,0.487,0.8122,1.2839,0.3944,0.5174,0.4946,0.3079,0.4445,0.5296,0.5053,0.4096
7/19/2020,20.195,0.4179,0.4935,0.3569,0.5679,0.6167,0.6203,0.6313,0.6484,0.3813,0.5728,0.3959,0.3923,0.3033,0.3313,0.4325,0.4191,0.3459,0.352,0.4069,0.4179,0.4325,0.4459,0.4447,0.4545,0.3459,0.3569,0.4801,0.3325,0.5057,0.3911,0.3008,0.3545,0.3057,0.3435,0.3496,0.3386,0.3276,0.3862,0.4114,0.5902,0.4301,0.3374,0.402,0.4264,0.4057,0.3837,0.4276,0.3801
7/18/2020,16.2802,0.3273,0.2768,0.3331,0.4209,0.5111,0.507,0.4084,0.3472,0.4556,0.4366,0.3091,0.396,0.3174,0.2934,0.3596,0.2702,0.2975,0.3596,0.3679,0.2917,0.3372,0.3124,0.3124,0.3571,0.2553,0.252,0.2801,0.2751,0.4341,0.3389,0.242,0.271,0.2586,0.2842,0.2569,0.3124,0.3025,0.3016,0.4011,0.5723,0.3132,0.396,0.2677,0.3356,0.3596,0.348,0.2652,0.3513
7/17/2020,20.0921,0.4605,0.4895,0.3722,0.4448,0.4859,0.4412,0.5802,0.6685,0.5403,0.4883,0.3275,0.3202,0.3734,0.4049,0.3094,0.3843,0.3178,0.4702,0.4,0.3892,0.3626,0.3444,0.4242,0.3323,0.3867,0.3674,0.504,0.319,0.3481,0.4097,0.2743,0.3227,0.2707,0.3166,0.3045,0.365,0.3529,0.3323,0.6954,1.0817,0.3747,0.4254,0.4049,0.3432,0.4472,0.4533,0.4182,0.4424
7/16/2020,21.0199,0.4023,0.4778,0.3659,0.5273,0.6302,0.6393,0.7265,0.487,0.5273,0.3555,0.4453,0.5117,0.4179,0.4179,0.4153,0.3932,0.3867,0.4297,0.3646,0.3815,0.3854,0.4401,0.375,0.3125,0.3945,0.4492,0.3268,0.2982,0.3971,0.388,0.3138,0.3646,0.2721,0.3047,0.3776,0.332,0.375,0.444,0.7102,1.1073,0.4401,0.4258,0.4401,0.4127,0.3333,0.4961,0.4453,0.3555
7/15/2020,16.7955,0.3593,0.3232,0.3892,0.4191,0.595,0.5211,0.5317,0.3267,0.3426,0.3945,0.4569,0.4138,0.274,0.3355,0.2968,0.296,0.3566,0.2968,0.3804,0.3619,0.3654,0.3294,0.361,0.2652,0.2731,0.3558,0.347,0.2731,0.4464,0.3426,0.2265,0.2863,0.2318,0.2564,0.3056,0.3091,0.3593,0.3549,0.3535,0.49,0.3505,0.354,0.3135,0.2555,0.3505,0.347,0.3558,0.2652
7/14/2020,26.2743,0.5705,0.4225,0.3805,0.9232,0.8008,0.5212,0.8337,0.7094,0.6656,0.7167,0.7387,0.4207,0.4097,0.4609,0.4536,0.6107,0.545,0.5724,0.4371,0.4993,0.5577,0.417,0.4298,0.6089,0.5395,0.4846,0.4609,0.3951,0.6765,0.5157,0.3037,0.3494,0.364,0.3183,0.3311,0.4828,0.4481,0.4536,0.9812,1.5762,0.3713,0.364,0.4938,0.6126,0.5175,0.5303,0.6016,0.3969
7/13/2020,20.9167,0.5219,0.3656,0.3953,0.4495,0.819,0.5606,0.4482,0.549,0.4612,0.5916,0.4986,0.4728,0.3992,0.3152,0.4405,0.4444,0.3397,0.4896,0.4586,0.425,0.3669,0.4108,0.3178,0.3837,0.2997,0.3346,0.4172,0.323,0.5606,0.3475,0.2752,0.3733,0.3501,0.2739,0.2713,0.3862,0.4728,0.4444,0.6042,0.9239,0.3772,0.487,0.4043,0.4547,0.3488,0.4728,0.4754,0.3139
7/12/2020,23.4928,0.4626,0.4672,0.5245,0.5617,0.7848,0.475,0.7678,0.5664,0.6407,0.633,0.6454,0.4781,0.3867,0.4084,0.3696,0.5245,0.3572,0.4998,0.4022,0.5447,0.5075,0.4192,0.4037,0.5834,0.4874,0.4967,0.5245,0.3231,0.6407,0.4564,0.272,0.3402,0.3867,0.3495,0.3309,0.4053,0.4533,0.4734,0.5706,0.8658,0.4176,0.4858,0.5292,0.3417,0.5029,0.4533,0.4781,0.4936
7/11/2020,24.8323,0.4124,0.5252,0.6228,0.707,0.712,0.6127,0.6346,0.7188,0.3771,0.6918,0.3922,0.4579,0.4764,0.4848,0.4225,0.5589,0.537,0.4141,0.574,0.5235,0.5471,0.5521,0.6195,0.5235,0.4292,0.3518,0.6952,0.3485,0.6144,0.409,0.4225,0.4478,0.2879,0.3148,0.4242,0.4259,0.5067,0.4141,0.5704,0.8654,0.5639,0.6346,0.3552,0.5218,0.5605,0.5269,0.569,0.4747
7/10/2020,18.9591,0.3091,0.4637,0.4297,0.5612,0.4987,0.4308,0.5908,0.4626,0.4341,0.456,0.3102,0.4275,0.3015,0.3738,0.3563,0.3519,0.3837,0.4286,0.4154,0.3716,0.3738,0.3617,0.3913,0.342,0.3815,0.4034,0.4111,0.3047,0.5108,0.3398,0.285,0.3409,0.2971,0.3332,0.3365,0.308,0.3738,0.3705,0.515,0.7695,0.3431,0.3541,0.3442,0.4023,0.3245,0.2993,0.4121,0.3727
7/9/2020,23.6988,0.5215,0.5058,0.4398,0.6675,0.8448,0.5466,0.8401,0.6549,0.5246,0.4037,0.6894,0.3707,0.4116,0.399,0.4414,0.3912,0.4618,0.4461,0.5356,0.4995,0.3598,0.4587,0.4602,0.4178,0.3786,0.377,0.5372,0.3378,0.5042,0.4697,0.3456,0.3503,0.3707,0.3974,0.3582,0.3912,0.4885,0.4979,0.6789,1.0532,0.5309,0.6141,0.5529,0.3817,0.3849,0.5717,0.3817,0.4524
7/8/2020,18.9592,0.4604,0.4626,0.3157,0.5798,0.4264,0.536,0.6116,0.4406,0.353,0.5305,0.3321,0.4012,0.3289,0.3738,0.4078,0.3946,0.3442,0.4264,0.3552,0.3354,0.3782,0.3869,0.4253,0.3552,0.2697,0.3179,0.4516,0.2817,0.4746,0.3771,0.3267,0.342,0.3267,0.2478,0.3212,0.33,0.3015,0.3069,0.5809,0.8834,0.3026,0.4746,0.3968,0.2938,0.4143,0.2927,0.3179,0.365
7/7/2020,20.8137,0.4973,0.487,0.3127,0.6959,0.815,0.66,0.5203,0.5216,0.496,0.364,0.651,0.3627,0.3422,0.3435,0.4165,0.3409,0.3217,0.4716,0.4063,0.4691,0.3384,0.3358,0.4434,0.3063,0.3448,0.3922,0.5498,0.3397,0.4755,0.3807,0.3525,0.2833,0.3435,0.3115,0.3294,0.364,0.3448,0.3397,0.6087,0.9317,0.4242,0.4447,0.3537,0.4511,0.3614,0.4255,0.3602,0.3819
7/6/2020,16.7954,0.3989,0.3681,0.4033,0.4103,0.5994,0.3962,0.3821,0.5202,0.4121,0.3223,0.376,0.3021,0.3259,0.2995,0.3144,0.3303,0.3426,0.3575,0.2933,0.3241,0.3127,0.3417,0.3452,0.3997,0.2731,0.347,0.398,0.2643,0.3725,0.2968,0.296,0.2599,0.2643,0.2652,0.281,0.2801,0.3039,0.3751,0.4318,0.6254,0.347,0.274,0.3654,0.3276,0.3514,0.3188,0.3232,0.2757
7/5/2020,21.535,0.501,0.5213,0.5416,0.7175,0.5862,0.5944,0.6404,0.4847,0.5795,0.6309,0.5565,0.348,0.3778,0.3264,0.4238,0.4455,0.367,0.4983,0.3995,0.4401,0.3751,0.4834,0.3846,0.5118,0.3264,0.3318,0.6011,0.3534,0.5443,0.4401,0.2668,0.3345,0.3521,0.3765,0.3846,0.3562,0.3399,0.4536,0.4903,0.7268,0.4184,0.3589,0.4726,0.3183,0.4157,0.371,0.4116,0.3548
7/4/2020,24.4201,0.569,0.5969,0.5016,0.6773,0.5624,0.6511,0.7873,0.5821,0.5657,0.4672,0.7512,0.5427,0.4442,0.3768,0.4918,0.4836,0.4327,0.5246,0.4343,0.454,0.5148,0.3621,0.5558,0.4934,0.3325,0.3686,0.4704,0.3703,0.5181,0.4146,0.2816,0.3752,0.4212,0.2882,0.3062,0.3818,0.4031,0.546,0.9887,1.5892,0.4803,0.5131,0.4048,0.4606,0.4474,0.367,0.3588,0.5098
7/3/2020,20.6075,0.4894,0.4617,0.3495,0.5688,0.7189,0.4579,0.3949,0.5272,0.4806,0.3999,0.6142,0.3192,0.3583,0.4062,0.3898,0.3772,0.3217,0.3684,0.3785,0.4213,0.3217,0.4642,0.4125,0.3974,0.3936,0.3999,0.4579,0.3306,0.3911,0.3873,0.3533,0.3709,0.2789,0.3306,0.3255,0.381,0.4213,0.3734,0.639,0.9841,0.3722,0.4995,0.3432,0.4403,0.4415,0.4163,0.4428,0.4339
7/2/2020,19.4742,0.434,0.325,0.3342,0.5591,0.457,0.4593,0.5212,0.5074,0.3755,0.364,0.5947,0.364,0.3147,0.2929,0.4352,0.3376,0.3755,0.3812,0.3663,0.3698,0.3663,0.3204,0.4891,0.3285,0.2745,0.3996,0.4593,0.3273,0.3927,0.4076,0.2481,0.3055,0.2803,0.317,0.2871,0.317,0.3422,0.4271,0.7285,1.1389,0.4707,0.4145,0.2814,0.3698,0.4065,0.4581,0.3916,0.356
7/1/2020,25.6562,0.4315,0.6063,0.5622,0.744,0.7723,0.857,0.8765,0.6769,0.428,0.5339,0.6452,0.3927,0.4686,0.4033,0.4562,0.435,0.4403,0.428,0.4174,0.4227,0.5198,0.4827,0.488,0.5904,0.4192,0.4456,0.5392,0.4174,0.548,0.4545,0.3627,0.3821,0.4456,0.322,0.3556,0.405,0.5127,0.3556,1.0221,1.6471,0.5427,0.3715,0.4915,0.4121,0.5816,0.6346,0.4933,0.4156
6/30/2020,22.5654,0.5614,0.4988,0.4376,0.6663,0.5789,0.7303,0.6328,0.6619,0.6531,0.5818,0.6313,0.4085,0.4026,0.4318,0.4871,0.4376,0.4449,0.3502,0.3779,0.5002,0.3327,0.4769,0.4172,0.4434,0.3968,0.4186,0.3822,0.3269,0.3604,0.4492,0.3618,0.4085,0.3487,0.34,0.3007,0.3924,0.3691,0.4157,0.6473,0.9984,0.4026,0.5599,0.3793,0.3414,0.4347,0.5425,0.4871,0.356
6/29/2020,20.9163,0.4366,0.4005,0.4082,0.487,0.496,0.5206,0.6885,0.7053,0.4082,0.5593,0.4844,0.4237,0.3811,0.4069,0.4521,0.4327,0.3346,0.4121,0.4508,0.4366,0.323,0.4482,0.4534,0.385,0.301,0.4521,0.3514,0.3436,0.58,0.3617,0.2932,0.2648,0.3204,0.2997,0.2752,0.3591,0.363,0.4792,0.6544,1.0107,0.4482,0.3062,0.434,0.4315,0.4637,0.4082,0.3888,0.3914
6/28/2020,28.4386,0.4467,0.7042,0.6143,0.833,0.9454,0.7757,0.6408,0.7492,0.3956,0.6858,0.9086,0.5346,0.5141,0.5897,0.5918,0.4283,0.5877,0.5264,0.5162,0.5448,0.4426,0.463,0.4998,0.6695,0.5775,0.5836,0.6224,0.4446,0.7635,0.4896,0.3261,0.3751,0.4467,0.3608,0.4262,0.4569,0.5448,0.4467,1.0851,1.756,0.6163,0.5039,0.463,0.3997,0.5693,0.4896,0.4671,0.6163
6/27/2020,20.4011,0.5003,0.4866,0.3837,0.5834,0.5821,0.623,0.571,0.6106,0.5089,0.4655,0.4854,0.4891,0.406,0.375,0.3787,0.4655,0.4296,0.3998,0.4395,0.3576,0.3155,0.3093,0.4048,0.3936,0.3192,0.3266,0.5362,0.3056,0.3986,0.4234,0.2522,0.277,0.3589,0.3266,0.3043,0.3304,0.3713,0.3849,0.5286,0.7931,0.3093,0.5238,0.3837,0.3837,0.4717,0.3725,0.4643,0.2907
6/26/2020,19.2681,0.3943,0.3402,0.3368,0.6208,0.5318,0.6151,0.3954,0.4529,0.3661,0.5385,0.596,0.3503,0.3267,0.3132,0.3165,0.3391,0.3492,0.4179,0.4281,0.3717,0.3796,0.436,0.4551,0.3988,0.3932,0.2962,0.5329,0.2861,0.3109,0.3301,0.2568,0.3154,0.2805,0.3447,0.2951,0.3684,0.3109,0.3729,0.5954,0.9087,0.3706,0.3548,0.4371,0.4416,0.3199,0.4326,0.3582,0.285
6/25/2020,19.9892,0.3957,0.4556,0.4304,0.6199,0.512,0.5072,0.4964,0.4124,0.4053,0.4304,0.5275,0.4388,0.3549,0.3117,0.3237,0.3717,0.4448,0.4017,0.3861,0.446,0.3417,0.3057,0.3573,0.4724,0.3609,0.4017,0.4232,0.3189,0.3693,0.4029,0.2638,0.3189,0.3165,0.2578,0.3525,0.3549,0.4628,0.3945,0.7656,1.2031,0.4041,0.452,0.4472,0.3045,0.3393,0.3033,0.3057,0.3165
6/24/2020,32.0447,0.8087,0.6355,0.8207,0.9409,0.9505,0.7245,0.8447,1.1357,0.8471,0.8111,1.0972,0.573,0.4961,0.6452,0.7197,0.7149,0.6259,0.6716,0.5562,0.5971,0.4865,0.7293,0.6764,0.5129,0.5826,0.5562,0.7173,0.4071,0.8351,0.5466,0.5129,0.3518,0.4672,0.4937,0.4792,0.5562,0.4696,0.6043,0.7963,1.2563,0.6884,0.8495,0.5971,0.4288,0.6139,0.6235,0.472,0.5177
6/23/2020,17.4134,0.4161,0.3662,0.4124,0.5366,0.5771,0.37,0.4321,0.4114,0.3145,0.4331,0.515,0.3314,0.305,0.2853,0.3352,0.3126,0.2872,0.3794,0.3361,0.3982,0.3173,0.338,0.3879,0.3521,0.2561,0.2937,0.3709,0.2862,0.3427,0.3126,0.2542,0.2796,0.2608,0.2617,0.2702,0.322,0.3587,0.337,0.5728,0.8695,0.4152,0.3455,0.2919,0.2561,0.2928,0.3898,0.2843,0.3389
6/22/2020,20.1955,0.3459,0.3533,0.3545,0.5106,0.6691,0.6642,0.513,0.4716,0.385,0.3715,0.4459,0.4496,0.3581,0.4069,0.402,0.4191,0.4094,0.3972,0.4423,0.4447,0.4313,0.335,0.3715,0.3545,0.3862,0.3118,0.4264,0.2996,0.324,0.4033,0.3569,0.3545,0.3289,0.352,0.3374,0.3325,0.463,0.3594,0.7794,1.2271,0.3679,0.485,0.3094,0.3411,0.3435,0.3337,0.3155,0.3508
6/21/2020,21.6381,0.3412,0.4585,0.5144,0.6767,0.8513,0.7299,0.389,0.5226,0.4203,0.4844,0.3644,0.4967,0.3412,0.4244,0.4108,0.4681,0.3521,0.3317,0.494,0.3562,0.4299,0.3781,0.3467,0.4531,0.299,0.314,0.3508,0.3631,0.5199,0.3508,0.3549,0.3862,0.3249,0.3303,0.3276,0.404,0.4217,0.4149,0.7835,1.2341,0.4572,0.4176,0.4544,0.3153,0.3494,0.5172,0.4517,0.4599
6/20/2020,21.2257,0.4127,0.4642,0.4061,0.6917,0.574,0.4484,0.5952,0.619,0.3122,0.3346,0.656,0.377,0.4087,0.4219,0.3994,0.4232,0.4047,0.3465,0.4709,0.3915,0.4351,0.3571,0.3703,0.3968,0.3122,0.4219,0.5145,0.3571,0.4285,0.4272,0.295,0.3611,0.373,0.2725,0.3002,0.3518,0.4735,0.4537,0.7053,1.0988,0.3532,0.5383,0.3809,0.4537,0.4854,0.4907,0.3518,0.3082
6/19/2020,27.8201,0.5532,0.575,0.678,0.9436,1.1656,0.5571,0.5631,0.906,0.6899,0.5532,0.7454,0.6285,0.4759,0.4025,0.4699,0.4858,0.5294,0.5234,0.6483,0.4858,0.5274,0.4521,0.5433,0.4204,0.5769,0.5452,0.7097,0.4243,0.4441,0.4521,0.3213,0.4778,0.3153,0.3906,0.3391,0.4441,0.5135,0.5076,0.9571,1.5346,0.5908,0.6205,0.4541,0.4362,0.6285,0.6205,0.4521,0.5413
6/18/2020,28.4384,0.7022,0.461,0.6878,0.8146,0.6286,0.9801,0.882,0.602,0.4998,0.461,0.5366,0.4835,0.5836,0.463,0.4344,0.5162,0.6551,0.5918,0.5489,0.5325,0.5795,0.5223,0.6633,0.4201,0.3997,0.555,0.7062,0.3935,0.4773,0.4937,0.3383,0.3608,0.4692,0.4426,0.4119,0.5284,0.4569,0.4712,1.2587,2.0566,0.5918,0.5162,0.6224,0.4426,0.5489,0.6674,0.4528,0.5264
6/17/2020,32.148,0.7293,0.7776,0.6279,1.1374,1.0408,1.164,0.8863,0.7197,0.6883,0.8863,0.9418,0.5144,0.611,0.6231,0.6617,0.5941,0.5941,0.7462,0.5965,0.6714,0.6158,0.652,0.652,0.7438,0.3961,0.7003,0.8331,0.4444,0.5265,0.6665,0.4323,0.3647,0.4661,0.4975,0.4323,0.5458,0.442,0.7293,0.8485,1.3466,0.5748,0.7221,0.4347,0.5192,0.4902,0.6907,0.4854,0.6834
6/16/2020,31.117,0.7654,0.7307,0.7446,1.0567,0.7053,1.0844,0.6128,0.8186,0.6359,0.8602,0.74,0.5967,0.4302,0.4834,0.4487,0.4949,0.4464,0.4834,0.7145,0.6544,0.4579,0.4256,0.6498,0.5527,0.4626,0.5227,0.8787,0.4348,0.555,0.5342,0.5342,0.3377,0.377,0.4371,0.4811,0.5111,0.488,0.6984,1.5179,2.505,0.4949,0.4302,0.5712,0.4186,0.5758,0.6914,0.5597,0.5065
6/15/2020,33.1782,0.7986,0.6224,0.6375,0.8112,1.0555,1.131,0.9044,1.2015,1.0479,0.8112,0.5972,0.7785,0.6627,0.4839,0.562,0.6425,0.5569,0.5041,0.7357,0.6677,0.6073,0.6602,0.5242,0.4159,0.6048,0.5041,0.9119,0.4537,0.6148,0.6778,0.5192,0.4663,0.567,0.4789,0.567,0.5922,0.5015,0.6879,1.1763,1.914,0.6022,0.4109,0.4864,0.5746,0.6954,0.4839,0.6425,0.6249
6/14/2020,21.9469,0.4777,0.5112,0.5167,0.6172,0.6423,0.6506,0.5614,0.5181,0.652,0.4498,0.4344,0.4191,0.4149,0.3508,0.4205,0.387,0.3424,0.3577,0.493,0.4609,0.4609,0.4414,0.4024,0.5195,0.4121,0.3717,0.3382,0.3522,0.5028,0.4149,0.2978,0.3243,0.3075,0.2964,0.2852,0.3522,0.3647,0.3842,0.7964,1.2566,0.3787,0.5112,0.3926,0.447,0.4303,0.3703,0.3912,0.4665
6/13/2020,24.4197,0.4327,0.4721,0.4048,0.807,0.6855,0.7512,0.8169,0.7085,0.633,0.4409,0.7446,0.3555,0.4195,0.4803,0.4737,0.5591,0.5607,0.3933,0.4573,0.431,0.5016,0.344,0.4688,0.3768,0.3998,0.4901,0.3456,0.3867,0.6428,0.4934,0.4277,0.2915,0.3358,0.3374,0.4179,0.4113,0.5279,0.3621,0.8546,1.3572,0.4458,0.4015,0.3522,0.5115,0.5542,0.4803,0.3851,0.4885
6/12/2020,33.6933,0.8244,0.773,0.7319,0.9375,1.3075,0.8064,1.0736,1.2329,0.7859,0.8116,0.5546,0.6703,0.4904,0.5623,0.7576,0.7062,0.7602,0.5752,0.6112,0.624,0.475,0.5983,0.7576,0.6805,0.5932,0.6343,0.7782,0.5032,1.0325,0.5623,0.3388,0.3876,0.3619,0.475,0.5829,0.5752,0.7628,0.7294,0.7811,1.23,0.6703,0.7782,0.6548,0.475,0.8039,0.5187,0.6343,0.7216
6/11/2020,37.9179,0.5945,0.8578,0.5616,1.3574,0.9266,1.2288,1.3634,1.2228,0.7142,0.9326,1.0163,0.9176,0.5047,0.4928,0.768,0.7411,0.6543,0.6095,0.7112,0.6124,0.7471,0.8518,0.5885,0.9625,0.5017,0.6962,0.7291,0.4688,0.8548,0.765,0.4389,0.6454,0.4509,0.4838,0.5167,0.6154,0.8099,0.6842,1.362,2.2353,0.6035,1.0253,0.5825,0.6603,0.6813,0.8249,0.5436,0.8009
6/10/2020,39.8755,1.0337,0.6352,0.7691,1.4799,1.158,0.954,1.4449,0.8934,1.1739,1.1867,1.1102,0.8361,0.6862,0.6607,0.8871,0.7341,0.8233,0.5779,0.7914,0.9444,0.6416,0.7245,0.7086,0.6002,0.5109,0.8329,0.7149,0.546,0.7659,0.8169,0.4727,0.6257,0.4153,0.6639,0.4759,0.6352,0.7468,0.8456,1.4671,2.4172,0.8998,0.7436,0.5014,0.5555,0.7659,0.6735,0.6862,0.6416
6/9/2020,33.7967,0.809,0.6052,0.5356,0.8812,0.7909,0.889,1.1315,0.7806,0.7755,0.6104,0.5459,0.7755,0.6284,0.6878,0.7419,0.6233,0.6542,0.5046,0.7858,0.6929,0.5949,0.6878,0.8786,0.4865,0.6026,0.5768,0.5278,0.502,0.7187,0.6233,0.3808,0.5356,0.3705,0.5175,0.484,0.6233,0.7755,0.4711,1.3107,2.1465,0.8013,0.8812,0.7729,0.4117,0.7393,0.8529,0.5072,0.5665
6/8/2020,30.6025,0.6662,0.6775,0.7091,0.9916,1.2177,0.8312,1.0595,0.9939,0.4786,0.899,0.9125,0.4379,0.4673,0.4379,0.5306,0.6391,0.4673,0.4763,0.6142,0.6707,0.6232,0.6029,0.7362,0.5938,0.4289,0.5893,0.6097,0.4176,0.6368,0.5961,0.526,0.4108,0.3859,0.4221,0.3791,0.4989,0.6345,0.7114,0.689,1.0706,0.7792,0.5667,0.5984,0.6097,0.5803,0.7182,0.5893,0.4198
6/7/2020,24.4197,0.3834,0.4704,0.4277,0.7775,0.9614,0.8054,0.7791,0.5722,0.431,0.5788,0.7512,0.5148,0.3571,0.4869,0.4721,0.3653,0.5263,0.4458,0.477,0.5098,0.3883,0.4869,0.4951,0.4376,0.4228,0.3456,0.5394,0.3456,0.7167,0.3916,0.2718,0.3325,0.3785,0.4097,0.3358,0.431,0.5624,0.5361,0.5978,0.9128,0.6051,0.4048,0.5624,0.4885,0.5,0.3473,0.5394,0.541
6/6/2020,25.1412,0.638,0.6021,0.4341,0.6158,0.9037,0.7323,0.8026,0.7889,0.4101,0.5318,0.6123,0.6158,0.5163,0.5369,0.5352,0.3706,0.5369,0.4478,0.5763,0.4838,0.5472,0.5489,0.4135,0.5832,0.3295,0.3638,0.7203,0.3501,0.6672,0.4478,0.4426,0.3192,0.4341,0.3929,0.3398,0.3946,0.5746,0.5472,0.4667,0.686,0.4992,0.4461,0.5438,0.4581,0.5541,0.4135,0.4444,0.5215
6/5/2020,24.5231,0.4327,0.5004,0.6244,0.6343,0.8805,0.6789,0.5698,0.6657,0.5599,0.3765,0.6111,0.5864,0.3732,0.3699,0.5153,0.5236,0.4079,0.4707,0.512,0.5054,0.4641,0.5665,0.436,0.3649,0.393,0.3616,0.517,0.3319,0.4856,0.4773,0.3435,0.3071,0.3121,0.3583,0.3451,0.3881,0.4674,0.5186,1.055,1.7039,0.3864,0.6508,0.3468,0.4657,0.4409,0.4641,0.3616,0.4112
6/4/2020,24.42,0.4212,0.61,0.3686,0.5887,0.7266,0.6461,0.5066,0.7956,0.5575,0.5213,0.4376,0.5,0.4983,0.4606,0.5098,0.413,0.3998,0.454,0.477,0.4869,0.4048,0.3621,0.3867,0.4261,0.3358,0.3933,0.3555,0.367,0.408,0.5016,0.3161,0.3079,0.3062,0.3506,0.3867,0.4064,0.3867,0.4064,1.3844,2.274,0.5525,0.61,0.3916,0.5098,0.4277,0.367,0.3768,0.3391
6/3/2020,24.1108,0.3922,0.4261,0.476,0.6452,0.8852,0.4599,0.6709,0.7386,0.7289,0.4357,0.6065,0.4679,0.4212,0.4969,0.3729,0.505,0.4599,0.513,0.4824,0.4696,0.4422,0.3326,0.5163,0.5308,0.4615,0.4502,0.3793,0.3777,0.4083,0.4696,0.3036,0.3761,0.3278,0.2923,0.3729,0.4261,0.3584,0.3954,1.0476,1.6911,0.4953,0.5727,0.3519,0.3278,0.5082,0.3664,0.389,0.4857
6/2/2020,23.9049,0.4434,0.4975,0.3973,0.7981,0.954,0.6454,0.6231,0.5229,0.453,0.6184,0.4227,0.542,0.472,0.4657,0.4339,0.3575,0.4879,0.4864,0.4561,0.55,0.3559,0.5038,0.5404,0.5611,0.3194,0.4275,0.4545,0.3305,0.6581,0.4879,0.4132,0.3512,0.3019,0.2987,0.4243,0.4498,0.5563,0.4593,0.7928,1.2503,0.3432,0.4864,0.4848,0.3448,0.4498,0.4148,0.453,0.3639
6/1/2020,25.8626,0.649,0.5382,0.5972,0.7561,0.9651,0.7347,0.674,0.6668,0.7954,0.4078,0.4257,0.6418,0.4114,0.4007,0.5114,0.4382,0.5239,0.3917,0.5954,0.4882,0.4453,0.4614,0.5507,0.431,0.3774,0.5239,0.5989,0.381,0.6597,0.4989,0.4167,0.3346,0.3953,0.3114,0.331,0.4185,0.6007,0.4042,0.9687,1.5546,0.3989,0.3507,0.5793,0.3882,0.4221,0.49,0.44,0.5168
5/31/2020,25.3473,0.5362,0.5362,0.4269,0.6108,1.0219,0.8068,0.6854,0.8501,0.7547,0.5101,0.6628,0.3922,0.3852,0.4217,0.4199,0.5761,0.4789,0.4043,0.5865,0.5518,0.4234,0.4251,0.3696,0.5448,0.4477,0.4009,0.3575,0.3592,0.55,0.4893,0.3887,0.4286,0.3887,0.3679,0.4026,0.4581,0.3991,0.4269,0.957,1.5344,0.498,0.6142,0.3453,0.4807,0.3922,0.3766,0.4251,0.4772
5/30/2020,26.8928,0.4538,0.4236,0.5445,0.8751,0.6258,0.622,0.5445,0.6106,0.7183,0.6692,0.8034,0.6428,0.4123,0.4652,0.5067,0.5918,0.5275,0.6277,0.4482,0.6088,0.4519,0.6012,0.4954,0.6768,0.5502,0.5615,0.6125,0.4085,0.7618,0.4784,0.4028,0.4161,0.3499,0.348,0.4312,0.4142,0.6106,0.4954,0.7409,1.1605,0.571,0.5048,0.4085,0.588,0.5615,0.622,0.4463,0.5011
5/29/2020,23.8019,0.3752,0.5933,0.3547,0.7956,0.5222,0.764,0.5459,0.5996,0.4432,0.6233,0.6786,0.5333,0.4938,0.4843,0.3658,0.5459,0.4464,0.4148,0.3895,0.4353,0.3468,0.5127,0.4653,0.3942,0.3768,0.4448,0.5823,0.3436,0.5886,0.4843,0.4132,0.3547,0.3105,0.4053,0.3342,0.3673,0.4479,0.5427,0.8646,1.3744,0.4195,0.5333,0.3879,0.4227,0.4701,0.3942,0.3926,0.4227
5/28/2020,23.493,0.571,0.382,0.4812,0.7043,0.7848,0.7709,0.5881,0.7926,0.6485,0.5509,0.5276,0.5091,0.3836,0.4827,0.3913,0.365,0.5199,0.3588,0.4765,0.4022,0.4657,0.4703,0.4378,0.5168,0.4858,0.4548,0.4688,0.3634,0.4362,0.4053,0.396,0.334,0.3867,0.3015,0.3154,0.3929,0.5013,0.4548,0.5809,0.8834,0.5555,0.5865,0.3309,0.3557,0.4037,0.4703,0.5385,0.5091
5/27/2020,29.1598,0.4375,0.6174,0.3994,0.8501,0.7105,0.8205,0.6639,0.8671,0.812,0.5285,0.5327,0.4481,0.5073,0.5348,0.647,0.6787,0.4312,0.6957,0.666,0.4671,0.4629,0.6576,0.5348,0.6406,0.3931,0.5962,0.3783,0.4164,0.7274,0.5772,0.4333,0.465,0.4925,0.4121,0.4164,0.4587,0.683,0.5983,1.343,2.2024,0.4248,0.4608,0.4333,0.4968,0.6279,0.4227,0.6576,0.4312
5/26/2020,25.244,0.3926,0.4667,0.377,0.8668,0.8616,0.4943,0.7081,0.6564,0.534,0.5322,0.7926,0.4564,0.434,0.5253,0.4253,0.4236,0.465,0.4598,0.4598,0.5288,0.5288,0.565,0.6512,0.5391,0.4236,0.3598,0.4822,0.3581,0.7168,0.4822,0.2977,0.3615,0.346,0.3201,0.365,0.4202,0.5374,0.4443,0.9302,1.488,0.5529,0.6392,0.5236,0.4943,0.4271,0.4046,0.3667,0.3581
5/25/2020,36.4754,0.9355,0.8244,0.7874,1.0095,1.5677,1.1064,0.8159,0.87,1.1662,0.7618,0.6821,0.497,0.7276,0.4884,0.5625,0.5055,0.8358,0.8729,0.8415,0.6023,0.5112,0.6621,0.8899,0.8074,0.5255,0.4657,0.9896,0.5055,0.6394,0.5482,0.5539,0.628,0.5112,0.4258,0.5283,0.665,0.4884,0.7134,1.3774,2.2619,0.8273,0.5198,0.5084,0.5596,0.8273,0.6764,0.6992,0.6992
5/24/2020,20.8139,0.4985,0.3691,0.3896,0.4588,0.6344,0.5677,0.4896,0.6126,0.56,0.4281,0.4255,0.4575,0.3256,0.3871,0.4652,0.4614,0.4191,0.4332,0.3717,0.3448,0.3512,0.4127,0.5254,0.3397,0.4268,0.3666,0.4037,0.2999,0.5011,0.3435,0.2615,0.2653,0.3038,0.3063,0.2705,0.3858,0.3115,0.4127,0.7988,1.2606,0.3973,0.3704,0.3371,0.4473,0.4601,0.455,0.3807,0.3191
5/23/2020,28.2322,0.5207,0.4398,0.454,0.982,0.6603,1.0104,0.7615,0.8222,0.6482,0.4944,0.9355,0.715,0.5491,0.4722,0.5248,0.5167,0.5996,0.4823,0.4762,0.6178,0.6138,0.3771,0.5005,0.4014,0.4317,0.5308,0.4014,0.371,0.4944,0.5066,0.3427,0.4641,0.4418,0.4378,0.4135,0.4418,0.4196,0.6158,1.0847,1.7554,0.4256,0.5915,0.6361,0.6603,0.5733,0.6057,0.6118,0.3993
5/22/2020,27.614,0.6296,0.6158,0.4452,0.7021,1.1454,0.6649,0.4962,0.8806,0.5864,0.4942,0.6354,0.4844,0.5197,0.4295,0.404,0.6256,0.5433,0.4432,0.5354,0.5962,0.5413,0.555,0.4295,0.6256,0.4354,0.5099,0.6099,0.3805,0.6962,0.5354,0.3314,0.4432,0.4413,0.4668,0.4471,0.4766,0.6335,0.5178,0.9151,1.462,0.5668,0.5884,0.4766,0.5158,0.5962,0.4217,0.5491,0.5688
5/21/2020,18.6497,0.3009,0.3775,0.3722,0.4542,0.4766,0.5266,0.434,0.4585,0.3222,0.435,0.3062,0.3296,0.3296,0.3424,0.336,0.3626,0.4127,0.3839,0.3211,0.3807,0.3924,0.3711,0.3509,0.3946,0.3147,0.3104,0.2849,0.2966,0.4148,0.3253,0.336,0.3296,0.2487,0.2913,0.2827,0.3307,0.401,0.4042,0.7068,1.1015,0.435,0.4681,0.3307,0.3967,0.3466,0.3775,0.4201,0.3243
5/20/2020,34.3117,0.5719,0.7718,0.5324,0.8718,1.4323,0.7955,0.985,0.9034,1.1113,0.5508,0.7324,0.7455,0.5087,0.6587,0.6876,0.7087,0.6298,0.6376,0.7166,0.785,0.535,0.7613,0.8218,0.6113,0.4745,0.6903,0.8771,0.5456,0.785,0.685,0.5561,0.4508,0.4745,0.5403,0.5561,0.6034,0.6561,0.5955,0.845,1.3406,0.6324,0.9087,0.5561,0.6087,0.7587,0.8692,0.7376,0.4982
5/19/2020,26.3775,0.4589,0.4883,0.5158,0.797,0.6647,0.7933,0.639,0.7309,0.5875,0.4001,0.6059,0.6518,0.3964,0.4276,0.5526,0.4938,0.5967,0.5912,0.4405,0.582,0.5599,0.4019,0.5985,0.5048,0.3927,0.3615,0.525,0.3743,0.4387,0.5085,0.3762,0.3247,0.4478,0.3523,0.3651,0.446,0.5967,0.4938,1.2166,1.9837,0.4056,0.4772,0.3486,0.5581,0.6132,0.3725,0.5489,0.3707
5/18/2020,37.7123,0.6837,0.5886,0.6926,1.1412,1.5334,1.2719,1.3076,0.8798,0.6718,1.1234,0.8679,0.651,0.651,0.4935,0.7758,0.5945,0.8471,0.7758,0.7045,0.6361,0.7282,0.6094,0.9927,0.8708,0.7015,0.8084,1.1442,0.5054,0.9124,0.7728,0.4192,0.4638,0.4311,0.5321,0.4133,0.6837,0.547,0.7104,1.0263,1.6543,0.7698,0.6034,0.7639,0.6896,0.8827,0.8738,0.7223,0.5886
5/17/2020,40.2878,1.0191,0.793,0.6897,1.4227,1.7907,1.1579,0.722,1.103,0.5961,0.7188,0.9383,0.6445,0.7834,0.8221,0.7575,0.5993,0.793,0.7156,0.693,0.8512,0.5606,0.7091,0.8996,0.5089,0.7801,0.5961,1.1805,0.6252,0.9609,0.6219,0.4605,0.5477,0.6478,0.5283,0.4282,0.6671,0.8996,0.9383,1.6518,2.7369,0.5541,1.0514,0.5832,0.5025,0.693,0.835,0.8964,0.6122
5/16/2020,51.6218,0.7861,1.1961,1.1438,1.6498,2.3478,0.9649,1.0696,1.5233,1.676,1.532,1.6803,1.0129,0.6727,0.9824,1.1263,0.917,1.1612,0.8821,1.1743,0.8472,1.1351,1.1612,0.978,0.6334,0.9868,0.6378,0.7032,0.7643,1.2747,0.7425,0.8472,0.7032,0.5898,0.773,0.7992,0.7294,1.1743,0.8777,1.4064,2.312,0.8995,1.2354,1.17,0.725,0.7381,1.1482,1.0915,1.0391
5/15/2020,49.0462,1.0081,1.0574,0.7003,1.5335,1.3242,1.4514,0.8562,1.4268,0.61,0.688,1.6977,0.7085,0.7824,0.7208,1.0204,0.885,1.123,0.9506,0.9671,1.0574,0.8193,0.6469,0.9506,0.9794,0.5361,0.6921,1.1723,0.6346,0.9794,0.9547,0.7618,0.5073,0.6387,0.7741,0.7824,0.8439,1.0451,1.1271,2.3749,3.9881,1.0451,1.1682,0.8603,0.8768,0.77,1.2339,0.6838,0.6305
5/14/2020,46.0577,1.1638,1.0953,1.0534,1.2818,1.3769,1.3845,1.8222,1.1448,1.1524,1.297,1.59,0.806,0.7451,0.9164,1.0001,1.0648,0.8403,0.8593,1.0534,0.9126,0.6576,0.8365,0.9545,1.1676,0.5511,0.8707,1.3388,0.7147,0.8517,0.7642,0.5054,0.5244,0.7375,0.7299,0.4749,0.7756,0.8707,0.7109,1.0294,1.6597,0.8974,0.8327,0.943,0.6538,0.8175,0.9697,0.9164,0.7413
5/13/2020,45.7486,1.0273,1.1821,0.5932,1.0009,1.9711,1.05,1.235,1.5973,1.1746,0.9745,1.5596,0.8122,0.6536,0.8386,1.0273,0.9292,0.7291,0.6763,1.05,0.9103,0.6687,0.8159,1.2274,0.8159,0.6499,0.6876,1.2727,0.6687,1.1595,0.8612,0.6197,0.5328,0.4838,0.7442,0.4687,0.714,0.9669,1.0726,0.8192,1.2959,0.8952,1.1406,0.9632,1.0424,0.9858,1.1217,1.0311,1.0311
5/12/2020,52.1371,0.9788,0.9214,0.8022,1.4864,1.6364,1.1774,1.8174,1.813,1.1553,1.4422,0.8861,1.4025,1.0362,0.9744,1.1686,0.789,0.864,0.7184,1.1377,1.1289,0.8067,0.736,0.7713,1.0759,1.0273,0.7228,1.0582,0.6257,0.8111,1.0494,0.8243,0.6566,0.7581,0.8111,0.5683,0.7669,0.7184,1.2348,1.9997,3.3388,0.9832,1.3672,1.0009,1.0803,0.8552,0.9214,1.1156,1.1156
5/11/2020,40.4939,0.6313,0.7028,0.6346,1.4307,1.7264,1.4469,1.4664,0.875,1.2422,0.8913,1.0278,0.9043,0.5663,0.8198,0.6898,0.927,0.7808,0.7191,0.9173,0.6736,0.6638,0.7288,0.9173,0.6443,0.7126,0.5858,1.1447,0.6053,1.2,0.6963,0.4364,0.5663,0.6833,0.5079,0.5793,0.7386,0.6736,0.8425,0.7855,1.2375,0.8328,0.888,0.7191,0.6638,0.7646,1.0635,0.6996,0.8393
5/10/2020,36.8874,0.6664,0.6289,0.9611,1.3019,1.2615,1.0131,1.068,1.1171,0.7502,0.5509,1.2239,0.5278,0.6895,0.6606,0.6606,0.73,0.6289,0.522,0.7935,0.8253,0.8195,0.8137,0.5104,0.782,0.574,0.7589,0.782,0.4931,1.0795,0.548,0.496,0.6404,0.4584,0.3862,0.5711,0.6809,0.6,0.5884,1.3484,2.2117,0.6375,0.9611,0.4555,0.4584,0.8657,0.6866,0.5653,0.5335
5/9/2020,33.3845,0.5728,0.7556,0.4789,0.8876,1.1567,1.0678,0.7784,1.0272,0.7099,0.6896,0.682,0.7556,0.484,0.7023,0.5347,0.7657,0.5931,0.7226,0.786,0.5195,0.5982,0.5068,0.7683,0.8165,0.5703,0.5957,0.4941,0.4256,0.7226,0.6261,0.4205,0.484,0.4281,0.5398,0.4865,0.4916,0.6693,0.5931,1.2478,2.0377,0.5703,0.781,0.7505,0.55,0.5957,0.6312,0.6718,0.6414
5/8/2020,29.7778,0.5696,0.6763,0.5652,1.0073,1.2207,0.9463,0.8265,0.9507,0.6741,0.8461,0.7808,0.7808,0.5783,0.5216,0.6044,0.4389,0.5565,0.5369,0.4803,0.4977,0.4541,0.5151,0.6959,0.4432,0.4389,0.6153,0.8723,0.4062,0.8919,0.4868,0.4868,0.3387,0.4716,0.4737,0.4019,0.4977,0.6196,0.465,0.8143,1.2874,0.4411,0.4672,0.5913,0.5848,0.4759,0.5216,0.4824,0.4781
5/7/2020,31.7359,0.817,0.5346,0.696,1.0591,1.192,0.7411,0.8241,0.6438,0.8218,0.6248,1.0259,0.5464,0.6058,0.5963,0.4515,0.7245,0.5607,0.7482,0.6889,0.5915,0.6651,0.6224,0.5488,0.5251,0.4729,0.5274,0.6319,0.4491,0.5559,0.5583,0.3637,0.3874,0.423,0.3827,0.5512,0.5227,0.7316,0.48,1.348,2.211,0.5559,0.6414,0.5607,0.5037,0.5156,0.5536,0.5227,0.4301
5/6/2020,29.263,0.6026,0.5558,0.5473,0.8492,0.6344,0.8152,0.9194,0.6621,0.8279,0.7769,0.5898,0.66,0.4665,0.5069,0.6536,0.4303,0.5069,0.6536,0.6026,0.5175,0.4622,0.5834,0.7493,0.677,0.3899,0.4622,0.796,0.3921,0.8598,0.4622,0.3708,0.3538,0.3368,0.4261,0.4239,0.5324,0.4877,0.5388,0.9827,1.5789,0.6472,0.5218,0.6047,0.4027,0.4495,0.728,0.6089,0.6557
5/5/2020,34.6205,0.747,0.7151,0.7843,1.1995,1.0851,1.0771,0.6884,0.7257,0.6166,0.6645,1.0212,0.7683,0.6591,0.5101,0.6245,0.7789,0.6884,0.7523,0.755,0.5633,0.4994,0.7576,0.6006,0.6219,0.6884,0.7497,0.5926,0.5367,0.6139,0.5979,0.5793,0.55,0.4036,0.534,0.4595,0.5101,0.4595,0.5873,1.4311,2.3549,0.6804,0.6911,0.5473,0.5473,0.7683,0.4728,0.7417,0.6192
5/4/2020,30.6024,0.7136,0.6323,0.6504,0.7182,0.6978,0.9668,1.0029,0.8809,0.7227,0.7995,0.7814,0.7769,0.4492,0.508,0.5735,0.6165,0.5125,0.4447,0.517,0.6526,0.5645,0.6956,0.6571,0.4876,0.3882,0.4741,0.743,0.4921,0.5464,0.5554,0.5193,0.3882,0.3294,0.4515,0.4967,0.5147,0.578,0.7001,1.0962,1.7753,0.6933,0.5554,0.4221,0.578,0.5532,0.6391,0.5351,0.5554
5/3/2020,31.3233,0.7054,0.5912,0.4862,0.7801,0.934,0.8594,0.899,0.6728,0.8197,0.7847,0.5375,0.4326,0.5958,0.4279,0.5165,0.6798,0.4605,0.4862,0.6448,0.5515,0.5258,0.6705,0.5818,0.3976,0.6098,0.5748,0.4605,0.3999,0.5422,0.6238,0.4535,0.4745,0.3393,0.4932,0.4535,0.4722,0.5678,0.5049,1.9023,3.1703,0.5119,0.4069,0.6658,0.5748,0.6448,0.5352,0.4862,0.4139
5/2/2020,27.4081,0.5898,0.5956,0.7023,0.8654,0.943,0.8304,0.9508,0.8207,0.8518,0.4461,0.5102,0.4908,0.4326,0.4209,0.45,0.5975,0.4248,0.5606,0.4364,0.5548,0.5665,0.6325,0.6344,0.3937,0.4131,0.4054,0.6131,0.4151,0.6363,0.5044,0.3413,0.4054,0.3064,0.3161,0.4791,0.5121,0.5665,0.5665,1.0971,1.7768,0.4093,0.4112,0.3607,0.3802,0.5102,0.4985,0.3918,0.3899
5/1/2020,33.075,0.5929,0.7961,0.598,1.0142,1.1245,1.0167,0.9866,0.7384,0.6782,0.5002,0.8312,0.7158,0.6581,0.618,0.6531,0.4851,0.5904,0.5177,0.5403,0.6105,0.6857,0.771,0.5227,0.8186,0.5052,0.6456,0.9264,0.4325,0.7133,0.6882,0.5754,0.3698,0.3823,0.3623,0.4651,0.5879,0.7083,0.6581,1.1741,1.91,0.7208,0.44,0.7459,0.6832,0.5378,0.5403,0.5152,0.7233
4/30/2020,41.6274,0.7686,0.8997,0.8796,1.5218,1.6765,0.8661,0.9199,0.7787,1.1587,0.9266,0.8594,1.0141,0.5567,0.6274,0.9367,0.7484,0.9401,0.624,0.7854,0.819,0.7989,0.8863,0.7686,0.8493,0.4895,0.6879,0.893,0.6307,1.1587,0.7383,0.5231,0.4155,0.5467,0.5265,0.6543,0.735,0.7114,0.55,1.7344,2.8797,0.6543,0.5971,0.698,0.9603,0.9737,0.9166,0.6543,0.6879
4/29/2020,48.1185,1.1415,1.2178,1.1897,1.7393,1.7955,0.9129,1.282,1.0132,1.1616,1.4264,1.6832,1.2057,0.8687,0.6441,0.6922,0.8206,0.7644,1.0252,1.0212,1.0413,0.628,1.0132,1.1375,1.2459,0.7283,0.8366,1.3582,0.7163,1.3542,0.961,0.7444,0.5197,0.4956,0.6802,0.7524,0.7524,0.7163,0.5959,1.0291,1.6592,0.7323,1.1415,1.1255,0.8527,0.9731,1.2378,0.7845,0.7002
4/28/2020,50.3855,1.0101,1.2009,0.7304,1.6332,2.2647,1.9214,1.6756,1.612,1.1458,1.0271,1.6714,1.3323,0.7685,1.0822,1.0568,0.8745,0.9635,0.8364,1.1712,1.1034,0.8618,1.0059,1.2856,0.9974,0.6414,0.9211,0.5948,0.6371,1.2729,0.883,0.8321,0.8152,0.7346,0.8152,0.8109,0.8999,0.9466,0.9593,0.8978,1.4319,0.9889,1.0017,0.7262,0.8109,1.1585,1.0652,0.6583,0.6499
4/27/2020,38.3302,0.8157,0.8127,0.5003,1.025,1.204,1.1099,1.116,1.0584,0.6307,0.9916,0.567,0.9856,0.5883,0.5155,0.7581,0.8188,0.5883,0.7672,0.8036,0.746,0.6125,0.47,0.6459,0.4912,0.5246,0.5124,0.7217,0.5215,0.7187,0.7156,0.4123,0.6368,0.6489,0.4275,0.655,0.5549,0.5094,0.5094,2.2871,3.8362,0.561,0.5428,0.6671,0.9037,0.7217,0.9461,0.5488,0.6247
4/26/2020,37.2997,0.8845,0.6355,0.6736,1.072,1.3855,1.157,0.7204,1.0984,1.2156,0.5476,0.612,0.9138,0.6325,0.7497,0.571,0.6911,0.7146,0.8318,0.8288,0.6472,0.8288,0.4479,0.5857,0.5095,0.6032,0.7087,0.8406,0.5476,1.1248,0.6706,0.4685,0.6003,0.5036,0.3835,0.4743,0.5505,0.6941,0.5505,1.4758,2.4321,0.9665,0.6794,0.5681,0.7673,0.6208,0.7761,0.8376,0.5007
4/25/2020,40.5968,0.6132,0.9783,0.8675,0.8805,1.4901,1.0957,1.037,1.0337,1.3043,0.7176,1.3923,0.799,0.7404,0.7534,0.6002,0.936,0.8577,0.8316,0.7762,0.7469,0.8219,0.7436,0.9588,0.8805,0.7436,0.7404,1.0077,0.5448,1.0663,0.6198,0.3753,0.7045,0.5481,0.4633,0.6654,0.7306,0.9164,0.9034,0.9665,1.5508,0.8512,0.7078,0.9523,0.8316,0.6556,0.711,0.6035,0.8805
4/24/2020,42.0396,0.7624,0.8577,0.6943,1.5623,1.6848,0.8747,1.3478,0.8577,1.1947,0.6704,1.0585,1.004,0.7487,0.8168,0.8883,0.599,0.9053,0.7828,0.7079,0.9802,0.6773,0.9666,0.759,0.8509,0.473,0.7215,0.5173,0.6024,0.9326,0.7351,0.4083,0.5343,0.4322,0.4254,0.4968,0.6602,0.8304,0.793,1.6788,2.7835,1.0449,1.0381,0.5854,0.9019,0.8338,0.9394,0.633,0.7862
4/23/2020,50.2825,0.7037,1.2914,1.0377,1.5112,2.3273,1.2237,1.562,1.5493,0.6275,0.7333,1.4986,0.636,0.7671,1.025,1.0546,0.8559,0.8812,1.1561,1.0123,0.9024,0.9616,0.97,0.729,0.7121,0.9531,0.8855,1.1307,0.6149,1.0969,0.9785,0.4626,0.8559,0.5853,0.7163,0.6614,0.9066,0.9531,0.6783,2.2726,3.8111,0.6487,0.7967,1.1984,0.6994,1.211,0.8812,0.7375,0.8178
4/22/2020,56.4646,1.451,0.9179,1.4898,1.5964,1.4946,1.9356,1.8193,1.8387,0.9082,1.0826,1.9114,1.4946,1.0778,0.9954,0.8403,1.0681,0.8597,1.2814,1.1505,1.2523,0.8936,0.8936,1.2184,1.1505,0.7143,1.1263,0.7628,0.85,1.2523,1.0245,0.7434,0.9566,0.9324,0.8694,0.6755,0.9276,0.9857,1.0778,1.6558,2.7437,1.2571,1.0148,1.3637,1.3492,0.7725,0.8597,0.7725,1.1553
4/21/2020,54.713,0.9374,0.9561,1.3018,1.7409,1.9371,2.0679,1.7316,1.1103,1.7923,1.3625,1.7456,1.3765,0.9141,1.0916,0.9141,1.1196,1.2457,1.1803,1.0402,1.2411,0.7272,0.6385,1.1476,1.3345,0.9935,1.0495,1.54,0.802,0.9374,0.9141,0.7646,0.5824,0.7459,0.7132,0.6992,0.8113,1.2364,0.9094,1.0409,1.6795,1.2971,1.2271,1.0495,0.8253,1.2411,0.9234,1.2504,0.8253
4/20/2020,51.003,0.9794,1.0482,1.2547,1.1127,1.7922,1.3235,1.5213,1.5213,1.2762,1.1945,1.0353,0.6827,0.8848,0.8289,1.0353,0.6784,0.9708,0.7429,0.8031,1.0396,0.6913,1.0439,1.0998,0.7945,0.8203,0.8719,1.0009,0.6526,1.3923,0.7644,0.7515,0.7042,0.7472,0.816,0.687,0.7214,0.7988,1.0439,2.2833,3.8297,1.1601,1.4138,0.7859,0.859,1.0439,0.9106,0.9837,0.6053
4/19/2020,41.4211,1.0624,0.6546,0.922,1.0456,1.3397,1.0055,1.5303,1.5637,0.6747,1.0222,0.6145,0.8217,0.805,0.8819,0.9454,0.8886,0.8852,0.7783,0.658,0.7983,0.6279,0.8184,0.6479,1.039,0.6245,0.7983,0.5777,0.5777,0.9587,0.8485,0.5777,0.6346,0.5142,0.4173,0.4741,0.6279,0.5343,0.7148,1.7652,2.933,0.8819,0.815,0.7315,0.8418,0.6279,0.5677,0.8418,0.5042
4/18/2020,38.227,0.8619,0.7228,0.5113,1.143,1.2004,0.9314,0.9193,0.9163,0.5566,0.611,0.8589,0.9526,0.5868,0.6291,0.7682,0.5203,0.7319,0.7954,0.7863,0.6352,0.5778,0.4961,0.5808,0.6654,0.4901,0.5113,0.7108,0.5838,0.6926,0.7924,0.3722,0.4206,0.5203,0.4931,0.5385,0.6291,0.7652,0.874,2.2876,3.8372,0.9556,0.5626,0.9103,0.9072,0.5959,0.5505,0.7621,0.5052
4/17/2020,39.2577,0.7324,0.97,1.0169,1.2263,1.6764,0.7449,1.0763,1.442,0.7543,1.1075,0.8012,0.5261,0.648,0.5167,0.7324,0.7887,0.7699,0.7262,0.6762,0.6887,0.5949,0.7981,0.7293,0.6074,0.7074,0.7137,0.845,0.5824,0.8387,0.7324,0.6262,0.4105,0.5605,0.5699,0.4605,0.7137,0.6011,0.9231,1.3549,2.223,0.9544,0.6887,0.5949,0.6824,0.8856,0.8168,0.7762,0.6449
4/16/2020,42.4515,0.9625,0.7282,0.8075,1.4448,1.5723,1.5172,0.8488,1.0521,0.9866,0.9418,1.183,0.804,0.6214,0.6008,0.9005,0.9418,0.7213,0.9659,0.9177,0.6662,0.8212,0.9384,0.6765,0.8557,0.6008,0.6938,1.0762,0.5973,0.9694,0.8144,0.711,0.5181,0.4457,0.4216,0.5629,0.6111,0.5422,0.7902,1.388,2.2803,0.9246,1.0314,0.7213,0.9522,1.0107,0.711,0.9797,0.6214
4/15/2020,38.3298,0.5701,0.7429,0.5488,0.8491,1.5709,1.2252,1.4041,1.2222,1.1069,0.6914,1.2494,0.6428,0.6125,0.6671,0.7429,0.5731,0.8339,0.8127,0.6125,0.7733,0.6125,0.6337,0.6853,0.5003,0.4487,0.5519,0.6065,0.5428,1.1615,0.5974,0.3759,0.6489,0.4184,0.6125,0.4669,0.6853,0.7247,0.8916,1.5384,2.5406,0.8006,0.6247,0.5428,0.8157,0.8976,0.5185,0.752,0.6823
4/14/2020,41.0093,0.9919,0.9061,0.9721,1.3847,1.2395,0.9325,0.8301,1.2857,1.223,1.1569,1.2593,0.9259,0.5694,0.5364,0.6387,0.9127,0.6915,0.9457,0.8334,0.8599,0.5826,0.8301,0.7113,0.9226,0.4803,0.6387,1.1701,0.5067,1.2956,0.8268,0.6387,0.5826,0.6222,0.6552,0.5991,0.708,0.7212,0.5298,1.0757,1.7399,0.8037,0.4935,0.8103,0.9061,0.6981,0.6849,0.8896,0.7905
4/13/2020,33.0752,0.7885,0.8512,0.6606,1.1922,1.2098,1.1321,0.5729,1.0568,0.623,0.7158,1.0393,0.791,0.4726,0.6356,0.5403,0.7609,0.603,0.6356,0.5955,0.6983,0.7283,0.5578,0.7434,0.4375,0.455,0.5654,0.8638,0.445,0.8061,0.6406,0.4124,0.5654,0.3898,0.4174,0.4626,0.608,0.7835,0.5553,0.5762,0.8755,0.7158,0.8989,0.7409,0.6657,0.6105,0.4826,0.771,0.7258
4/12/2020,39.9783,0.6336,0.5952,0.7647,0.899,0.9853,1.4298,1.0972,1.2443,0.7391,1.126,0.8158,0.6783,0.576,0.7903,0.7903,0.8318,0.6559,0.8062,0.6943,0.6783,0.6815,0.7998,0.5728,0.851,0.7934,0.6879,0.6975,0.5344,1.1772,0.7231,0.4001,0.496,0.624,0.4928,0.4449,0.5728,0.5696,0.8286,1.8402,3.0629,0.7807,0.9981,0.5216,0.835,0.624,1.0045,0.8382,0.6943
4/11/2020,37.0935,0.574,0.7049,0.8387,0.8125,1.6475,0.8329,1.3799,0.8213,0.6176,0.7398,0.6845,0.7136,0.6234,0.7224,0.5216,0.5798,0.798,0.542,0.8155,0.67,0.5042,0.5594,0.8736,0.6031,0.5652,0.7805,0.6205,0.5711,0.9376,0.7282,0.3529,0.4809,0.5827,0.574,0.6263,0.6031,0.7602,0.8125,1.4399,2.3701,0.5449,0.9144,0.8504,0.6205,0.798,0.7805,0.8562,0.7427
4/10/2020,38.0211,0.608,0.8932,0.5629,1.0193,0.9742,0.7251,0.9742,1.1033,0.8091,1.1363,0.8782,0.677,0.7551,0.5629,0.7221,0.7191,0.704,0.674,0.596,0.614,0.659,0.7611,1.0103,0.68,0.4999,0.4879,0.9592,0.5569,0.8602,0.611,0.5419,0.3918,0.587,0.4369,0.602,0.5719,0.7371,0.8932,1.8378,3.0587,0.9562,0.4789,0.7461,0.707,0.5419,0.7551,0.8842,0.4999
4/9/2020,45.1309,0.991,0.9947,0.7013,1.5851,1.4365,1.2732,0.8536,1.2732,1.4143,1.3066,1.0095,0.6976,0.6494,0.9687,0.6122,0.9873,0.7979,0.8684,0.6939,1.0727,0.7088,1.0132,1.0578,0.6642,0.6531,0.9167,1.1692,0.6048,1.1098,0.8387,0.6642,0.4637,0.46,0.4749,0.7125,0.7496,0.8759,0.5862,1.6081,2.6611,1.0095,0.8239,0.8796,0.887,0.965,0.7979,0.7348,0.8536
4/8/2020,43.8942,0.8702,0.662,0.9851,1.0389,1.4337,0.9671,1.3368,1.2902,1.0138,1.3296,1.5629,0.8163,0.6369,0.8199,0.8235,0.9815,0.6692,0.9527,0.7266,0.8989,0.7338,0.7625,0.8379,0.7123,0.5723,0.741,1.1789,0.601,1.2184,0.7015,0.6943,0.6082,0.5938,0.7266,0.5148,0.7266,0.5687,0.6907,1.7559,2.917,0.942,0.7661,0.6405,0.741,0.9456,0.8522,0.6907,0.6441
4/7/2020,52.6524,1.3946,0.9079,0.8543,1.4705,1.8411,1.4482,1.5375,1.091,0.7516,1.2785,1.8724,1.0329,0.9213,0.7695,0.8141,0.9258,0.7159,1.0508,0.8141,1.1669,0.9615,1.0954,1.0954,0.9749,0.9302,0.8007,1.6179,0.6891,1.1758,0.9213,0.6757,0.5685,0.5507,0.5775,0.7963,0.8588,1.1088,1.1535,1.9213,3.2032,1.3455,1.2562,1.0061,1.2115,0.7293,1.2919,0.6936,0.7829
4/6/2020,36.8873,0.756,0.7069,0.8455,0.8282,1.1546,0.8426,1.3539,1.3453,0.6086,0.6491,0.6462,0.5942,0.5393,0.7849,0.574,0.7358,0.522,0.522,0.8657,0.8571,0.6173,0.8369,0.7935,0.8109,0.4498,0.6866,0.574,0.4642,0.6924,0.7675,0.5075,0.4122,0.5855,0.4093,0.4353,0.6346,0.6693,0.8397,1.6784,2.7829,0.7242,0.9206,0.834,0.73,0.7098,0.4844,0.6433,0.4613
4/5/2020,33.4873,0.4802,0.7962,0.4649,1.1938,1.4461,0.8982,1.1071,1.1224,0.7554,0.916,0.7325,0.6917,0.6764,0.6254,0.6152,0.6688,0.7095,0.6866,0.6815,0.6178,0.6433,0.758,0.5719,0.5031,0.5388,0.6994,0.5745,0.4572,0.916,0.6229,0.34,0.3986,0.5005,0.3808,0.4445,0.5439,0.7452,0.6866,0.9657,1.5494,0.4725,0.8293,0.6611,0.6739,0.5413,0.4827,0.4929,0.6076
4/4/2020,40.8029,0.9539,1.0458,0.8194,1.1573,1.0687,1.4952,1.3673,0.8227,1.1081,0.9277,1.2918,0.5373,0.6193,0.7801,0.5472,0.7932,0.8818,0.5734,0.9277,0.8883,0.6423,0.7768,0.9736,0.6981,0.7178,0.7506,1.072,0.4947,1.1606,0.8162,0.5341,0.4488,0.5701,0.5406,0.5242,0.6948,0.5275,0.6751,1.2599,2.0585,0.662,1.095,0.7998,0.58,0.9736,0.6062,0.7637,0.7801
4/3/2020,49.0462,1.0533,0.8439,1.1066,1.8496,1.1066,1.4883,1.4514,1.4637,0.8768,0.9794,1.0451,0.8316,0.9342,0.9958,1.0245,0.9671,0.7126,1.1312,0.807,1.1107,1.0492,0.8439,1.0451,0.8152,0.8809,1.0122,0.8234,0.6428,0.9712,0.807,0.7495,0.7783,0.6387,0.8152,0.6962,0.729,0.7085,0.9342,2.0817,3.4809,0.77,0.9465,0.8316,0.8029,0.7659,0.7044,1.0615,0.8809
4/2/2020,44.7184,1.092,1.136,1.0222,1.3233,1.3013,0.8863,1.3417,1.6538,0.9488,0.8827,1.114,1.0112,0.879,0.9488,0.7028,0.8386,0.6587,0.8166,1.0075,0.9524,0.6954,0.5632,1.0075,1.0663,0.7028,0.7468,0.5632,0.5706,1.4261,0.8937,0.5669,0.6036,0.5339,0.7101,0.4641,0.7321,0.9157,0.5632,1.7413,2.8917,0.6183,0.6403,1.0149,0.8606,0.7064,1.0736,0.7799,0.5485
4/1/2020,45.7488,1.0311,0.9783,0.8612,1.6728,1.1519,1.3482,1.6351,1.5445,1.1142,1.3029,0.748,1.1217,0.7442,0.6121,0.6725,0.748,1.0726,0.8122,0.9481,0.7971,0.8801,0.5479,1.1142,0.7744,0.8839,0.865,1.167,0.6951,0.7895,0.9367,0.5102,0.6159,0.7669,0.4687,0.6914,0.6499,0.9292,0.9783,1.2878,2.1069,0.899,0.8424,0.6687,0.7367,1.0613,1.0802,1.0538,0.831
3/31/2020,55.2287,1.3285,1.0546,0.9932,2.0841,1.3946,1.6496,1.5505,1.2435,1.8197,1.4277,1.286,1.3332,0.7995,0.8751,1.1396,1.0404,1.2529,0.7665,1.2104,1.2104,1.0971,0.7287,0.8184,1.1254,0.6862,0.8751,1.2576,0.7429,1.0923,1.1301,0.7854,0.6106,0.6295,0.5964,0.6815,0.8515,1.0168,0.809,2.1557,3.6089,1.0262,0.7476,0.724,1.2387,0.8326,1.456,1.2671,1.1774
3/30/2020,52.4462,0.86,1.1311,0.7222,1.2112,1.7978,1.909,1.1578,1.3356,1.4956,1.3134,1.8734,1.0778,0.6911,0.8245,1.1178,0.94,0.7934,1.1178,1.0734,1.0289,1.0067,1.0423,1.2467,0.9089,0.8378,0.8734,0.9356,0.7222,1.3223,1.0645,0.5578,0.5934,0.8645,0.5978,0.5667,0.9311,0.8511,0.7534,1.8155,3.0202,0.7889,1.1134,0.9845,1.22,1.0378,1.3356,1.0423,0.94
3/29/2020,39.6694,1.0122,1.0312,0.7842,1.4208,1.2973,1.4176,1.4081,1.0154,1.0249,0.7906,1.1168,0.7114,0.7652,0.6354,0.6924,0.7747,0.5815,0.6385,0.8539,0.6734,0.8317,0.7589,0.9901,0.5784,0.477,0.7019,0.5119,0.5657,1.0597,0.6987,0.5245,0.42,0.6227,0.4485,0.6797,0.6322,0.6924,0.8001,1.0818,1.7503,0.667,0.7082,0.8222,0.6607,0.7684,0.9806,0.8444,0.7462
3/28/2020,45.0273,0.7998,0.7665,0.6776,1.1701,1.6218,1.4256,1.5034,0.8443,0.6591,1.0516,1.5774,0.6776,0.785,0.6851,0.9442,0.8109,0.8109,0.7739,1.0331,0.9887,0.8739,0.8406,1.0738,0.5629,0.5925,0.9776,0.6295,0.6073,1.122,0.8109,0.5073,0.7776,0.4999,0.6925,0.5777,0.7221,0.8332,0.6665,2.038,3.4051,1.0405,0.6665,0.8258,0.8406,0.8887,0.9146,0.848,0.5851
3/27/2020,49.0459,1.0286,1.2462,1.0451,1.1189,2.2477,1.3036,0.8316,1.2831,0.9753,1.435,0.9794,0.9712,0.6797,0.9096,0.7085,0.77,0.8727,1.1025,1.0368,1.1395,0.7741,1.0204,1.1969,0.8316,0.7126,0.8193,1.1969,0.6838,0.8111,0.8152,0.5073,0.4827,0.7988,0.5894,0.7988,0.807,0.7413,1.0451,1.9495,3.2519,1.2544,0.8686,0.6305,0.9958,1.1025,1.1025,0.6469,0.926
3/26/2020,48.4277,1.2501,0.7488,1.2663,1.6302,1.5129,1.0035,1.8404,1.0318,1.4684,1.2784,0.9388,0.672,0.9065,1.0399,0.668,0.9671,0.951,0.668,0.9025,0.7529,0.7407,1.0197,1.0601,0.5871,0.5305,1.0318,1.0561,0.6882,0.9712,0.7124,0.5305,0.8378,0.765,0.6963,0.5871,0.6801,0.6195,1.0116,2.0736,3.4668,1.0116,1.0722,0.8216,1.0197,0.8863,0.6275,0.951,0.8742
3/25/2020,44.1003,0.8742,0.997,0.8417,1.2425,0.9573,1.571,1.7118,1.5168,1.1522,1.1666,1.1739,0.6251,0.6793,0.7262,0.5999,0.6865,1.0006,0.6612,0.8634,1.0222,0.6504,1.0331,0.7407,1.0908,0.7334,0.6215,1.21,0.6757,1.3363,0.6721,0.6901,0.6901,0.6865,0.6215,0.5999,0.7984,1.015,0.6071,0.9163,1.4639,1.1486,1.1703,0.7876,1.0295,0.8129,0.7443,0.7262,0.7587
3/24/2020,38.7426,0.9721,0.6309,0.6155,1.4025,1.1812,1.1658,1.0274,0.8061,1.2334,1.0674,1.0705,0.8584,0.5141,0.6155,0.7784,0.7784,0.7631,0.9199,0.7846,0.6616,0.803,0.7016,0.7016,0.6739,0.471,0.8307,0.8553,0.5171,0.6924,0.6032,0.4065,0.5294,0.4587,0.5971,0.4772,0.5909,0.8768,0.8707,1.2137,1.9787,1.0029,0.6432,0.6094,0.9014,0.8799,0.6862,0.5602,0.7631
3/23/2020,42.8634,0.857,0.9476,0.843,1.2788,1.352,1.3904,1.1533,1.2823,1.3311,0.843,0.7628,0.6792,0.6548,0.5606,0.6234,0.7175,0.6861,0.7175,0.9127,0.6652,0.6373,0.728,1.1429,0.965,0.6513,0.6059,0.5781,0.5292,0.8047,0.8953,0.5223,0.4212,0.6617,0.463,0.5537,0.6966,0.6861,0.9511,2.3602,3.9627,0.5885,0.9685,0.7036,0.5083,0.9616,0.7663,0.7593,0.5327
3/22/2020,44.7184,0.6293,1.0149,0.7725,1.3196,1.9071,0.9965,0.9194,1.0956,0.8717,1.1103,0.7285,0.9818,0.7982,0.7542,1.0222,0.9818,0.6954,0.6734,0.9414,0.7358,0.8717,0.879,0.9047,1.147,0.7909,0.8423,0.8974,0.5853,1.3637,0.857,0.7248,0.5963,0.4494,0.4494,0.5779,0.6734,0.622,0.912,1.9,3.1663,0.6771,1.1801,0.6403,0.5632,0.9781,1.1507,0.6807,0.6881
3/21/2020,43.1729,1.1199,0.9651,1.0952,1.0741,1.5454,1.2289,1.3731,0.9299,1.3766,0.7998,0.9581,0.9756,0.5923,0.6028,0.6274,0.6556,0.9088,0.8314,0.842,0.9018,0.7259,0.8666,1.148,0.9616,0.5817,0.7787,0.5465,0.6345,0.7927,0.8103,0.5395,0.6872,0.5325,0.5184,0.6309,0.6521,0.6767,0.7681,1.8142,3.0178,1.0354,0.6872,0.5641,1.0073,0.6591,0.6978,0.7611,0.6732
3/20/2020,48.5307,1.0746,0.9975,1.0583,1.5852,1.5326,1.5042,1.0502,1.792,0.9611,1.2853,1.1354,0.9327,0.9205,0.9408,0.9975,0.6733,0.9124,1.1029,0.9611,1.0827,0.9084,1.0746,1.1516,1.2164,0.8314,1.0178,1.411,0.7341,1.1475,0.9489,0.6611,0.4666,0.6368,0.6814,0.499,0.8354,0.8111,0.5963,1.0617,1.7156,1.03,0.8597,1.0908,0.6895,0.8638,1.2164,1.0827,0.7908
3/19/2020,51.3126,1.2148,0.8987,0.7297,1.8948,1.9512,1.2971,1.2928,1.9771,1.4401,1.0762,1.0329,1.1412,0.773,0.838,0.8553,0.7471,1.1239,0.877,0.877,0.9896,0.8207,0.7254,0.7514,1.3318,0.5565,0.9203,0.7211,0.7687,1.3231,1.0502,0.6518,0.7557,0.7124,0.773,0.8077,0.9203,1.1195,0.7124,2.0543,3.4333,0.7167,1.4011,0.7644,0.7211,0.8034,1.1542,0.786,1.0286
3/18/2020,55.7437,1.1263,0.8351,1.007,1.8472,1.26,1.8759,0.9879,1.747,1.3507,1.2457,0.8494,1.007,0.8494,1.0213,1.2313,1.0499,1.0642,1.0308,1.1884,1.069,0.921,1.069,1.0738,0.6584,0.8876,1.1215,0.8542,0.7205,1.5799,1.1359,0.6871,0.6202,0.5391,0.6393,0.6346,0.8971,1.1502,0.8017,2.8034,4.7297,0.9353,1.1645,0.8876,1.1311,1.3603,1.4414,0.9401,0.7157
3/17/2020,61.1015,1.234,1.2818,1.0959,2.3067,2.5084,2.1739,2.2217,1.4836,2.0518,1.9562,1.3455,1.2712,1.1703,1.2977,1.2552,1.3455,0.9154,0.8835,1.1066,0.9791,0.7933,0.9579,1.6004,1.5792,0.9101,0.9897,0.926,0.8092,1.9349,1.1544,0.9632,0.8995,0.6127,0.9101,0.9207,0.9048,1.4305,0.7349,1.0612,1.7148,1.5367,0.8304,1.3561,1.4464,1.1278,1.0641,1.0906,0.9579
3/16/2020,57.7015,0.9768,1.4142,1.3396,2.1945,1.9112,1.2949,1.28,1.6378,1.8068,1.8466,1.3197,0.9172,1.1607,1.0414,1.1756,0.8128,0.8426,0.8028,1.3346,1.2303,1.2502,1.0116,1.434,0.9967,0.8625,0.942,1.4688,0.7631,1.5484,0.8327,0.773,0.937,0.9321,0.6587,0.6786,0.8923,0.8426,0.937,1.6428,2.7213,0.8227,1.0613,1.3645,1.2005,1.2303,1.2154,1.0961,1.2452
3/15/2020,49.4582,0.7264,1.0497,0.8176,1.7213,1.9162,1.5804,1.9411,1.6094,1.0248,1.2446,1.058,1.1907,0.7098,0.6393,1,0.9834,1.1036,1,0.9254,0.9088,0.7429,1.0912,0.9461,1.0373,0.9378,0.8383,0.6517,0.6725,0.8756,0.859,0.5854,0.6227,0.7968,0.5688,0.689,0.8797,1.2114,0.7927,1.5969,2.6418,0.7471,0.7678,0.9502,0.8632,0.7678,1.1658,1.1243,0.8839
3/14/2020,50.3858,0.6838,0.7685,1.1797,1.1288,1.6883,1.1415,1.4891,1.5951,1.2814,1.1415,0.9381,1.078,0.9381,0.8364,1.1034,1.044,0.8067,1.1161,0.9508,1.0652,0.883,0.8491,0.883,1.1882,0.8745,0.9466,0.8491,0.6075,1.0398,0.8279,0.6838,0.8194,0.7262,0.8364,0.8321,0.8364,0.7855,0.6456,1.7127,2.8422,1.239,1.239,1.1331,1.0652,1.0059,1.1458,1.1797,0.7346
3/13/2020,55.4342,1.2861,1.2055,0.8355,1.9597,1.6134,2.0356,1.8458,1.8364,1.7652,1.4759,1.3003,0.8497,0.7074,0.992,1.1865,1.0584,1.1296,1.0205,1.2671,1.3146,1.0489,1.0063,1.2577,1.4094,1.0727,0.7406,1.0821,0.8307,1.4379,1.0679,0.6458,0.6742,0.7786,0.9066,0.8307,0.9161,0.7122,1.2245,1.2263,2.0005,0.6932,1.2102,0.8687,1.1675,1.2814,0.7549,0.8687,1.0347
3/12/2020,53.1676,0.9932,1.1062,0.79,1.7475,2.4612,1.4178,1.8108,1.6165,1.3862,1.6843,1.4991,0.7448,0.7538,0.8577,0.7358,1.2552,1.2281,0.8758,0.8397,1.2507,0.7855,1.2552,0.7132,0.9119,0.8035,0.6996,1.6165,0.7403,1.192,0.9842,0.7042,0.5687,0.7222,0.5506,0.7493,0.7855,1.1107,1.2055,1.7828,2.9634,1.2146,0.7629,0.8984,0.9842,1.1558,0.7855,0.808,0.659
3/11/2020,60.7921,1.2911,1.4126,1.0166,1.5393,1.3809,1.4918,1.2383,1.3545,0.9797,1.6554,2.0091,1.3914,0.9638,1.2806,0.9322,0.9269,1.4231,1.2489,0.948,1.1539,0.8266,0.7104,1.5762,0.9797,0.9902,0.7157,0.9322,0.7843,1.3281,1.1433,0.9427,0.9691,0.6207,0.7315,0.5943,1.0589,1.4706,1.2647,2.9662,5.0115,1.2278,1.2436,0.8318,1.4178,1.138,1.1011,1.4337,1.1433
3/10/2020,69.139,1.1021,1.3283,1.3222,1.7257,2.1965,2.0742,1.8541,1.8908,2.2821,1.4628,2.227,1.8724,0.8759,0.9737,1.0899,1.6218,1.2121,1.2794,1.634,1.1877,1.1999,1.1877,1.3161,0.937,1.2244,1.4322,1.4811,1.0471,1.9275,1.0287,0.8331,0.7597,0.7964,0.9554,1.0104,1.1938,1.0043,0.8453,2.6565,4.4755,1.1816,1.4445,1.5912,1.5056,1.5667,1.0287,1.2305,1.0654
3/9/2020,59.4523,1.0619,1.5199,1.0722,1.7668,1.3501,1.1546,2.1527,1.1391,0.8356,0.9487,2.1733,1.206,1.1288,0.8356,0.9076,1.2317,1.2832,1.0311,1.242,1.3604,1.2729,0.887,1.5096,0.8201,0.7532,1.0208,1.0259,0.6915,1.1391,0.8458,0.8098,0.9127,0.5526,0.8458,0.9487,0.923,1.3501,1.0259,3.1759,5.3744,1.1031,0.8613,0.9796,0.8201,1.1906,0.7532,1.4015,1.0568
3/8/2020,46.9854,1.0165,0.9152,0.5955,1.4298,1.2193,1.7261,1.574,0.9152,1.461,1.2583,0.923,0.6579,0.7631,0.6774,0.9269,1.0828,0.7242,1.075,0.9464,1.0984,1.0165,0.7359,1.2544,0.9815,0.9308,0.7865,1.2505,0.5682,1.2037,0.7748,0.6813,0.4824,0.6228,0.5136,0.5643,0.6696,0.8333,0.7125,1.4159,2.3286,1.0906,1.1257,1.0399,0.8801,0.7787,0.9035,0.9347,0.9191
3/7/2020,52.137,1.3495,1.173,1.1906,1.2215,1.4555,1.226,1.6453,0.9876,1.1244,1.5658,0.9964,1.1156,1.0406,0.736,0.8464,1.045,0.8199,0.9082,0.917,0.8729,1.1421,0.6566,1.4069,1.3584,1.0141,1.12,1.1818,0.6963,1.3981,0.7802,0.5462,0.8199,0.7051,0.8067,0.842,0.8199,0.8993,1.1509,1.8219,3.0311,1.2215,1.3451,0.917,0.6566,0.8861,1.3098,0.7493,0.6169
3/6/2020,57.2888,1.1426,1.2855,0.8074,2.1037,1.4482,1.8425,1.7094,1.2609,1.1475,1.5517,1.4975,0.9602,0.8469,1.1081,1.1179,1.1968,1.1475,1.3496,0.9602,0.8912,1.251,1.3348,0.837,0.9208,0.8814,1.1426,1.6108,0.8567,1.4531,0.8321,0.7729,0.768,0.9356,0.7926,0.6891,1.0144,1.1426,1.2313,1.6396,2.7157,1.1426,0.7926,0.9651,1.1278,1.3102,1.3348,1.2264,1.1919
3/5/2020,53.7858,0.945,0.9725,0.9359,1.4532,2.2774,1.0915,2.1217,1.2564,1.8195,0.8763,1.0549,1.4349,0.8763,1.1602,1.2381,1.0732,0.8947,1.2564,1.1007,1.032,1.0641,0.9176,1.2884,0.913,0.9221,0.8535,1.1968,0.7344,1.641,1.087,0.8443,0.5009,0.6612,0.5192,0.6383,0.7939,0.826,0.9633,1.7814,2.9611,0.9038,0.6932,1.2747,0.6703,1.2335,1.3846,0.9679,0.6795
3/4/2020,62.6468,0.9754,1.4454,0.959,2.287,2.1121,1.9372,1.4946,2.4728,0.9044,1.9646,1.6257,0.9481,0.8716,1.1667,0.9864,1.205,1.4235,1.0902,1.1011,1.4946,0.9864,1.0465,1.3033,1.2869,0.7022,1.3689,1.4235,0.888,1.7186,1.0793,0.8771,0.9754,0.735,0.9918,0.8006,0.9263,1.2541,1.0356,1.8237,3.0344,1.2924,0.9044,1.2159,1.347,0.9208,1.4181,1.4126,1.4126
3/3/2020,75.8354,1.754,1.7201,1.2792,2.6427,2.914,2.2696,1.7744,2.412,1.0146,1.4759,1.7133,0.9468,1.3334,1.0485,1.6251,1.191,1.0689,1.7269,1.4691,1.4148,1.2927,1.1774,1.8829,1.9779,1.1978,0.8654,2.3306,1.0146,2.1407,1.2588,1.1164,0.6754,0.7704,0.8043,1.1571,1.0824,1.4895,1.5369,3.0509,5.1581,1.7812,1.3877,1.2792,1.1367,1.3741,1.7133,1.1299,1.2588
3/2/2020,69.3444,1.1114,1.5653,0.9089,1.688,2.2401,1.9211,1.7309,2.6388,1.5899,1.1482,1.9334,1.5776,1.093,1.0071,1.0132,1.1666,1.5531,1.6144,1.1298,1.1911,1.5224,1.2218,1.5469,1.8168,1.3199,0.8353,0.8844,0.9273,0.9519,1.3445,0.7494,0.6758,0.8476,0.8415,0.7494,1.1359,0.9335,1.6267,3.6915,6.2667,1.2709,1.2709,1.1298,1.0132,1.4978,1.2341,0.9703,1.2463
3/1/2020,51.9306,0.7026,1.0277,0.9399,1.7833,1.1551,1.1024,1.5988,1.2913,1.4055,0.7509,0.9926,1.0585,0.9399,1.0673,1.1507,0.8344,1.0716,1.0892,1.1903,0.83,0.6894,1.0936,0.6894,1.1331,0.7949,1.0804,0.9311,0.7509,1.3352,1.0892,0.4522,0.7773,0.8344,0.5752,0.7641,0.9399,1.0673,0.83,2.3193,3.892,0.8915,1.1507,0.6982,1.2166,1.2298,0.9091,0.8476,0.9662
2/29/2020,50.4884,0.8677,0.787,1.0589,1.6113,1.9342,1.7345,1.7345,1.8237,0.8422,1.5093,1.5433,0.6425,0.6808,0.7063,1.0207,1.1099,0.7743,0.7615,0.94,0.8337,1.0419,0.8592,0.8805,0.7573,0.6128,0.9187,1.3011,0.6765,1.5645,0.7275,0.5958,0.5958,0.6128,0.787,0.5066,0.7403,0.9994,0.753,1.6978,2.8164,1.1312,1.1014,0.9655,1.1736,1.1821,0.8252,1.1142,0.634
2/28/2020,52.7553,0.8335,0.7619,0.8469,1.9032,2.0419,1.5004,1.9121,1.3751,0.6858,1.4064,1.4288,1.299,0.9812,1.0528,1.0304,0.9633,0.7664,1.026,1.0036,1.1468,0.8111,1.1513,1.2632,0.9186,0.6948,0.6993,1.4601,0.7977,0.8246,0.9991,0.7619,0.6366,0.7395,0.565,0.5426,0.8022,1.1379,0.8604,1.9565,3.2641,1.3616,1.0528,0.8469,1.0573,1.2811,0.6903,0.829,0.7843
2/27/2020,68.2107,1.3468,0.9675,1.6298,2.3162,2.2861,2.0151,2.533,2.268,1.6599,0.9976,2.3523,1.2143,0.9976,0.9434,0.9615,1.118,1.5575,1.6117,1.4191,1.6238,1.118,1.2204,1.8104,0.8832,1.3889,1.0819,1.407,0.829,1.7562,1.2444,0.5881,0.7567,0.6965,0.9012,0.7326,0.9313,1.3528,0.8591,1.977,3.2996,1.6479,1.8827,1.0879,0.8952,1.5094,1.7863,1.2866,1.4612
2/26/2020,68.9323,1.2878,1.2817,1.7204,2.543,1.5681,2.6161,2.6161,1.3305,1.6351,1.367,1.1355,1.6656,1.1964,1.3366,1.0014,1.2939,1.2756,1.3244,1.6047,1.0685,0.9222,1.5255,1.6412,1.5742,1.428,0.8735,1.0319,0.8004,1.8606,1.105,0.8918,1.0136,0.8552,1.0502,0.8735,1.0197,1.5133,1.0624,2.9538,4.99,1.1538,1.8179,1.0502,0.8735,0.9466,1.2574,1.1599,0.8186
2/25/2020,60.0708,1.1248,1.4007,1.6142,2.0725,1.3799,1.7184,1.4997,1.2133,1.5309,1.2654,1.6663,1.0883,0.9373,1.0883,1.2862,1.4164,1.3174,1.2289,1.0154,0.9217,1.2654,0.6613,0.7759,0.9165,1.1508,1.0571,0.9009,0.88,1.1404,0.979,1.0102,0.8123,0.5364,0.5728,0.729,1.031,0.9165,1.0883,3.0691,5.1895,1.3279,0.6561,1.3487,1.0206,0.9425,1.1352,0.854,1.3174
2/24/2020,59.2467,1.0789,1.1455,0.7406,1.3915,2.7341,1.9091,1.3863,2.1807,1.7041,1.4222,1.8783,1.4376,1.0071,1.0994,1.3351,0.9405,1.1916,1.2736,1.1455,1.0122,1.1967,1.0686,0.7714,1.289,0.7406,1.0891,1.1557,0.838,1.0737,0.9661,0.9917,0.9251,0.9251,0.879,0.8482,1.0481,1.1609,1.3043,1.2364,2.018,1.0635,1.2992,0.9815,1.33,1.3402,1.3556,1.166,1.1711
2/23/2020,60.6894,1.5735,1.2468,1.368,1.8843,2.2742,2.2321,1.8633,2.0371,1.5155,1.3048,1.6841,1.0677,1.0782,1.0729,1.1888,1.0097,1.1309,1.1994,1.0466,1.1309,1.1625,1.2152,1.3627,1.3311,1.0202,0.8727,1.8791,0.8569,1.368,1.0308,0.5829,0.82,0.5882,0.6567,0.9149,1.0571,0.741,1.2363,1.6061,2.6578,1.0255,0.8411,1.036,1.0887,0.8411,1.3733,1.3416,1.2731
2/22/2020,70.5807,0.974,1.0991,1.8,2.0879,3.0329,1.3682,1.6185,2.576,1.0929,1.5184,2.1442,1.4058,0.9927,0.8926,1.2055,1.5184,1.1116,1.2931,1.1617,1.3745,1.3557,1.581,1.1367,1.362,1.1304,1.1805,1.8,0.7987,2.2381,1.4746,0.6673,0.7987,0.8926,1.0803,1.0178,1.2243,1.2055,1.4308,2.6992,4.5494,1.0303,1.606,1.0428,1.6248,1.3056,1.193,1.3494,1.5372
2/21/2020,69.1387,0.992,1.8052,1.7624,1.8052,1.8235,1.5728,1.31,2.5327,2.2087,1.8969,1.9458,1.7012,1.1754,1.3772,0.9309,1.0654,1.1877,1.4078,1.1571,1.3711,1.5239,0.9798,1.4628,1.7196,0.7414,0.8698,1.8235,0.9248,1.579,1.2488,0.6313,1.0715,0.8698,0.9187,1.1021,1.0593,0.8698,0.9615,2.7662,4.6653,1.4995,1.7135,1.4934,0.9492,0.9615,1.3161,1.1204,1.2672
2/20/2020,66.5627,1.0685,1.6776,1.2559,1.8825,2.1168,2.4096,1.4082,2.3628,1.051,1.2735,2.3745,1.0568,1.3321,1.0568,0.8518,1.2384,1.4199,1.5136,1.2559,1.5605,1.2266,1.2911,1.0217,0.9104,1.2325,1.2969,1.6132,0.9046,2.1754,0.9514,1.051,0.6703,0.9807,0.6,0.928,0.928,1.455,0.7874,2.736,4.6131,0.8577,0.7347,1.4668,0.9983,1.1037,1.1681,1.3203,1.3731
2/19/2020,81.3999,1.642,1.8402,1.253,2.7283,3.1173,3.132,2.5889,1.9576,1.7741,2.0163,1.7227,1.0108,1.1062,1.6347,1.0181,1.7668,1.5172,1.6053,1.7521,1.1796,1.1649,1.2089,1.5906,1.6347,0.864,0.9374,1.5539,1.2163,1.1576,1.6714,1.1722,1.2016,1.1355,0.7685,0.9007,1.2897,1.3998,1.3264,3.3359,5.6513,2.0237,1.2897,1.7227,1.965,1.3117,2.0751,1.8182,1.6493
2/18/2020,84.903,2.1123,1.8585,1.3125,3.0736,2.6276,2.4738,1.574,1.8585,1.5432,2.6122,1.6278,1.8893,1.2971,1.2433,1.1818,1.2971,1.6048,2.0354,1.7278,1.3279,1.7201,0.9203,1.674,1.4817,1.0049,1.6355,1.3125,1.2664,1.8355,1.374,0.8588,1.0126,1.3894,0.9126,0.7819,1.1818,1.1818,1.2433,5.4614,9.3297,1.7586,0.9972,1.8739,1.028,1.7663,1.5817,1.1049,0.9357
2/17/2020,69.3445,1.3629,1.1543,1.2954,2.0254,2.7002,2.7309,1.5531,2.0438,1.3383,1.3506,1.142,1.7616,0.958,1.3077,1.4181,1.2893,1.277,1.4733,1.1727,1.4549,1.3567,1.5346,1.4672,1.3445,1.1604,1.1666,2.007,0.7801,1.3199,1.3752,0.958,0.9212,0.8721,0.9519,0.9212,1.05,1.3752,1.2157,2.1796,3.6502,1.4426,1.5224,1.3752,1.6083,1.0194,1.3997,1.1175,1.4426
2/16/2020,50.4885,0.7573,0.872,0.9272,1.6623,2.2444,1.9469,1.4881,1.7557,1.4243,0.8337,0.804,1.2034,0.9739,0.6935,1.1609,0.872,1.0207,1.1864,1.0547,1.0249,0.8167,1.0164,1.0462,0.7955,0.8465,0.8295,0.6638,0.7148,0.9187,1.0249,0.4598,0.7955,0.7615,0.6255,0.6595,0.8465,1.0504,0.7912,1.7383,2.8864,1.0037,0.94,1.0334,0.5746,0.7403,1.2586,0.7658,0.9782
2/15/2020,47.6033,0.7409,0.8795,0.6063,1.5765,1.2795,1.4181,1.1013,1.7508,0.931,1.4815,1.628,0.733,0.6974,0.6142,0.634,0.6379,0.7013,0.9152,1.0815,1.0736,0.6419,0.6419,0.8954,0.5746,0.6577,0.8439,0.9706,0.634,0.8756,0.8874,0.8043,0.7132,0.5469,0.7568,0.5587,0.836,0.9825,0.8162,2.5612,4.3106,0.828,1.0221,0.5548,0.8874,0.8914,0.6934,0.9469,0.7884
2/14/2020,42.2453,1.0365,0.9235,0.8858,1.5433,1.557,1.3721,1.4098,0.9475,0.944,1.1803,0.9817,0.653,0.653,0.7454,0.6016,0.8824,0.6461,0.718,0.9235,0.7009,0.7968,0.8653,0.6906,0.5365,0.7762,0.8242,0.8242,0.516,0.7488,0.6564,0.6427,0.6084,0.4612,0.5365,0.4646,0.605,0.6358,0.694,1.9175,3.1965,0.6906,1.0776,0.7899,0.6256,0.6769,0.6495,0.6427,0.7899
2/13/2020,68.3136,1.0895,1.1136,1.4333,1.8615,2.543,1.2704,1.8977,2.3621,1.1618,1.4694,1.8132,1.1799,1.385,0.9507,1.2463,1.0653,1.0653,1.3669,1.005,1.5117,0.9025,0.8,1.4272,1.0292,1.385,1.1618,1.4936,0.8301,1.3006,0.999,0.6673,0.9688,1.1257,0.619,0.8603,1.2342,1.4272,1.198,4.2265,7.1925,0.8603,0.9085,1.198,0.8603,1.1377,1.4333,1.1739,1.1015
2/12/2020,67.2835,1.2871,1.3346,1.0856,1.4709,2.3068,1.8029,1.8325,2.1823,1.8385,1.0144,1.133,1.8385,0.9907,0.9314,1.1448,1.1448,1.0915,1.2219,1.5005,1.3049,1.3346,0.9907,1.4768,1.5895,1.1745,1.1211,1.5598,0.8306,0.9196,1.4116,0.6884,0.6469,0.8544,0.9848,0.884,1.05,1.1923,1.1033,3.3495,5.6748,1.0441,1.8503,1.0559,0.8247,1.4116,1.6547,0.9907,1.1567
2/11/2020,66.9745,1.1928,1.7177,0.8803,1.9595,1.9182,2.449,2.0126,2.5492,2.2072,2.0539,2.1423,1.8003,1.1633,1.1044,1.2223,0.9805,1.069,0.9746,1.0808,1.4169,1.2223,0.9156,1.4228,1.6115,1.0454,0.78,2.0185,0.8095,1.5231,1.1515,0.9923,0.7918,1.0808,0.9156,0.6562,1.0395,1.01,1.411,1.6094,2.6634,1.6351,1.4641,1.0218,1.1221,1.4287,1.1574,1.299,1.2813
2/10/2020,48.3247,1.2151,0.9732,0.9651,1.7958,1.4329,1.7877,1.6426,1.074,1.0417,0.8844,1.2796,0.6102,0.9086,0.8199,0.7554,1.1385,1.0901,0.8603,0.8925,0.7917,0.7554,0.9127,1.1264,0.8844,0.5296,0.6506,0.7998,0.5699,0.7877,0.7151,0.7917,0.7594,0.5457,0.5941,0.6707,0.6788,0.7111,0.6627,2.2593,3.7881,0.8723,0.8199,0.7231,0.5699,1.1022,0.9611,1.1304,0.9933
2/9/2020,54.095,0.8904,1.3329,1.2868,1.5495,2.4484,1.2176,1.5403,1.6233,1.0379,1.0793,1.508,0.9687,0.7475,1.024,0.7613,0.9134,1.1485,1.2868,1.19,0.8673,0.8627,0.8673,0.895,0.6461,0.8673,0.9825,1.4343,0.8258,1.402,0.918,0.8627,0.7659,0.4985,0.7567,0.54,0.7936,0.9641,0.8996,2.162,3.6197,1.2361,1.3467,0.7936,0.9318,1.1393,0.7382,0.9687,0.9549
2/8/2020,72.2294,1.5155,1.0466,1.4513,1.721,1.8495,1.5797,2.389,1.4384,2.4083,1.1365,1.6568,1.3292,1.1815,1.3292,1.2329,1.3742,1.6439,1.4962,1.4448,1.1558,1.1173,0.976,1.1558,1.1622,1.432,0.8218,1.554,0.8925,1.5026,1.4063,0.8668,0.8603,1.1879,1.1558,0.8347,1.0916,1.2393,1.0016,4.7135,8.0354,0.9695,1.1494,1.6439,0.8025,1.1301,0.8989,1.2586,0.9888
2/7/2020,65.2228,0.985,1.3168,1.437,2.4212,2.4785,1.7117,2.0894,1.7517,2.0493,0.9678,1.2081,1.2482,1.231,1.088,1.4141,1.3054,0.9048,0.882,1.0937,1.1738,1.088,1.4599,0.9907,1.1509,1.1681,1.1967,1.2138,0.9048,2.0207,1.2711,0.716,1.0136,0.9735,0.8762,0.716,1.1681,1.1623,1.0078,3.1257,5.2875,1.0593,1.1223,0.7275,0.8648,0.9506,1.1108,1.2653,0.8533
2/6/2020,71.7147,1.0714,1.1033,1.3454,1.7978,3.1804,2.5114,1.4537,1.5939,2.333,1.4664,2.3648,1.7595,1.1734,1.2116,1.6448,1.6767,1.1734,1.4282,1.5238,1.5556,1.2753,1.167,0.9758,0.9504,1.2052,1.3454,1.9507,1.0204,1.9889,1.1606,1.2052,0.7337,0.995,0.8357,0.8484,1.065,1.7659,1.2626,2.7124,4.5722,1.0268,1.0396,1.2371,0.944,1.339,1.0969,1.1797,1.4473
2/5/2020,79.4421,1.3026,1.8956,1.8098,2.0742,3.8031,2.0027,1.3812,2.4171,1.2454,2.4242,2.8529,1.917,1.4098,1.7027,1.717,1.3526,1.2383,1.0668,1.224,1.8813,1.3097,1.6527,1.7741,2.0027,1.5741,1.1954,1.2169,1.1097,1.1669,1.2097,1.1097,1.1954,1.0597,0.9025,1.224,1.3169,1.0311,1.2955,2.8955,4.8892,1.1954,1.9099,1.6169,1.0525,1.9099,1.7098,1.0311,1.1669
2/4/2020,58.3193,1.1227,1.5303,1.3643,1.8977,1.2385,1.9127,1.0221,1.9933,0.9667,1.1177,1.1529,1.0774,0.9667,0.9718,0.9869,0.9164,1.2485,1.0624,1.1278,1.1982,0.8762,0.9466,1.5052,0.9215,0.8762,1.0372,1.0774,0.8158,0.8057,0.846,0.9013,0.7755,0.6648,0.6648,0.7655,0.8862,1.1932,1.1731,2.5457,4.2838,1.4196,1.4146,1.2183,0.8007,1.1127,1.4297,1.3492,1.1378
2/3/2020,43.2759,0.9604,0.9075,0.9568,1.2002,1.1262,1.3025,1.4895,1.045,0.8228,0.9921,1.1756,0.8581,0.784,0.7734,0.844,0.6923,0.971,0.9674,0.7346,0.8052,0.911,0.7522,0.6782,0.6676,0.7452,0.6076,1.1614,0.5618,1.0627,0.7769,0.6958,0.6253,0.4559,0.4242,0.5053,0.6852,0.6394,0.9039,1.7001,2.8204,0.7628,0.5018,0.9357,0.8052,0.9251,0.6887,0.8969,0.971
2/2/2020,46.2639,1.1194,0.7445,1.2151,1.7011,1.3605,1.6781,0.8899,1.6245,0.8363,1.1501,0.9434,1.1883,0.6182,0.798,1.0123,1.0735,0.8095,0.7253,0.7827,0.7445,0.9128,0.7751,0.974,1.108,0.7368,0.7406,1.2993,0.6985,1.1424,0.6985,0.5684,0.5455,0.5034,0.6794,0.5187,0.8325,0.9281,1.0314,1.3326,2.1843,0.8554,1.1347,0.9434,0.798,0.7827,0.9243,0.9473,0.6526
2/1/2020,50.9006,0.7201,1.3379,0.8145,1.2478,1.1105,1.9256,1.5824,1.1963,0.6901,1.6038,1.5095,1.1834,1.0075,1.0247,1.0933,0.9174,1.0075,1.0375,0.9775,0.8702,0.9818,1.0976,1.1105,1.295,0.823,0.8574,0.7587,0.6943,1.0032,0.8659,0.4369,0.6901,0.6171,0.7201,0.5699,0.7501,1.1705,0.6386,2.0724,3.4647,1.2092,0.6514,1.2349,0.9046,0.8316,1.0676,0.9046,0.6214
1/31/2020,47.0884,0.6748,0.9367,1.1165,1.0462,2.1602,1.2025,1.6403,1.5191,1.3041,1.312,1.4409,0.6631,0.7452,0.8585,0.8155,0.8194,0.8468,0.7413,0.9211,0.839,1.0188,0.9133,0.7843,1.0657,0.6748,0.7491,0.7921,0.5927,1.4097,0.9211,0.7921,0.4676,0.6787,0.5146,0.6826,0.7022,0.8038,0.9484,1.3276,2.1758,0.9836,0.6983,1.0618,0.8468,0.8468,1.0149,0.9875,1.0305
1/30/2020,62.3379,1.1556,1.373,1.0687,1.7479,2.0468,1.3241,1.5414,1.1991,1.8511,1.0795,1.5468,1.0741,1.0143,1.0415,1.1013,1.1067,0.8133,0.9817,1.4599,1.2752,1.1665,0.9328,0.8405,1.1339,1.1774,0.9654,0.8676,0.8785,1.4545,0.9274,0.8242,0.6014,0.8459,0.835,1.0143,1.123,1.2915,0.7644,3.7168,6.3104,1.4653,1.0524,0.7916,1.4925,0.9165,1.0143,0.9274,1.2045
1/29/2020,73.4658,1.0243,1.5807,0.9457,2.7591,3.0537,2.4449,2.1372,2.5169,2.1634,1.1421,2.1437,1.2207,1.1159,1.0701,1.2796,1.2272,1.057,1.6658,1.4171,1.6396,1.6135,1.3516,1.1225,1.0177,1.4367,1.2141,1.3385,0.913,2.1699,1.273,1.0832,0.7231,0.8541,1.1421,1.201,1.2992,0.8868,1.3778,2.8878,4.8759,1.2534,1.0505,1.1487,1.2403,1.1028,1.4563,1.3909,1.4367
1/28/2020,72.8475,1.5025,1.6257,1.2496,2.7735,1.535,1.7295,2.8125,2.0213,0.9902,1.4636,2.3715,1.4247,1.3145,1.0875,1.6711,1.2302,1.6971,1.4182,1.2756,1.0745,0.9708,1.0162,1.2302,1.5933,0.7957,1.3145,1.8786,1.0616,1.4053,1.295,0.6206,0.8994,1.1588,1.0097,0.9319,1.2496,1.8008,1.1588,3.2302,5.4684,1.3015,1.4442,1.509,0.9059,1.0616,1.081,1.6776,1.509
1/27/2020,82.2241,1.1613,2.0742,1.087,2.8313,2.2301,1.5843,1.5621,2.3043,2.0223,1.7625,1.2503,1.5398,1.191,1.6808,1.7105,1.5992,1.3988,1.9332,1.1984,1.4433,1.7699,1.5621,1.8516,2.1336,1.0054,1.6883,1.614,0.9831,1.9926,1.5843,1.3468,0.7159,0.8347,0.9534,0.8124,1.2578,1.7848,1.5101,5.1547,8.7988,1.1761,1.0945,1.4359,0.9609,1.1019,1.3023,1.0425,1.191
1/26/2020,73.9812,1.262,1.0772,1.229,2.0273,3.3074,2.6014,1.2224,2.7399,2.4496,1.9086,1.0442,1.902,1.0904,1.4335,1.0244,1.3609,1.3609,0.998,1.196,1.3939,1.6512,0.9386,1.1696,1.6248,1.2158,1.2092,2.0999,0.9189,1.1366,1.2158,1.2224,1.064,0.8793,0.8529,0.9254,1.064,1.6776,1.2224,3.291,5.5736,1.8426,0.8199,0.8727,1.4533,1.1366,1.3543,1.6117,1.3081
1/25/2020,70.5808,1.0803,1.4245,1.2994,2.4384,2.1004,1.4934,1.5935,2.4884,2.1067,1.8876,2.6011,1.4308,0.8738,1.0428,1.5497,1.4058,1.0365,1.4683,1.5372,1.4996,1.1179,1.2994,1.4809,1.1242,1.3307,1.3182,1.2431,0.8613,1.7938,1.3933,1.0866,0.8363,0.9239,0.6548,0.7111,1.2055,1.4308,1.5059,2.0414,3.411,0.9865,1.8563,1.5309,1.3807,1.412,1.775,1.5434,0.9677
1/24/2020,76.1449,1.2365,1.9112,1.8498,2.8925,1.7749,2.6471,1.9929,1.5909,1.8226,1.1752,1.4205,1.1275,1.5023,1.0866,1.2979,1.5364,1.2434,1.5159,1.7204,1.8362,1.6522,1.5296,1.0117,1.2502,1.3728,1.1411,1.5432,0.9708,2.1838,1.1411,1.1343,1.148,0.8209,0.8754,1.2365,1.0594,1.2365,1.0253,3.0616,5.1766,1.8294,1.4819,1.5228,1.2229,1.1888,1.9725,1.6999,1.475
1/23/2020,83.3573,1.8471,1.4402,2.126,3.0152,2.7062,2.4801,1.4402,1.5683,1.1162,1.3422,1.8471,1.493,1.282,1.5382,1.8999,1.508,1.3799,1.5608,1.8622,1.9451,1.0483,1.9677,2.0129,1.0785,0.9805,1.1312,1.1237,0.9805,2.4801,1.7266,0.8826,1.3272,1.3272,0.7997,0.7771,1.4251,1.2066,1.1086,5.0735,8.6584,1.1011,1.1011,1.5156,1.7416,1.1614,2.0129,1.1689,1.0408
1/22/2020,92.0128,2.3426,1.4857,1.6537,2.4518,2.5694,3.5188,2.6114,2.2082,2.057,2.2418,3.0147,2.1914,1.5445,1.4353,1.1832,1.7125,1.326,2.1074,1.6621,1.5529,2.0317,2.0402,2.2838,1.2588,0.9816,1.0488,1.7125,1.1916,1.7965,1.4857,1.032,1.326,0.99,1.326,0.9396,1.6033,1.7713,1.9813,4.4126,7.5145,1.4689,2.0906,2.0233,1.2168,1.2588,1.3933,1.8301,1.1328
1/21/2020,10.9221,0.2234,0.2412,0.2213,0.2429,0.2692,0.2698,0.2441,0.2631,0.2312,0.2058,0.2739,0.2467,0.2213,0.2201,0.2163,0.2283,0.2196,0.214,0.2231,0.214,0.2093,0.195,0.2228,0.2187,0.2014,0.2207,0.2026,0.2014,0.2298,0.2248,0.2009,0.2061,0.2111,0.2,0.2035,0.2137,0.2178,0.2222,0.3016,0.4002,0.2269,0.2047,0.2222,0.2009,0.2292,0.2041,0.233,0.2082
1/20/2020,10.7158,0.2305,0.2226,0.1995,0.2519,0.2772,0.2215,0.2701,0.2791,0.2006,0.2416,0.2449,0.2248,0.2055,0.2202,0.2156,0.2161,0.2096,0.2194,0.2188,0.2221,0.1979,0.2245,0.2196,0.2009,0.1922,0.1993,0.2498,0.2009,0.2438,0.2104,0.2096,0.209,0.1881,0.2074,0.2101,0.2093,0.2221,0.2052,0.2546,0.3188,0.2185,0.2204,0.1982,0.2297,0.224,0.231,0.2033,0.2256
1/19/2020,70.7869,1.3471,1.8054,1.0771,2.4647,3.1993,1.5731,1.3408,2.1256,2.0189,1.3533,1.0959,0.8573,1.1838,0.9703,1.0143,1.6233,1.5103,1.3094,1.1775,1.7049,1.548,1.5417,1.9121,1.8054,0.9201,1.3973,1.0834,0.8008,1.8745,1.1273,1.1022,0.7004,1.0834,0.6627,0.7066,1.1273,0.8699,0.9578,3.4272,5.8093,0.9452,0.9076,1.6798,1.5103,1.0017,0.9578,1.1524,1.4224
1/18/2020,65.5318,1.7373,1.0239,1.5244,2.094,1.8466,2.1745,1.6222,1.2483,1.2828,2.0595,2.0019,1.7258,1.2425,1.2713,1.208,1.1159,1.5532,1.277,1.5072,1.2943,0.8973,0.9721,0.9721,1.4266,1.3576,1.0009,2.0307,0.7592,1.8524,1.0009,0.5291,1.0987,0.7535,0.8513,0.9779,0.9433,1.4036,1.1907,1.3592,2.2304,1.6913,1.2195,1.5877,1.4899,1.231,1.7488,1.2022,0.9433
1/17/2020,55.9493,0.8811,0.8619,1.4709,1.3031,1.6099,1.4613,1.1784,2.1662,1.8305,1.5716,1.1017,1.3318,0.9147,0.6893,1.0777,0.838,1.1209,0.8475,1.3031,1.3414,1.0681,1.2887,1.3175,0.6653,0.6701,0.838,0.7085,0.7133,1.164,1.0585,0.9147,0.8811,0.5071,0.814,0.6366,0.7948,0.6941,0.8907,2.7814,4.6916,1.3366,1.1209,0.8475,0.8475,1.1448,1.0489,0.9243,0.6797
1/16/2020,53.9919,1.2567,1.0819,1.436,1.2613,2.1995,1.413,1.1187,2.0293,0.9945,1.1785,1.1233,1.0083,0.737,1.0175,1.0175,0.9531,0.9715,1.2383,1.0037,1.2429,0.7324,0.9531,1.0129,0.6634,1.0589,0.6818,0.7508,0.7048,0.8565,1.1371,0.4886,0.6036,0.8887,0.599,0.9025,0.7554,0.9669,1.0589,2.5702,4.3262,1.3579,0.6956,0.6726,1.1647,1.2153,1.0083,0.714,1.1693
1/15/2020,55.846,0.9513,1.2624,1.3915,1.736,1.6164,1.8269,1.4824,1.5207,1.4633,1.4824,1.1188,1.0423,0.736,0.803,1.0088,0.7935,0.7552,0.8269,0.937,1.2958,1.0518,1.1762,1.0662,1.1667,0.803,0.9083,0.7935,0.7073,1.5973,1.0088,0.9226,0.7647,0.803,0.5494,0.693,0.803,1.2145,1.2863,2.6829,4.5212,0.7647,1.1092,0.736,0.9944,1.0135,0.76,0.9466,0.9513
1/14/2020,66.9747,1.47,1.6882,0.8803,1.6882,3.0269,2.6259,1.4641,1.5231,2.2131,1.8003,1.818,1.7118,0.8272,1.0218,1.5349,0.8862,1.2223,1.6292,1.5054,1.5762,1.2282,1.1397,1.358,0.898,0.9864,1.0513,1.2636,0.9569,1.3992,0.9923,0.8567,1.0985,0.7092,0.9097,1.069,1.0867,1.3992,0.8803,1.9398,3.2353,1.4169,0.9215,1.0277,1.2695,1.6469,1.7236,1.3403,1.0572
1/13/2020,73.6721,1.9332,1.1714,1.9858,2.0712,2.5965,1.5983,1.3159,2.1303,2.3141,1.3882,1.6509,1.9726,1.2174,1.2634,1.0861,0.9679,1.6312,1.6771,1.4276,1.132,1.1714,0.8956,1.2831,1.8216,0.7906,1.0992,1.0204,0.8234,1.907,1.3225,0.6658,0.8037,0.9088,1.0467,0.9941,1.2765,1.6706,1.1846,3.5073,5.9479,1.1649,1.1123,1.6312,1.7034,1.4735,1.0795,1.6377,1.1977
1/12/2020,69.5508,1.213,1.2623,1.1576,1.57,1.6008,1.4592,1.9701,2.4687,1.2192,1.9701,1.2315,1.6069,1.2376,1.3854,1.2992,1.5392,0.893,1.1946,1.5331,1.213,1.0407,1.6069,0.8807,1.6562,0.8499,0.8622,0.8622,1.0468,1.1269,1.3915,0.9484,1.0284,0.8314,0.9976,0.7822,1.0161,1.2438,1.4346,4.0663,6.9153,1.7424,1.2807,1.25,1.0715,0.9607,0.9422,1.5208,1.1699
1/11/2020,66.7684,1.0306,1.489,1.7005,2.2941,1.583,2.5468,1.4302,2.5409,0.8836,1.4419,2.0531,1.5771,1.0599,1.1187,1.5007,1.2656,1.2833,0.9659,1.0776,1.4008,1.0129,1.3655,0.9483,1.5536,1.3479,1.1481,1.0658,0.866,1.9532,1.0188,1.107,1.1481,0.6486,0.9777,1.0541,1.1011,1.1716,0.8484,2.3727,3.9844,1.0129,1.5771,1.489,1.1599,1.5536,1.1599,0.9071,0.9718
1/10/2020,57.0828,0.8882,0.9324,0.8195,1.8551,2.3116,1.1385,2.2723,1.217,1.3888,1.2318,1.3397,0.8391,1.0403,1.0698,0.8047,0.9275,0.8686,1.1581,1.3496,1.1876,1.2072,1.2759,1.006,1.2563,0.7311,0.7557,1.1827,0.844,0.9078,1.0796,0.5152,0.7115,0.8735,0.8244,0.9078,0.9814,0.8587,0.7998,3.129,5.2932,1.3545,0.7851,0.9716,0.7557,0.9029,0.8636,0.7508,0.9176
1/9/2020,56.1557,0.8938,0.9131,0.9805,1.9003,1.3513,2.1555,2.0688,1.9725,1.2791,1.0624,1.2357,0.966,1.0527,0.8746,1.1827,1.072,0.8553,0.966,0.8697,1.255,1.0479,0.8842,1.0287,0.6675,0.6916,0.7253,0.8457,0.6819,1.7991,1.1587,0.836,0.6964,0.9323,0.5664,0.8071,0.7879,1.0479,1.1972,2.2988,3.8565,1.1587,0.7301,1.072,1.1298,0.9998,1.2309,1.2502,1.1201
1/8/2020,54.7133,0.9935,0.9561,1.129,1.2738,2.0072,1.5867,1.6848,1.4186,1.554,1.1336,1.0215,1.1103,0.9608,1.1757,1.2504,1.2317,1.1757,1.0729,0.9561,1.2644,1.0636,0.6572,1.2177,0.6618,0.7039,0.6899,0.9141,0.802,0.8954,1.0449,0.8814,0.9421,0.8533,0.802,0.8393,0.7833,0.9001,0.7319,2.7122,4.572,1.1523,1.1196,0.6525,0.6385,0.9141,0.6945,1.0916,0.8253
1/7/2020,60.7925,1.1433,1.1592,1.5023,1.9194,1.8085,1.3703,1.3228,1.1592,1.9722,1.2278,2.0566,1.2964,1.1856,0.7421,0.948,0.7896,0.8002,1.212,0.9374,1.4495,1.0853,1.0747,1.2278,0.9797,0.9533,1.2383,1.5287,0.8318,1.5815,1.0853,0.5204,0.5784,0.8055,0.6788,0.9216,0.8635,0.7579,1.0061,2.9256,4.9412,1.175,0.9163,1.1644,1.1856,1.4759,1.0853,1.212,0.9902
1/6/2020,64.1929,0.9196,0.9758,1.2118,2.3526,2.3076,2.1222,2.021,2.302,1.3692,1.476,2.2065,0.9871,0.8354,1.313,1.2905,1.2062,0.8354,1.1276,0.9702,1.549,1.3692,1.0096,1.1219,1.6108,0.7623,1.2737,1.3074,0.8803,1.9761,0.9927,0.723,0.7286,0.9815,0.6218,0.9477,1.1444,1.2231,1.5209,1.8089,3.0086,0.8129,1.594,1.5659,1.0433,1.1051,1.6445,0.8185,1.2175
1/5/2020,60.8953,1.2087,1.1294,1.5102,2.2931,2.0921,1.8064,1.5155,1.5631,1.9122,1.5208,1.4414,1.5049,1.2352,0.8596,1.2404,1.4467,1.2457,0.9971,0.976,1.1981,1.1981,1.415,1.3462,1.5261,0.9601,0.9125,1.5314,0.7326,1.4309,0.9125,0.6374,0.7855,0.5793,0.6057,0.6692,1.0659,1.2933,0.9918,1.8694,3.1134,1.1241,1.1135,0.8226,1.1611,1.1188,1.3409,1.0606,0.8808
1/4/2020,58.2162,0.9048,0.9048,0.8446,2.0247,2.3461,1.5376,1.9092,2.1753,1.1459,0.8396,2.1452,1.3216,0.8446,1.2313,1.0254,1.2815,1.2011,1.1961,1.2413,1.0304,0.8145,0.7391,1.4823,1.2915,1.0203,0.719,1.4422,0.6688,1.0003,1.1158,0.9751,0.5634,0.5483,0.8094,0.8797,0.9048,1.3066,0.704,2.2448,3.763,0.95,0.8747,1.2061,0.7592,1.1509,1.1258,0.8797,1.1258
1/3/2020,62.132,0.9786,1.4658,1.6066,2.3049,2.8245,1.8556,2.0721,1.3143,1.39,1.0382,0.9137,1.3251,0.957,0.9353,0.9895,0.9841,1.0653,1.1356,1.3143,1.2114,0.9408,1.2385,1.3305,1.206,0.8758,1.1519,0.7134,0.7892,1.6932,1.2601,0.9624,0.8217,0.5835,0.8054,1.0274,1.1356,1.271,0.8704,2.3791,3.9954,1.2222,1.4225,0.7567,1.4225,1.3359,1.2601,1.0165,0.9624
1/2/2020,61.8227,0.8771,1.0063,0.8287,1.4853,2.5779,2.2388,1.636,1.1678,1.4853,1.6683,1.7275,0.9094,1.0494,1.2539,1.3454,0.861,1.0494,1.2862,0.9902,1.2485,0.9309,1.2324,1.6199,1.2593,1.2539,0.8394,1.1624,0.7749,1.3992,1.1247,1.0278,0.5703,0.9848,0.8933,0.7641,1.0978,0.9363,0.748,2.9893,5.0514,1.0601,1.2377,1.2054,0.7372,1.3454,0.7695,0.8879,1.227
1/1/2020,55.4346,1.4759,0.9588,0.8307,1.3336,1.8032,1.7937,1.9929,1.2766,1.5423,1.1201,1.3003,1.215,0.7928,1.0063,0.7691,0.8165,1.196,1.3051,1.2292,1.0869,0.8213,1.158,1.4,1.3098,0.826,1.0537,1.5755,0.8023,0.9873,1.0774,0.7122,0.9351,0.7881,0.7596,0.826,0.9825,1.2387,0.6884,1.2837,2.0997,1.3098,1.1865,0.9161,1.1865,1.3288,1.3383,0.9778,1.0205
